path_ref,path_query,path_distance,ref_x,ref_y,query_x,query_y
0,0,54.851215824873755,956.6332225361476,530.0067890975572,1030.9,523.8
1,1,54.851215824873755,956.6332225361476,530.0067890975572,1030.9,523.8
2,2,54.851215824873755,956.6332225361476,530.0067890975572,1030.9,523.8
3,3,54.851215824873755,956.6332225361476,530.0067890975572,1030.9,523.8
4,4,54.851215824873755,956.6332225361476,530.0067890975572,1030.9,523.8
5,5,54.851215824873755,956.6332225361476,530.0067890975572,1030.9,523.8
6,6,54.851215824873755,956.6332225361476,530.0067890975572,1030.9,523.8
7,7,54.851215824873755,956.6332225361476,530.0067890975572,1030.9,523.8
8,8,54.851215824873755,956.6332225361476,530.0067890975572,1030.9,523.8
9,9,54.851215824873755,956.6332225361476,530.0067890975572,1030.9,523.8
10,10,54.851215824873755,956.6332225361476,530.0067890975572,1030.9,523.8
11,11,54.851215824873755,956.6332225361476,530.0067890975572,1030.9,523.8
12,12,54.851215824873755,956.6332225361476,530.0067890975572,1030.9,523.8
13,13,54.851215824873755,956.6332225361476,530.0067890975572,1030.9,523.8
14,14,54.851215824873755,956.6332225361476,530.0067890975572,1030.9,523.8
15,15,54.851215824873755,956.6332225361476,530.0067890975572,1030.9,523.8
16,16,54.851215824873755,956.6332225361476,530.0067890975572,1030.9,523.8
17,17,54.851215824873755,956.6332225361476,530.0067890975572,1030.9,523.8
18,18,54.851215824873755,956.6332225361476,530.0067890975572,1030.9,523.8
19,19,54.851215824873755,956.6332225361476,530.0067890975572,1030.9,523.8
20,20,54.851215824873755,956.6332225361476,530.0067890975572,1030.9,523.8
21,21,54.851215824873755,956.6332225361476,530.0067890975572,1030.9,523.8
22,22,54.851215824873755,956.6332225361476,530.0067890975572,1030.9,523.8
23,23,54.851215824873755,956.6332225361476,530.0067890975572,1030.9,523.8
24,24,54.851215824873755,956.6332225361476,530.0067890975572,1030.9,523.8
25,25,54.851215824873755,956.6332225361476,530.0067890975572,1030.9,523.8
26,26,54.851215824873755,956.6332225361476,530.0067890975572,1030.9,523.8
27,27,54.851215824873755,956.6332225361476,530.0067890975572,1030.9,523.8
28,28,4.4464820692885585,956.6332225361476,530.0067890975572,1016.35,523.95
29,29,0.17634461507375737,956.6332225361476,530.0067890975572,1001.8,524.1
30,29,0.17634461507375737,956.6332225361476,530.0067890975572,1001.8,524.1
31,29,0.17634461507375737,956.6332225361476,530.0067890975572,1001.8,524.1
32,29,0.17634461507375737,956.6332225361476,530.0067890975572,1001.8,524.1
33,29,0.17634461507375737,956.6332225361476,530.0067890975572,1001.8,524.1
34,29,0.17634461507375737,956.6332225361476,530.0067890975572,1001.8,524.1
35,29,0.17634461507375737,956.6332225361476,530.0067890975572,1001.8,524.1
36,29,0.17634461507375737,956.6332225361476,530.0067890975572,1001.8,524.1
37,29,0.17634461507375737,956.6332225361476,530.0067890975572,1001.8,524.1
38,29,0.17634461507375737,956.6332225361476,530.0067890975572,1001.8,524.1
39,29,0.17634461507375737,956.6332225361476,530.0067890975572,1001.8,524.1
40,29,0.17634461507375737,956.6332225361476,530.0067890975572,1001.8,524.1
41,29,0.17634461507375737,956.6332225361476,530.0067890975572,1001.8,524.1
42,29,0.17634461507375737,956.6332225361476,530.0067890975572,1001.8,524.1
43,29,0.17634461507375737,956.6332225361476,530.0067890975572,1001.8,524.1
44,29,0.17634461507375737,956.6332225361476,530.0067890975572,1001.8,524.1
45,29,0.17634461507375737,956.6332225361476,530.0067890975572,1001.8,524.1
46,29,0.17634461507375737,956.6332225361476,530.0067890975572,1001.8,524.1
47,29,0.17634461507375737,956.6332225361476,530.0067890975572,1001.8,524.1
48,29,0.17634461507375737,956.6332225361476,530.0067890975572,1001.8,524.1
49,29,0.17634461507375737,956.6332225361476,530.0067890975572,1001.8,524.1
50,29,0.17634461507375737,956.6332225361476,530.0067890975572,1001.8,524.1
51,29,0.17634461507375737,956.6332225361476,530.0067890975572,1001.8,524.1
52,29,0.17634461507375737,956.6332225361476,530.0067890975572,1001.8,524.1
53,29,0.17634461507375737,956.6332225361476,530.0067890975572,1001.8,524.1
54,29,0.17634461507375737,956.6332225361476,530.0067890975572,1001.8,524.1
55,29,0.17634461507375737,956.6332225361476,530.0067890975572,1001.8,524.1
56,29,0.17634461507375737,956.6332225361476,530.0067890975572,1001.8,524.1
57,29,0.17634461507375737,956.6332225361476,530.0067890975572,1001.8,524.1
58,29,0.17634461507375737,956.6332225361476,530.0067890975572,1001.8,524.1
59,29,0.17634461507375737,956.6332225361476,530.0067890975572,1001.8,524.1
60,29,0.17634461507375737,956.6332225361476,530.0067890975572,1001.8,524.1
61,29,0.17634461507375737,956.6332225361476,530.0067890975572,1001.8,524.1
62,29,0.17634461507375737,956.6332225361476,530.0067890975572,1001.8,524.1
63,29,0.17634461507375737,956.6332225361476,530.0067890975572,1001.8,524.1
64,29,0.17634461507375737,956.6332225361476,530.0067890975572,1001.8,524.1
65,29,0.17634461507375737,956.6332225361476,530.0067890975572,1001.8,524.1
66,29,0.17634461507375737,956.6332225361476,530.0067890975572,1002.8,512.15
67,29,0.17634461507375737,956.6332225361476,530.0067890975572,1003.8,500.2
68,29,0.17634461507375737,956.6332225361476,530.0067890975572,1003.8,500.2
69,29,0.17634461507375737,956.6332225361476,530.0067890975572,1003.8,500.2
70,29,0.17634461507375737,956.6332225361476,530.0067890975572,1003.8,500.2
71,29,0.17634461507375737,956.6332225361476,530.0067890975572,1003.8,500.2
72,29,0.17634461507375737,956.6332225361476,530.0067890975572,1003.8,500.2
73,29,0.17634461507375737,956.6332225361476,530.0067890975572,1003.8,500.2
74,29,0.17634461507375737,956.6332225361476,530.0067890975572,1003.8,500.2
75,29,0.17634461507375737,956.6332225361476,530.0067890975572,1003.8,500.2
76,29,0.17634461507375737,956.6332225361476,530.0067890975572,1003.8,500.2
77,29,0.17634461507375737,956.6332225361476,530.0067890975572,1003.8,500.2
78,29,0.17634461507375737,956.6332225361476,530.0067890975572,1003.8,500.2
79,29,0.17634461507375737,956.6332225361476,530.0067890975572,1003.8,500.2
80,29,0.17634461507375737,956.6332225361476,530.0067890975572,1003.8,500.2
81,29,0.17634461507375737,956.6332225361476,530.0067890975572,1003.8,500.2
82,29,0.17634461507375737,956.6332225361476,530.0067890975572,1003.8,500.2
83,29,0.17634461507375737,956.6332225361476,530.0067890975572,1003.8,500.2
84,29,0.17634461507375737,956.6332225361476,530.0067890975572,1003.8,500.2
85,29,0.17634461507375737,956.6332225361476,530.0067890975572,1003.8,500.2
86,29,0.17634461507375737,956.6332225361476,530.0067890975572,1003.8,500.2
87,29,0.17634461507375737,956.6332225361476,530.0067890975572,1003.8,500.2
88,29,0.17634461507375737,956.6332225361476,530.0067890975572,1003.8,500.2
89,29,0.17634461507375737,956.6332225361476,530.0067890975572,1003.8,500.2
90,29,0.17634461507375737,956.6332225361476,530.0067890975572,1003.8,500.2
91,29,0.17634461507375737,956.6332225361476,530.0067890975572,1003.8,500.2
92,29,0.17634461507375737,956.6332225361476,530.0067890975572,1003.8,500.2
93,29,0.17634461507375737,956.6332225361476,530.0067890975572,1003.8,500.2
94,29,0.17634461507375737,956.6332225361476,530.0067890975572,1003.8,500.2
95,29,0.17634461507375737,956.6332225361476,530.0067890975572,1003.8,500.2
96,29,0.17634461507375737,956.6332225361476,530.0067890975572,1003.8,500.2
97,29,0.17634461507375737,956.6332225361476,530.0067890975572,1003.8,500.2
98,29,0.17634461507375737,956.6332225361476,530.0067890975572,1003.8,500.2
99,29,0.17634461507375737,956.6332225361476,530.0067890975572,1003.8,500.2
100,29,0.17634461507375737,956.6332225361476,530.0067890975572,1003.8,500.2
101,29,0.17634461507375737,956.6332225361476,530.0067890975572,1003.8,500.2
102,29,0.17634461507375737,956.6332225361476,530.0067890975572,1003.8,500.2
103,29,0.17634461507375737,956.6332225361476,530.0067890975572,1003.8,500.2
104,29,0.17634461507375737,956.6332225361476,530.0067890975572,1003.8,500.2
105,29,0.17634461507375737,956.6332225361476,530.0067890975572,1003.8,500.2
106,29,0.17634461507375737,956.6332225361476,530.0067890975572,1003.8,500.2
107,29,0.17634461507375737,956.6332225361476,530.0067890975572,1003.8,500.2
108,29,0.17634461507375737,956.6332225361476,530.0067890975572,1003.8,500.2
109,29,0.17634461507375737,956.6332225361476,530.0067890975572,1003.8,500.2
110,29,0.17634461507375737,956.6332225361476,530.0067890975572,1003.8,500.2
111,29,0.17634461507375737,956.6332225361476,530.0067890975572,1003.8,500.2
112,29,0.17634461507375737,956.6332225361476,530.0067890975572,1003.8,500.2
113,29,0.17634461507375737,956.6332225361476,530.0067890975572,1003.8,500.2
114,29,0.17634461507375737,956.6332225361476,530.0067890975572,1003.8,500.2
115,29,0.17634461507375737,956.6332225361476,530.0067890975572,1003.8,500.2
116,29,0.17634461507375737,956.6332225361476,530.0067890975572,1003.8,500.2
117,29,0.17634461507375737,956.6332225361476,530.0067890975572,1003.8,500.2
118,29,0.17634461507375737,956.6332225361476,530.0067890975572,1003.8,500.2
119,29,0.17634461507375737,956.6332225361476,530.0067890975572,1003.8,500.2
120,29,0.17634461507375737,956.6332225361476,530.0067890975572,1003.8,500.2
121,29,0.17634461507375737,956.6332225361476,530.0067890975572,1003.8,500.2
122,29,0.17634461507375737,956.6332225361476,530.0067890975572,1003.8,500.2
123,29,0.17634461507375737,956.6332225361476,530.0067890975572,1003.8,500.2
124,29,0.17634461507375737,956.6332225361476,530.0067890975572,1003.8,500.2
125,29,0.17634461507375737,956.6332225361476,530.0067890975572,1003.8,500.2
126,29,0.17634461507375737,956.6332225361476,530.0067890975572,1003.8,500.2
127,29,0.17634461507375737,956.6332225361476,530.0067890975572,1003.8,500.2
128,29,0.17634461507375737,956.6332225361476,530.0067890975572,1003.8,500.2
129,29,0.17634461507375737,956.6332225361476,530.0067890975572,1003.8,500.2
130,29,0.17634461507375737,956.6332225361476,530.0067890975572,1003.8,500.2
131,29,0.17634461507375737,956.6332225361476,530.0067890975572,1003.8,500.2
132,29,0.17634461507375737,956.6332225361476,530.0067890975572,1003.8,500.2
133,29,0.17634461507375737,956.6332225361476,530.0067890975572,1003.8,500.2
134,29,0.17634461507375737,956.6332225361476,530.0067890975572,1003.8,500.2
135,29,118.003810793974,944.6332225361476,662.0067890975572,1003.8,500.2
136,29,118.003810793974,944.6332225361476,662.0067890975572,1003.8,500.2
137,29,118.003810793974,944.6332225361476,662.0067890975572,1003.8,500.2
138,29,118.003810793974,944.6332225361476,662.0067890975572,1003.8,500.2
139,30,118.003810793974,944.6332225361476,662.0067890975572,1003.8,500.2
140,31,118.003810793974,944.6332225361476,662.0067890975572,1003.8,500.2
141,32,118.003810793974,944.6332225361476,662.0067890975572,1003.8,500.2
142,33,118.003810793974,944.6332225361476,662.0067890975572,1003.8,500.2
143,34,118.003810793974,944.6332225361476,662.0067890975572,1003.8,500.2
144,35,118.003810793974,944.6332225361476,662.0067890975572,1003.8,500.2
145,36,118.003810793974,944.6332225361476,662.0067890975572,1003.8,500.2
146,37,118.003810793974,944.6332225361476,662.0067890975572,1003.8,500.2
147,38,118.003810793974,944.6332225361476,662.0067890975572,1003.8,500.2
148,39,118.003810793974,944.6332225361476,662.0067890975572,1003.8,500.2
149,40,118.003810793974,944.6332225361476,662.0067890975572,1003.8,500.2
150,41,118.003810793974,944.6332225361476,662.0067890975572,1003.8,500.2
151,42,118.003810793974,944.6332225361476,662.0067890975572,1003.8,500.2
152,43,118.003810793974,944.6332225361476,662.0067890975572,1003.8,500.2
153,44,118.003810793974,944.6332225361476,662.0067890975572,1003.8,500.2
154,45,118.003810793974,944.6332225361476,662.0067890975572,1003.8,500.2
155,46,118.003810793974,944.6332225361476,662.0067890975572,1003.8,500.2
156,47,118.003810793974,944.6332225361476,662.0067890975572,1003.8,500.2
157,48,118.003810793974,944.6332225361476,662.0067890975572,1003.8,500.2
158,49,118.003810793974,944.6332225361476,662.0067890975572,1003.8,500.2
159,50,115.72153027870424,949.6332225361476,661.0067890975572,1003.8,500.2
160,51,115.72153027870424,949.6332225361476,661.0067890975572,1003.8,500.2
161,52,115.72153027870424,949.6332225361476,661.0067890975572,1003.8,500.2
162,53,115.72153027870424,949.6332225361476,661.0067890975572,1003.8,500.2
163,54,115.72153027870424,949.6332225361476,661.0067890975572,1003.8,500.2
164,55,115.72153027870424,949.6332225361476,661.0067890975572,1003.8,500.2
165,56,115.72153027870424,949.6332225361476,661.0067890975572,1003.8,500.2
166,57,115.72153027870424,949.6332225361476,661.0067890975572,1003.8,500.2
167,58,115.72153027870424,949.6332225361476,661.0067890975572,1002.925,465.375
168,59,115.72153027870424,949.6332225361476,661.0067890975572,1002.05,430.54999999999995
169,60,115.72153027870424,949.6332225361476,661.0067890975572,1001.175,395.72499999999997
170,61,115.72153027870424,949.6332225361476,661.0067890975572,1000.3,360.9
171,62,115.72153027870424,949.6332225361476,661.0067890975572,1000.3,360.9
172,63,115.72153027870424,949.6332225361476,661.0067890975572,1000.3,360.9
173,64,115.72153027870424,949.6332225361476,661.0067890975572,1000.3,360.9
174,65,115.72153027870424,949.6332225361476,661.0067890975572,1000.3,360.9
175,66,67.7907772805629,936.6332225361476,418.0067890975572,1000.3,360.9
176,67,58.58224814805788,936.6332225361476,418.0067890975572,1000.3,360.9
177,67,58.58224814805788,936.6332225361476,418.0067890975572,1000.3,360.9
178,67,58.58224814805788,936.6332225361476,418.0067890975572,1000.3,360.9
179,67,58.58224814805788,936.6332225361476,418.0067890975572,1000.3,360.9
180,67,58.58224814805788,936.6332225361476,418.0067890975572,1000.3,360.9
181,67,58.58224814805788,936.6332225361476,418.0067890975572,1000.3,360.9
182,67,58.58224814805788,936.6332225361476,418.0067890975572,1000.3,360.9
183,67,53.429327735363415,923.6332225361476,175.0067890975572,1000.3,360.9
184,67,53.429327735363415,923.6332225361476,175.0067890975572,1000.3,360.9
185,67,53.429327735363415,923.6332225361476,175.0067890975572,1000.3,360.9
186,67,53.429327735363415,923.6332225361476,175.0067890975572,1000.3,360.9
187,67,53.429327735363415,923.6332225361476,175.0067890975572,1000.3,360.9
188,67,53.429327735363415,923.6332225361476,175.0067890975572,1000.3,360.9
189,67,53.429327735363415,923.6332225361476,175.0067890975572,1000.3,360.9
190,67,53.429327735363415,923.6332225361476,175.0067890975572,1000.3,360.9
191,67,53.429327735363415,923.6332225361476,175.0067890975572,1000.3,360.9
192,67,53.429327735363415,923.6332225361476,175.0067890975572,1000.3,360.9
193,67,53.429327735363415,923.6332225361476,175.0067890975572,1000.3,360.9
194,67,53.429327735363415,923.6332225361476,175.0067890975572,1000.3,360.9
195,67,53.429327735363415,923.6332225361476,175.0067890975572,1000.3,360.9
196,67,53.429327735363415,923.6332225361476,175.0067890975572,1000.3,360.9
197,67,53.429327735363415,923.6332225361476,175.0067890975572,1000.3,360.9
198,67,53.429327735363415,923.6332225361476,175.0067890975572,1000.3,360.9
199,67,74.68445443878524,784.6332225361476,195.0067890975572,1000.3,360.9
200,67,74.68445443878524,784.6332225361476,195.0067890975572,1000.3,360.9
201,67,74.68445443878524,784.6332225361476,195.0067890975572,1000.3,360.9
202,67,74.68445443878524,784.6332225361476,195.0067890975572,1000.3,360.9
203,67,74.68445443878524,784.6332225361476,195.0067890975572,1000.3,360.9
204,67,74.68445443878524,784.6332225361476,195.0067890975572,1000.3,360.9
205,67,74.68445443878524,784.6332225361476,195.0067890975572,1000.3,360.9
206,67,74.68445443878524,784.6332225361476,195.0067890975572,1000.3,360.9
207,67,91.60797415276969,646.6332225361476,214.0067890975572,1000.3,360.9
208,67,91.60797415276969,646.6332225361476,214.0067890975572,1000.3,360.9
209,67,91.60797415276969,646.6332225361476,214.0067890975572,1000.3,360.9
210,67,91.60797415276969,646.6332225361476,214.0067890975572,1000.3,360.9
211,67,91.60797415276969,646.6332225361476,214.0067890975572,1000.3,360.9
212,67,91.60797415276969,646.6332225361476,214.0067890975572,1000.3,360.9
213,68,91.60797415276969,646.6332225361476,214.0067890975572,1000.3,360.9
214,69,91.60797415276969,646.6332225361476,214.0067890975572,1000.3,360.9
215,70,91.60797415276969,646.6332225361476,214.0067890975572,1000.3,360.9
216,71,91.60797415276969,646.6332225361476,214.0067890975572,1000.3,360.9
217,72,91.60797415276969,646.6332225361476,214.0067890975572,1000.3,360.9
218,73,91.60797415276969,646.6332225361476,214.0067890975572,1000.3,360.9
219,74,91.60797415276969,646.6332225361476,214.0067890975572,1000.3,360.9
220,75,91.60797415276969,646.6332225361476,214.0067890975572,1000.3,360.9
221,76,91.60797415276969,646.6332225361476,214.0067890975572,1000.3,360.9
222,77,91.60797415276969,646.6332225361476,214.0067890975572,1000.3,360.9
223,78,91.60797415276969,646.6332225361476,214.0067890975572,1000.3,360.9
224,79,91.60797415276969,646.6332225361476,214.0067890975572,1000.3,360.9
225,80,91.60797415276969,646.6332225361476,214.0067890975572,1000.3,360.9
226,81,91.60797415276969,646.6332225361476,214.0067890975572,1000.3,360.9
227,82,91.60797415276969,646.6332225361476,214.0067890975572,1000.3,360.9
228,83,91.60797415276969,646.6332225361476,214.0067890975572,1000.3,360.9
229,84,91.60797415276969,646.6332225361476,214.0067890975572,1000.3,360.9
230,85,91.60797415276969,646.6332225361476,214.0067890975572,1000.5999999999999,401.96
231,86,110.30112582139839,813.6332225361476,464.0067890975572,1000.9,443.02
232,87,110.30112582139839,813.6332225361476,464.0067890975572,1001.1999999999999,484.08000000000004
233,88,110.30112582139839,813.6332225361476,464.0067890975572,1001.5,525.1400000000001
234,89,110.30112582139839,813.6332225361476,464.0067890975572,1001.8,566.2
235,90,110.30112582139839,813.6332225361476,464.0067890975572,1001.8,566.2
236,91,110.30112582139839,813.6332225361476,464.0067890975572,1001.8,566.2
237,92,110.30112582139839,813.6332225361476,464.0067890975572,1001.8,566.2
238,93,110.30112582139839,813.6332225361476,464.0067890975572,1001.8,566.2
239,94,110.30112582139839,813.6332225361476,464.0067890975572,1001.8,566.2
240,95,125.82319505527825,979.6332225361476,714.0067890975572,1001.8,566.2
241,96,125.82319505527825,979.6332225361476,714.0067890975572,1001.8,566.2
242,97,125.82319505527825,979.6332225361476,714.0067890975572,1001.8,566.2
243,98,125.82319505527825,979.6332225361476,714.0067890975572,1001.8,566.2
244,99,125.82319505527825,979.6332225361476,714.0067890975572,1001.8,566.2
245,100,125.82319505527825,979.6332225361476,714.0067890975572,1001.8,566.2
246,101,125.82319505527825,979.6332225361476,714.0067890975572,1001.8,566.2
247,102,125.82319505527825,979.6332225361476,714.0067890975572,1001.8,566.2
248,103,125.82319505527825,979.6332225361476,714.0067890975572,1001.8,566.2
249,104,125.82319505527825,979.6332225361476,714.0067890975572,1001.8,566.2
250,105,125.82319505527825,979.6332225361476,714.0067890975572,1001.8,566.2
251,106,125.82319505527825,979.6332225361476,714.0067890975572,1001.8,566.2
252,107,125.82319505527825,979.6332225361476,714.0067890975572,1001.8,566.2
253,108,125.82319505527825,979.6332225361476,714.0067890975572,1001.8,566.2
254,109,125.82319505527825,979.6332225361476,714.0067890975572,1001.8,566.2
255,110,125.82319505527825,979.6332225361476,714.0067890975572,1001.8,566.2
256,111,125.82319505527825,979.6332225361476,714.0067890975572,1001.8,566.2
257,112,125.82319505527825,979.6332225361476,714.0067890975572,1001.8,566.2
258,113,125.82319505527825,979.6332225361476,714.0067890975572,1001.8,566.2
259,114,125.82319505527825,979.6332225361476,714.0067890975572,1001.8,566.2
260,115,125.82319505527825,979.6332225361476,714.0067890975572,1001.8,566.2
261,116,125.82319505527825,979.6332225361476,714.0067890975572,1001.8,566.2
262,117,125.82319505527825,979.6332225361476,714.0067890975572,1001.8,566.2
263,118,125.82319505527825,979.6332225361476,714.0067890975572,1001.8,566.2
264,119,125.37440709920868,977.6332225361476,686.0067890975572,1001.8,566.2
265,120,125.37440709920868,977.6332225361476,686.0067890975572,1001.8,566.2
266,121,125.37440709920868,977.6332225361476,686.0067890975572,1001.8,566.2
267,122,125.37440709920868,977.6332225361476,686.0067890975572,1001.8,566.2
268,123,125.37440709920868,977.6332225361476,686.0067890975572,1001.8,566.2
269,124,125.37440709920868,977.6332225361476,686.0067890975572,1001.8,566.2
270,125,125.37440709920868,977.6332225361476,686.0067890975572,1001.8,566.2
271,126,125.24905633131638,974.6332225361476,659.0067890975572,1001.8,566.2
272,127,125.24905633131638,974.6332225361476,659.0067890975572,1001.8,566.2
273,128,125.24905633131638,974.6332225361476,659.0067890975572,1019.0999999999999,570.35
274,129,125.24905633131638,974.6332225361476,659.0067890975572,1036.4,574.5
275,130,125.24905633131638,974.6332225361476,659.0067890975572,1053.7,578.65
276,131,125.24905633131638,974.6332225361476,659.0067890975572,1071.0,582.8
277,132,125.24905633131638,974.6332225361476,659.0067890975572,1071.0,582.8
278,133,125.24905633131638,974.6332225361476,659.0067890975572,1071.0,582.8
279,134,80.51653889601057,1142.6332225361475,684.0067890975572,1071.0,582.8
280,135,80.51653889601057,1142.6332225361475,684.0067890975572,1071.0,582.8
281,136,80.51653889601057,1142.6332225361475,684.0067890975572,1071.0,582.8
282,137,80.51653889601057,1142.6332225361475,684.0067890975572,1071.0,582.8
283,138,80.51653889601057,1142.6332225361475,684.0067890975572,1071.0,582.8
284,139,80.51653889601057,1142.6332225361475,684.0067890975572,1071.0,582.8
285,140,80.51653889601057,1142.6332225361475,684.0067890975572,1071.0,582.8
286,141,80.51653889601057,1142.6332225361475,684.0067890975572,1071.0,582.8
287,142,80.51653889601057,1142.6332225361475,684.0067890975572,1071.0,582.8
288,143,68.05900191998495,1309.6332225361475,709.0067890975572,1071.0,582.8
289,144,68.05900191998495,1309.6332225361475,709.0067890975572,1071.0,582.8
290,145,68.05900191998495,1309.6332225361475,709.0067890975572,1071.0,582.8
291,146,68.05900191998495,1309.6332225361475,709.0067890975572,1071.0,582.8
292,147,68.05900191998495,1309.6332225361475,709.0067890975572,1071.0,582.8
293,148,68.05900191998495,1309.6332225361475,709.0067890975572,1071.0,582.8
294,149,68.05900191998495,1309.6332225361475,709.0067890975572,1071.0,582.8
295,150,68.05900191998495,1309.6332225361475,709.0067890975572,1071.0,582.8
296,151,68.05900191998495,1309.6332225361475,709.0067890975572,1071.0,582.8
297,152,68.05900191998495,1309.6332225361475,709.0067890975572,1071.0,582.8
298,153,68.05900191998495,1309.6332225361475,709.0067890975572,1071.0,582.8
299,154,68.05900191998495,1309.6332225361475,709.0067890975572,1071.0,582.8
300,155,68.05900191998495,1309.6332225361475,709.0067890975572,1071.0,582.8
301,156,68.05900191998495,1309.6332225361475,709.0067890975572,1071.0,582.8
302,157,68.05900191998495,1309.6332225361475,709.0067890975572,1071.0,582.8
303,158,25.770177800771354,1135.6332225361475,488.0067890975572,1071.0,582.8
304,159,25.770177800771354,1135.6332225361475,488.0067890975572,1071.0,582.8
305,160,25.770177800771354,1135.6332225361475,488.0067890975572,1071.0,582.8
306,161,25.770177800771354,1135.6332225361475,488.0067890975572,1071.0,582.8
307,162,25.770177800771354,1135.6332225361475,488.0067890975572,1071.0,582.8
308,163,25.770177800771354,1135.6332225361475,488.0067890975572,1071.0,582.8
309,164,25.770177800771354,1135.6332225361475,488.0067890975572,1071.0,582.8
310,165,25.770177800771354,1135.6332225361475,488.0067890975572,1071.0,582.8
311,166,25.770177800771354,1135.6332225361475,488.0067890975572,1071.0,582.8
312,167,29.77501636398219,960.6332225361476,267.0067890975572,1071.0,582.8
313,168,20.883560164972817,960.6332225361476,267.0067890975572,1071.0,582.8
314,169,15.795447454341636,960.6332225361476,267.0067890975572,1071.0,582.8
315,170,12.548244300572504,960.6332225361476,267.0067890975572,1071.0,582.8
316,170,12.548244300572504,960.6332225361476,267.0067890975572,1071.0,582.8
317,170,12.548244300572504,960.6332225361476,267.0067890975572,1071.0,582.8
318,170,12.548244300572504,960.6332225361476,267.0067890975572,1071.0,582.8
319,170,12.548244300572504,960.6332225361476,267.0067890975572,1071.0,582.8
320,170,12.548244300572504,960.6332225361476,267.0067890975572,1071.0,582.8
321,170,12.548244300572504,960.6332225361476,267.0067890975572,1071.0,582.8
322,170,12.548244300572504,960.6332225361476,267.0067890975572,1071.0,582.8
323,170,12.548244300572504,960.6332225361476,267.0067890975572,1071.0,582.8
324,170,12.548244300572504,960.6332225361476,267.0067890975572,1071.0,582.8
325,170,12.548244300572504,960.6332225361476,267.0067890975572,1071.0,582.8
326,170,12.548244300572504,960.6332225361476,267.0067890975572,1071.0,582.8
327,170,12.548244300572504,960.6332225361476,267.0067890975572,1071.0,582.8
328,170,12.548244300572504,960.6332225361476,267.0067890975572,1071.0,582.8
329,170,12.548244300572504,960.6332225361476,267.0067890975572,1071.0,582.8
330,170,12.548244300572504,960.6332225361476,267.0067890975572,1071.0,582.8
331,170,12.548244300572504,960.6332225361476,267.0067890975572,1071.0,582.8
332,170,12.548244300572504,960.6332225361476,267.0067890975572,1071.0,582.8
333,170,12.548244300572504,960.6332225361476,267.0067890975572,1071.0,582.8
334,170,12.548244300572504,960.6332225361476,267.0067890975572,1071.0,582.8
335,170,12.548244300572504,960.6332225361476,267.0067890975572,1071.0,582.8
336,170,12.548244300572504,960.6332225361476,267.0067890975572,1071.0,582.8
337,170,12.548244300572504,960.6332225361476,267.0067890975572,1071.0,582.8
338,170,12.548244300572504,960.6332225361476,267.0067890975572,1071.0,582.8
339,170,12.548244300572504,960.6332225361476,267.0067890975572,1071.0,582.8
340,170,12.548244300572504,960.6332225361476,267.0067890975572,1071.0,582.8
341,170,12.548244300572504,960.6332225361476,267.0067890975572,1071.0,582.8
342,170,12.548244300572504,960.6332225361476,267.0067890975572,1071.0,582.8
343,170,12.548244300572504,960.6332225361476,267.0067890975572,1071.0,582.8
344,170,12.548244300572504,960.6332225361476,267.0067890975572,1071.0,582.8
345,170,12.548244300572504,960.6332225361476,267.0067890975572,1071.0,582.8
346,170,12.548244300572504,960.6332225361476,267.0067890975572,1071.0,582.8
347,170,12.548244300572504,960.6332225361476,267.0067890975572,1071.0,582.8
348,170,12.548244300572504,960.6332225361476,267.0067890975572,1071.0,582.8
349,170,12.548244300572504,960.6332225361476,267.0067890975572,1071.0,582.8
350,170,12.548244300572504,960.6332225361476,267.0067890975572,1071.0,582.8
351,170,12.548244300572504,960.6332225361476,267.0067890975572,1071.0,582.8
352,170,12.548244300572504,960.6332225361476,267.0067890975572,1071.0,582.8
353,170,12.548244300572504,960.6332225361476,267.0067890975572,1071.0,582.8
354,170,12.548244300572504,960.6332225361476,267.0067890975572,1071.0,582.8
355,170,12.548244300572504,960.6332225361476,267.0067890975572,1071.0,582.8
356,170,12.548244300572504,960.6332225361476,267.0067890975572,1071.0,582.8
357,170,12.548244300572504,960.6332225361476,267.0067890975572,1071.0,582.8
358,170,12.548244300572504,960.6332225361476,267.0067890975572,1071.0,582.8
359,170,12.548244300572504,960.6332225361476,267.0067890975572,1071.0,582.8
360,170,12.548244300572504,960.6332225361476,267.0067890975572,1071.0,582.8
361,170,12.548244300572504,960.6332225361476,267.0067890975572,1071.0,582.8
362,170,12.548244300572504,960.6332225361476,267.0067890975572,1071.0,582.8
363,170,12.548244300572504,960.6332225361476,267.0067890975572,1071.0,582.8
364,170,12.548244300572504,960.6332225361476,267.0067890975572,1071.0,582.8
365,170,12.548244300572504,960.6332225361476,267.0067890975572,1071.0,582.8
366,170,12.548244300572504,960.6332225361476,267.0067890975572,1071.0,582.8
367,170,12.548244300572504,960.6332225361476,267.0067890975572,1071.0,582.8
368,170,12.548244300572504,960.6332225361476,267.0067890975572,1071.0,582.8
369,170,12.548244300572504,960.6332225361476,267.0067890975572,1071.0,582.8
370,170,12.548244300572504,960.6332225361476,267.0067890975572,1071.0,582.8
371,170,12.548244300572504,960.6332225361476,267.0067890975572,1071.0,582.8
372,170,12.548244300572504,960.6332225361476,267.0067890975572,1071.0,582.8
373,170,12.548244300572504,960.6332225361476,267.0067890975572,1071.0,582.8
374,170,12.548244300572504,960.6332225361476,267.0067890975572,1071.0,582.8
375,170,12.548244300572504,960.6332225361476,267.0067890975572,1071.0,582.8
376,170,12.548244300572504,960.6332225361476,267.0067890975572,1071.0,582.8
377,170,12.548244300572504,960.6332225361476,267.0067890975572,1071.0,582.8
378,170,12.548244300572504,960.6332225361476,267.0067890975572,1071.0,582.8
379,170,12.548244300572504,960.6332225361476,267.0067890975572,1071.0,582.8
380,170,12.548244300572504,960.6332225361476,267.0067890975572,1071.0,582.8
381,170,12.548244300572504,960.6332225361476,267.0067890975572,1071.0,582.8
382,170,12.548244300572504,960.6332225361476,267.0067890975572,1071.0,582.8
383,170,12.548244300572504,960.6332225361476,267.0067890975572,1071.0,582.8
384,170,12.548244300572504,960.6332225361476,267.0067890975572,1071.0,582.8
385,170,12.548244300572504,960.6332225361476,267.0067890975572,1071.0,582.8
386,170,12.548244300572504,960.6332225361476,267.0067890975572,1071.0,582.8
387,170,12.548244300572504,960.6332225361476,267.0067890975572,1071.0,582.8
388,170,12.548244300572504,960.6332225361476,267.0067890975572,1071.0,582.8
389,170,12.548244300572504,960.6332225361476,267.0067890975572,1071.0,582.8
390,170,12.548244300572504,960.6332225361476,267.0067890975572,1071.0,582.8
391,170,12.548244300572504,960.6332225361476,267.0067890975572,1071.0,582.8
392,170,12.548244300572504,960.6332225361476,267.0067890975572,1071.0,582.8
393,170,12.548244300572504,960.6332225361476,267.0067890975572,1071.0,582.8
394,170,12.548244300572504,960.6332225361476,267.0067890975572,1071.0,582.8
395,170,12.548244300572504,960.6332225361476,267.0067890975572,1071.0,582.8
396,170,12.548244300572504,960.6332225361476,267.0067890975572,1071.0,582.8
397,170,12.548244300572504,960.6332225361476,267.0067890975572,1071.0,582.8
398,170,12.548244300572504,960.6332225361476,267.0067890975572,1071.0,582.8
399,170,10.518052065832146,971.6332225361476,232.0067890975572,1071.0,582.8
400,170,10.518052065832146,971.6332225361476,232.0067890975572,1071.0,582.8
401,170,10.518052065832146,971.6332225361476,232.0067890975572,1071.0,582.8
402,170,10.518052065832146,971.6332225361476,232.0067890975572,1071.0,582.8
403,170,10.518052065832146,971.6332225361476,232.0067890975572,1071.0,582.8
404,170,10.518052065832146,971.6332225361476,232.0067890975572,1071.0,582.8
405,171,10.518052065832146,971.6332225361476,232.0067890975572,1071.0,582.8
406,172,10.518052065832146,971.6332225361476,232.0067890975572,1071.0,582.8
407,173,10.518052065832146,971.6332225361476,232.0067890975572,1071.0,582.8
408,174,10.518052065832146,971.6332225361476,232.0067890975572,1071.0,582.8
409,175,10.518052065832146,971.6332225361476,232.0067890975572,1071.0,582.8
410,176,10.518052065832146,971.6332225361476,232.0067890975572,1071.0,582.8
411,177,10.518052065832146,971.6332225361476,232.0067890975572,1071.0,582.8
412,178,10.518052065832146,971.6332225361476,232.0067890975572,1071.0,582.8
413,179,10.518052065832146,971.6332225361476,232.0067890975572,1071.0,582.8
414,180,10.518052065832146,971.6332225361476,232.0067890975572,1071.0,582.8
415,181,10.518052065832146,971.6332225361476,232.0067890975572,1071.0,582.8
416,182,10.518052065832146,971.6332225361476,232.0067890975572,1071.0,582.8
417,183,10.518052065832146,971.6332225361476,232.0067890975572,1071.0,582.8
418,184,10.518052065832146,971.6332225361476,232.0067890975572,1071.0,582.8
419,185,10.518052065832146,971.6332225361476,232.0067890975572,1071.0,582.8
420,186,10.518052065832146,971.6332225361476,232.0067890975572,1071.0,582.8
421,187,10.518052065832146,971.6332225361476,232.0067890975572,1071.0,582.8
422,188,10.518052065832146,971.6332225361476,232.0067890975572,1071.0,582.8
423,189,10.518052065832146,971.6332225361476,232.0067890975572,1071.0,582.8
424,190,10.518052065832146,971.6332225361476,232.0067890975572,1071.0,582.8
425,191,10.518052065832146,971.6332225361476,232.0067890975572,1071.0,582.8
426,192,10.518052065832146,971.6332225361476,232.0067890975572,1071.0,582.8
427,193,10.518052065832146,971.6332225361476,232.0067890975572,1071.0,582.8
428,194,10.518052065832146,971.6332225361476,232.0067890975572,1071.0,582.8
429,195,10.518052065832146,971.6332225361476,232.0067890975572,1071.0,582.8
430,196,10.518052065832146,971.6332225361476,232.0067890975572,1071.0,582.8
431,197,10.518052065832146,971.6332225361476,232.0067890975572,1071.0,582.8
432,198,10.518052065832146,971.6332225361476,232.0067890975572,1071.0,582.8
433,199,10.518052065832146,971.6332225361476,232.0067890975572,1071.0,582.8
434,200,10.518052065832146,971.6332225361476,232.0067890975572,1071.0,582.8
435,201,10.518052065832146,971.6332225361476,232.0067890975572,1071.0,582.8
436,202,10.518052065832146,971.6332225361476,232.0067890975572,1071.0,582.8
437,203,10.518052065832146,971.6332225361476,232.0067890975572,1071.0,582.8
438,204,10.518052065832146,971.6332225361476,232.0067890975572,1071.0,582.8
439,205,10.518052065832146,971.6332225361476,232.0067890975572,1071.0,582.8
440,206,10.518052065832146,971.6332225361476,232.0067890975572,1071.0,582.8
441,207,10.518052065832146,971.6332225361476,232.0067890975572,1071.0,582.8
442,208,10.518052065832146,971.6332225361476,232.0067890975572,1071.0,582.8
443,209,10.518052065832146,971.6332225361476,232.0067890975572,1071.0,582.8
444,210,10.518052065832146,971.6332225361476,232.0067890975572,1071.0,582.8
445,211,10.518052065832146,971.6332225361476,232.0067890975572,1071.0,582.8
446,212,10.518052065832146,971.6332225361476,232.0067890975572,1071.0,582.8
447,213,10.518052065832146,971.6332225361476,232.0067890975572,1071.0,582.8
448,214,10.518052065832146,971.6332225361476,232.0067890975572,1071.0,582.8
449,215,10.518052065832146,971.6332225361476,232.0067890975572,1071.0,582.8
450,216,10.518052065832146,971.6332225361476,232.0067890975572,1071.0,582.8
451,217,10.518052065832146,971.6332225361476,232.0067890975572,1071.0,582.8
452,218,10.518052065832146,971.6332225361476,232.0067890975572,1071.0,582.8
453,219,10.518052065832146,971.6332225361476,232.0067890975572,1071.0,582.8
454,220,10.518052065832146,971.6332225361476,232.0067890975572,1071.0,582.8
455,221,10.518052065832146,971.6332225361476,232.0067890975572,1071.0,582.8
456,222,10.518052065832146,971.6332225361476,232.0067890975572,1071.0,582.8
457,223,10.518052065832146,971.6332225361476,232.0067890975572,1071.0,582.8
458,224,10.518052065832146,971.6332225361476,232.0067890975572,1071.0,582.8
459,225,10.518052065832146,971.6332225361476,232.0067890975572,1071.0,582.8
460,226,10.518052065832146,971.6332225361476,232.0067890975572,1071.0,582.8
461,227,10.518052065832146,971.6332225361476,232.0067890975572,1071.0,582.8
462,228,10.518052065832146,971.6332225361476,232.0067890975572,1071.0,582.8
463,229,10.518052065832146,971.6332225361476,232.0067890975572,1071.0,582.8
464,230,14.226447674312363,971.6332225361476,232.0067890975572,1071.0,582.8
465,231,2.9823640416246846,1002.6332225361476,452.0067890975572,1083.0,583.95
466,231,2.9823640416246846,1002.6332225361476,452.0067890975572,1095.0,585.1
467,231,2.9823640416246846,1002.6332225361476,452.0067890975572,1095.0,585.1
468,231,2.9823640416246846,1002.6332225361476,452.0067890975572,1095.0,585.1
469,232,10.507748331453161,1002.6332225361476,452.0067890975572,1095.0,585.1
470,233,44.34995351101616,1002.6332225361476,452.0067890975572,1095.0,585.1
471,234,28.58230147389091,1033.6332225361475,671.0067890975572,1095.0,585.1
472,235,28.58230147389091,1033.6332225361475,671.0067890975572,1095.0,585.1
473,236,28.58230147389091,1033.6332225361475,671.0067890975572,1095.0,585.1
474,237,28.58230147389091,1033.6332225361475,671.0067890975572,1095.0,585.1
475,238,28.58230147389091,1033.6332225361475,671.0067890975572,1095.0,585.1
476,239,28.58230147389091,1033.6332225361475,671.0067890975572,1095.0,585.1
477,240,28.58230147389091,1033.6332225361475,671.0067890975572,1095.0,585.1
478,241,28.58230147389091,1033.6332225361475,671.0067890975572,1095.0,585.1
479,242,28.58230147389091,1033.6332225361475,671.0067890975572,1095.0,585.1
480,243,28.58230147389091,1033.6332225361475,671.0067890975572,1095.0,585.1
481,244,28.58230147389091,1033.6332225361475,671.0067890975572,1095.0,585.1
482,245,28.58230147389091,1033.6332225361475,671.0067890975572,1095.0,585.1
483,246,28.58230147389091,1033.6332225361475,671.0067890975572,1095.0,585.1
484,247,28.58230147389091,1033.6332225361475,671.0067890975572,1095.0,585.1
485,248,28.58230147389091,1033.6332225361475,671.0067890975572,1095.0,585.1
486,249,28.58230147389091,1033.6332225361475,671.0067890975572,1095.0,585.1
487,250,1.7648652709644412,1245.6332225361475,707.0067890975572,1095.0,585.1
487,251,1.7648652709644412,1245.6332225361475,707.0067890975572,1095.0,585.1
487,252,1.7648652709644412,1245.6332225361475,707.0067890975572,1095.0,585.1
487,253,1.7648652709644412,1245.6332225361475,707.0067890975572,1095.0,585.1
487,254,1.7648652709644412,1245.6332225361475,707.0067890975572,1095.0,585.1
487,255,1.7648652709644412,1245.6332225361475,707.0067890975572,1095.0,585.1
487,256,1.7648652709644412,1245.6332225361475,707.0067890975572,1095.0,585.1
487,257,1.7648652709644412,1245.6332225361475,707.0067890975572,1095.0,585.1
487,258,1.7648652709644412,1245.6332225361475,707.0067890975572,1095.0,585.1
488,259,1.7648652709644412,1245.6332225361475,707.0067890975572,1095.0,585.1
489,260,1.7648652709644412,1245.6332225361475,707.0067890975572,1095.0,585.1
490,261,1.7648652709644412,1245.6332225361475,707.0067890975572,1095.0,585.1
491,262,1.7648652709644412,1245.6332225361475,707.0067890975572,1095.0,585.1
492,263,1.7648652709644412,1245.6332225361475,707.0067890975572,1095.0,585.1
493,264,1.7648652709644412,1245.6332225361475,707.0067890975572,1095.0,585.1
494,265,1.7648652709644412,1245.6332225361475,707.0067890975572,1095.0,585.1
495,266,1.7648652709644412,1203.6332225361475,639.0067890975572,1095.0,585.1
496,267,1.7648652709644412,1203.6332225361475,639.0067890975572,1095.0,585.1
497,268,1.7648652709644412,1203.6332225361475,639.0067890975572,1095.0,585.1
498,269,1.7648652709644412,1203.6332225361475,639.0067890975572,1095.0,585.1
499,270,1.7648652709644412,1203.6332225361475,639.0067890975572,1095.0,585.1
500,271,1.7648652709644412,1203.6332225361475,639.0067890975572,1095.0,585.1
501,272,1.7648652709644412,1203.6332225361475,639.0067890975572,1095.0,585.1
502,273,3.1322365990307395,1203.6332225361475,639.0067890975572,1095.0,585.1
503,274,2.1868761088951283,1162.6332225361475,570.0067890975572,1095.0,585.1
503,275,0.2998305058436503,1162.6332225361475,570.0067890975572,1095.0,585.1
503,276,1.0297435236650416,1162.6332225361475,570.0067890975572,1095.0,585.1
503,277,1.0297435236650416,1162.6332225361475,570.0067890975572,1095.0,585.1
503,278,1.0297435236650416,1162.6332225361475,570.0067890975572,1095.0,585.1
503,279,1.0297435236650416,1162.6332225361475,570.0067890975572,1095.0,585.1
503,280,1.0297435236650416,1162.6332225361475,570.0067890975572,1095.0,585.1
503,281,1.0297435236650416,1162.6332225361475,570.0067890975572,1095.0,585.1
503,282,1.0297435236650416,1121.6332225361475,502.0067890975572,1095.0,585.1
503,283,1.0297435236650416,1121.6332225361475,502.0067890975572,1095.0,585.1
503,284,1.0297435236650416,1121.6332225361475,502.0067890975572,1095.0,585.1
503,285,1.0297435236650416,1121.6332225361475,502.0067890975572,1095.0,585.1
503,286,1.0297435236650416,1121.6332225361475,502.0067890975572,1092.04,562.28
503,287,1.0297435236650416,1121.6332225361475,502.0067890975572,1089.08,539.46
503,288,1.0297435236650416,1121.6332225361475,502.0067890975572,1086.1200000000001,516.64
503,289,1.0297435236650416,1121.6332225361475,502.0067890975572,1083.16,493.82
503,290,1.0297435236650416,1121.6332225361475,502.0067890975572,1080.2,471.0
503,291,1.0297435236650416,1080.6332225361475,434.0067890975572,1080.2,471.0
503,292,1.0297435236650416,1080.6332225361475,434.0067890975572,1080.2,471.0
503,293,1.0297435236650416,1080.6332225361475,434.0067890975572,1080.2,471.0
503,294,1.0297435236650416,1080.6332225361475,434.0067890975572,1080.2,471.0
503,295,1.0297435236650416,1080.6332225361475,434.0067890975572,1080.2,471.0
503,296,1.0297435236650416,1080.6332225361475,434.0067890975572,1080.2,471.0
503,297,1.0297435236650416,1080.6332225361475,434.0067890975572,1080.2,471.0
503,298,1.0297435236650416,1039.6332225361475,366.0067890975572,1080.2,471.0
503,299,1.0297435236650416,1039.6332225361475,366.0067890975572,1080.2,471.0
503,300,1.0297435236650416,1039.6332225361475,366.0067890975572,1080.2,471.0
503,301,1.0297435236650416,1039.6332225361475,366.0067890975572,1080.2,471.0
503,302,1.0297435236650416,1039.6332225361475,366.0067890975572,1080.2,471.0
503,303,1.0297435236650416,1039.6332225361475,366.0067890975572,1080.2,471.0
503,304,1.0297435236650416,1039.6332225361475,366.0067890975572,1080.2,471.0
503,305,1.0297435236650416,1039.6332225361475,366.0067890975572,1080.2,471.0
503,306,1.0297435236650416,1039.6332225361475,366.0067890975572,1080.2,471.0
503,307,1.0297435236650416,1039.6332225361475,366.0067890975572,1080.2,471.0
503,308,1.0297435236650416,1039.6332225361475,366.0067890975572,1080.2,471.0
503,309,1.0297435236650416,998.6332225361476,298.0067890975572,1080.2,471.0
503,310,1.0297435236650416,998.6332225361476,298.0067890975572,1080.2,471.0
503,311,1.0297435236650416,998.6332225361476,298.0067890975572,1080.2,471.0
503,312,1.0297435236650416,998.6332225361476,298.0067890975572,1080.2,471.0
503,313,1.0297435236650416,998.6332225361476,298.0067890975572,1080.2,471.0
503,314,1.0297435236650416,998.6332225361476,298.0067890975572,1080.2,471.0
503,315,1.0297435236650416,957.6332225361476,230.0067890975572,1080.2,471.0
503,316,1.0297435236650416,957.6332225361476,230.0067890975572,1080.2,471.0
503,317,1.0297435236650416,957.6332225361476,230.0067890975572,1080.2,471.0
503,318,1.0297435236650416,957.6332225361476,230.0067890975572,1080.2,471.0
503,319,1.0297435236650416,957.6332225361476,230.0067890975572,1080.2,471.0
503,320,1.0297435236650416,957.6332225361476,230.0067890975572,1080.2,471.0
503,321,1.0297435236650416,957.6332225361476,230.0067890975572,1080.2,471.0
503,322,1.0297435236650416,957.6332225361476,230.0067890975572,1080.2,471.0
503,323,1.0297435236650416,957.6332225361476,230.0067890975572,1080.2,471.0
503,324,1.0297435236650416,957.6332225361476,230.0067890975572,1080.2,471.0
503,325,1.0297435236650416,957.6332225361476,230.0067890975572,1080.2,471.0
503,326,1.0297435236650416,957.6332225361476,230.0067890975572,1080.2,471.0
503,327,1.0297435236650416,957.6332225361476,230.0067890975572,1080.2,471.0
503,328,1.0297435236650416,957.6332225361476,230.0067890975572,1080.2,471.0
503,329,1.0297435236650416,957.6332225361476,230.0067890975572,1080.2,471.0
503,330,1.0297435236650416,971.6332225361476,464.0067890975572,1080.2,471.0
503,331,1.0297435236650416,971.6332225361476,464.0067890975572,1080.2,471.0
503,332,1.0297435236650416,971.6332225361476,464.0067890975572,1080.2,471.0
503,333,1.0297435236650416,971.6332225361476,464.0067890975572,1080.2,471.0
503,334,1.0297435236650416,971.6332225361476,464.0067890975572,1080.2,471.0
503,335,1.0297435236650416,971.6332225361476,464.0067890975572,1080.2,471.0
503,336,1.0297435236650416,971.6332225361476,464.0067890975572,1080.2,471.0
503,337,1.0297435236650416,971.6332225361476,464.0067890975572,1080.2,471.0
503,338,1.0297435236650416,985.6332225361476,698.0067890975572,1080.2,471.0
503,339,1.0297435236650416,985.6332225361476,698.0067890975572,1080.2,471.0
503,340,1.0297435236650416,985.6332225361476,698.0067890975572,1080.2,471.0
503,341,1.0297435236650416,985.6332225361476,698.0067890975572,1080.2,471.0
503,342,1.0297435236650416,985.6332225361476,698.0067890975572,1080.2,471.0
503,343,1.0297435236650416,985.6332225361476,698.0067890975572,1080.2,471.0
503,344,1.0297435236650416,985.6332225361476,698.0067890975572,1080.2,471.0
503,345,1.0297435236650416,985.6332225361476,698.0067890975572,1080.2,471.0
503,346,1.0297435236650416,985.6332225361476,698.0067890975572,1080.2,471.0
503,347,1.0297435236650416,985.6332225361476,698.0067890975572,1080.2,471.0
503,348,1.0297435236650416,985.6332225361476,698.0067890975572,1080.2,471.0
503,349,1.0297435236650416,985.6332225361476,698.0067890975572,1080.2,471.0
503,350,1.0297435236650416,985.6332225361476,698.0067890975572,1080.2,471.0
503,351,1.0297435236650416,985.6332225361476,698.0067890975572,1080.2,471.0
503,352,1.0297435236650416,985.6332225361476,698.0067890975572,1080.2,471.0
503,353,1.0297435236650416,985.6332225361476,698.0067890975572,1080.2,471.0
503,354,1.0297435236650416,985.6332225361476,698.0067890975572,1080.2,471.0
503,355,1.0297435236650416,985.6332225361476,698.0067890975572,1080.2,471.0
503,356,1.0297435236650416,985.6332225361476,698.0067890975572,1080.2,471.0
503,357,1.0297435236650416,985.6332225361476,698.0067890975572,1080.2,471.0
503,358,1.0297435236650416,985.6332225361476,698.0067890975572,1080.2,471.0
503,359,1.0297435236650416,985.6332225361476,698.0067890975572,1080.2,471.0
503,360,1.0297435236650416,985.6332225361476,698.0067890975572,1080.2,471.0
503,361,1.0297435236650416,985.6332225361476,698.0067890975572,1080.2,471.0
503,362,1.0297435236650416,985.6332225361476,698.0067890975572,1080.2,471.0
503,363,1.0297435236650416,985.6332225361476,698.0067890975572,1080.2,471.0
503,364,1.0297435236650416,985.6332225361476,698.0067890975572,1080.2,471.0
503,365,1.0297435236650416,985.6332225361476,698.0067890975572,1080.2,471.0
503,366,1.0297435236650416,985.6332225361476,698.0067890975572,1080.2,471.0
503,367,1.0297435236650416,985.6332225361476,698.0067890975572,1080.2,471.0
503,368,1.0297435236650416,985.6332225361476,698.0067890975572,1080.2,471.0
503,369,1.0297435236650416,985.6332225361476,698.0067890975572,1080.2,471.0
503,370,1.0297435236650416,985.6332225361476,698.0067890975572,1080.2,471.0
503,371,1.0297435236650416,985.6332225361476,698.0067890975572,1080.2,471.0
503,372,1.0297435236650416,985.6332225361476,698.0067890975572,1080.2,471.0
503,373,1.0297435236650416,985.6332225361476,698.0067890975572,1080.2,471.0
503,374,1.0297435236650416,985.6332225361476,698.0067890975572,1080.2,471.0
503,375,1.0297435236650416,985.6332225361476,698.0067890975572,1080.2,471.0
503,376,1.0297435236650416,985.6332225361476,698.0067890975572,1080.2,471.0
503,377,1.0297435236650416,985.6332225361476,698.0067890975572,1080.2,471.0
503,378,1.0297435236650416,963.6332225361476,688.0067890975572,1080.2,471.0
503,379,1.0297435236650416,963.6332225361476,688.0067890975572,1080.2,471.0
503,380,1.0297435236650416,963.6332225361476,688.0067890975572,1080.2,471.0
503,381,1.0297435236650416,963.6332225361476,688.0067890975572,1080.2,471.0
503,382,1.0297435236650416,963.6332225361476,688.0067890975572,1080.2,471.0
503,383,1.0297435236650416,963.6332225361476,688.0067890975572,1080.2,471.0
503,384,1.0297435236650416,963.6332225361476,688.0067890975572,1080.2,471.0
503,385,1.0297435236650416,963.6332225361476,688.0067890975572,1080.2,471.0
503,386,1.0297435236650416,963.6332225361476,688.0067890975572,1080.2,471.0
503,387,1.0297435236650416,942.6332225361476,679.0067890975572,1080.2,471.0
503,388,1.0297435236650416,942.6332225361476,679.0067890975572,1080.2,471.0
503,389,1.0297435236650416,942.6332225361476,679.0067890975572,1080.2,471.0
503,390,1.0297435236650416,942.6332225361476,679.0067890975572,1058.325,488.125
503,391,1.0297435236650416,942.6332225361476,679.0067890975572,1036.45,505.25
503,392,1.0297435236650416,942.6332225361476,679.0067890975572,1014.575,522.375
503,393,1.0297435236650416,942.6332225361476,679.0067890975572,992.7,539.5
503,394,1.0297435236650416,942.6332225361476,679.0067890975572,992.7,539.5
503,395,1.0297435236650416,942.6332225361476,679.0067890975572,992.7,539.5
503,396,1.0297435236650416,942.6332225361476,679.0067890975572,992.7,539.5
503,397,1.0297435236650416,942.6332225361476,679.0067890975572,992.7,539.5
503,398,1.0297435236650416,942.6332225361476,679.0067890975572,992.7,539.5
503,399,1.0297435236650416,942.6332225361476,679.0067890975572,992.7,539.5
503,400,1.0297435236650416,942.6332225361476,679.0067890975572,992.7,539.5
503,401,1.0297435236650416,942.6332225361476,679.0067890975572,992.7,539.5
503,402,1.0297435236650416,942.6332225361476,679.0067890975572,992.7,539.5
503,403,1.0297435236650416,942.6332225361476,679.0067890975572,992.7,539.5
503,404,1.0297435236650416,942.6332225361476,679.0067890975572,992.7,539.5
503,405,1.0297435236650416,942.6332225361476,679.0067890975572,992.7,539.5
503,406,1.0297435236650416,942.6332225361476,679.0067890975572,992.7,539.5
503,407,1.0297435236650416,942.6332225361476,679.0067890975572,992.7,539.5
503,408,1.0297435236650416,942.6332225361476,679.0067890975572,992.7,539.5
503,409,1.0297435236650416,942.6332225361476,679.0067890975572,992.7,539.5
503,410,1.0297435236650416,942.6332225361476,679.0067890975572,992.7,539.5
503,411,1.0297435236650416,942.6332225361476,679.0067890975572,992.7,539.5
503,412,1.0297435236650416,942.6332225361476,679.0067890975572,992.7,539.5
503,413,1.0297435236650416,942.6332225361476,679.0067890975572,992.7,539.5
503,414,1.0297435236650416,942.6332225361476,679.0067890975572,992.7,539.5
503,415,1.0297435236650416,942.6332225361476,679.0067890975572,992.7,539.5
503,416,1.0297435236650416,942.6332225361476,679.0067890975572,992.7,539.5
503,417,1.0297435236650416,942.6332225361476,679.0067890975572,992.7,539.5
503,418,1.0297435236650416,942.6332225361476,679.0067890975572,992.7,539.5
503,419,1.0297435236650416,942.6332225361476,679.0067890975572,992.7,539.5
503,420,1.0297435236650416,942.6332225361476,679.0067890975572,992.7,539.5
503,421,1.0297435236650416,942.6332225361476,679.0067890975572,992.7,539.5
503,422,1.0297435236650416,942.6332225361476,679.0067890975572,992.7,539.5
503,423,1.0297435236650416,942.6332225361476,679.0067890975572,992.7,539.5
503,424,1.0297435236650416,942.6332225361476,679.0067890975572,992.7,539.5
503,425,1.0297435236650416,942.6332225361476,679.0067890975572,992.7,539.5
503,426,1.0297435236650416,942.6332225361476,679.0067890975572,992.7,539.5
503,427,1.0297435236650416,942.6332225361476,679.0067890975572,992.7,539.5
503,428,1.0297435236650416,942.6332225361476,679.0067890975572,992.7,539.5
503,429,1.0297435236650416,942.6332225361476,679.0067890975572,992.7,539.5
503,430,1.0297435236650416,942.6332225361476,679.0067890975572,992.7,539.5
503,431,1.0297435236650416,942.6332225361476,679.0067890975572,992.7,539.5
503,432,1.0297435236650416,942.6332225361476,679.0067890975572,992.7,539.5
503,433,1.0297435236650416,942.6332225361476,679.0067890975572,992.7,539.5
503,434,1.0297435236650416,942.6332225361476,679.0067890975572,992.7,539.5
503,435,1.0297435236650416,942.6332225361476,679.0067890975572,992.7,539.5
503,436,1.0297435236650416,942.6332225361476,679.0067890975572,992.7,539.5
503,437,1.0297435236650416,942.6332225361476,679.0067890975572,992.7,539.5
503,438,1.0297435236650416,942.6332225361476,679.0067890975572,992.7,539.5
503,439,1.0297435236650416,942.6332225361476,679.0067890975572,992.7,539.5
503,440,1.0297435236650416,942.6332225361476,679.0067890975572,992.7,539.5
503,441,1.0297435236650416,942.6332225361476,679.0067890975572,992.7,539.5
503,442,1.0297435236650416,942.6332225361476,679.0067890975572,992.7,539.5
503,443,1.0297435236650416,942.6332225361476,679.0067890975572,992.7,539.5
503,444,1.0297435236650416,1104.6332225361475,677.0067890975572,992.7,539.5
503,445,1.0297435236650416,1104.6332225361475,677.0067890975572,992.7,539.5
503,446,1.0297435236650416,1104.6332225361475,677.0067890975572,992.7,539.5
503,447,1.0297435236650416,1104.6332225361475,677.0067890975572,992.7,539.5
503,448,1.0297435236650416,1104.6332225361475,677.0067890975572,992.7,539.5
503,449,1.0297435236650416,1104.6332225361475,677.0067890975572,992.7,539.5
503,450,1.0297435236650416,1267.6332225361475,674.0067890975572,992.7,539.5
503,451,1.0297435236650416,1267.6332225361475,674.0067890975572,992.7,539.5
503,452,1.0297435236650416,1267.6332225361475,674.0067890975572,992.7,539.5
503,453,1.0297435236650416,1267.6332225361475,674.0067890975572,992.7,539.5
503,454,1.0297435236650416,1267.6332225361475,674.0067890975572,992.7,539.5
503,455,1.0297435236650416,1267.6332225361475,674.0067890975572,992.7,539.5
503,456,1.0297435236650416,1267.6332225361475,674.0067890975572,992.7,539.5
503,457,1.0297435236650416,1267.6332225361475,674.0067890975572,992.7,539.5
503,458,1.0297435236650416,1267.6332225361475,674.0067890975572,992.7,539.5
503,459,1.0297435236650416,1267.6332225361475,674.0067890975572,992.7,539.5
503,460,1.0297435236650416,1267.6332225361475,674.0067890975572,992.7,539.5
503,461,1.0297435236650416,1267.6332225361475,674.0067890975572,992.7,539.5
503,462,1.0297435236650416,1267.6332225361475,674.0067890975572,992.7,539.5
503,463,1.0297435236650416,1267.6332225361475,674.0067890975572,992.7,539.5
503,464,1.0297435236650416,1267.6332225361475,674.0067890975572,992.7,539.5
503,465,2.452987521030744,1267.6332225361475,674.0067890975572,992.7,539.5
503,466,3.6425262486518526,1113.6332225361475,674.0067890975572,992.7,539.5
503,467,3.6425262486518526,1113.6332225361475,674.0067890975572,992.7,539.5
503,468,3.6425262486518526,1113.6332225361475,674.0067890975572,992.7,539.5
503,469,3.6425262486518526,1113.6332225361475,674.0067890975572,992.7,539.5
503,470,3.6425262486518526,1113.6332225361475,674.0067890975572,992.7,539.5
503,471,3.6425262486518526,1113.6332225361475,674.0067890975572,992.7,539.5
503,472,3.6425262486518526,1113.6332225361475,674.0067890975572,992.7,539.5
503,473,3.6425262486518526,1113.6332225361475,674.0067890975572,992.7,539.5
503,474,3.6425262486518526,959.6332225361476,674.0067890975572,992.7,539.5
503,475,3.6425262486518526,959.6332225361476,674.0067890975572,992.7,539.5
503,476,3.6425262486518526,959.6332225361476,674.0067890975572,992.7,539.5
503,477,3.6425262486518526,959.6332225361476,674.0067890975572,992.7,539.5
503,478,3.6425262486518526,959.6332225361476,674.0067890975572,992.7,539.5
503,479,3.6425262486518526,959.6332225361476,674.0067890975572,992.7,539.5
503,480,3.6425262486518526,959.6332225361476,674.0067890975572,992.7,539.5
503,481,3.6425262486518526,959.6332225361476,674.0067890975572,992.7,539.5
503,482,3.6425262486518526,959.6332225361476,674.0067890975572,992.7,539.5
503,483,3.6425262486518526,959.6332225361476,674.0067890975572,992.7,539.5
503,484,3.6425262486518526,959.6332225361476,674.0067890975572,992.7,539.5
503,485,3.6425262486518526,959.6332225361476,674.0067890975572,992.7,539.5
503,486,3.6425262486518526,959.6332225361476,674.0067890975572,992.7,539.5
503,487,3.6425262486518526,959.6332225361476,674.0067890975572,992.7,539.5
503,488,3.6425262486518526,959.6332225361476,674.0067890975572,992.7,539.5
503,489,3.6425262486518526,959.6332225361476,674.0067890975572,992.7,539.5
503,490,3.6425262486518526,959.6332225361476,674.0067890975572,992.7,539.5
503,491,3.6425262486518526,959.6332225361476,674.0067890975572,992.7,539.5
503,492,3.6425262486518526,959.6332225361476,674.0067890975572,992.7,539.5
503,493,3.6425262486518526,959.6332225361476,674.0067890975572,992.7,539.5
503,494,3.6425262486518526,959.6332225361476,674.0067890975572,992.7,539.5
503,495,3.6425262486518526,959.6332225361476,674.0067890975572,992.7,539.5
503,496,3.6425262486518526,959.6332225361476,674.0067890975572,992.7,539.5
503,497,3.6425262486518526,959.6332225361476,674.0067890975572,992.7,539.5
503,498,3.6425262486518526,959.6332225361476,674.0067890975572,992.7,539.5
503,499,3.6425262486518526,959.6332225361476,674.0067890975572,992.7,539.5
503,500,3.6425262486518526,959.6332225361476,674.0067890975572,992.7,539.5
503,501,3.6425262486518526,959.6332225361476,674.0067890975572,992.7,539.5
503,502,3.6425262486518526,959.6332225361476,674.0067890975572,992.7,539.5
503,503,3.6425262486518526,959.6332225361476,674.0067890975572,992.7,539.5
503,504,3.6425262486518526,959.6332225361476,674.0067890975572,992.7,539.5
503,505,3.6425262486518526,959.6332225361476,674.0067890975572,992.7,539.5
503,506,3.6425262486518526,905.6332225361476,448.0067890975572,992.7,539.5
503,507,3.6425262486518526,905.6332225361476,448.0067890975572,992.7,539.5
503,508,3.6425262486518526,905.6332225361476,448.0067890975572,992.7,539.5
503,509,3.6425262486518526,905.6332225361476,448.0067890975572,992.7,539.5
503,510,3.6425262486518526,905.6332225361476,448.0067890975572,992.7,539.5
503,511,3.6425262486518526,905.6332225361476,448.0067890975572,992.7,539.5
503,512,3.6425262486518526,905.6332225361476,448.0067890975572,992.7,539.5
503,513,3.6425262486518526,905.6332225361476,448.0067890975572,992.7,539.5
503,514,3.6425262486518526,850.6332225361476,222.0067890975572,992.7,539.5
503,515,3.6425262486518526,850.6332225361476,222.0067890975572,992.7,539.5
504,516,3.6425262486518526,850.6332225361476,222.0067890975572,992.7,539.5
505,517,3.6425262486518526,850.6332225361476,222.0067890975572,992.7,539.5
506,518,3.6425262486518526,850.6332225361476,222.0067890975572,992.7,539.5
507,519,3.6425262486518526,850.6332225361476,222.0067890975572,992.7,539.5
508,520,3.6425262486518526,850.6332225361476,222.0067890975572,992.7,539.5
509,521,3.6425262486518526,850.6332225361476,222.0067890975572,992.7,539.5
510,522,3.6425262486518526,850.6332225361476,222.0067890975572,992.7,539.5
511,523,1.1542979621469365,850.6332225361476,222.0067890975572,992.7,539.5
512,523,1.1542979621469365,850.6332225361476,222.0067890975572,992.7,539.5
513,523,1.1542979621469365,850.6332225361476,222.0067890975572,992.7,539.5
514,523,1.1542979621469365,850.6332225361476,222.0067890975572,992.7,539.5
515,523,1.1542979621469365,850.6332225361476,222.0067890975572,992.7,539.5
516,523,1.1542979621469365,850.6332225361476,222.0067890975572,992.7,539.5
517,523,1.1542979621469365,850.6332225361476,222.0067890975572,992.7,539.5
518,524,8.663079360404046,850.6332225361476,222.0067890975572,992.7,539.5
519,525,2.7342809442723346,850.6332225361476,222.0067890975572,992.7,539.5
519,526,7.326295803897619,850.6332225361476,222.0067890975572,992.7,539.5
519,527,16.62997821001833,850.6332225361476,222.0067890975572,992.7,539.5
519,528,16.62997821001833,850.6332225361476,222.0067890975572,992.7,539.5
519,529,16.62997821001833,850.6332225361476,222.0067890975572,992.7,539.5
519,530,16.62997821001833,850.6332225361476,222.0067890975572,992.7,539.5
519,531,16.62997821001833,850.6332225361476,222.0067890975572,992.7,539.5
519,532,16.62997821001833,745.6332225361476,209.0067890975572,992.7,539.5
519,533,16.62997821001833,745.6332225361476,209.0067890975572,992.7,539.5
519,534,16.62997821001833,745.6332225361476,209.0067890975572,992.7,539.5
519,535,16.62997821001833,745.6332225361476,209.0067890975572,992.7,539.5
519,536,16.62997821001833,745.6332225361476,209.0067890975572,992.7,539.5
519,537,16.62997821001833,745.6332225361476,209.0067890975572,992.7,539.5
519,538,16.62997821001833,745.6332225361476,209.0067890975572,992.7,539.5
519,539,16.62997821001833,745.6332225361476,209.0067890975572,992.7,539.5
519,540,16.62997821001833,745.6332225361476,209.0067890975572,992.7,539.5
519,541,16.62997821001833,745.6332225361476,209.0067890975572,992.7,539.5
519,542,16.62997821001833,745.6332225361476,209.0067890975572,992.7,539.5
519,543,16.62997821001833,745.6332225361476,209.0067890975572,992.7,539.5
519,544,16.62997821001833,745.6332225361476,209.0067890975572,992.7,539.5
519,545,16.62997821001833,745.6332225361476,209.0067890975572,992.7,539.5
519,546,16.62997821001833,745.6332225361476,209.0067890975572,992.7,539.5
519,547,16.62997821001833,745.6332225361476,209.0067890975572,992.7,539.5
519,548,16.62997821001833,745.6332225361476,209.0067890975572,992.7,539.5
519,549,16.62997821001833,745.6332225361476,209.0067890975572,992.7,539.5
519,550,16.62997821001833,745.6332225361476,209.0067890975572,992.7,539.5
519,551,16.62997821001833,745.6332225361476,209.0067890975572,992.7,539.5
519,552,16.62997821001833,745.6332225361476,209.0067890975572,992.7,539.5
519,553,16.62997821001833,745.6332225361476,209.0067890975572,992.7,539.5
519,554,16.62997821001833,745.6332225361476,209.0067890975572,992.7,539.5
519,555,16.62997821001833,745.6332225361476,209.0067890975572,992.7,539.5
519,556,16.62997821001833,745.6332225361476,209.0067890975572,992.7,539.5
519,557,16.62997821001833,745.6332225361476,209.0067890975572,992.7,539.5
519,558,16.62997821001833,745.6332225361476,209.0067890975572,992.7,539.5
519,559,16.62997821001833,745.6332225361476,209.0067890975572,992.7,539.5
519,560,16.62997821001833,745.6332225361476,209.0067890975572,992.7,539.5
519,561,16.62997821001833,745.6332225361476,209.0067890975572,992.7,539.5
519,562,16.62997821001833,745.6332225361476,209.0067890975572,992.7,539.5
519,563,16.62997821001833,745.6332225361476,209.0067890975572,992.7,539.5
519,564,16.62997821001833,834.6332225361476,449.0067890975572,992.7,539.5
519,565,16.62997821001833,834.6332225361476,449.0067890975572,992.7,539.5
519,566,16.62997821001833,834.6332225361476,449.0067890975572,992.7,539.5
519,567,16.62997821001833,834.6332225361476,449.0067890975572,992.7,539.5
519,568,16.62997821001833,834.6332225361476,449.0067890975572,992.7,539.5
519,569,16.62997821001833,834.6332225361476,449.0067890975572,992.7,539.5
519,570,16.62997821001833,834.6332225361476,449.0067890975572,992.7,539.5
519,571,16.62997821001833,834.6332225361476,449.0067890975572,992.7,539.5
519,572,16.62997821001833,924.6332225361476,689.0067890975572,992.7,539.5
519,573,16.62997821001833,924.6332225361476,689.0067890975572,992.7,539.5
519,574,16.62997821001833,924.6332225361476,689.0067890975572,992.7,539.5
519,575,16.62997821001833,924.6332225361476,689.0067890975572,992.7,539.5
519,576,16.62997821001833,924.6332225361476,689.0067890975572,992.7,539.5
519,577,16.62997821001833,924.6332225361476,689.0067890975572,992.7,539.5
519,578,16.62997821001833,924.6332225361476,689.0067890975572,992.7,539.5
519,579,16.62997821001833,924.6332225361476,689.0067890975572,992.7,539.5
519,580,16.62997821001833,924.6332225361476,689.0067890975572,992.7,539.5
519,581,16.62997821001833,924.6332225361476,689.0067890975572,992.7,539.5
519,582,16.62997821001833,924.6332225361476,689.0067890975572,992.7,539.5
519,583,16.62997821001833,924.6332225361476,689.0067890975572,992.7,539.5
519,584,16.62997821001833,924.6332225361476,689.0067890975572,992.7,539.5
519,585,16.62997821001833,924.6332225361476,689.0067890975572,992.7,539.5
519,586,16.62997821001833,924.6332225361476,689.0067890975572,992.7,539.5
519,587,16.62997821001833,924.6332225361476,689.0067890975572,992.7,539.5
519,588,16.62997821001833,924.6332225361476,689.0067890975572,992.7,539.5
519,589,16.62997821001833,924.6332225361476,689.0067890975572,992.7,539.5
519,590,16.62997821001833,924.6332225361476,689.0067890975572,992.7,539.5
519,591,16.62997821001833,924.6332225361476,689.0067890975572,992.7,539.5
519,592,16.62997821001833,924.6332225361476,689.0067890975572,992.7,539.5
519,593,16.62997821001833,924.6332225361476,689.0067890975572,992.7,539.5
519,594,16.62997821001833,924.6332225361476,689.0067890975572,992.7,539.5
519,595,16.62997821001833,924.6332225361476,689.0067890975572,992.7,539.5
519,596,16.62997821001833,888.6332225361476,598.0067890975572,992.7,539.5
519,597,16.62997821001833,888.6332225361476,598.0067890975572,992.7,539.5
519,598,16.62997821001833,888.6332225361476,598.0067890975572,992.7,539.5
519,599,16.62997821001833,888.6332225361476,598.0067890975572,992.7,539.5
519,600,16.62997821001833,888.6332225361476,598.0067890975572,992.7,539.5
519,601,16.62997821001833,888.6332225361476,598.0067890975572,992.7,539.5
519,602,16.62997821001833,888.6332225361476,598.0067890975572,992.7,539.5
519,603,16.62997821001833,888.6332225361476,598.0067890975572,992.7,539.5
519,604,16.62997821001833,852.6332225361476,507.0067890975572,992.7,539.5
519,605,16.62997821001833,852.6332225361476,507.0067890975572,992.7,539.5
519,606,16.62997821001833,852.6332225361476,507.0067890975572,992.7,539.5
519,607,16.62997821001833,852.6332225361476,507.0067890975572,992.7,539.5
519,608,16.62997821001833,852.6332225361476,507.0067890975572,992.7,539.5
519,609,16.62997821001833,852.6332225361476,507.0067890975572,992.7,539.5
519,610,16.62997821001833,852.6332225361476,507.0067890975572,992.7,539.5
519,611,16.62997821001833,852.6332225361476,507.0067890975572,992.7,539.5
519,612,16.62997821001833,852.6332225361476,507.0067890975572,992.7,539.5
519,613,16.62997821001833,852.6332225361476,507.0067890975572,992.7,539.5
519,614,16.62997821001833,852.6332225361476,507.0067890975572,992.7,539.5
519,615,16.62997821001833,852.6332225361476,507.0067890975572,992.7,539.5
519,616,16.62997821001833,852.6332225361476,507.0067890975572,992.7,539.5
519,617,16.62997821001833,852.6332225361476,507.0067890975572,992.7,539.5
519,618,16.62997821001833,852.6332225361476,507.0067890975572,992.7,539.5
519,619,16.62997821001833,852.6332225361476,507.0067890975572,992.7,539.5
519,620,16.62997821001833,761.6332225361476,362.0067890975572,992.7,539.5
519,621,16.62997821001833,761.6332225361476,362.0067890975572,992.7,539.5
519,622,16.62997821001833,761.6332225361476,362.0067890975572,992.7,539.5
519,623,16.62997821001833,761.6332225361476,362.0067890975572,992.7,539.5
519,624,16.62997821001833,761.6332225361476,362.0067890975572,992.7,539.5
519,625,16.62997821001833,761.6332225361476,362.0067890975572,992.7,539.5
519,626,16.62997821001833,761.6332225361476,362.0067890975572,992.7,539.5
519,627,14.587840018393445,761.6332225361476,362.0067890975572,992.7,539.5
519,628,11.216244685891287,670.6332225361476,217.0067890975572,992.7,539.5
519,629,4.670155894632626,670.6332225361476,217.0067890975572,992.7,539.5
519,630,12.351696098545338,670.6332225361476,217.0067890975572,992.7,539.5
519,631,12.351696098545338,670.6332225361476,217.0067890975572,992.7,539.5
519,632,12.351696098545338,670.6332225361476,217.0067890975572,992.7,539.5
519,633,12.351696098545338,670.6332225361476,217.0067890975572,992.7,539.5
519,634,12.351696098545338,670.6332225361476,217.0067890975572,992.7,539.5
519,635,12.351696098545338,670.6332225361476,217.0067890975572,992.7,539.5
519,636,12.351696098545338,670.6332225361476,217.0067890975572,992.7,539.5
519,637,12.351696098545338,670.6332225361476,217.0067890975572,992.7,539.5
519,638,12.351696098545338,670.6332225361476,217.0067890975572,992.7,539.5
519,639,12.351696098545338,670.6332225361476,217.0067890975572,992.7,539.5
519,640,12.351696098545338,670.6332225361476,217.0067890975572,992.7,539.5
519,641,12.351696098545338,670.6332225361476,217.0067890975572,992.7,539.5
519,642,12.351696098545338,670.6332225361476,217.0067890975572,992.7,539.5
519,643,12.351696098545338,670.6332225361476,217.0067890975572,992.7,539.5
519,644,12.351696098545338,670.6332225361476,217.0067890975572,992.7,539.5
519,645,12.351696098545338,670.6332225361476,217.0067890975572,992.7,539.5
519,646,12.351696098545338,670.6332225361476,217.0067890975572,992.7,539.5
519,647,12.351696098545338,670.6332225361476,217.0067890975572,992.7,539.5
519,648,12.351696098545338,670.6332225361476,217.0067890975572,992.7,539.5
519,649,12.351696098545338,670.6332225361476,217.0067890975572,992.7,539.5
519,650,12.351696098545338,670.6332225361476,217.0067890975572,992.7,539.5
519,651,12.351696098545338,670.6332225361476,217.0067890975572,992.7,539.5
519,652,12.351696098545338,670.6332225361476,217.0067890975572,992.7,539.5
519,653,12.351696098545338,670.6332225361476,217.0067890975572,992.7,539.5
519,654,12.351696098545338,670.6332225361476,217.0067890975572,992.7,539.5
519,655,12.351696098545338,670.6332225361476,217.0067890975572,992.7,539.5
519,656,12.351696098545338,670.6332225361476,217.0067890975572,992.7,539.5
519,657,12.351696098545338,670.6332225361476,217.0067890975572,992.7,539.5
519,658,12.351696098545338,670.6332225361476,217.0067890975572,992.7,539.5
519,659,12.351696098545338,670.6332225361476,217.0067890975572,992.7,539.5
519,660,12.351696098545338,670.6332225361476,217.0067890975572,992.7,539.5
519,661,12.351696098545338,670.6332225361476,217.0067890975572,992.7,539.5
519,662,12.351696098545338,670.6332225361476,217.0067890975572,992.7,539.5
519,663,12.351696098545338,670.6332225361476,217.0067890975572,992.7,539.5
519,664,12.351696098545338,670.6332225361476,217.0067890975572,992.7,539.5
519,665,12.351696098545338,670.6332225361476,217.0067890975572,992.7,539.5
519,666,12.351696098545338,670.6332225361476,217.0067890975572,992.7,539.5
519,667,12.351696098545338,670.6332225361476,217.0067890975572,992.7,539.5
519,668,12.351696098545338,670.6332225361476,217.0067890975572,992.7,539.5
519,669,12.351696098545338,670.6332225361476,217.0067890975572,992.7,539.5
519,670,12.351696098545338,670.6332225361476,217.0067890975572,992.7,539.5
519,671,12.351696098545338,670.6332225361476,217.0067890975572,992.7,539.5
519,672,12.351696098545338,670.6332225361476,217.0067890975572,992.7,539.5
519,673,12.351696098545338,670.6332225361476,217.0067890975572,992.7,539.5
519,674,12.351696098545338,670.6332225361476,217.0067890975572,992.7,539.5
519,675,12.351696098545338,670.6332225361476,217.0067890975572,992.7,539.5
519,676,12.351696098545338,670.6332225361476,217.0067890975572,992.7,539.5
519,677,12.351696098545338,670.6332225361476,217.0067890975572,992.7,539.5
519,678,12.351696098545338,670.6332225361476,217.0067890975572,992.7,539.5
519,679,12.351696098545338,670.6332225361476,217.0067890975572,992.7,539.5
519,680,12.351696098545338,670.6332225361476,217.0067890975572,992.7,539.5
519,681,12.351696098545338,670.6332225361476,217.0067890975572,992.7,539.5
519,682,12.351696098545338,670.6332225361476,217.0067890975572,992.7,539.5
519,683,12.351696098545338,670.6332225361476,217.0067890975572,992.7,539.5
519,684,12.351696098545338,670.6332225361476,217.0067890975572,992.7,539.5
519,685,12.351696098545338,670.6332225361476,217.0067890975572,992.7,539.5
519,686,12.351696098545338,670.6332225361476,217.0067890975572,992.7,539.5
519,687,12.351696098545338,670.6332225361476,217.0067890975572,992.7,539.5
519,688,12.351696098545338,670.6332225361476,217.0067890975572,992.7,539.5
519,689,12.351696098545338,670.6332225361476,217.0067890975572,992.7,539.5
519,690,12.351696098545338,670.6332225361476,217.0067890975572,992.7,539.5
519,691,12.351696098545338,670.6332225361476,217.0067890975572,992.7,539.5
519,692,12.351696098545338,670.6332225361476,217.0067890975572,992.7,539.5
519,693,12.351696098545338,670.6332225361476,217.0067890975572,992.7,539.5
519,694,12.351696098545338,670.6332225361476,217.0067890975572,992.7,539.5
519,695,12.351696098545338,670.6332225361476,217.0067890975572,992.7,539.5
519,696,12.351696098545338,670.6332225361476,217.0067890975572,992.7,539.5
519,697,12.351696098545338,670.6332225361476,217.0067890975572,992.7,539.5
519,698,12.351696098545338,670.6332225361476,217.0067890975572,992.7,539.5
519,699,12.351696098545338,670.6332225361476,217.0067890975572,992.7,539.5
519,700,12.351696098545338,670.6332225361476,217.0067890975572,992.7,539.5
519,701,12.351696098545338,670.6332225361476,217.0067890975572,992.7,539.5
519,702,12.351696098545338,670.6332225361476,217.0067890975572,992.7,539.5
519,703,12.351696098545338,670.6332225361476,217.0067890975572,992.7,539.5
519,704,12.351696098545338,670.6332225361476,217.0067890975572,992.7,539.5
519,705,12.351696098545338,670.6332225361476,217.0067890975572,992.7,539.5
519,706,12.351696098545338,670.6332225361476,217.0067890975572,992.7,539.5
519,707,12.351696098545338,670.6332225361476,217.0067890975572,992.7,539.5
519,708,12.351696098545338,670.6332225361476,217.0067890975572,992.7,539.5
519,709,12.351696098545338,670.6332225361476,217.0067890975572,992.7,539.5
519,710,12.351696098545338,670.6332225361476,217.0067890975572,992.7,539.5
519,711,12.351696098545338,670.6332225361476,217.0067890975572,992.7,539.5
519,712,12.351696098545338,670.6332225361476,217.0067890975572,992.7,539.5
519,713,12.351696098545338,670.6332225361476,217.0067890975572,992.7,539.5
519,714,12.351696098545338,670.6332225361476,217.0067890975572,992.7,539.5
519,715,12.351696098545338,670.6332225361476,217.0067890975572,992.7,539.5
519,716,12.351696098545338,783.6332225361476,193.0067890975572,992.7,539.5
519,717,12.351696098545338,783.6332225361476,193.0067890975572,992.7,539.5
519,718,12.351696098545338,783.6332225361476,193.0067890975572,992.7,539.5
519,719,12.351696098545338,783.6332225361476,193.0067890975572,992.7,539.5
519,720,12.351696098545338,783.6332225361476,193.0067890975572,992.7,539.5
519,721,12.351696098545338,783.6332225361476,193.0067890975572,992.7,539.5
519,722,12.351696098545338,783.6332225361476,193.0067890975572,992.7,539.5
519,723,12.351696098545338,783.6332225361476,193.0067890975572,992.7,539.5
519,724,12.351696098545338,783.6332225361476,193.0067890975572,992.7,539.5
519,725,12.351696098545338,783.6332225361476,193.0067890975572,992.7,539.5
519,726,12.351696098545338,895.6332225361476,170.0067890975572,992.7,539.5
519,727,12.351696098545338,895.6332225361476,170.0067890975572,992.7,539.5
519,728,12.351696098545338,895.6332225361476,170.0067890975572,992.7,539.5
519,729,12.351696098545338,895.6332225361476,170.0067890975572,992.7,539.5
519,730,12.351696098545338,895.6332225361476,170.0067890975572,992.7,539.5
519,731,12.351696098545338,895.6332225361476,170.0067890975572,992.7,539.5
519,732,12.351696098545338,895.6332225361476,170.0067890975572,992.7,539.5
519,733,12.351696098545338,895.6332225361476,170.0067890975572,992.7,539.5
519,734,12.351696098545338,895.6332225361476,170.0067890975572,992.7,539.5
519,735,12.351696098545338,895.6332225361476,170.0067890975572,992.7,539.5
519,736,12.351696098545338,895.6332225361476,170.0067890975572,992.7,539.5
519,737,12.351696098545338,895.6332225361476,170.0067890975572,992.7,539.5
519,738,12.351696098545338,895.6332225361476,170.0067890975572,992.7,539.5
519,739,12.351696098545338,895.6332225361476,170.0067890975572,992.7,539.5
519,740,12.351696098545338,895.6332225361476,170.0067890975572,992.7,539.5
519,741,12.351696098545338,895.6332225361476,170.0067890975572,992.7,539.5
519,742,12.351696098545338,895.6332225361476,170.0067890975572,992.7,539.5
519,743,12.351696098545338,895.6332225361476,170.0067890975572,992.7,539.5
519,744,12.351696098545338,895.6332225361476,170.0067890975572,992.7,539.5
519,745,12.351696098545338,895.6332225361476,170.0067890975572,992.7,539.5
519,746,12.351696098545338,895.6332225361476,170.0067890975572,992.7,539.5
519,747,12.351696098545338,895.6332225361476,170.0067890975572,992.7,539.5
519,748,12.351696098545338,895.6332225361476,170.0067890975572,992.7,539.5
519,749,12.351696098545338,895.6332225361476,170.0067890975572,992.7,539.5
519,750,12.351696098545338,895.6332225361476,170.0067890975572,992.7,539.5
519,751,12.351696098545338,895.6332225361476,170.0067890975572,992.7,539.5
519,752,12.351696098545338,895.6332225361476,170.0067890975572,992.7,539.5
519,753,12.351696098545338,895.6332225361476,170.0067890975572,992.7,539.5
519,754,12.351696098545338,895.6332225361476,170.0067890975572,992.7,539.5
519,755,12.351696098545338,895.6332225361476,170.0067890975572,992.7,539.5
519,756,12.351696098545338,919.6332225361476,601.0067890975572,992.7,539.5
519,757,12.351696098545338,919.6332225361476,601.0067890975572,992.7,539.5
519,758,12.351696098545338,919.6332225361476,601.0067890975572,992.7,539.5
519,759,12.351696098545338,919.6332225361476,601.0067890975572,1006.3000000000001,532.2
519,760,12.351696098545338,919.6332225361476,601.0067890975572,1019.9,524.9
519,761,12.351696098545338,919.6332225361476,601.0067890975572,1033.5,517.6
519,762,12.351696098545338,919.6332225361476,601.0067890975572,1033.5,517.6
519,763,12.351696098545338,919.6332225361476,601.0067890975572,1033.5,517.6
519,764,12.351696098545338,919.6332225361476,601.0067890975572,1033.5,517.6
519,765,12.351696098545338,919.6332225361476,601.0067890975572,1033.5,517.6
519,766,12.351696098545338,919.6332225361476,601.0067890975572,1033.5,517.6
519,767,12.351696098545338,919.6332225361476,601.0067890975572,1033.5,517.6
519,768,12.351696098545338,919.6332225361476,601.0067890975572,1033.5,517.6
519,769,12.351696098545338,919.6332225361476,601.0067890975572,1033.5,517.6
519,770,12.351696098545338,919.6332225361476,601.0067890975572,1033.5,517.6
519,771,12.351696098545338,919.6332225361476,601.0067890975572,1033.5,517.6
519,772,12.351696098545338,919.6332225361476,601.0067890975572,1033.5,517.6
519,773,12.351696098545338,919.6332225361476,601.0067890975572,1033.5,517.6
519,774,12.351696098545338,919.6332225361476,601.0067890975572,1033.5,517.6
519,775,12.351696098545338,919.6332225361476,601.0067890975572,1033.5,517.6
519,776,12.351696098545338,919.6332225361476,601.0067890975572,1033.5,517.6
519,777,12.351696098545338,919.6332225361476,601.0067890975572,1033.5,517.6
519,778,12.351696098545338,919.6332225361476,601.0067890975572,1033.5,517.6
519,779,12.351696098545338,919.6332225361476,601.0067890975572,1033.5,517.6
519,780,12.351696098545338,919.6332225361476,601.0067890975572,1033.5,517.6
519,781,12.351696098545338,919.6332225361476,601.0067890975572,1033.5,517.6
519,782,12.351696098545338,919.6332225361476,601.0067890975572,1033.5,517.6
519,783,12.351696098545338,919.6332225361476,601.0067890975572,1033.5,517.6
519,784,12.351696098545338,919.6332225361476,601.0067890975572,1033.5,517.6
519,785,12.351696098545338,919.6332225361476,601.0067890975572,1033.5,517.6
519,786,12.351696098545338,919.6332225361476,601.0067890975572,1033.5,517.6
519,787,12.351696098545338,919.6332225361476,601.0067890975572,1033.5,517.6
519,788,12.351696098545338,919.6332225361476,601.0067890975572,1033.5,517.6
519,789,12.351696098545338,919.6332225361476,601.0067890975572,1033.5,517.6
519,790,12.351696098545338,919.6332225361476,601.0067890975572,1033.5,517.6
519,791,12.351696098545338,919.6332225361476,601.0067890975572,1033.5,517.6
519,792,12.351696098545338,919.6332225361476,601.0067890975572,1033.5,517.6
519,793,12.351696098545338,919.6332225361476,601.0067890975572,1033.5,517.6
519,794,12.351696098545338,919.6332225361476,601.0067890975572,1033.5,517.6
519,795,12.351696098545338,919.6332225361476,601.0067890975572,1033.5,517.6
519,796,12.351696098545338,919.6332225361476,601.0067890975572,1033.5,517.6
519,797,12.351696098545338,919.6332225361476,601.0067890975572,1033.5,517.6
519,798,12.351696098545338,919.6332225361476,601.0067890975572,1033.5,517.6
519,799,12.351696098545338,919.6332225361476,601.0067890975572,1033.5,517.6
519,800,12.351696098545338,919.6332225361476,601.0067890975572,1033.5,517.6
519,801,12.351696098545338,919.6332225361476,601.0067890975572,1033.5,517.6
519,802,12.351696098545338,919.6332225361476,601.0067890975572,1033.5,517.6
519,803,12.351696098545338,919.6332225361476,601.0067890975572,1033.5,517.6
519,804,12.351696098545338,919.6332225361476,601.0067890975572,1033.5,517.6
519,805,12.351696098545338,919.6332225361476,601.0067890975572,1033.5,517.6
519,806,12.351696098545338,919.6332225361476,601.0067890975572,1033.5,517.6
519,807,12.351696098545338,919.6332225361476,601.0067890975572,1033.5,517.6
519,808,12.351696098545338,919.6332225361476,601.0067890975572,1033.5,517.6
519,809,12.351696098545338,919.6332225361476,601.0067890975572,1033.5,517.6
519,810,12.351696098545338,919.6332225361476,601.0067890975572,1033.5,517.6
519,811,12.351696098545338,919.6332225361476,601.0067890975572,1033.5,517.6
519,812,12.351696098545338,919.6332225361476,601.0067890975572,1033.5,517.6
519,813,12.351696098545338,919.6332225361476,601.0067890975572,1033.5,517.6
519,814,12.351696098545338,919.6332225361476,601.0067890975572,1033.5,517.6
519,815,12.351696098545338,919.6332225361476,601.0067890975572,1033.5,517.6
519,816,12.351696098545338,919.6332225361476,601.0067890975572,1033.5,517.6
519,817,12.351696098545338,919.6332225361476,601.0067890975572,1033.5,517.6
519,818,12.351696098545338,919.6332225361476,601.0067890975572,1033.5,517.6
519,819,12.351696098545338,919.6332225361476,601.0067890975572,1033.5,517.6
519,820,12.351696098545338,952.6332225361476,627.0067890975572,1033.5,517.6
519,821,12.351696098545338,952.6332225361476,627.0067890975572,1033.5,517.6
519,822,12.351696098545338,952.6332225361476,627.0067890975572,1033.5,517.6
519,823,12.351696098545338,952.6332225361476,627.0067890975572,1033.5,517.6
519,824,12.351696098545338,952.6332225361476,627.0067890975572,1033.5,517.6
519,825,12.351696098545338,952.6332225361476,627.0067890975572,1033.5,517.6
519,826,12.351696098545338,952.6332225361476,627.0067890975572,1033.5,517.6
519,827,12.351696098545338,952.6332225361476,627.0067890975572,1033.5,517.6
519,828,12.351696098545338,952.6332225361476,627.0067890975572,1033.5,517.6
519,829,12.351696098545338,952.6332225361476,627.0067890975572,1033.5,517.6
519,830,12.351696098545338,952.6332225361476,627.0067890975572,1033.5,517.6
519,831,12.351696098545338,952.6332225361476,627.0067890975572,1033.5,517.6
519,832,12.351696098545338,952.6332225361476,627.0067890975572,1033.5,517.6
519,833,12.351696098545338,952.6332225361476,627.0067890975572,1033.5,517.6
519,834,12.351696098545338,952.6332225361476,627.0067890975572,1033.5,517.6
519,835,12.351696098545338,952.6332225361476,627.0067890975572,1033.5,517.6
519,836,12.351696098545338,952.6332225361476,627.0067890975572,1033.5,517.6
519,837,12.351696098545338,952.6332225361476,627.0067890975572,1033.5,517.6
519,838,12.351696098545338,952.6332225361476,627.0067890975572,1033.5,517.6
519,839,12.351696098545338,952.6332225361476,627.0067890975572,1033.5,517.6
519,840,12.351696098545338,952.6332225361476,627.0067890975572,1033.5,517.6
519,841,12.351696098545338,952.6332225361476,627.0067890975572,1033.5,517.6
519,842,12.351696098545338,952.6332225361476,627.0067890975572,1033.5,517.6
519,843,12.351696098545338,952.6332225361476,627.0067890975572,1033.5,517.6
519,844,12.351696098545338,952.6332225361476,627.0067890975572,1033.5,517.6
519,845,12.351696098545338,952.6332225361476,627.0067890975572,1033.5,517.6
519,846,12.351696098545338,952.6332225361476,627.0067890975572,1033.5,517.6
519,847,12.351696098545338,952.6332225361476,627.0067890975572,1033.5,517.6
519,848,12.351696098545338,952.6332225361476,627.0067890975572,1033.5,517.6
519,849,12.351696098545338,952.6332225361476,627.0067890975572,1033.5,517.6
519,850,12.351696098545338,952.6332225361476,627.0067890975572,1033.5,517.6
519,851,12.351696098545338,952.6332225361476,627.0067890975572,1033.5,517.6
519,852,12.351696098545338,888.6332225361476,625.0067890975572,1033.5,517.6
519,853,12.351696098545338,888.6332225361476,625.0067890975572,1033.5,517.6
519,854,12.351696098545338,888.6332225361476,625.0067890975572,1033.5,517.6
519,855,12.351696098545338,888.6332225361476,625.0067890975572,1033.5,517.6
519,856,12.351696098545338,888.6332225361476,625.0067890975572,1033.5,517.6
519,857,12.351696098545338,888.6332225361476,625.0067890975572,1033.5,517.6
519,858,12.351696098545338,888.6332225361476,625.0067890975572,1033.5,517.6
519,859,12.351696098545338,888.6332225361476,625.0067890975572,1033.5,517.6
519,860,12.351696098545338,888.6332225361476,625.0067890975572,1033.5,517.6
519,861,12.351696098545338,888.6332225361476,625.0067890975572,1033.5,517.6
519,862,12.351696098545338,888.6332225361476,625.0067890975572,1033.5,517.6
519,863,12.351696098545338,888.6332225361476,625.0067890975572,1033.5,517.6
519,864,12.351696098545338,888.6332225361476,625.0067890975572,1033.5,517.6
519,865,12.351696098545338,888.6332225361476,625.0067890975572,1033.5,517.6
519,866,12.351696098545338,888.6332225361476,625.0067890975572,1033.5,517.6
519,867,12.351696098545338,888.6332225361476,625.0067890975572,1033.5,517.6
519,868,12.351696098545338,888.6332225361476,625.0067890975572,1033.5,517.6
519,869,12.351696098545338,888.6332225361476,625.0067890975572,1033.5,517.6
519,870,12.351696098545338,888.6332225361476,625.0067890975572,1033.5,517.6
519,871,12.351696098545338,888.6332225361476,625.0067890975572,1033.5,517.6
519,872,12.351696098545338,888.6332225361476,625.0067890975572,1033.5,517.6
519,873,12.351696098545338,888.6332225361476,625.0067890975572,1033.5,517.6
519,874,12.351696098545338,888.6332225361476,625.0067890975572,1033.5,517.6
519,875,12.351696098545338,888.6332225361476,625.0067890975572,1033.5,517.6
519,876,12.351696098545338,888.6332225361476,625.0067890975572,1033.5,517.6
519,877,12.351696098545338,888.6332225361476,625.0067890975572,1033.5,517.6
519,878,12.351696098545338,888.6332225361476,625.0067890975572,1033.5,517.6
519,879,12.351696098545338,888.6332225361476,625.0067890975572,1033.5,517.6
519,880,12.351696098545338,888.6332225361476,625.0067890975572,1033.5,517.6
519,881,12.351696098545338,888.6332225361476,625.0067890975572,1033.5,517.6
519,882,12.351696098545338,888.6332225361476,625.0067890975572,1033.5,517.6
519,883,12.351696098545338,888.6332225361476,625.0067890975572,1033.5,517.6
519,884,12.351696098545338,888.6332225361476,625.0067890975572,1033.5,517.6
519,885,12.351696098545338,888.6332225361476,625.0067890975572,1033.5,517.6
519,886,12.351696098545338,888.6332225361476,625.0067890975572,1033.5,517.6
519,887,12.351696098545338,888.6332225361476,625.0067890975572,1033.5,517.6
519,888,12.351696098545338,888.6332225361476,625.0067890975572,1033.5,517.6
519,889,12.351696098545338,888.6332225361476,625.0067890975572,1033.5,517.6
519,890,12.351696098545338,888.6332225361476,625.0067890975572,1033.5,517.6
519,891,12.351696098545338,888.6332225361476,625.0067890975572,1033.5,517.6
519,892,12.351696098545338,888.6332225361476,625.0067890975572,1033.5,517.6
519,893,12.351696098545338,888.6332225361476,625.0067890975572,1033.5,517.6
519,894,12.351696098545338,888.6332225361476,625.0067890975572,1033.5,517.6
519,895,12.351696098545338,888.6332225361476,625.0067890975572,1033.5,517.6
519,896,12.351696098545338,888.6332225361476,625.0067890975572,1033.5,517.6
519,897,12.351696098545338,888.6332225361476,625.0067890975572,1033.5,517.6
519,898,12.351696098545338,888.6332225361476,625.0067890975572,1033.5,517.6
519,899,12.351696098545338,888.6332225361476,625.0067890975572,1033.5,517.6
519,900,12.351696098545338,918.6332225361476,630.0067890975572,1033.5,517.6
519,901,12.351696098545338,918.6332225361476,630.0067890975572,1033.5,517.6
519,902,12.351696098545338,918.6332225361476,630.0067890975572,1033.5,517.6
519,903,12.351696098545338,918.6332225361476,630.0067890975572,1033.5,517.6
519,904,12.351696098545338,918.6332225361476,630.0067890975572,1033.5,517.6
519,905,12.351696098545338,918.6332225361476,630.0067890975572,1033.5,517.6
519,906,12.351696098545338,918.6332225361476,630.0067890975572,1033.5,517.6
519,907,12.351696098545338,918.6332225361476,630.0067890975572,1033.5,517.6
519,908,12.351696098545338,918.6332225361476,630.0067890975572,1033.5,517.6
519,909,12.351696098545338,918.6332225361476,630.0067890975572,1033.5,517.6
519,910,12.351696098545338,918.6332225361476,630.0067890975572,1033.5,517.6
519,911,12.351696098545338,918.6332225361476,630.0067890975572,1033.5,517.6
519,912,12.351696098545338,918.6332225361476,630.0067890975572,1033.5,517.6
519,913,12.351696098545338,918.6332225361476,630.0067890975572,1033.5,517.6
519,914,12.351696098545338,918.6332225361476,630.0067890975572,1033.5,517.6
519,915,12.351696098545338,918.6332225361476,630.0067890975572,1033.5,517.6
519,916,12.351696098545338,918.6332225361476,630.0067890975572,1033.5,517.6
519,917,12.351696098545338,918.6332225361476,630.0067890975572,1033.5,517.6
519,918,12.351696098545338,918.6332225361476,630.0067890975572,1033.5,517.6
519,919,12.351696098545338,918.6332225361476,630.0067890975572,1033.5,517.6
519,920,12.351696098545338,918.6332225361476,630.0067890975572,1033.5,517.6
519,921,12.351696098545338,918.6332225361476,630.0067890975572,1033.5,517.6
519,922,12.351696098545338,918.6332225361476,630.0067890975572,1033.5,517.6
519,923,12.351696098545338,918.6332225361476,630.0067890975572,1033.5,517.6
519,924,12.351696098545338,918.6332225361476,630.0067890975572,1033.5,517.6
519,925,12.351696098545338,918.6332225361476,630.0067890975572,1033.5,517.6
519,926,12.351696098545338,918.6332225361476,630.0067890975572,1033.5,517.6
519,927,12.351696098545338,918.6332225361476,630.0067890975572,1033.5,517.6
519,928,12.351696098545338,918.6332225361476,630.0067890975572,1033.5,517.6
519,929,12.351696098545338,918.6332225361476,630.0067890975572,1033.5,517.6
519,930,12.351696098545338,918.6332225361476,630.0067890975572,1033.5,517.6
519,931,12.351696098545338,918.6332225361476,630.0067890975572,1033.5,517.6
519,932,12.351696098545338,918.6332225361476,630.0067890975572,1033.5,517.6
519,933,12.351696098545338,918.6332225361476,630.0067890975572,1033.5,517.6
519,934,12.351696098545338,918.6332225361476,630.0067890975572,1033.5,517.6
519,935,12.351696098545338,918.6332225361476,630.0067890975572,1033.5,517.6
519,936,12.351696098545338,918.6332225361476,630.0067890975572,1033.5,517.6
519,937,12.351696098545338,918.6332225361476,630.0067890975572,1033.5,517.6
519,938,12.351696098545338,918.6332225361476,630.0067890975572,1033.5,517.6
519,939,12.351696098545338,918.6332225361476,630.0067890975572,1033.5,517.6
519,940,12.351696098545338,918.6332225361476,630.0067890975572,1033.5,517.6
519,941,12.351696098545338,918.6332225361476,630.0067890975572,1033.5,517.6
519,942,12.351696098545338,918.6332225361476,630.0067890975572,1033.5,517.6
519,943,12.351696098545338,918.6332225361476,630.0067890975572,1033.5,517.6
519,944,12.351696098545338,918.6332225361476,630.0067890975572,1033.5,517.6
519,945,12.351696098545338,918.6332225361476,630.0067890975572,1033.5,517.6
519,946,12.351696098545338,918.6332225361476,630.0067890975572,1033.5,517.6
519,947,12.351696098545338,918.6332225361476,630.0067890975572,1033.5,517.6
519,948,12.351696098545338,918.6332225361476,630.0067890975572,1033.5,517.6
519,949,12.351696098545338,918.6332225361476,630.0067890975572,1033.5,517.6
519,950,12.351696098545338,918.6332225361476,630.0067890975572,1033.5,517.6
519,951,12.351696098545338,918.6332225361476,630.0067890975572,1033.5,517.6
519,952,12.351696098545338,918.6332225361476,630.0067890975572,1033.5,517.6
519,953,12.351696098545338,918.6332225361476,630.0067890975572,1033.5,517.6
519,954,12.351696098545338,918.6332225361476,630.0067890975572,1033.5,517.6
519,955,12.351696098545338,918.6332225361476,630.0067890975572,1033.5,517.6
519,956,12.351696098545338,918.6332225361476,630.0067890975572,1033.5,517.6
519,957,12.351696098545338,918.6332225361476,630.0067890975572,1033.5,517.6
519,958,12.351696098545338,918.6332225361476,630.0067890975572,1033.5,517.6
519,959,12.351696098545338,918.6332225361476,630.0067890975572,1033.5,517.6
519,960,12.351696098545338,918.6332225361476,630.0067890975572,1033.5,517.6
519,961,12.351696098545338,918.6332225361476,630.0067890975572,1033.5,517.6
519,962,12.351696098545338,918.6332225361476,630.0067890975572,1033.5,517.6
519,963,12.351696098545338,918.6332225361476,630.0067890975572,1033.5,517.6
519,964,12.351696098545338,918.6332225361476,630.0067890975572,1033.5,517.6
519,965,12.351696098545338,918.6332225361476,630.0067890975572,1033.5,517.6
519,966,12.351696098545338,918.6332225361476,630.0067890975572,1033.5,517.6
519,967,12.351696098545338,918.6332225361476,630.0067890975572,1033.5,517.6
519,968,12.351696098545338,918.6332225361476,630.0067890975572,1033.5,517.6
519,969,12.351696098545338,918.6332225361476,630.0067890975572,1033.5,517.6
519,970,12.351696098545338,918.6332225361476,630.0067890975572,1033.5,517.6
519,971,12.351696098545338,918.6332225361476,630.0067890975572,1033.5,517.6
519,972,12.351696098545338,732.6332225361476,619.0067890975572,1033.5,517.6
519,973,12.351696098545338,732.6332225361476,619.0067890975572,1033.5,517.6
519,974,12.351696098545338,732.6332225361476,619.0067890975572,1033.5,517.6
519,975,12.351696098545338,732.6332225361476,619.0067890975572,1033.5,517.6
519,976,12.351696098545338,732.6332225361476,619.0067890975572,1033.5,517.6
519,977,12.351696098545338,732.6332225361476,619.0067890975572,1033.5,517.6
519,978,12.351696098545338,732.6332225361476,619.0067890975572,1033.5,517.6
519,979,12.351696098545338,732.6332225361476,619.0067890975572,1033.5,517.6
519,980,12.351696098545338,732.6332225361476,619.0067890975572,1033.5,517.6
519,981,12.351696098545338,732.6332225361476,619.0067890975572,1033.5,517.6
519,982,12.351696098545338,732.6332225361476,619.0067890975572,1033.5,517.6
519,983,12.351696098545338,732.6332225361476,619.0067890975572,1033.5,517.6
519,984,12.351696098545338,732.6332225361476,619.0067890975572,1033.5,517.6
519,985,12.351696098545338,732.6332225361476,619.0067890975572,1033.5,517.6
519,986,12.351696098545338,732.6332225361476,619.0067890975572,1033.5,517.6
519,987,12.351696098545338,732.6332225361476,619.0067890975572,1033.5,517.6
519,988,12.351696098545338,732.6332225361476,619.0067890975572,1033.5,517.6
519,989,12.351696098545338,732.6332225361476,619.0067890975572,1033.5,517.6
519,990,12.351696098545338,732.6332225361476,619.0067890975572,1033.5,517.6
519,991,12.351696098545338,732.6332225361476,619.0067890975572,1033.5,517.6
519,992,12.351696098545338,732.6332225361476,619.0067890975572,1033.5,517.6
519,993,12.351696098545338,732.6332225361476,619.0067890975572,1033.5,517.6
519,994,12.351696098545338,732.6332225361476,619.0067890975572,1033.5,517.6
519,995,12.351696098545338,732.6332225361476,619.0067890975572,1033.5,517.6
519,996,12.351696098545338,687.6332225361476,623.0067890975572,1033.5,517.6
519,997,12.351696098545338,687.6332225361476,623.0067890975572,1033.5,517.6
519,998,12.351696098545338,687.6332225361476,623.0067890975572,1033.5,517.6
519,999,12.351696098545338,687.6332225361476,623.0067890975572,1033.5,517.6
519,1000,12.351696098545338,687.6332225361476,623.0067890975572,1033.5,517.6
519,1001,12.351696098545338,687.6332225361476,623.0067890975572,1033.5,517.6
519,1002,3.6650802474034867,687.6332225361476,623.0067890975572,1033.5,517.6
519,1003,0.9210102234980526,687.6332225361476,623.0067890975572,1033.5,517.6
519,1004,3.721514141478403,642.6332225361476,627.0067890975572,1033.5,517.6
519,1005,3.721514141478403,642.6332225361476,627.0067890975572,1033.5,517.6
519,1006,3.721514141478403,642.6332225361476,627.0067890975572,1033.5,517.6
519,1007,3.721514141478403,642.6332225361476,627.0067890975572,1033.5,517.6
519,1008,3.721514141478403,642.6332225361476,627.0067890975572,1033.5,517.6
519,1009,3.721514141478403,642.6332225361476,627.0067890975572,1033.5,517.6
519,1010,3.721514141478403,642.6332225361476,627.0067890975572,1033.5,517.6
519,1011,3.721514141478403,642.6332225361476,627.0067890975572,1033.5,517.6
519,1012,3.721514141478403,683.6332225361476,426.0067890975572,1033.5,517.6
519,1013,3.721514141478403,683.6332225361476,426.0067890975572,1033.5,517.6
519,1014,3.721514141478403,683.6332225361476,426.0067890975572,1033.5,517.6
519,1015,3.721514141478403,683.6332225361476,426.0067890975572,1033.5,517.6
519,1016,3.721514141478403,683.6332225361476,426.0067890975572,1033.5,517.6
519,1017,3.721514141478403,683.6332225361476,426.0067890975572,1033.5,517.6
519,1018,3.721514141478403,683.6332225361476,426.0067890975572,1033.5,517.6
519,1019,3.721514141478403,683.6332225361476,426.0067890975572,1033.5,517.6
520,1020,3.721514141478403,725.6332225361476,225.0067890975572,1033.5,517.6
521,1021,3.721514141478403,725.6332225361476,225.0067890975572,1033.5,517.6
522,1022,3.721514141478403,725.6332225361476,225.0067890975572,1033.5,517.6
523,1023,3.721514141478403,725.6332225361476,225.0067890975572,1033.5,517.6
524,1024,3.721514141478403,725.6332225361476,225.0067890975572,1033.5,517.6
525,1025,3.721514141478403,725.6332225361476,225.0067890975572,1033.5,517.6
526,1026,3.721514141478403,725.6332225361476,225.0067890975572,1033.5,517.6
527,1027,3.721514141478403,725.6332225361476,225.0067890975572,1033.5,517.6
528,1028,24.354618337512342,725.6332225361476,225.0067890975572,1033.5,517.6
529,1029,24.354618337512342,725.6332225361476,225.0067890975572,1033.5,517.6
530,1030,24.354618337512342,725.6332225361476,225.0067890975572,1033.5,517.6
531,1031,24.354618337512342,725.6332225361476,225.0067890975572,1033.5,517.6
532,1032,24.354618337512342,725.6332225361476,225.0067890975572,1033.5,517.6
533,1033,24.354618337512342,725.6332225361476,225.0067890975572,1033.5,517.6
534,1034,24.354618337512342,725.6332225361476,225.0067890975572,1033.5,517.6
535,1035,48.458150762599814,725.6332225361476,225.0067890975572,1033.5,517.6
536,1036,48.458150762599814,830.6332225361476,207.0067890975572,1033.5,517.6
537,1037,48.458150762599814,830.6332225361476,207.0067890975572,1033.5,517.6
538,1038,48.458150762599814,830.6332225361476,207.0067890975572,1033.5,517.6
539,1039,48.458150762599814,830.6332225361476,207.0067890975572,1033.5,517.6
540,1040,48.458150762599814,830.6332225361476,207.0067890975572,1033.5,517.6
541,1041,48.458150762599814,830.6332225361476,207.0067890975572,1033.5,517.6
542,1042,48.458150762599814,830.6332225361476,207.0067890975572,1033.5,517.6
543,1043,48.458150762599814,830.6332225361476,207.0067890975572,1033.5,517.6
544,1044,48.458150762599814,934.6332225361476,190.0067890975572,1033.5,517.6
545,1045,48.458150762599814,934.6332225361476,190.0067890975572,1033.5,517.6
546,1046,63.98028227940839,934.6332225361476,190.0067890975572,1033.5,517.6
547,1047,63.98028227940839,934.6332225361476,190.0067890975572,1033.5,517.6
548,1048,63.98028227940839,934.6332225361476,190.0067890975572,1033.5,517.6
549,1049,63.98028227940839,934.6332225361476,190.0067890975572,1033.5,517.6
550,1050,63.98028227940839,934.6332225361476,190.0067890975572,1033.5,517.6
551,1051,63.98028227940839,934.6332225361476,190.0067890975572,1033.5,517.6
552,1052,73.48821671687409,934.6332225361476,190.0067890975572,1033.5,517.6
553,1053,73.48821671687409,934.6332225361476,190.0067890975572,1033.5,517.6
554,1054,73.48821671687409,934.6332225361476,190.0067890975572,1033.5,517.6
555,1055,73.48821671687409,934.6332225361476,190.0067890975572,1033.5,517.6
556,1056,73.48821671687409,934.6332225361476,190.0067890975572,1033.5,517.6
557,1057,73.48821671687409,934.6332225361476,190.0067890975572,1033.5,517.6
558,1058,73.48821671687409,934.6332225361476,190.0067890975572,1033.5,517.6
559,1059,73.48821671687409,934.6332225361476,190.0067890975572,1033.5,517.6
560,1060,73.48821671687409,934.6332225361476,190.0067890975572,1033.5,517.6
561,1061,73.48821671687409,934.6332225361476,190.0067890975572,1033.5,517.6
562,1062,73.48821671687409,934.6332225361476,190.0067890975572,1033.5,517.6
563,1063,73.48821671687409,934.6332225361476,190.0067890975572,1033.5,517.6
564,1064,73.48821671687409,934.6332225361476,190.0067890975572,1033.5,517.6
565,1065,73.48821671687409,934.6332225361476,190.0067890975572,1033.5,517.6
566,1066,73.48821671687409,934.6332225361476,190.0067890975572,1033.5,517.6
567,1067,50.09875605317231,934.6332225361476,190.0067890975572,1033.5,517.6
568,1068,50.09875605317231,934.6332225361476,190.0067890975572,1033.5,517.6
569,1069,50.09875605317231,934.6332225361476,190.0067890975572,1033.5,517.6
570,1070,50.09875605317231,934.6332225361476,190.0067890975572,1033.5,517.6
571,1071,50.09875605317231,934.6332225361476,190.0067890975572,1033.5,517.6
572,1072,50.09875605317231,934.6332225361476,190.0067890975572,1033.5,517.6
573,1073,50.09875605317231,934.6332225361476,190.0067890975572,1033.5,517.6
574,1074,50.09875605317231,934.6332225361476,190.0067890975572,1033.5,517.6
575,1075,97.73448771598547,934.6332225361476,190.0067890975572,1033.5,517.6
576,1076,97.73448771598547,934.6332225361476,190.0067890975572,1033.5,517.6
577,1077,97.73448771598547,934.6332225361476,190.0067890975572,1033.5,517.6
578,1078,97.73448771598547,934.6332225361476,190.0067890975572,1033.5,517.6
579,1079,97.73448771598547,934.6332225361476,190.0067890975572,1033.5,517.6
580,1080,97.73448771598547,934.6332225361476,190.0067890975572,1033.5,517.6
581,1081,97.73448771598547,934.6332225361476,190.0067890975572,1033.5,517.6
582,1082,97.73448771598547,934.6332225361476,190.0067890975572,1033.5,517.6
583,1083,97.73448771598547,934.6332225361476,190.0067890975572,1033.5,517.6
584,1084,97.73448771598547,934.6332225361476,190.0067890975572,1033.5,517.6
585,1085,97.73448771598547,934.6332225361476,190.0067890975572,1033.5,517.6
586,1086,97.73448771598547,934.6332225361476,190.0067890975572,1033.5,517.6
587,1087,97.73448771598547,934.6332225361476,190.0067890975572,1033.5,517.6
588,1088,97.73448771598547,934.6332225361476,190.0067890975572,1033.5,517.6
589,1089,97.73448771598547,934.6332225361476,190.0067890975572,1033.5,517.6
590,1090,97.73448771598547,934.6332225361476,190.0067890975572,1033.5,517.6
591,1091,97.73448771598547,934.6332225361476,190.0067890975572,1033.5,517.6
592,1092,97.73448771598547,934.6332225361476,190.0067890975572,1033.5,517.6
593,1093,97.73448771598547,934.6332225361476,190.0067890975572,1033.5,517.6
594,1094,97.73448771598547,934.6332225361476,190.0067890975572,1033.5,517.6
595,1095,97.73448771598547,934.6332225361476,190.0067890975572,1033.5,517.6
596,1096,97.73448771598547,934.6332225361476,190.0067890975572,1033.5,517.6
597,1097,97.73448771598547,934.6332225361476,190.0067890975572,1033.5,517.6
598,1098,97.73448771598547,934.6332225361476,190.0067890975572,1033.5,517.6
599,1099,97.73448771598547,934.6332225361476,190.0067890975572,1033.5,517.6
600,1100,97.73448771598547,934.6332225361476,190.0067890975572,1033.5,517.6
601,1101,97.73448771598547,934.6332225361476,190.0067890975572,1033.5,517.6
602,1102,97.73448771598547,934.6332225361476,190.0067890975572,1033.5,517.6
603,1103,97.73448771598547,934.6332225361476,190.0067890975572,1033.5,517.6
604,1104,97.73448771598547,934.6332225361476,190.0067890975572,1033.5,517.6
605,1105,97.73448771598547,934.6332225361476,190.0067890975572,1033.5,517.6
606,1106,97.73448771598547,934.6332225361476,190.0067890975572,1033.5,517.6
607,1107,97.73448771598547,934.6332225361476,190.0067890975572,1033.5,517.6
608,1108,97.73448771598547,934.6332225361476,190.0067890975572,1033.5,517.6
609,1109,97.73448771598547,934.6332225361476,190.0067890975572,1033.5,517.6
610,1110,97.73448771598547,934.6332225361476,190.0067890975572,1033.5,517.6
611,1111,97.73448771598547,934.6332225361476,190.0067890975572,1046.24,515.28
612,1112,97.73448771598547,934.6332225361476,190.0067890975572,1058.98,512.96
613,1113,97.73448771598547,934.6332225361476,190.0067890975572,1071.72,510.64
614,1114,97.73448771598547,934.6332225361476,190.0067890975572,1084.46,508.32
615,1115,105.54302647378893,934.6332225361476,190.0067890975572,1097.2,506.0
616,1116,105.54302647378893,944.6332225361476,411.0067890975572,1097.2,506.0
617,1117,105.54302647378893,944.6332225361476,411.0067890975572,1097.2,506.0
618,1118,105.54302647378893,944.6332225361476,411.0067890975572,1097.2,506.0
619,1119,105.54302647378893,944.6332225361476,411.0067890975572,1097.2,506.0
620,1120,105.54302647378893,944.6332225361476,411.0067890975572,1097.2,506.0
621,1121,105.54302647378893,944.6332225361476,411.0067890975572,1097.2,506.0
622,1122,105.54302647378893,944.6332225361476,411.0067890975572,1097.2,506.0
623,1123,105.54302647378893,944.6332225361476,411.0067890975572,1097.2,506.0
624,1124,114.07054538491118,954.6332225361476,632.0067890975572,1097.2,506.0
625,1125,114.07054538491118,954.6332225361476,632.0067890975572,1097.2,506.0
626,1126,114.07054538491118,954.6332225361476,632.0067890975572,1097.2,506.0
627,1127,114.07054538491118,954.6332225361476,632.0067890975572,1097.2,506.0
628,1128,114.07054538491118,954.6332225361476,632.0067890975572,1097.2,506.0
629,1129,114.07054538491118,954.6332225361476,632.0067890975572,1097.2,506.0
630,1130,114.07054538491118,954.6332225361476,632.0067890975572,1097.2,506.0
631,1131,114.07054538491118,954.6332225361476,632.0067890975572,1097.2,506.0
632,1132,114.07054538491118,954.6332225361476,632.0067890975572,1097.2,506.0
633,1133,114.07054538491118,954.6332225361476,632.0067890975572,1097.2,506.0
634,1134,114.07054538491118,954.6332225361476,632.0067890975572,1097.2,506.0
635,1135,114.07054538491118,954.6332225361476,632.0067890975572,1097.2,506.0
636,1136,114.07054538491118,954.6332225361476,632.0067890975572,1097.2,506.0
637,1137,114.07054538491118,954.6332225361476,632.0067890975572,1025.425,510.7
638,1138,114.07054538491118,954.6332225361476,632.0067890975572,953.6500000000001,515.4
639,1139,114.07054538491118,954.6332225361476,632.0067890975572,881.875,520.0999999999999
640,1140,114.07054538491118,954.6332225361476,632.0067890975572,810.1,524.8
641,1141,114.07054538491118,954.6332225361476,632.0067890975572,810.1,524.8
642,1142,114.07054538491118,954.6332225361476,632.0067890975572,810.1,524.8
643,1143,114.07054538491118,954.6332225361476,632.0067890975572,810.1,524.8
644,1144,114.07054538491118,954.6332225361476,632.0067890975572,810.1,524.8
645,1145,114.07054538491118,954.6332225361476,632.0067890975572,810.1,524.8
646,1146,114.07054538491118,954.6332225361476,632.0067890975572,810.1,524.8
647,1147,114.07054538491118,954.6332225361476,632.0067890975572,810.1,524.8
648,1148,114.07054538491118,834.6332225361476,655.0067890975572,810.1,524.8
649,1149,114.07054538491118,834.6332225361476,655.0067890975572,810.1,524.8
650,1150,114.07054538491118,834.6332225361476,655.0067890975572,810.1,524.8
651,1151,114.07054538491118,834.6332225361476,655.0067890975572,810.1,524.8
652,1152,114.07054538491118,834.6332225361476,655.0067890975572,810.1,524.8
653,1153,114.07054538491118,834.6332225361476,655.0067890975572,810.1,524.8
654,1154,114.07054538491118,834.6332225361476,655.0067890975572,810.1,524.8
655,1155,114.07054538491118,834.6332225361476,655.0067890975572,810.1,524.8
656,1156,114.07054538491118,714.6332225361476,678.0067890975572,810.1,524.8
657,1157,114.07054538491118,714.6332225361476,678.0067890975572,810.1,524.8
658,1158,114.07054538491118,714.6332225361476,678.0067890975572,810.1,524.8
659,1159,114.07054538491118,714.6332225361476,678.0067890975572,810.1,524.8
660,1160,114.07054538491118,714.6332225361476,678.0067890975572,810.1,524.8
661,1161,114.07054538491118,714.6332225361476,678.0067890975572,810.1,524.8
662,1162,114.07054538491118,714.6332225361476,678.0067890975572,826.55,532.15
663,1163,114.07054538491118,714.6332225361476,678.0067890975572,843.0,539.5
664,1164,114.07054538491118,714.6332225361476,678.0067890975572,859.45,546.85
665,1165,114.07054538491118,714.6332225361476,678.0067890975572,875.9,554.2
666,1166,114.07054538491118,714.6332225361476,678.0067890975572,875.9,554.2
667,1167,114.07054538491118,714.6332225361476,678.0067890975572,875.9,554.2
668,1168,114.07054538491118,714.6332225361476,678.0067890975572,875.9,554.2
669,1169,114.07054538491118,714.6332225361476,678.0067890975572,875.9,554.2
670,1170,114.07054538491118,714.6332225361476,678.0067890975572,875.9,554.2
671,1171,114.07054538491118,714.6332225361476,678.0067890975572,875.9,554.2
672,1172,114.07054538491118,714.6332225361476,678.0067890975572,875.9,554.2
673,1173,114.07054538491118,714.6332225361476,678.0067890975572,875.9,554.2
674,1174,114.07054538491118,714.6332225361476,678.0067890975572,875.9,554.2
675,1175,114.07054538491118,714.6332225361476,678.0067890975572,875.9,554.2
676,1176,114.07054538491118,714.6332225361476,678.0067890975572,875.9,554.2
677,1177,114.07054538491118,714.6332225361476,678.0067890975572,875.9,554.2
678,1178,114.07054538491118,714.6332225361476,678.0067890975572,875.9,554.2
679,1179,114.07054538491118,714.6332225361476,678.0067890975572,875.9,554.2
680,1180,114.07054538491118,714.6332225361476,678.0067890975572,875.9,554.2
681,1181,60.39811048490442,714.6332225361476,678.0067890975572,875.9,554.2
682,1182,60.39811048490442,971.6332225361476,664.0067890975572,875.9,554.2
683,1183,60.39811048490442,971.6332225361476,664.0067890975572,875.9,554.2
684,1184,60.39811048490442,971.6332225361476,664.0067890975572,875.9,554.2
685,1185,60.39811048490442,971.6332225361476,664.0067890975572,875.9,554.2
686,1186,60.39811048490442,971.6332225361476,664.0067890975572,875.9,554.2
687,1187,40.48744066981455,971.6332225361476,664.0067890975572,875.9,554.2
688,1188,40.48744066981455,971.6332225361476,664.0067890975572,875.9,554.2
689,1189,40.48744066981455,971.6332225361476,664.0067890975572,875.9,554.2
690,1190,40.48744066981455,971.6332225361476,664.0067890975572,875.9,554.2
691,1191,40.48744066981455,971.6332225361476,664.0067890975572,875.9,554.2
692,1192,40.48744066981455,971.6332225361476,664.0067890975572,875.9,554.2
693,1193,40.48744066981455,971.6332225361476,664.0067890975572,875.9,554.2
694,1194,40.48744066981455,971.6332225361476,664.0067890975572,875.9,554.2
695,1195,40.48744066981455,971.6332225361476,664.0067890975572,875.9,554.2
696,1196,40.48744066981455,971.6332225361476,664.0067890975572,875.9,554.2
697,1197,40.48744066981455,971.6332225361476,664.0067890975572,875.9,554.2
698,1198,40.48744066981455,971.6332225361476,664.0067890975572,875.9,554.2
699,1199,40.48744066981455,971.6332225361476,664.0067890975572,875.9,554.2
700,1200,40.48744066981455,971.6332225361476,664.0067890975572,875.9,554.2
701,1201,40.48744066981455,971.6332225361476,664.0067890975572,875.9,554.2
702,1202,40.48744066981455,971.6332225361476,664.0067890975572,875.9,554.2
703,1203,58.04583287789219,971.6332225361476,664.0067890975572,913.64,566.2800000000001
704,1204,58.04583287789219,971.6332225361476,664.0067890975572,951.38,578.36
705,1205,58.04583287789219,971.6332225361476,664.0067890975572,989.1199999999999,590.44
706,1206,58.04583287789219,971.6332225361476,664.0067890975572,1026.86,602.52
707,1207,58.04583287789219,971.6332225361476,664.0067890975572,1064.6,614.6
708,1208,58.04583287789219,971.6332225361476,664.0067890975572,1064.6,614.6
709,1209,58.04583287789219,971.6332225361476,664.0067890975572,1064.6,614.6
710,1210,58.04583287789219,971.6332225361476,664.0067890975572,1064.6,614.6
711,1211,107.10598985288982,971.6332225361476,664.0067890975572,1064.6,614.6
712,1212,107.10598985288982,971.6332225361476,664.0067890975572,1064.6,614.6
713,1213,107.10598985288982,971.6332225361476,664.0067890975572,1064.6,614.6
714,1214,107.10598985288982,971.6332225361476,664.0067890975572,1064.6,614.6
715,1215,107.10598985288982,971.6332225361476,664.0067890975572,1064.6,614.6
716,1216,107.10598985288982,971.6332225361476,664.0067890975572,1064.6,614.6
717,1217,107.10598985288982,971.6332225361476,664.0067890975572,1064.6,614.6
718,1218,107.10598985288982,971.6332225361476,664.0067890975572,1064.6,614.6
719,1219,107.10598985288982,971.6332225361476,664.0067890975572,1064.6,614.6
720,1220,107.10598985288982,971.6332225361476,664.0067890975572,1064.6,614.6
721,1221,107.10598985288982,971.6332225361476,664.0067890975572,1064.6,614.6
722,1222,107.10598985288982,971.6332225361476,664.0067890975572,1064.6,614.6
723,1223,107.10598985288982,971.6332225361476,664.0067890975572,1064.6,614.6
724,1224,107.10598985288982,971.6332225361476,664.0067890975572,1064.6,614.6
725,1225,107.10598985288982,971.6332225361476,664.0067890975572,1064.6,614.6
726,1226,107.10598985288982,971.6332225361476,664.0067890975572,1064.6,614.6
727,1227,107.10598985288982,971.6332225361476,664.0067890975572,1064.6,614.6
728,1228,107.10598985288982,971.6332225361476,664.0067890975572,1064.6,614.6
729,1229,107.10598985288982,971.6332225361476,664.0067890975572,1064.6,614.6
730,1230,107.10598985288982,971.6332225361476,664.0067890975572,1064.6,614.6
731,1231,107.10598985288982,971.6332225361476,664.0067890975572,1064.6,614.6
732,1232,107.10598985288982,971.6332225361476,664.0067890975572,1064.6,614.6
733,1233,107.10598985288982,971.6332225361476,664.0067890975572,1064.6,614.6
734,1234,107.10598985288982,971.6332225361476,664.0067890975572,1064.6,614.6
735,1235,107.10598985288982,971.6332225361476,664.0067890975572,1064.6,614.6
736,1236,107.10598985288982,971.6332225361476,664.0067890975572,1064.6,614.6
737,1237,107.10598985288982,971.6332225361476,664.0067890975572,1064.6,614.6
738,1238,107.10598985288982,971.6332225361476,664.0067890975572,1064.6,614.6
739,1239,107.10598985288982,971.6332225361476,664.0067890975572,1064.6,614.6
740,1240,107.10598985288982,971.6332225361476,664.0067890975572,1064.6,614.6
741,1241,107.10598985288982,971.6332225361476,664.0067890975572,1064.6,614.6
742,1242,107.10598985288982,971.6332225361476,664.0067890975572,1064.6,614.6
743,1243,103.60533933595171,971.6332225361476,664.0067890975572,1064.6,614.6
744,1244,103.60533933595171,971.6332225361476,664.0067890975572,1064.6,614.6
745,1245,103.60533933595171,971.6332225361476,664.0067890975572,1064.6,614.6
746,1246,103.60533933595171,971.6332225361476,664.0067890975572,1064.6,614.6
747,1247,103.60533933595171,971.6332225361476,664.0067890975572,1064.6,614.6
748,1248,103.60533933595171,971.6332225361476,664.0067890975572,1064.6,614.6
749,1249,103.60533933595171,971.6332225361476,664.0067890975572,1064.6,614.6
750,1250,103.60533933595171,971.6332225361476,664.0067890975572,1064.6,614.6
751,1251,92.03030532050452,971.6332225361476,664.0067890975572,1064.6,614.6
752,1252,92.03030532050452,971.6332225361476,664.0067890975572,1064.6,614.6
753,1253,92.03030532050452,971.6332225361476,664.0067890975572,1064.6,614.6
754,1254,92.03030532050452,901.6332225361476,652.0067890975572,1064.6,614.6
755,1255,92.03030532050452,901.6332225361476,652.0067890975572,1064.6,614.6
756,1256,92.03030532050452,901.6332225361476,652.0067890975572,1064.6,614.6
757,1257,92.03030532050452,901.6332225361476,652.0067890975572,1064.6,614.6
758,1258,92.03030532050452,901.6332225361476,652.0067890975572,1064.6,614.6
759,1259,92.03030532050452,901.6332225361476,652.0067890975572,1064.6,614.6
760,1260,92.03030532050452,831.6332225361476,640.0067890975572,1064.6,614.6
761,1261,92.03030532050452,831.6332225361476,640.0067890975572,1064.6,614.6
762,1262,92.03030532050452,831.6332225361476,640.0067890975572,1064.6,614.6
763,1263,92.03030532050452,831.6332225361476,640.0067890975572,1064.6,614.6
764,1264,92.03030532050452,831.6332225361476,640.0067890975572,1064.6,614.6
765,1265,92.03030532050452,831.6332225361476,640.0067890975572,1064.6,614.6
766,1266,92.03030532050452,831.6332225361476,640.0067890975572,1064.6,614.6
767,1267,92.03030532050452,831.6332225361476,640.0067890975572,1064.6,614.6
768,1268,92.03030532050452,831.6332225361476,640.0067890975572,1064.6,614.6
769,1269,92.03030532050452,831.6332225361476,640.0067890975572,1064.6,614.6
770,1270,92.03030532050452,831.6332225361476,640.0067890975572,1064.6,614.6
771,1271,92.03030532050452,831.6332225361476,640.0067890975572,1064.6,614.6
772,1272,92.03030532050452,831.6332225361476,640.0067890975572,1064.6,614.6
773,1273,92.03030532050452,831.6332225361476,640.0067890975572,1064.6,614.6
774,1274,92.03030532050452,831.6332225361476,640.0067890975572,1064.6,614.6
775,1275,105.97976885021708,831.6332225361476,640.0067890975572,1064.6,614.6
776,1276,105.97976885021708,770.6332225361476,647.0067890975572,1064.6,614.6
777,1277,105.97976885021708,770.6332225361476,647.0067890975572,1064.6,614.6
778,1278,105.97976885021708,770.6332225361476,647.0067890975572,1064.6,614.6
779,1279,105.97976885021708,770.6332225361476,647.0067890975572,1064.6,614.6
780,1280,105.97976885021708,770.6332225361476,647.0067890975572,1059.75,559.3333333333334
781,1281,105.97976885021708,770.6332225361476,647.0067890975572,1054.8999999999999,504.06666666666666
782,1282,105.97976885021708,770.6332225361476,647.0067890975572,1050.05,448.8
783,1283,105.97976885021708,770.6332225361476,647.0067890975572,1045.2,393.5333333333333
784,1284,105.97976885021708,709.6332225361476,654.0067890975572,1040.35,338.26666666666665
785,1285,105.97976885021708,709.6332225361476,654.0067890975572,1035.5,283.0
786,1286,105.97976885021708,709.6332225361476,654.0067890975572,1035.5,283.0
787,1287,105.97976885021708,709.6332225361476,654.0067890975572,1035.5,283.0
788,1288,105.97976885021708,709.6332225361476,654.0067890975572,1035.5,283.0
789,1289,105.97976885021708,709.6332225361476,654.0067890975572,1035.5,283.0
790,1290,105.97976885021708,709.6332225361476,654.0067890975572,1035.5,283.0
791,1291,105.97976885021708,709.6332225361476,654.0067890975572,1035.5,283.0
792,1292,105.97976885021708,709.6332225361476,654.0067890975572,1035.5,283.0
793,1293,105.97976885021708,709.6332225361476,654.0067890975572,1035.5,283.0
794,1294,105.97976885021708,709.6332225361476,654.0067890975572,1035.5,283.0
795,1295,105.97976885021708,709.6332225361476,654.0067890975572,1035.5,283.0
796,1296,105.97976885021708,709.6332225361476,654.0067890975572,1035.5,283.0
797,1297,105.97976885021708,709.6332225361476,654.0067890975572,1035.5,283.0
798,1298,105.97976885021708,709.6332225361476,654.0067890975572,1035.5,283.0
799,1299,105.97976885021708,709.6332225361476,654.0067890975572,1035.5,283.0
800,1300,105.97976885021708,709.6332225361476,654.0067890975572,1035.5,283.0
801,1301,105.97976885021708,709.6332225361476,654.0067890975572,1035.5,283.0
802,1302,105.97976885021708,709.6332225361476,654.0067890975572,1035.5,283.0
803,1303,105.97976885021708,709.6332225361476,654.0067890975572,1042.025,253.475
804,1304,105.97976885021708,709.6332225361476,654.0067890975572,1048.55,223.95
805,1305,105.97976885021708,709.6332225361476,654.0067890975572,1055.0749999999998,194.425
806,1306,105.97976885021708,709.6332225361476,654.0067890975572,1061.6,164.9
807,1307,127.07803052095542,709.6332225361476,654.0067890975572,1061.6,164.9
808,1308,127.07803052095542,709.6332225361476,654.0067890975572,1061.6,164.9
809,1309,127.07803052095542,709.6332225361476,654.0067890975572,1061.6,164.9
810,1310,127.07803052095542,709.6332225361476,654.0067890975572,1061.6,164.9
811,1311,127.07803052095542,709.6332225361476,654.0067890975572,1061.6,164.9
812,1312,127.07803052095542,709.6332225361476,654.0067890975572,1061.6,164.9
813,1313,127.07803052095542,709.6332225361476,654.0067890975572,1061.6,164.9
814,1314,127.07803052095542,709.6332225361476,654.0067890975572,1061.6,164.9
815,1315,120.30131208055622,709.6332225361476,654.0067890975572,1061.6,164.9
816,1316,120.30131208055622,709.6332225361476,654.0067890975572,1061.6,164.9
817,1317,120.30131208055622,709.6332225361476,654.0067890975572,1061.6,164.9
818,1318,120.30131208055622,709.6332225361476,654.0067890975572,1061.6,164.9
819,1319,120.30131208055622,709.6332225361476,654.0067890975572,1061.6,164.9
820,1320,120.30131208055622,709.6332225361476,654.0067890975572,1061.6,164.9
821,1321,120.30131208055622,709.6332225361476,654.0067890975572,1061.6,164.9
822,1322,120.30131208055622,709.6332225361476,654.0067890975572,1061.6,164.9
823,1323,120.30131208055622,709.6332225361476,654.0067890975572,1061.6,164.9
824,1324,120.30131208055622,709.6332225361476,654.0067890975572,1061.6,164.9
825,1325,120.30131208055622,709.6332225361476,654.0067890975572,1061.6,164.9
826,1326,120.30131208055622,709.6332225361476,654.0067890975572,1061.6,164.9
827,1327,120.30131208055622,709.6332225361476,654.0067890975572,1061.6,164.9
828,1328,120.30131208055622,709.6332225361476,654.0067890975572,1061.6,164.9
829,1329,120.30131208055622,709.6332225361476,654.0067890975572,1061.6,164.9
830,1330,120.30131208055622,709.6332225361476,654.0067890975572,1061.6,164.9
831,1331,120.30131208055622,709.6332225361476,654.0067890975572,1061.6,164.9
832,1332,120.30131208055622,709.6332225361476,654.0067890975572,1061.6,164.9
833,1333,120.30131208055622,709.6332225361476,654.0067890975572,1061.6,164.9
834,1334,120.30131208055622,709.6332225361476,654.0067890975572,1061.6,164.9
835,1335,120.30131208055622,709.6332225361476,654.0067890975572,996.6833333333333,173.66666666666669
836,1336,120.30131208055622,709.6332225361476,654.0067890975572,931.7666666666667,182.43333333333334
837,1337,120.30131208055622,709.6332225361476,654.0067890975572,866.8499999999999,191.2
838,1338,120.30131208055622,709.6332225361476,654.0067890975572,801.9333333333334,199.96666666666667
839,1339,156.50512652811364,709.6332225361476,654.0067890975572,737.0166666666667,208.73333333333335
840,1340,156.50512652811364,945.6332225361476,641.0067890975572,672.1,217.5
841,1341,156.50512652811364,945.6332225361476,641.0067890975572,672.1,217.5
842,1342,156.50512652811364,945.6332225361476,641.0067890975572,672.1,217.5
843,1343,156.50512652811364,945.6332225361476,641.0067890975572,672.1,217.5
844,1344,156.50512652811364,945.6332225361476,641.0067890975572,672.1,217.5
845,1345,156.50512652811364,945.6332225361476,641.0067890975572,672.1,217.5
846,1346,156.50512652811364,945.6332225361476,641.0067890975572,672.1,217.5
847,1347,145.9577961081292,945.6332225361476,641.0067890975572,672.1,217.5
848,1348,145.9577961081292,1180.6332225361475,628.0067890975572,672.1,217.5
849,1349,145.9577961081292,1180.6332225361475,628.0067890975572,672.1,217.5
850,1350,145.9577961081292,1180.6332225361475,628.0067890975572,672.1,217.5
851,1351,145.9577961081292,1180.6332225361475,628.0067890975572,672.1,217.5
852,1352,145.9577961081292,1180.6332225361475,628.0067890975572,672.1,217.5
853,1353,145.9577961081292,1180.6332225361475,628.0067890975572,672.1,217.5
854,1354,146.9124252819963,1180.6332225361475,628.0067890975572,672.1,217.5
855,1355,147.62728744811275,1180.6332225361475,628.0067890975572,672.1,217.5
856,1356,148.18836231533038,1180.6332225361475,628.0067890975572,672.1,217.5
857,1357,148.6370498775212,1180.6332225361475,628.0067890975572,672.1,217.5
858,1358,148.99981577792303,1180.6332225361475,628.0067890975572,672.1,217.5
859,1359,148.99981577792303,1180.6332225361475,628.0067890975572,672.1,217.5
860,1360,148.99981577792303,1180.6332225361475,628.0067890975572,672.1,217.5
861,1361,148.99981577792303,1180.6332225361475,628.0067890975572,672.1,217.5
862,1362,148.99981577792303,1180.6332225361475,628.0067890975572,672.1,217.5
863,1363,124.18030878629222,1180.6332225361475,628.0067890975572,672.1,217.5
864,1364,124.18030878629222,1180.6332225361475,628.0067890975572,672.1,217.5
865,1365,124.18030878629222,1180.6332225361475,628.0067890975572,672.1,217.5
866,1366,124.18030878629222,1180.6332225361475,628.0067890975572,672.1,217.5
867,1367,124.18030878629222,1180.6332225361475,628.0067890975572,672.1,217.5
868,1368,124.18030878629222,1180.6332225361475,628.0067890975572,672.1,217.5
869,1369,124.18030878629222,1180.6332225361475,628.0067890975572,672.1,217.5
870,1370,124.18030878629222,1180.6332225361475,628.0067890975572,672.1,217.5
871,1371,117.93861190577826,1180.6332225361475,628.0067890975572,672.1,217.5
872,1372,117.93861190577826,1235.6332225361475,608.0067890975572,672.1,217.5
873,1373,117.93861190577826,1235.6332225361475,608.0067890975572,672.1,217.5
874,1374,117.93861190577826,1235.6332225361475,608.0067890975572,672.1,217.5
875,1375,117.93861190577826,1235.6332225361475,608.0067890975572,672.1,217.5
876,1376,117.93861190577826,1235.6332225361475,608.0067890975572,672.1,217.5
877,1377,117.93861190577826,1235.6332225361475,608.0067890975572,672.1,217.5
878,1378,117.93861190577826,1235.6332225361475,608.0067890975572,672.1,217.5
879,1379,117.93861190577826,1235.6332225361475,608.0067890975572,672.1,217.5
880,1380,107.7320882921921,1235.6332225361475,608.0067890975572,672.1,217.5
881,1381,27.3830659824996,1235.6332225361475,608.0067890975572,672.1,217.5
882,1381,27.3830659824996,1235.6332225361475,608.0067890975572,672.1,217.5
883,1381,27.3830659824996,1235.6332225361475,608.0067890975572,672.1,217.5
884,1381,27.3830659824996,1235.6332225361475,608.0067890975572,672.1,217.5
885,1381,27.3830659824996,1235.6332225361475,608.0067890975572,672.1,217.5
886,1381,27.3830659824996,1235.6332225361475,608.0067890975572,672.1,217.5
887,1381,27.3830659824996,1235.6332225361475,608.0067890975572,740.8166666666667,214.68333333333334
888,1381,27.3830659824996,1235.6332225361475,608.0067890975572,809.5333333333334,211.86666666666667
889,1381,27.3830659824996,1235.6332225361475,608.0067890975572,878.25,209.05
890,1381,27.3830659824996,1235.6332225361475,608.0067890975572,946.9666666666667,206.23333333333332
891,1381,27.3830659824996,1235.6332225361475,608.0067890975572,1015.6833333333334,203.41666666666666
892,1381,27.3830659824996,1235.6332225361475,608.0067890975572,1084.4,200.6
893,1381,27.3830659824996,1235.6332225361475,608.0067890975572,1084.4,200.6
894,1381,27.3830659824996,1235.6332225361475,608.0067890975572,1084.4,200.6
895,1381,27.3830659824996,1235.6332225361475,608.0067890975572,1084.4,200.6
896,1381,27.3830659824996,887.6332225361476,198.0067890975572,1084.4,200.6
897,1381,27.3830659824996,887.6332225361476,198.0067890975572,1084.4,200.6
898,1381,27.3830659824996,887.6332225361476,198.0067890975572,1084.4,200.6
899,1381,27.3830659824996,887.6332225361476,198.0067890975572,1084.4,200.6
900,1381,27.3830659824996,887.6332225361476,198.0067890975572,1084.4,200.6
901,1381,27.3830659824996,887.6332225361476,198.0067890975572,1084.4,200.6
902,1381,27.3830659824996,887.6332225361476,198.0067890975572,1084.4,200.6
903,1381,27.3830659824996,887.6332225361476,198.0067890975572,1084.4,200.6
904,1381,27.3830659824996,887.6332225361476,198.0067890975572,1084.4,200.6
905,1381,27.3830659824996,887.6332225361476,198.0067890975572,1084.4,200.6
906,1381,27.3830659824996,887.6332225361476,198.0067890975572,1084.4,200.6
907,1381,27.3830659824996,887.6332225361476,198.0067890975572,1084.4,200.6
908,1381,27.3830659824996,887.6332225361476,198.0067890975572,1084.4,200.6
909,1381,27.3830659824996,887.6332225361476,198.0067890975572,1084.4,200.6
910,1381,27.3830659824996,887.6332225361476,198.0067890975572,1084.4,200.6
911,1381,27.3830659824996,887.6332225361476,198.0067890975572,1084.4,200.6
912,1381,27.3830659824996,887.6332225361476,198.0067890975572,1084.4,200.6
913,1381,27.3830659824996,887.6332225361476,198.0067890975572,1084.4,200.6
914,1381,27.3830659824996,887.6332225361476,198.0067890975572,1084.4,200.6
915,1381,27.3830659824996,887.6332225361476,198.0067890975572,1084.4,200.6
916,1381,27.3830659824996,887.6332225361476,198.0067890975572,1084.4,200.6
917,1381,27.3830659824996,887.6332225361476,198.0067890975572,1084.4,200.6
918,1381,27.3830659824996,887.6332225361476,198.0067890975572,1084.4,200.6
919,1381,27.3830659824996,887.6332225361476,198.0067890975572,1084.4,200.6
920,1381,27.3830659824996,887.6332225361476,198.0067890975572,1084.4,200.6
921,1381,27.3830659824996,887.6332225361476,198.0067890975572,1084.4,200.6
922,1381,27.3830659824996,887.6332225361476,198.0067890975572,1084.4,200.6
923,1381,27.3830659824996,887.6332225361476,198.0067890975572,1084.4,200.6
924,1381,27.3830659824996,887.6332225361476,198.0067890975572,1084.4,200.6
925,1381,27.3830659824996,887.6332225361476,198.0067890975572,1084.4,200.6
926,1381,27.3830659824996,887.6332225361476,198.0067890975572,1084.4,200.6
927,1381,27.3830659824996,887.6332225361476,198.0067890975572,1084.4,200.6
928,1381,27.3830659824996,966.6332225361476,188.0067890975572,1084.4,200.6
929,1381,27.3830659824996,966.6332225361476,188.0067890975572,1084.4,200.6
930,1381,27.3830659824996,966.6332225361476,188.0067890975572,1084.4,200.6
931,1381,27.3830659824996,966.6332225361476,188.0067890975572,1084.4,200.6
932,1381,27.3830659824996,966.6332225361476,188.0067890975572,1084.4,200.6
933,1381,27.3830659824996,966.6332225361476,188.0067890975572,1084.4,200.6
934,1381,27.3830659824996,966.6332225361476,188.0067890975572,1084.4,200.6
935,1381,27.3830659824996,966.6332225361476,188.0067890975572,1084.4,200.6
936,1381,27.3830659824996,966.6332225361476,188.0067890975572,1084.4,200.6
937,1381,27.3830659824996,966.6332225361476,188.0067890975572,1084.4,200.6
938,1381,27.3830659824996,966.6332225361476,188.0067890975572,1084.4,200.6
939,1381,27.3830659824996,966.6332225361476,188.0067890975572,1084.4,200.6
940,1381,27.3830659824996,966.6332225361476,188.0067890975572,1084.4,200.6
941,1381,27.3830659824996,966.6332225361476,188.0067890975572,1084.4,200.6
942,1381,27.3830659824996,966.6332225361476,188.0067890975572,1084.4,200.6
943,1381,27.3830659824996,966.6332225361476,188.0067890975572,1084.4,200.6
944,1381,27.3830659824996,966.6332225361476,188.0067890975572,1084.4,200.6
945,1381,27.3830659824996,966.6332225361476,188.0067890975572,1084.4,200.6
946,1381,27.3830659824996,966.6332225361476,188.0067890975572,1084.4,200.6
947,1381,27.3830659824996,966.6332225361476,188.0067890975572,1084.4,200.6
948,1381,27.3830659824996,966.6332225361476,188.0067890975572,1084.4,200.6
949,1381,27.3830659824996,966.6332225361476,188.0067890975572,1084.4,200.6
950,1381,27.3830659824996,966.6332225361476,188.0067890975572,1084.4,200.6
951,1381,27.3830659824996,966.6332225361476,188.0067890975572,1084.4,200.6
952,1381,27.3830659824996,966.6332225361476,188.0067890975572,1084.4,200.6
953,1381,27.3830659824996,966.6332225361476,188.0067890975572,1084.4,200.6
954,1381,27.3830659824996,966.6332225361476,188.0067890975572,1084.4,200.6
955,1381,27.3830659824996,966.6332225361476,188.0067890975572,1084.4,200.6
956,1381,27.3830659824996,966.6332225361476,188.0067890975572,1084.4,200.6
957,1381,27.3830659824996,966.6332225361476,188.0067890975572,1084.4,200.6
958,1381,27.3830659824996,966.6332225361476,188.0067890975572,1084.4,200.6
959,1381,12.469119277671435,966.6332225361476,188.0067890975572,1084.4,200.6
960,1381,12.469119277671435,909.6332225361476,417.0067890975572,1084.4,200.6
961,1381,12.469119277671435,909.6332225361476,417.0067890975572,1084.4,200.6
962,1381,12.469119277671435,909.6332225361476,417.0067890975572,1084.4,200.6
963,1381,12.469119277671435,909.6332225361476,417.0067890975572,1084.4,200.6
964,1381,12.469119277671435,909.6332225361476,417.0067890975572,1084.4,200.6
965,1381,12.469119277671435,909.6332225361476,417.0067890975572,1084.4,200.6
966,1381,12.469119277671435,909.6332225361476,417.0067890975572,1084.4,200.6
967,1381,12.469119277671435,909.6332225361476,417.0067890975572,1084.4,200.6
968,1381,12.469119277671435,853.6332225361476,646.0067890975572,1084.4,200.6
969,1381,4.604983122039,853.6332225361476,646.0067890975572,1084.4,200.6
970,1381,4.604983122039,853.6332225361476,646.0067890975572,1084.4,200.6
971,1381,4.604983122039,853.6332225361476,646.0067890975572,1084.4,200.6
972,1381,4.604983122039,853.6332225361476,646.0067890975572,1084.4,200.6
973,1381,4.604983122039,853.6332225361476,646.0067890975572,1084.4,200.6
974,1381,4.604983122039,853.6332225361476,646.0067890975572,1084.4,200.6
975,1381,4.604983122039,853.6332225361476,646.0067890975572,1084.4,200.6
976,1381,4.604983122039,853.6332225361476,646.0067890975572,1084.4,200.6
977,1381,4.604983122039,853.6332225361476,646.0067890975572,1084.4,200.6
978,1381,4.604983122039,853.6332225361476,646.0067890975572,1084.4,200.6
979,1381,4.604983122039,853.6332225361476,646.0067890975572,1084.4,200.6
980,1381,4.604983122039,853.6332225361476,646.0067890975572,1084.4,200.6
981,1381,4.604983122039,853.6332225361476,646.0067890975572,1084.4,200.6
982,1381,4.604983122039,853.6332225361476,646.0067890975572,1084.4,200.6
983,1381,4.604983122039,853.6332225361476,646.0067890975572,1084.4,200.6
984,1381,4.604983122039,889.6332225361476,653.0067890975572,1084.4,200.6
985,1381,4.604983122039,889.6332225361476,653.0067890975572,1084.4,200.6
986,1381,4.604983122039,889.6332225361476,653.0067890975572,1084.4,200.6
987,1381,4.604983122039,889.6332225361476,653.0067890975572,1084.4,200.6
988,1381,4.604983122039,889.6332225361476,653.0067890975572,1084.4,200.6
989,1381,4.604983122039,889.6332225361476,653.0067890975572,1084.4,200.6
990,1381,4.604983122039,889.6332225361476,653.0067890975572,1084.4,200.6
991,1381,4.604983122039,889.6332225361476,653.0067890975572,1084.4,200.6
992,1381,4.604983122039,925.6332225361476,660.0067890975572,1084.4,200.6
993,1381,4.604983122039,925.6332225361476,660.0067890975572,1084.4,200.6
994,1381,4.604983122039,925.6332225361476,660.0067890975572,1084.4,200.6
995,1381,4.604983122039,925.6332225361476,660.0067890975572,1084.4,200.6
996,1381,4.604983122039,925.6332225361476,660.0067890975572,1084.4,200.6
997,1381,4.604983122039,925.6332225361476,660.0067890975572,1084.4,200.6
998,1382,65.84067951761395,925.6332225361476,660.0067890975572,1084.4,200.6
999,1383,62.29837214612836,925.6332225361476,660.0067890975572,1084.4,200.6
1000,1384,62.29837214612836,925.6332225361476,660.0067890975572,1084.4,200.6
1001,1385,62.29837214612836,925.6332225361476,660.0067890975572,1084.4,200.6
1002,1386,62.29837214612836,925.6332225361476,660.0067890975572,1084.4,200.6
1003,1387,62.29837214612836,925.6332225361476,660.0067890975572,1084.4,200.6
1004,1388,62.29837214612836,925.6332225361476,660.0067890975572,1084.4,200.6
1005,1389,62.29837214612836,925.6332225361476,660.0067890975572,1084.4,200.6
1006,1390,62.29837214612836,925.6332225361476,660.0067890975572,1084.4,200.6
1007,1391,62.29837214612836,925.6332225361476,660.0067890975572,1084.4,200.6
1008,1392,62.29837214612836,925.6332225361476,660.0067890975572,1080.0166666666667,261.46666666666664
1009,1393,62.29837214612836,925.6332225361476,660.0067890975572,1075.6333333333334,322.3333333333333
1010,1394,62.29837214612836,925.6332225361476,660.0067890975572,1071.25,383.19999999999993
1011,1395,62.29837214612836,925.6332225361476,660.0067890975572,1066.8666666666666,444.0666666666666
1012,1396,62.29837214612836,925.6332225361476,660.0067890975572,1062.4833333333333,504.9333333333333
1013,1397,62.29837214612836,925.6332225361476,660.0067890975572,1058.1,565.8
1014,1398,62.29837214612836,925.6332225361476,660.0067890975572,1058.1,565.8
1015,1399,62.29837214612836,925.6332225361476,660.0067890975572,1058.1,565.8
1016,1400,62.29837214612836,925.6332225361476,660.0067890975572,1058.1,565.8
1017,1401,62.29837214612836,925.6332225361476,660.0067890975572,1058.1,565.8
1018,1402,62.29837214612836,925.6332225361476,660.0067890975572,1058.1,565.8
1019,1403,62.29837214612836,925.6332225361476,660.0067890975572,1058.1,565.8
1020,1404,62.29837214612836,925.6332225361476,660.0067890975572,1058.1,565.8
1021,1405,59.87474660272362,925.6332225361476,660.0067890975572,1058.1,565.8
1022,1406,56.75171651308907,925.6332225361476,660.0067890975572,1058.1,565.8
1023,1407,52.55293116861179,925.6332225361476,660.0067890975572,1058.1,565.8
1024,1408,45.1047601952507,826.6332225361476,641.0067890975572,1058.1,565.8
1025,1409,45.1047601952507,826.6332225361476,641.0067890975572,1058.1,565.8
1026,1410,45.1047601952507,826.6332225361476,641.0067890975572,1058.1,565.8
1027,1411,45.1047601952507,826.6332225361476,641.0067890975572,1058.1,565.8
1028,1412,45.1047601952507,826.6332225361476,641.0067890975572,1058.1,565.8
1029,1413,45.1047601952507,826.6332225361476,641.0067890975572,1058.1,565.8
1030,1414,45.1047601952507,826.6332225361476,641.0067890975572,1058.1,565.8
1031,1415,45.1047601952507,826.6332225361476,641.0067890975572,1058.1,565.8
1032,1416,45.1047601952507,727.6332225361476,623.0067890975572,1058.1,565.8
1033,1417,45.1047601952507,727.6332225361476,623.0067890975572,1058.1,565.8
1034,1418,45.1047601952507,727.6332225361476,623.0067890975572,1058.1,565.8
1035,1419,45.1047601952507,727.6332225361476,623.0067890975572,1058.1,565.8
1036,1420,45.1047601952507,727.6332225361476,623.0067890975572,1058.1,565.8
1037,1421,45.1047601952507,727.6332225361476,623.0067890975572,1058.1,565.8
1038,1422,45.1047601952507,727.6332225361476,623.0067890975572,1058.1,565.8
1039,1423,45.1047601952507,727.6332225361476,623.0067890975572,1058.1,565.8
1040,1424,45.1047601952507,727.6332225361476,623.0067890975572,1058.1,565.8
1041,1425,45.1047601952507,727.6332225361476,623.0067890975572,1058.1,565.8
1042,1426,45.1047601952507,727.6332225361476,623.0067890975572,1058.1,565.8
1043,1427,45.1047601952507,727.6332225361476,623.0067890975572,1058.1,565.8
1044,1428,45.1047601952507,727.6332225361476,623.0067890975572,1058.1,565.8
1045,1429,45.1047601952507,727.6332225361476,623.0067890975572,1058.1,565.8
1046,1430,45.1047601952507,727.6332225361476,623.0067890975572,1058.1,565.8
1047,1431,45.1047601952507,727.6332225361476,623.0067890975572,1058.1,565.8
1048,1432,45.1047601952507,727.6332225361476,623.0067890975572,1058.1,565.8
1049,1433,45.1047601952507,727.6332225361476,623.0067890975572,1058.1,565.8
1050,1434,45.1047601952507,727.6332225361476,623.0067890975572,1058.1,565.8
1051,1435,45.1047601952507,727.6332225361476,623.0067890975572,1058.1,565.8
1052,1436,45.1047601952507,727.6332225361476,623.0067890975572,1058.1,565.8
1053,1437,45.1047601952507,727.6332225361476,623.0067890975572,1058.1,565.8
1054,1438,45.1047601952507,727.6332225361476,623.0067890975572,1058.1,565.8
1055,1439,45.1047601952507,727.6332225361476,623.0067890975572,1058.1,565.8
1056,1440,45.1047601952507,834.6332225361476,427.0067890975572,1058.1,565.8
1057,1441,45.1047601952507,834.6332225361476,427.0067890975572,1058.1,565.8
1058,1442,45.1047601952507,834.6332225361476,427.0067890975572,1058.1,565.8
1059,1443,45.1047601952507,834.6332225361476,427.0067890975572,1058.1,565.8
1060,1444,45.1047601952507,834.6332225361476,427.0067890975572,1058.1,565.8
1061,1445,45.1047601952507,834.6332225361476,427.0067890975572,1058.1,565.8
1062,1446,16.091333328880747,834.6332225361476,427.0067890975572,1058.1,565.8
1063,1447,7.632791551310941,834.6332225361476,427.0067890975572,1058.1,565.8
1064,1447,7.632791551310941,940.6332225361476,231.0067890975572,1058.1,565.8
1065,1447,7.632791551310941,940.6332225361476,231.0067890975572,1058.1,565.8
1066,1447,7.632791551310941,940.6332225361476,231.0067890975572,1058.1,565.8
1067,1447,7.632791551310941,940.6332225361476,231.0067890975572,1058.1,565.8
1068,1447,7.632791551310941,940.6332225361476,231.0067890975572,1058.1,565.8
1069,1447,7.632791551310941,940.6332225361476,231.0067890975572,1058.1,565.8
1070,1447,7.632791551310941,940.6332225361476,231.0067890975572,1058.1,565.8
1071,1447,7.632791551310941,940.6332225361476,231.0067890975572,1058.1,565.8
1072,1447,7.632791551310941,940.6332225361476,231.0067890975572,1058.1,565.8
1073,1447,7.632791551310941,940.6332225361476,231.0067890975572,1058.1,565.8
1074,1447,7.632791551310941,940.6332225361476,231.0067890975572,1058.1,565.8
1075,1447,7.632791551310941,940.6332225361476,231.0067890975572,1058.1,565.8
1076,1447,7.632791551310941,940.6332225361476,231.0067890975572,1058.1,565.8
1077,1447,7.632791551310941,940.6332225361476,231.0067890975572,1058.1,565.8
1078,1447,7.632791551310941,940.6332225361476,231.0067890975572,1058.1,565.8
1079,1447,7.632791551310941,940.6332225361476,231.0067890975572,1058.1,565.8
1080,1447,7.632791551310941,940.6332225361476,231.0067890975572,1058.1,565.8
1081,1447,7.632791551310941,940.6332225361476,231.0067890975572,1058.1,565.8
1082,1447,7.632791551310941,940.6332225361476,231.0067890975572,1058.1,565.8
1083,1447,7.632791551310941,940.6332225361476,231.0067890975572,1058.1,565.8
1084,1447,7.632791551310941,940.6332225361476,231.0067890975572,1058.1,565.8
1085,1447,7.632791551310941,940.6332225361476,231.0067890975572,1058.1,565.8
1086,1447,7.632791551310941,940.6332225361476,231.0067890975572,1058.1,565.8
1087,1447,7.632791551310941,940.6332225361476,231.0067890975572,1058.1,565.8
1088,1447,7.632791551310941,940.6332225361476,231.0067890975572,1058.1,565.8
1089,1447,7.632791551310941,940.6332225361476,231.0067890975572,1058.1,565.8
1090,1447,7.632791551310941,940.6332225361476,231.0067890975572,1058.1,565.8
1091,1447,7.632791551310941,940.6332225361476,231.0067890975572,1058.1,565.8
1092,1447,7.632791551310941,940.6332225361476,231.0067890975572,1058.1,565.8
1093,1447,7.632791551310941,940.6332225361476,231.0067890975572,1058.1,565.8
1094,1447,7.632791551310941,940.6332225361476,231.0067890975572,1058.1,565.8
1095,1447,27.347302968081983,940.6332225361476,231.0067890975572,1058.1,565.8
1096,1447,27.347302968081983,940.6332225361476,231.0067890975572,1058.1,565.8
1097,1447,27.347302968081983,940.6332225361476,231.0067890975572,1058.1,565.8
1098,1447,27.347302968081983,940.6332225361476,231.0067890975572,1058.1,565.8
1099,1447,27.347302968081983,940.6332225361476,231.0067890975572,1058.1,565.8
1100,1447,27.347302968081983,940.6332225361476,231.0067890975572,1058.1,565.8
1101,1447,27.347302968081983,940.6332225361476,231.0067890975572,1058.1,565.8
1102,1447,27.347302968081983,940.6332225361476,231.0067890975572,1058.1,565.8
1103,1447,27.347302968081983,940.6332225361476,231.0067890975572,1058.1,565.8
1104,1447,27.347302968081983,940.6332225361476,231.0067890975572,1058.1,565.8
1105,1447,27.347302968081983,940.6332225361476,231.0067890975572,1058.1,565.8
1106,1447,27.347302968081983,940.6332225361476,231.0067890975572,1058.1,565.8
1107,1447,27.347302968081983,940.6332225361476,231.0067890975572,1058.1,565.8
1108,1447,27.347302968081983,940.6332225361476,231.0067890975572,1058.1,565.8
1109,1447,27.347302968081983,940.6332225361476,231.0067890975572,1058.1,565.8
1110,1447,27.347302968081983,940.6332225361476,231.0067890975572,1058.1,565.8
1111,1447,27.347302968081983,940.6332225361476,231.0067890975572,1058.1,565.8
1112,1447,27.347302968081983,957.6332225361476,160.0067890975572,1058.1,565.8
1113,1447,27.347302968081983,957.6332225361476,160.0067890975572,1058.1,565.8
1114,1447,27.347302968081983,957.6332225361476,160.0067890975572,1058.1,565.8
1115,1447,27.347302968081983,957.6332225361476,160.0067890975572,1058.1,565.8
1116,1447,27.347302968081983,957.6332225361476,160.0067890975572,1058.1,565.8
1117,1447,27.347302968081983,957.6332225361476,160.0067890975572,1058.1,565.8
1118,1447,27.347302968081983,957.6332225361476,160.0067890975572,1058.1,565.8
1119,1447,27.347302968081983,957.6332225361476,160.0067890975572,1058.1,565.8
1120,1447,27.347302968081983,957.6332225361476,160.0067890975572,1057.411111111111,529.0
1121,1447,27.347302968081983,957.6332225361476,160.0067890975572,1056.7222222222222,492.2
1122,1447,27.347302968081983,957.6332225361476,160.0067890975572,1056.0333333333333,455.4
1123,1447,27.347302968081983,957.6332225361476,160.0067890975572,1055.3444444444444,418.6
1124,1447,27.347302968081983,957.6332225361476,160.0067890975572,1054.6555555555556,381.8
1125,1447,27.347302968081983,957.6332225361476,160.0067890975572,1053.9666666666667,345.0
1126,1447,27.347302968081983,957.6332225361476,160.0067890975572,1053.2777777777778,308.20000000000005
1127,1447,27.347302968081983,957.6332225361476,160.0067890975572,1052.588888888889,271.40000000000003
1128,1447,27.347302968081983,957.6332225361476,160.0067890975572,1051.9,234.6
1129,1447,27.347302968081983,957.6332225361476,160.0067890975572,1051.9,234.6
1130,1447,27.347302968081983,957.6332225361476,160.0067890975572,1051.9,234.6
1131,1447,27.347302968081983,957.6332225361476,160.0067890975572,1051.9,234.6
1132,1447,27.347302968081983,957.6332225361476,160.0067890975572,1051.9,234.6
1133,1447,27.347302968081983,957.6332225361476,160.0067890975572,1051.9,234.6
1134,1447,27.347302968081983,957.6332225361476,160.0067890975572,1051.9,234.6
1135,1447,27.347302968081983,957.6332225361476,160.0067890975572,1051.9,234.6
1136,1447,27.347302968081983,957.6332225361476,160.0067890975572,1051.9,234.6
1137,1447,27.347302968081983,957.6332225361476,160.0067890975572,1051.9,234.6
1138,1447,27.347302968081983,957.6332225361476,160.0067890975572,1051.9,234.6
1139,1447,27.347302968081983,957.6332225361476,160.0067890975572,1051.9,234.6
1140,1447,27.347302968081983,957.6332225361476,160.0067890975572,1051.9,234.6
1141,1447,27.347302968081983,957.6332225361476,160.0067890975572,1060.0,202.43333333333334
1142,1447,27.347302968081983,957.6332225361476,160.0067890975572,1068.1000000000001,170.26666666666665
1143,1447,11.99878127531841,957.6332225361476,160.0067890975572,1076.2,138.1
1144,1447,11.99878127531841,957.6332225361476,160.0067890975572,1076.2,138.1
1145,1447,11.99878127531841,957.6332225361476,160.0067890975572,1076.2,138.1
1146,1447,11.99878127531841,957.6332225361476,160.0067890975572,1076.2,138.1
1147,1447,11.99878127531841,957.6332225361476,160.0067890975572,1076.2,138.1
1148,1447,11.99878127531841,957.6332225361476,160.0067890975572,1076.2,138.1
1149,1447,11.99878127531841,957.6332225361476,160.0067890975572,1076.2,138.1
1150,1447,11.99878127531841,957.6332225361476,160.0067890975572,1076.2,138.1
1151,1447,11.99878127531841,957.6332225361476,160.0067890975572,1076.2,138.1
1152,1447,11.99878127531841,705.6332225361476,504.0067890975572,1076.2,138.1
1153,1447,11.99878127531841,705.6332225361476,504.0067890975572,1076.2,138.1
1154,1447,11.99878127531841,705.6332225361476,504.0067890975572,1076.2,138.1
1155,1447,11.99878127531841,705.6332225361476,504.0067890975572,1076.2,138.1
1156,1447,11.99878127531841,705.6332225361476,504.0067890975572,1076.2,138.1
1157,1447,11.99878127531841,705.6332225361476,504.0067890975572,1076.2,138.1
1158,1447,11.99878127531841,705.6332225361476,504.0067890975572,1076.2,138.1
1159,1447,11.99878127531841,705.6332225361476,504.0067890975572,1076.2,138.1
1160,1447,11.99878127531841,705.6332225361476,504.0067890975572,1076.2,138.1
1161,1447,11.99878127531841,705.6332225361476,504.0067890975572,1076.2,138.1
1162,1447,11.99878127531841,705.6332225361476,504.0067890975572,1076.2,138.1
1163,1447,11.99878127531841,705.6332225361476,504.0067890975572,1076.2,138.1
1164,1447,11.99878127531841,705.6332225361476,504.0067890975572,1076.2,138.1
1165,1447,11.99878127531841,705.6332225361476,504.0067890975572,1076.2,138.1
1166,1447,11.99878127531841,705.6332225361476,504.0067890975572,1076.2,138.1
1167,1447,11.99878127531841,705.6332225361476,504.0067890975572,1076.2,138.1
1168,1447,11.99878127531841,705.6332225361476,504.0067890975572,1076.2,138.1
1169,1447,11.99878127531841,705.6332225361476,504.0067890975572,1076.2,138.1
1170,1447,11.99878127531841,705.6332225361476,504.0067890975572,1076.2,138.1
1171,1447,11.99878127531841,705.6332225361476,504.0067890975572,1076.2,138.1
1172,1447,11.99878127531841,705.6332225361476,504.0067890975572,1076.2,138.1
1173,1447,11.99878127531841,705.6332225361476,504.0067890975572,1076.2,138.1
1174,1447,11.99878127531841,705.6332225361476,504.0067890975572,1076.2,138.1
1175,1447,11.99878127531841,705.6332225361476,504.0067890975572,1076.2,138.1
1176,1447,11.99878127531841,669.6332225361476,390.0067890975572,1076.2,138.1
1177,1447,11.99878127531841,669.6332225361476,390.0067890975572,1076.2,138.1
1178,1447,11.99878127531841,669.6332225361476,390.0067890975572,1076.2,138.1
1179,1448,54.59190025546037,669.6332225361476,390.0067890975572,1076.2,138.1
1180,1449,71.48657477880502,669.6332225361476,390.0067890975572,1076.2,138.1
1181,1450,79.18698598689507,669.6332225361476,390.0067890975572,1076.2,138.1
1182,1451,79.18698598689507,669.6332225361476,390.0067890975572,1076.2,138.1
1183,1452,79.18698598689507,669.6332225361476,390.0067890975572,1076.2,138.1
1184,1453,79.18698598689507,632.6332225361476,277.0067890975572,1076.2,138.1
1185,1454,79.18698598689507,632.6332225361476,277.0067890975572,1076.2,138.1
1186,1455,79.18698598689507,632.6332225361476,277.0067890975572,1076.2,138.1
1187,1456,79.18698598689507,632.6332225361476,277.0067890975572,1076.2,138.1
1188,1457,79.18698598689507,632.6332225361476,277.0067890975572,1076.2,138.1
1189,1458,79.18698598689507,632.6332225361476,277.0067890975572,1076.2,138.1
1190,1459,79.18698598689507,632.6332225361476,277.0067890975572,1076.2,138.1
1191,1460,79.18698598689507,632.6332225361476,277.0067890975572,1076.2,138.1
1192,1461,79.18698598689507,632.6332225361476,277.0067890975572,1076.2,138.1
1193,1462,79.18698598689507,632.6332225361476,277.0067890975572,1076.2,138.1
1194,1463,79.18698598689507,632.6332225361476,277.0067890975572,1076.2,138.1
1195,1464,79.18698598689507,632.6332225361476,277.0067890975572,1076.2,138.1
1196,1465,79.18698598689507,632.6332225361476,277.0067890975572,1076.2,138.1
1197,1466,79.18698598689507,632.6332225361476,277.0067890975572,1076.2,138.1
1198,1467,79.18698598689507,632.6332225361476,277.0067890975572,1076.2,138.1
1199,1468,79.18698598689507,632.6332225361476,277.0067890975572,1076.2,138.1
1200,1469,79.18698598689507,632.6332225361476,277.0067890975572,1072.6000000000001,191.5125
1201,1470,79.18698598689507,632.6332225361476,277.0067890975572,1069.0,244.92499999999998
1202,1471,79.18698598689507,632.6332225361476,277.0067890975572,1065.4,298.3375
1203,1472,79.18698598689507,632.6332225361476,277.0067890975572,1061.8000000000002,351.75
1204,1473,79.18698598689507,632.6332225361476,277.0067890975572,1058.2,405.1625
1205,1474,79.18698598689507,632.6332225361476,277.0067890975572,1054.6000000000001,458.57499999999993
1206,1475,79.18698598689507,632.6332225361476,277.0067890975572,1051.0,511.98749999999995
1207,1476,79.18698598689507,632.6332225361476,277.0067890975572,1047.4,565.4
1208,1477,79.18698598689507,633.6332225361476,449.0067890975572,1047.4,565.4
1209,1478,79.18698598689507,633.6332225361476,449.0067890975572,1047.4,565.4
1210,1479,79.18698598689507,633.6332225361476,449.0067890975572,1047.4,565.4
1211,1480,79.18698598689507,633.6332225361476,449.0067890975572,1047.4,565.4
1212,1481,79.18698598689507,633.6332225361476,449.0067890975572,1047.4,565.4
1213,1482,79.18698598689507,633.6332225361476,449.0067890975572,1047.4,565.4
1214,1483,79.18698598689507,633.6332225361476,449.0067890975572,1047.4,565.4
1215,1484,125.34216832695633,633.6332225361476,449.0067890975572,1047.4,565.4
1216,1485,125.34216832695633,634.6332225361476,621.0067890975572,1047.4,565.4
1217,1486,125.34216832695633,634.6332225361476,621.0067890975572,1047.4,565.4
1218,1487,125.34216832695633,634.6332225361476,621.0067890975572,1047.4,565.4
1219,1488,125.34216832695633,634.6332225361476,621.0067890975572,1047.4,565.4
1220,1489,125.34216832695633,634.6332225361476,621.0067890975572,1047.4,565.4
1221,1490,125.34216832695633,634.6332225361476,621.0067890975572,1047.4,565.4
1222,1491,125.34216832695633,634.6332225361476,621.0067890975572,1047.4,565.4
1223,1492,125.34216832695633,634.6332225361476,621.0067890975572,1047.4,565.4
1224,1493,125.34216832695633,634.6332225361476,621.0067890975572,1047.4,565.4
1225,1494,125.34216832695633,634.6332225361476,621.0067890975572,1047.4,565.4
1226,1495,125.34216832695633,634.6332225361476,621.0067890975572,1047.4,565.4
1227,1496,125.34216832695633,634.6332225361476,621.0067890975572,1047.4,565.4
1228,1497,125.34216832695633,634.6332225361476,621.0067890975572,1047.4,565.4
1229,1498,125.34216832695633,634.6332225361476,621.0067890975572,1047.4,565.4
1230,1499,125.34216832695633,634.6332225361476,621.0067890975572,1047.4,565.4
1231,1500,125.34216832695633,634.6332225361476,621.0067890975572,1047.4,565.4
1232,1501,125.34216832695633,634.6332225361476,621.0067890975572,1047.4,565.4
1233,1502,125.34216832695633,634.6332225361476,621.0067890975572,1047.4,565.4
1234,1503,125.34216832695633,634.6332225361476,621.0067890975572,1047.4,565.4
1235,1504,125.34216832695633,634.6332225361476,621.0067890975572,1047.4,565.4
1236,1505,125.34216832695633,634.6332225361476,621.0067890975572,1047.4,565.4
1237,1506,125.34216832695633,634.6332225361476,621.0067890975572,1047.4,565.4
1238,1507,125.34216832695633,634.6332225361476,621.0067890975572,1047.4,565.4
1239,1508,127.5546156075301,634.6332225361476,621.0067890975572,1047.4,565.4
1240,1509,127.5546156075301,634.6332225361476,621.0067890975572,1047.4,565.4
1241,1510,127.5546156075301,634.6332225361476,621.0067890975572,1047.4,565.4
1242,1511,127.5546156075301,634.6332225361476,621.0067890975572,1047.4,565.4
1243,1512,127.5546156075301,634.6332225361476,621.0067890975572,1047.4,565.4
1244,1513,127.5546156075301,634.6332225361476,621.0067890975572,1047.4,565.4
1245,1514,127.5546156075301,634.6332225361476,621.0067890975572,1047.4,565.4
1246,1515,127.5546156075301,634.6332225361476,621.0067890975572,1047.4,565.4
1247,1516,129.17271633379573,634.6332225361476,621.0067890975572,1047.4,565.4
1248,1517,129.17271633379573,780.6332225361476,644.0067890975572,1047.4,565.4
1249,1518,129.17271633379573,780.6332225361476,644.0067890975572,1047.4,565.4
1250,1519,129.17271633379573,780.6332225361476,644.0067890975572,1047.4,565.4
1251,1520,129.17271633379573,780.6332225361476,644.0067890975572,1047.4,565.4
1252,1521,129.17271633379573,780.6332225361476,644.0067890975572,1047.4,565.4
1253,1522,129.17271633379573,780.6332225361476,644.0067890975572,1047.4,565.4
1254,1523,153.69997548193552,780.6332225361476,644.0067890975572,1047.4,565.4
1255,1524,136.84640489344332,780.6332225361476,644.0067890975572,1047.4,565.4
1256,1525,112.22175796444968,926.6332225361476,667.0067890975572,1047.4,565.4
1257,1526,97.77194816704393,926.6332225361476,667.0067890975572,1047.4,565.4
1258,1527,89.30258248773069,926.6332225361476,667.0067890975572,1047.4,565.4
1259,1528,83.95671851754935,926.6332225361476,667.0067890975572,1047.4,565.4
1260,1529,83.95671851754935,926.6332225361476,667.0067890975572,1047.4,565.4
1261,1530,83.95671851754935,926.6332225361476,667.0067890975572,1047.4,565.4
1262,1531,83.95671851754935,926.6332225361476,667.0067890975572,1047.4,565.4
1263,1532,53.02206597394735,926.6332225361476,667.0067890975572,1047.4,565.4
1263,1533,53.02206597394735,926.6332225361476,667.0067890975572,1047.4,565.4
1263,1534,53.02206597394735,926.6332225361476,667.0067890975572,1047.4,565.4
1263,1535,53.02206597394735,926.6332225361476,667.0067890975572,1047.4,565.4
1263,1536,53.02206597394735,926.6332225361476,667.0067890975572,1047.4,565.4
1263,1537,53.02206597394735,926.6332225361476,667.0067890975572,1047.4,565.4
1263,1538,53.02206597394735,926.6332225361476,667.0067890975572,1047.4,565.4
1263,1539,53.02206597394735,926.6332225361476,667.0067890975572,1047.4,565.4
1263,1540,53.02206597394735,926.6332225361476,667.0067890975572,1047.4,565.4
1263,1541,53.02206597394735,926.6332225361476,667.0067890975572,1047.4,565.4
1263,1542,53.02206597394735,926.6332225361476,667.0067890975572,1047.4,565.4
1263,1543,53.02206597394735,926.6332225361476,667.0067890975572,1047.4,565.4
1263,1544,53.02206597394735,926.6332225361476,667.0067890975572,1047.4,565.4
1263,1545,53.02206597394735,926.6332225361476,667.0067890975572,1047.4,565.4
1263,1546,52.62573608141076,926.6332225361476,667.0067890975572,1047.4,565.4
1263,1547,52.302292426384994,926.6332225361476,667.0067890975572,1047.4,565.4
1263,1548,52.03333810705753,926.6332225361476,667.0067890975572,1047.4,565.4
1263,1549,51.806182815844906,784.6332225361476,662.0067890975572,1047.4,565.4
1263,1550,51.806182815844906,784.6332225361476,662.0067890975572,1047.4,565.4
1263,1551,51.806182815844906,784.6332225361476,662.0067890975572,1047.4,565.4
1263,1552,51.806182815844906,784.6332225361476,662.0067890975572,1047.4,565.4
1263,1553,51.806182815844906,784.6332225361476,662.0067890975572,1047.4,565.4
1263,1554,51.806182815844906,784.6332225361476,662.0067890975572,1047.4,565.4
1263,1555,51.806182815844906,784.6332225361476,662.0067890975572,1047.4,565.4
1263,1556,51.806182815844906,784.6332225361476,662.0067890975572,1047.4,565.4
1263,1557,51.806182815844906,643.6332225361476,657.0067890975572,1047.4,565.4
1263,1558,51.806182815844906,643.6332225361476,657.0067890975572,1047.4,565.4
1263,1559,51.806182815844906,643.6332225361476,657.0067890975572,1047.4,565.4
1263,1560,51.806182815844906,643.6332225361476,657.0067890975572,1047.4,565.4
1263,1561,51.806182815844906,643.6332225361476,657.0067890975572,1047.4,565.4
1263,1562,51.806182815844906,643.6332225361476,657.0067890975572,1047.4,565.4
1263,1563,51.806182815844906,643.6332225361476,657.0067890975572,1047.4,565.4
1263,1564,51.806182815844906,643.6332225361476,657.0067890975572,1047.4,565.4
1263,1565,51.806182815844906,643.6332225361476,657.0067890975572,1047.4,565.4
1263,1566,51.806182815844906,643.6332225361476,657.0067890975572,1047.4,565.4
1263,1567,51.806182815844906,643.6332225361476,657.0067890975572,1047.4,565.4
1263,1568,51.806182815844906,643.6332225361476,657.0067890975572,1047.4,565.4
1263,1569,51.806182815844906,643.6332225361476,657.0067890975572,1047.4,565.4
1263,1570,51.806182815844906,643.6332225361476,657.0067890975572,1047.4,565.4
1263,1571,51.806182815844906,643.6332225361476,657.0067890975572,1047.4,565.4
1263,1572,51.806182815844906,643.6332225361476,657.0067890975572,1047.4,565.4
1263,1573,51.806182815844906,643.6332225361476,657.0067890975572,1039.6714285714286,504.0285714285714
1263,1574,51.806182815844906,643.6332225361476,657.0067890975572,1031.9428571428573,442.65714285714284
1263,1575,51.806182815844906,643.6332225361476,657.0067890975572,1024.2142857142858,381.2857142857143
1263,1576,51.806182815844906,643.6332225361476,657.0067890975572,1016.4857142857143,319.9142857142857
1263,1577,51.806182815844906,643.6332225361476,657.0067890975572,1008.7571428571429,258.54285714285714
1263,1578,42.368968160662234,643.6332225361476,657.0067890975572,1001.0285714285714,197.17142857142858
1263,1579,32.135945482648,643.6332225361476,657.0067890975572,993.3,135.8
1263,1580,21.698258074906757,643.6332225361476,657.0067890975572,993.3,135.8
1263,1581,11.718970658596747,643.6332225361476,657.0067890975572,993.3,135.8
1263,1582,2.7052141187338146,643.6332225361476,657.0067890975572,993.3,135.8
1263,1583,5.105077300958074,643.6332225361476,657.0067890975572,993.3,135.8
1263,1584,5.105077300958074,643.6332225361476,657.0067890975572,993.3,135.8
1263,1585,5.105077300958074,643.6332225361476,657.0067890975572,993.3,135.8
1263,1586,5.105077300958074,643.6332225361476,657.0067890975572,993.3,135.8
1263,1587,5.105077300958074,643.6332225361476,657.0067890975572,993.3,135.8
1263,1588,5.105077300958074,643.6332225361476,657.0067890975572,993.3,135.8
1263,1589,5.105077300958074,791.6332225361476,410.0067890975572,993.3,135.8
1263,1590,5.105077300958074,791.6332225361476,410.0067890975572,993.3,135.8
1263,1591,5.105077300958074,791.6332225361476,410.0067890975572,993.3,135.8
1263,1592,5.105077300958074,791.6332225361476,410.0067890975572,993.3,135.8
1263,1593,5.105077300958074,791.6332225361476,410.0067890975572,993.3,135.8
1263,1594,5.105077300958074,791.6332225361476,410.0067890975572,993.3,135.8
1263,1595,5.105077300958074,791.6332225361476,410.0067890975572,993.3,135.8
1263,1596,5.105077300958074,791.6332225361476,410.0067890975572,993.3,135.8
1263,1597,5.105077300958074,939.6332225361476,162.0067890975572,993.3,135.8
1263,1598,5.105077300958074,939.6332225361476,162.0067890975572,993.3,135.8
1263,1599,5.105077300958074,939.6332225361476,162.0067890975572,951.4499999999999,139.5
1263,1600,5.105077300958074,939.6332225361476,162.0067890975572,909.6,143.20000000000002
1263,1601,5.105077300958074,939.6332225361476,162.0067890975572,867.75,146.9
1263,1602,5.105077300958074,939.6332225361476,162.0067890975572,825.9,150.6
1263,1603,5.105077300958074,939.6332225361476,162.0067890975572,784.05,154.3
1263,1604,5.105077300958074,939.6332225361476,162.0067890975572,742.2,158.0
1263,1605,5.105077300958074,939.6332225361476,162.0067890975572,742.2,158.0
1263,1606,5.105077300958074,939.6332225361476,162.0067890975572,742.2,158.0
1263,1607,5.105077300958074,939.6332225361476,162.0067890975572,742.2,158.0
1263,1608,5.105077300958074,939.6332225361476,162.0067890975572,742.2,158.0
1263,1609,5.105077300958074,939.6332225361476,162.0067890975572,742.2,158.0
1263,1610,5.105077300958074,939.6332225361476,162.0067890975572,742.2,158.0
1263,1611,5.105077300958074,939.6332225361476,162.0067890975572,742.2,158.0
1263,1612,5.105077300958074,939.6332225361476,162.0067890975572,742.2,158.0
1263,1613,5.105077300958074,939.6332225361476,162.0067890975572,742.2,158.0
1263,1614,5.105077300958074,939.6332225361476,162.0067890975572,742.2,158.0
1263,1615,5.105077300958074,939.6332225361476,162.0067890975572,742.2,158.0
1264,1616,5.105077300958074,939.6332225361476,162.0067890975572,742.2,158.0
1265,1617,5.105077300958074,939.6332225361476,162.0067890975572,742.2,158.0
1266,1618,5.105077300958074,939.6332225361476,162.0067890975572,742.2,158.0
1267,1619,5.105077300958074,939.6332225361476,162.0067890975572,742.2,158.0
1268,1620,5.105077300958074,939.6332225361476,162.0067890975572,742.2,158.0
1269,1621,5.105077300958074,771.6332225361476,404.0067890975572,742.2,158.0
1270,1622,5.105077300958074,771.6332225361476,404.0067890975572,742.2,158.0
1271,1623,5.105077300958074,771.6332225361476,404.0067890975572,742.2,158.0
1272,1624,5.105077300958074,771.6332225361476,404.0067890975572,742.2,158.0
1273,1625,5.105077300958074,771.6332225361476,404.0067890975572,742.2,158.0
1274,1626,5.105077300958074,771.6332225361476,404.0067890975572,742.2,158.0
1275,1627,5.105077300958074,771.6332225361476,404.0067890975572,761.4571428571429,211.7
1276,1628,5.105077300958074,771.6332225361476,404.0067890975572,780.7142857142858,265.4
1277,1629,5.105077300958074,602.6332225361476,645.0067890975572,799.9714285714285,319.1
1278,1630,2.68036406801339,602.6332225361476,645.0067890975572,819.2285714285714,372.79999999999995
1279,1631,3.4029993233287668,602.6332225361476,645.0067890975572,838.4857142857143,426.5
1280,1631,3.4029993233287668,602.6332225361476,645.0067890975572,857.7428571428571,480.2
1281,1631,3.4029993233287668,602.6332225361476,645.0067890975572,877.0,533.9
1282,1631,3.4029993233287668,602.6332225361476,645.0067890975572,877.0,533.9
1283,1631,3.4029993233287668,602.6332225361476,645.0067890975572,877.0,533.9
1284,1631,3.4029993233287668,602.6332225361476,645.0067890975572,877.0,533.9
1285,1631,3.4029993233287668,602.6332225361476,645.0067890975572,877.0,533.9
1286,1632,7.355759894053291,602.6332225361476,645.0067890975572,877.0,533.9
1287,1633,1.9092096954260864,602.6332225361476,645.0067890975572,877.0,533.9
1287,1634,13.53918739081908,602.6332225361476,645.0067890975572,877.0,533.9
1287,1635,24.274788670540485,602.6332225361476,645.0067890975572,877.0,533.9
1287,1636,24.274788670540485,602.6332225361476,645.0067890975572,877.0,533.9
1287,1637,24.274788670540485,602.6332225361476,645.0067890975572,877.0,533.9
1287,1638,24.274788670540485,602.6332225361476,645.0067890975572,877.0,533.9
1287,1639,24.274788670540485,602.6332225361476,645.0067890975572,877.0,533.9
1287,1640,24.274788670540485,602.6332225361476,645.0067890975572,877.0,533.9
1287,1641,24.274788670540485,602.6332225361476,645.0067890975572,877.0,533.9
1287,1642,24.274788670540485,602.6332225361476,645.0067890975572,877.0,533.9
1287,1643,24.274788670540485,602.6332225361476,645.0067890975572,877.0,533.9
1287,1644,24.274788670540485,602.6332225361476,645.0067890975572,877.0,533.9
1287,1645,24.274788670540485,602.6332225361476,645.0067890975572,877.0,533.9
1287,1646,24.274788670540485,602.6332225361476,645.0067890975572,877.0,533.9
1287,1647,24.274788670540485,602.6332225361476,645.0067890975572,877.0,533.9
1287,1648,24.274788670540485,602.6332225361476,645.0067890975572,877.0,533.9
1287,1649,24.274788670540485,602.6332225361476,645.0067890975572,877.0,533.9
1287,1650,24.274788670540485,602.6332225361476,645.0067890975572,877.0,533.9
1287,1651,24.274788670540485,602.6332225361476,645.0067890975572,877.0,533.9
1287,1652,24.274788670540485,602.6332225361476,645.0067890975572,877.0,533.9
1287,1653,24.274788670540485,602.6332225361476,645.0067890975572,877.0,533.9
1287,1654,24.274788670540485,602.6332225361476,645.0067890975572,877.0,533.9
1287,1655,24.274788670540485,867.6332225361476,658.0067890975572,877.0,533.9
1287,1656,24.274788670540485,867.6332225361476,658.0067890975572,877.0,533.9
1287,1657,24.274788670540485,867.6332225361476,658.0067890975572,877.0,533.9
1287,1658,24.274788670540485,867.6332225361476,658.0067890975572,877.0,533.9
1287,1659,24.274788670540485,867.6332225361476,658.0067890975572,877.0,533.9
1287,1660,24.274788670540485,867.6332225361476,658.0067890975572,877.0,533.9
1287,1661,24.274788670540485,867.6332225361476,658.0067890975572,877.0,533.9
1287,1662,24.274788670540485,867.6332225361476,658.0067890975572,877.0,533.9
1287,1663,24.274788670540485,1131.6332225361475,671.0067890975572,877.0,533.9
1287,1664,24.274788670540485,1131.6332225361475,671.0067890975572,877.0,533.9
1287,1665,24.274788670540485,1131.6332225361475,671.0067890975572,877.0,533.9
1287,1666,24.274788670540485,1131.6332225361475,671.0067890975572,877.0,533.9
1287,1667,24.274788670540485,1131.6332225361475,671.0067890975572,877.0,533.9
1287,1668,24.274788670540485,1131.6332225361475,671.0067890975572,877.0,533.9
1287,1669,24.274788670540485,1131.6332225361475,671.0067890975572,917.2,504.75
1287,1670,24.274788670540485,1131.6332225361475,671.0067890975572,957.4,475.59999999999997
1287,1671,24.274788670540485,1131.6332225361475,671.0067890975572,997.6,446.45
1287,1672,24.274788670540485,1131.6332225361475,671.0067890975572,1037.8,417.3
1287,1673,24.274788670540485,1131.6332225361475,671.0067890975572,1078.0,388.15
1287,1674,24.274788670540485,1131.6332225361475,671.0067890975572,1118.2,359.0
1287,1675,24.274788670540485,1131.6332225361475,671.0067890975572,1118.2,359.0
1288,1676,24.274788670540485,1131.6332225361475,671.0067890975572,1118.2,359.0
1289,1677,24.274788670540485,1131.6332225361475,671.0067890975572,1118.2,359.0
1290,1678,24.274788670540485,1131.6332225361475,671.0067890975572,1118.2,359.0
1291,1679,24.274788670540485,1131.6332225361475,671.0067890975572,1118.2,359.0
1292,1680,24.274788670540485,1131.6332225361475,671.0067890975572,1118.2,359.0
1293,1681,24.274788670540485,1131.6332225361475,671.0067890975572,1118.2,359.0
1294,1682,24.274788670540485,1131.6332225361475,671.0067890975572,1118.2,359.0
1295,1683,24.274788670540485,1131.6332225361475,671.0067890975572,1118.2,359.0
1296,1684,24.274788670540485,1131.6332225361475,671.0067890975572,1118.2,359.0
1297,1685,24.274788670540485,1131.6332225361475,671.0067890975572,1118.2,359.0
1298,1686,24.274788670540485,1131.6332225361475,671.0067890975572,1118.2,359.0
1299,1687,24.274788670540485,1131.6332225361475,671.0067890975572,1118.2,359.0
1300,1688,24.274788670540485,1131.6332225361475,671.0067890975572,1118.2,359.0
1301,1689,24.274788670540485,1131.6332225361475,671.0067890975572,1118.2,359.0
1302,1690,24.274788670540485,1131.6332225361475,671.0067890975572,1118.2,359.0
1303,1691,24.274788670540485,1131.6332225361475,671.0067890975572,1118.2,359.0
1304,1692,24.274788670540485,1131.6332225361475,671.0067890975572,1118.2,359.0
1305,1693,24.274788670540485,1131.6332225361475,671.0067890975572,1118.2,359.0
1306,1694,24.274788670540485,1131.6332225361475,671.0067890975572,1118.2,359.0
1307,1695,24.274788670540485,1222.6332225361475,670.0067890975572,1118.2,359.0
1308,1696,24.274788670540485,1222.6332225361475,670.0067890975572,1118.2,359.0
1309,1697,24.274788670540485,1222.6332225361475,670.0067890975572,1118.2,359.0
1310,1698,24.274788670540485,1222.6332225361475,670.0067890975572,1118.2,359.0
1311,1699,24.274788670540485,1222.6332225361475,670.0067890975572,1118.2,359.0
1312,1700,24.274788670540485,1222.6332225361475,670.0067890975572,1118.2,359.0
1313,1701,24.274788670540485,1222.6332225361475,670.0067890975572,1118.2,359.0
1314,1702,24.274788670540485,1222.6332225361475,670.0067890975572,1118.2,359.0
1315,1703,24.274788670540485,1222.6332225361475,670.0067890975572,1118.2,359.0
1316,1704,24.274788670540485,1222.6332225361475,670.0067890975572,1118.2,359.0
1317,1705,24.274788670540485,1222.6332225361475,670.0067890975572,1118.2,359.0
1318,1706,24.274788670540485,1222.6332225361475,670.0067890975572,1118.2,359.0
1319,1707,24.274788670540485,1222.6332225361475,670.0067890975572,1118.2,359.0
1320,1708,24.274788670540485,1222.6332225361475,670.0067890975572,1118.2,359.0
1321,1709,24.274788670540485,1222.6332225361475,670.0067890975572,1118.2,359.0
1322,1710,24.274788670540485,1222.6332225361475,670.0067890975572,1166.45,411.725
1323,1711,24.274788670540485,1222.6332225361475,670.0067890975572,1214.7,464.45
1324,1712,24.274788670540485,1222.6332225361475,670.0067890975572,1262.95,517.175
1325,1713,24.274788670540485,1222.6332225361475,670.0067890975572,1311.2,569.9
1326,1714,24.274788670540485,1222.6332225361475,670.0067890975572,1311.2,569.9
1327,1715,24.274788670540485,1222.6332225361475,670.0067890975572,1311.2,569.9
1328,1716,24.274788670540485,1222.6332225361475,670.0067890975572,1311.2,569.9
1329,1717,24.274788670540485,1222.6332225361475,670.0067890975572,1311.2,569.9
1330,1718,24.274788670540485,1222.6332225361475,670.0067890975572,1311.2,569.9
1331,1719,24.274788670540485,1222.6332225361475,670.0067890975572,1311.2,569.9
1332,1720,24.274788670540485,1222.6332225361475,670.0067890975572,1311.2,569.9
1333,1721,24.274788670540485,1222.6332225361475,670.0067890975572,1311.2,569.9
1334,1722,24.274788670540485,1222.6332225361475,670.0067890975572,1311.2,569.9
1335,1723,24.274788670540485,1222.6332225361475,670.0067890975572,1311.2,569.9
1336,1724,24.274788670540485,1222.6332225361475,670.0067890975572,1311.2,569.9
1337,1725,24.274788670540485,1222.6332225361475,670.0067890975572,1311.2,569.9
1338,1726,24.274788670540485,1222.6332225361475,670.0067890975572,1311.2,569.9
1339,1727,24.274788670540485,987.6332225361476,673.0067890975572,1311.2,569.9
1340,1728,24.274788670540485,987.6332225361476,673.0067890975572,1311.2,569.9
1341,1729,24.274788670540485,987.6332225361476,673.0067890975572,1311.2,569.9
1342,1730,24.274788670540485,987.6332225361476,673.0067890975572,1311.2,569.9
1343,1731,24.274788670540485,987.6332225361476,673.0067890975572,1311.2,569.9
1344,1732,24.274788670540485,987.6332225361476,673.0067890975572,1311.2,569.9
1345,1733,24.274788670540485,987.6332225361476,673.0067890975572,1311.2,569.9
1346,1734,24.274788670540485,987.6332225361476,673.0067890975572,1311.2,569.9
1347,1735,24.274788670540485,987.6332225361476,673.0067890975572,1311.2,569.9
1348,1736,24.274788670540485,987.6332225361476,673.0067890975572,1311.2,569.9
1349,1737,24.274788670540485,987.6332225361476,673.0067890975572,1311.2,569.9
1350,1738,24.274788670540485,987.6332225361476,673.0067890975572,1311.2,569.9
1351,1739,24.274788670540485,987.6332225361476,673.0067890975572,1311.2,569.9
1352,1740,24.274788670540485,987.6332225361476,673.0067890975572,1311.2,569.9
1353,1741,24.274788670540485,987.6332225361476,673.0067890975572,1311.2,569.9
1354,1742,24.274788670540485,987.6332225361476,673.0067890975572,1311.2,569.9
1355,1743,24.274788670540485,987.6332225361476,673.0067890975572,1311.2,569.9
1356,1744,24.274788670540485,987.6332225361476,673.0067890975572,1311.2,569.9
1357,1745,24.274788670540485,987.6332225361476,673.0067890975572,1311.2,569.9
1358,1746,24.274788670540485,987.6332225361476,673.0067890975572,1311.2,569.9
1359,1747,26.92290690056127,987.6332225361476,673.0067890975572,1311.2,569.9
1360,1748,26.92290690056127,987.6332225361476,673.0067890975572,1311.2,569.9
1361,1749,26.92290690056127,987.6332225361476,673.0067890975572,1311.2,569.9
1362,1750,26.92290690056127,987.6332225361476,673.0067890975572,1311.2,569.9
1363,1751,30.104177598656936,987.6332225361476,673.0067890975572,1311.2,569.9
1364,1752,34.772594875855404,987.6332225361476,673.0067890975572,1311.2,569.9
1365,1753,42.14934621213654,987.6332225361476,673.0067890975572,1311.2,569.9
1366,1754,54.8794821590118,987.6332225361476,673.0067890975572,1311.2,569.9
1367,1755,112.20609056068552,987.6332225361476,673.0067890975572,1311.2,569.9
1368,1756,78.52872871606863,987.6332225361476,673.0067890975572,1311.2,569.9
1369,1756,78.52872871606863,987.6332225361476,673.0067890975572,1311.2,569.9
1370,1756,78.52872871606863,987.6332225361476,673.0067890975572,1311.2,569.9
1371,1756,78.52872871606863,887.6332225361476,672.0067890975572,1311.2,569.9
1372,1756,78.52872871606863,887.6332225361476,672.0067890975572,1311.2,569.9
1373,1756,78.52872871606863,887.6332225361476,672.0067890975572,1311.2,569.9
1374,1756,78.52872871606863,887.6332225361476,672.0067890975572,1311.2,569.9
1375,1756,78.52872871606863,887.6332225361476,672.0067890975572,1311.2,569.9
1376,1756,78.52872871606863,887.6332225361476,672.0067890975572,1311.2,569.9
1377,1756,78.52872871606863,887.6332225361476,672.0067890975572,1311.2,569.9
1378,1756,78.52872871606863,887.6332225361476,672.0067890975572,1311.2,569.9
1379,1756,78.52872871606863,887.6332225361476,672.0067890975572,1311.2,569.9
1380,1756,78.52872871606863,887.6332225361476,672.0067890975572,1311.2,569.9
1381,1756,78.52872871606863,786.6332225361476,671.0067890975572,1311.2,569.9
1382,1756,78.52872871606863,786.6332225361476,671.0067890975572,1311.2,569.9
1383,1756,78.52872871606863,786.6332225361476,671.0067890975572,1311.2,569.9
1384,1756,78.52872871606863,786.6332225361476,671.0067890975572,1311.2,569.9
1385,1756,78.52872871606863,786.6332225361476,671.0067890975572,1250.1166666666668,569.5166666666667
1386,1756,78.52872871606863,786.6332225361476,671.0067890975572,1189.0333333333333,569.1333333333333
1387,1756,78.52872871606863,786.6332225361476,671.0067890975572,1127.95,568.75
1388,1756,78.52872871606863,786.6332225361476,671.0067890975572,1066.8666666666668,568.3666666666667
1389,1756,78.52872871606863,786.6332225361476,671.0067890975572,1005.7833333333333,567.9833333333333
1390,1756,78.52872871606863,786.6332225361476,671.0067890975572,944.7,567.6
1391,1756,122.73295611295141,786.6332225361476,671.0067890975572,944.7,567.6
1392,1756,122.73295611295141,786.6332225361476,671.0067890975572,944.7,567.6
1393,1757,122.73295611295141,786.6332225361476,671.0067890975572,944.7,567.6
1394,1758,122.73295611295141,786.6332225361476,671.0067890975572,944.7,567.6
1395,1759,122.73295611295141,786.6332225361476,671.0067890975572,944.7,567.6
1396,1760,122.73295611295141,786.6332225361476,671.0067890975572,944.7,567.6
1397,1761,122.73295611295141,786.6332225361476,671.0067890975572,944.7,567.6
1398,1762,122.73295611295141,786.6332225361476,671.0067890975572,944.7,567.6
1399,1763,135.9094413910965,786.6332225361476,671.0067890975572,944.7,567.6
1400,1764,135.9094413910965,786.6332225361476,671.0067890975572,944.7,567.6
1401,1765,135.9094413910965,786.6332225361476,671.0067890975572,944.7,567.6
1402,1766,135.9094413910965,786.6332225361476,671.0067890975572,944.7,567.6
1403,1767,135.9094413910965,727.6332225361476,632.0067890975572,944.7,567.6
1404,1768,135.9094413910965,727.6332225361476,632.0067890975572,944.7,567.6
1405,1769,135.9094413910965,727.6332225361476,632.0067890975572,944.7,567.6
1406,1770,135.9094413910965,727.6332225361476,632.0067890975572,944.7,567.6
1407,1771,135.9094413910965,727.6332225361476,632.0067890975572,944.7,567.6
1408,1772,135.9094413910965,727.6332225361476,632.0067890975572,944.7,567.6
1409,1773,135.9094413910965,727.6332225361476,632.0067890975572,944.7,567.6
1410,1774,135.9094413910965,727.6332225361476,632.0067890975572,944.7,567.6
1411,1775,135.9094413910965,727.6332225361476,632.0067890975572,944.7,567.6
1412,1776,135.9094413910965,727.6332225361476,632.0067890975572,944.7,567.6
1413,1777,135.9094413910965,727.6332225361476,632.0067890975572,944.7,567.6
1414,1778,135.9094413910965,727.6332225361476,632.0067890975572,944.7,567.6
1415,1779,135.9094413910965,727.6332225361476,632.0067890975572,944.7,567.6
1416,1780,135.9094413910965,727.6332225361476,632.0067890975572,944.7,567.6
1417,1781,135.9094413910965,727.6332225361476,632.0067890975572,944.7,567.6
1418,1782,135.9094413910965,727.6332225361476,632.0067890975572,944.7,567.6
1419,1783,135.9094413910965,727.6332225361476,632.0067890975572,944.7,567.6
1420,1784,135.9094413910965,727.6332225361476,632.0067890975572,944.7,567.6
1421,1785,135.9094413910965,727.6332225361476,632.0067890975572,944.7,567.6
1422,1786,135.9094413910965,727.6332225361476,632.0067890975572,944.7,567.6
1423,1787,135.9094413910965,727.6332225361476,632.0067890975572,944.7,567.6
1424,1788,135.9094413910965,727.6332225361476,632.0067890975572,944.7,567.6
1425,1789,69.90545237295953,727.6332225361476,632.0067890975572,944.7,567.6
1426,1790,69.90545237295953,727.6332225361476,632.0067890975572,944.7,567.6
1427,1791,69.90545237295953,727.6332225361476,632.0067890975572,944.7,567.6
1428,1792,69.90545237295953,727.6332225361476,632.0067890975572,944.7,567.6
1429,1793,69.90545237295953,727.6332225361476,632.0067890975572,944.7,567.6
1430,1794,69.90545237295953,727.6332225361476,632.0067890975572,951.8142857142858,519.4571428571429
1431,1795,69.90545237295953,727.6332225361476,632.0067890975572,958.9285714285714,471.31428571428575
1432,1796,69.90545237295953,727.6332225361476,632.0067890975572,966.0428571428572,423.1714285714286
1433,1797,69.90545237295953,727.6332225361476,632.0067890975572,973.1571428571428,375.02857142857147
1434,1798,69.90545237295953,727.6332225361476,632.0067890975572,980.2714285714286,326.8857142857143
1435,1799,69.90545237295953,727.6332225361476,632.0067890975572,987.3857142857142,278.74285714285713
1436,1800,69.90545237295953,727.6332225361476,632.0067890975572,994.5,230.6
1437,1801,69.90545237295953,727.6332225361476,632.0067890975572,994.5,230.6
1438,1802,69.90545237295953,727.6332225361476,632.0067890975572,994.5,230.6
1439,1803,69.90545237295953,727.6332225361476,632.0067890975572,994.5,230.6
1440,1804,69.90545237295953,727.6332225361476,632.0067890975572,994.5,230.6
1441,1805,69.90545237295953,727.6332225361476,632.0067890975572,994.5,230.6
1442,1806,69.90545237295953,727.6332225361476,632.0067890975572,994.5,230.6
1443,1807,69.90545237295953,727.6332225361476,632.0067890975572,994.5,230.6
1444,1808,69.90545237295953,727.6332225361476,632.0067890975572,994.5,230.6
1445,1809,69.90545237295953,727.6332225361476,632.0067890975572,994.5,230.6
1446,1810,69.90545237295953,727.6332225361476,632.0067890975572,994.5,230.6
1447,1811,69.90545237295953,727.6332225361476,632.0067890975572,994.5,230.6
1448,1812,69.90545237295953,727.6332225361476,632.0067890975572,994.5,230.6
1449,1813,69.90545237295953,727.6332225361476,632.0067890975572,994.5,230.6
1450,1814,69.90545237295953,727.6332225361476,632.0067890975572,994.5,230.6
1451,1815,69.90545237295953,840.6332225361476,647.0067890975572,994.5,230.6
1452,1816,69.90545237295953,840.6332225361476,647.0067890975572,994.5,230.6
1453,1817,69.90545237295953,840.6332225361476,647.0067890975572,1017.2,212.12
1454,1818,69.90545237295953,840.6332225361476,647.0067890975572,1039.9,193.64
1455,1819,69.90545237295953,840.6332225361476,647.0067890975572,1062.6,175.16
1456,1820,69.90545237295953,840.6332225361476,647.0067890975572,1085.3,156.68
1457,1821,69.90545237295953,840.6332225361476,647.0067890975572,1108.0,138.2
1458,1822,69.90545237295953,840.6332225361476,647.0067890975572,1108.0,138.2
1459,1823,69.90545237295953,953.6332225361476,661.0067890975572,1108.0,138.2
1460,1824,69.90545237295953,953.6332225361476,661.0067890975572,1108.0,138.2
1461,1825,69.90545237295953,953.6332225361476,661.0067890975572,1108.0,138.2
1462,1826,69.90545237295953,953.6332225361476,661.0067890975572,1108.0,138.2
1463,1827,69.90545237295953,953.6332225361476,661.0067890975572,1108.0,138.2
1464,1828,69.90545237295953,953.6332225361476,661.0067890975572,1108.0,138.2
1465,1829,69.90545237295953,953.6332225361476,661.0067890975572,1108.0,138.2
1466,1830,69.90545237295953,953.6332225361476,661.0067890975572,1108.0,138.2
1467,1831,69.90545237295953,953.6332225361476,661.0067890975572,1108.0,138.2
1468,1832,69.90545237295953,953.6332225361476,661.0067890975572,1108.0,138.2
1469,1833,69.90545237295953,953.6332225361476,661.0067890975572,1108.0,138.2
1470,1834,69.90545237295953,953.6332225361476,661.0067890975572,1108.0,138.2
1471,1835,69.90545237295953,953.6332225361476,661.0067890975572,1108.0,138.2
1472,1836,69.90545237295953,953.6332225361476,661.0067890975572,1108.0,138.2
1473,1837,69.90545237295953,953.6332225361476,661.0067890975572,1108.0,138.2
1474,1838,69.90545237295953,953.6332225361476,661.0067890975572,1108.0,138.2
1475,1839,69.90545237295953,953.6332225361476,661.0067890975572,1108.0,138.2
1476,1840,69.90545237295953,953.6332225361476,661.0067890975572,1108.0,138.2
1477,1841,69.90545237295953,953.6332225361476,661.0067890975572,1108.0,138.2
1478,1842,69.90545237295953,953.6332225361476,661.0067890975572,1108.0,138.2
1479,1843,69.90545237295953,953.6332225361476,661.0067890975572,1108.0,138.2
1480,1844,69.90545237295953,953.6332225361476,661.0067890975572,1108.0,138.2
1481,1845,69.90545237295953,953.6332225361476,661.0067890975572,1108.0,138.2
1482,1846,69.90545237295953,953.6332225361476,661.0067890975572,1108.0,138.2
1483,1847,69.90545237295953,953.6332225361476,661.0067890975572,1108.0,138.2
1484,1848,69.90545237295953,953.6332225361476,661.0067890975572,1108.0,138.2
1485,1849,69.90545237295953,953.6332225361476,661.0067890975572,1108.0,138.2
1486,1850,69.90545237295953,953.6332225361476,661.0067890975572,1108.0,138.2
1487,1851,69.90545237295953,953.6332225361476,661.0067890975572,1108.0,138.2
1488,1852,69.90545237295953,953.6332225361476,661.0067890975572,1108.0,138.2
1489,1853,69.90545237295953,953.6332225361476,661.0067890975572,1108.0,138.2
1490,1854,69.90545237295953,953.6332225361476,661.0067890975572,1108.0,138.2
1491,1855,69.90545237295953,953.6332225361476,661.0067890975572,1108.0,138.2
1492,1856,69.90545237295953,953.6332225361476,661.0067890975572,1108.0,138.2
1493,1857,69.90545237295953,953.6332225361476,661.0067890975572,1108.0,138.2
1494,1858,69.90545237295953,953.6332225361476,661.0067890975572,1108.0,138.2
1495,1859,69.90545237295953,953.6332225361476,661.0067890975572,1108.0,138.2
1496,1860,69.90545237295953,953.6332225361476,661.0067890975572,1108.0,138.2
1497,1861,102.78879421275764,953.6332225361476,661.0067890975572,1108.0,138.2
1498,1862,102.78879421275764,953.6332225361476,661.0067890975572,1108.0,138.2
1499,1863,123.96641447481106,953.6332225361476,661.0067890975572,1108.0,138.2
1500,1864,143.82213505834628,953.6332225361476,661.0067890975572,1108.0,138.2
1501,1865,158.90196663359848,953.6332225361476,661.0067890975572,1108.0,138.2
1502,1866,169.37885351304942,953.6332225361476,661.0067890975572,1108.0,138.2
1503,1867,158.81439201093428,953.6332225361476,661.0067890975572,1108.0,138.2
1504,1868,153.6496130170144,953.6332225361476,661.0067890975572,1112.1222222222223,187.29999999999998
1505,1869,149.84127435770017,953.6332225361476,661.0067890975572,1116.2444444444445,236.39999999999998
1506,1870,146.9406531506381,953.6332225361476,661.0067890975572,1120.3666666666666,285.5
1507,1871,144.66853515221115,953.6332225361476,661.0067890975572,1124.4888888888888,334.6
1508,1872,144.66853515221115,953.6332225361476,661.0067890975572,1128.611111111111,383.7
1509,1873,144.66853515221115,953.6332225361476,661.0067890975572,1132.7333333333333,432.8
1510,1874,144.66853515221115,953.6332225361476,661.0067890975572,1136.8555555555554,481.9
1511,1875,144.66853515221115,953.6332225361476,661.0067890975572,1140.9777777777776,531.0
1512,1876,144.66853515221115,953.6332225361476,661.0067890975572,1145.1,580.1
1513,1877,144.66853515221115,953.6332225361476,661.0067890975572,1145.1,580.1
1514,1878,144.66853515221115,953.6332225361476,661.0067890975572,1145.1,580.1
1515,1879,144.66853515221115,953.6332225361476,661.0067890975572,1145.1,580.1
1516,1880,144.66853515221115,953.6332225361476,661.0067890975572,1145.1,580.1
1517,1881,144.66853515221115,953.6332225361476,661.0067890975572,1145.1,580.1
1518,1882,144.66853515221115,953.6332225361476,661.0067890975572,1145.1,580.1
1519,1883,136.2172126663973,953.6332225361476,661.0067890975572,1145.1,580.1
1520,1884,135.97106666419862,953.6332225361476,661.0067890975572,1145.1,580.1
1521,1885,135.76727590959803,953.6332225361476,661.0067890975572,1145.1,580.1
1522,1886,135.59577819871149,953.6332225361476,661.0067890975572,1145.1,580.1
1523,1887,135.59577819871149,953.6332225361476,661.0067890975572,1145.1,580.1
1524,1888,135.59577819871149,953.6332225361476,661.0067890975572,1145.1,580.1
1525,1889,135.59577819871149,953.6332225361476,661.0067890975572,1145.1,580.1
1526,1890,135.59577819871149,953.6332225361476,661.0067890975572,1145.1,580.1
1527,1891,130.60856924462607,953.6332225361476,661.0067890975572,1145.1,580.1
1528,1892,130.60856924462607,953.6332225361476,661.0067890975572,1145.1,580.1
1529,1893,130.60856924462607,953.6332225361476,661.0067890975572,1145.1,580.1
1530,1894,130.60856924462607,953.6332225361476,661.0067890975572,1145.1,580.1
1531,1895,130.60856924462607,1107.6332225361475,678.0067890975572,1145.1,580.1
1532,1896,130.60856924462607,1107.6332225361475,678.0067890975572,1145.1,580.1
1533,1897,130.60856924462607,1107.6332225361475,678.0067890975572,1145.1,580.1
1534,1898,130.60856924462607,1107.6332225361475,678.0067890975572,1145.1,580.1
1535,1899,130.60856924462607,1107.6332225361475,678.0067890975572,1145.1,580.1
1536,1900,130.60856924462607,1107.6332225361475,678.0067890975572,1145.1,580.1
1537,1901,130.60856924462607,1107.6332225361475,678.0067890975572,1145.1,580.1
1538,1902,130.60856924462607,1107.6332225361475,678.0067890975572,1145.1,580.1
1539,1903,130.60856924462607,1261.6332225361475,695.0067890975572,1145.1,580.1
1540,1904,130.60856924462607,1261.6332225361475,695.0067890975572,1145.1,580.1
1541,1905,130.60856924462607,1261.6332225361475,695.0067890975572,1145.1,580.1
1542,1906,130.60856924462607,1261.6332225361475,695.0067890975572,1145.1,580.1
1543,1907,130.60856924462607,1261.6332225361475,695.0067890975572,1145.1,580.1
1544,1908,130.60856924462607,1261.6332225361475,695.0067890975572,1145.1,580.1
1545,1909,130.60856924462607,1261.6332225361475,695.0067890975572,1145.1,580.1
1546,1910,130.60856924462607,1261.6332225361475,695.0067890975572,1145.1,580.1
1547,1911,130.60856924462607,1261.6332225361475,695.0067890975572,1145.1,580.1
1548,1912,130.60856924462607,1261.6332225361475,695.0067890975572,1145.1,580.1
1549,1913,130.60856924462607,1261.6332225361475,695.0067890975572,1145.1,580.1
1550,1914,130.60856924462607,1261.6332225361475,695.0067890975572,1145.1,580.1
1551,1915,130.60856924462607,1261.6332225361475,695.0067890975572,1145.1,580.1
1552,1916,130.60856924462607,1261.6332225361475,695.0067890975572,1145.1,580.1
1553,1917,130.60856924462607,1261.6332225361475,695.0067890975572,1145.1,580.1
1554,1918,130.60856924462607,1261.6332225361475,695.0067890975572,1145.1,580.1
1555,1919,130.60856924462607,1261.6332225361475,695.0067890975572,1145.1,580.1
1556,1920,130.60856924462607,1261.6332225361475,695.0067890975572,1145.1,580.1
1557,1921,130.60856924462607,1261.6332225361475,695.0067890975572,1145.1,580.1
1558,1922,130.60856924462607,1261.6332225361475,695.0067890975572,1145.1,580.1
1559,1923,130.60856924462607,1261.6332225361475,695.0067890975572,1145.1,580.1
1560,1924,130.60856924462607,1261.6332225361475,695.0067890975572,1145.1,580.1
1561,1925,130.60856924462607,1261.6332225361475,695.0067890975572,1145.1,580.1
1562,1926,130.60856924462607,1261.6332225361475,695.0067890975572,1145.1,580.1
1563,1927,130.60856924462607,1261.6332225361475,695.0067890975572,1145.1,580.1
1564,1928,130.60856924462607,1261.6332225361475,695.0067890975572,1145.1,580.1
1565,1929,130.60856924462607,1261.6332225361475,695.0067890975572,1145.1,580.1
1566,1930,130.60856924462607,1261.6332225361475,695.0067890975572,1145.1,580.1
1567,1931,130.60856924462607,1261.6332225361475,695.0067890975572,1145.1,580.1
1568,1932,130.60856924462607,1261.6332225361475,695.0067890975572,1145.1,580.1
1569,1933,130.60856924462607,1261.6332225361475,695.0067890975572,1145.1,580.1
1570,1934,130.60856924462607,1261.6332225361475,695.0067890975572,1145.1,580.1
1571,1935,130.60856924462607,1261.6332225361475,695.0067890975572,1145.1,580.1
1572,1936,130.60856924462607,1261.6332225361475,695.0067890975572,1145.1,580.1
1573,1937,130.60856924462607,1261.6332225361475,695.0067890975572,1145.1,580.1
1574,1938,130.60856924462607,1261.6332225361475,695.0067890975572,1145.1,580.1
1575,1939,130.60856924462607,1261.6332225361475,695.0067890975572,1145.1,580.1
1576,1940,130.60856924462607,1261.6332225361475,695.0067890975572,1145.1,580.1
1577,1941,130.60856924462607,1261.6332225361475,695.0067890975572,1145.1,580.1
1578,1942,130.60856924462607,1261.6332225361475,695.0067890975572,1145.1,580.1
1579,1943,132.38877240737855,1261.6332225361475,695.0067890975572,1145.1,580.1
1580,1944,134.7566879698816,1261.6332225361475,695.0067890975572,1145.1,580.1
1581,1945,138.04678238941338,1261.6332225361475,695.0067890975572,1145.1,580.1
1582,1946,142.8857824407441,1261.6332225361475,695.0067890975572,1145.1,580.1
1583,1947,152.0299549084594,1261.6332225361475,695.0067890975572,1145.1,580.1
1584,1948,138.81417512439026,1261.6332225361475,695.0067890975572,1145.1,580.1
1585,1949,115.1096837083173,1261.6332225361475,695.0067890975572,1145.1,580.1
1586,1950,81.82255791284062,1261.6332225361475,695.0067890975572,1145.1,580.1
1587,1951,81.82255791284062,1261.6332225361475,695.0067890975572,1145.1,580.1
1588,1952,81.82255791284062,1261.6332225361475,695.0067890975572,1145.1,580.1
1589,1953,81.82255791284062,1261.6332225361475,695.0067890975572,1145.1,580.1
1590,1954,81.82255791284062,1261.6332225361475,695.0067890975572,1145.1,580.1
1591,1955,5.541397016023634,1261.6332225361475,695.0067890975572,1145.1,580.1
1592,1956,5.541397016023634,1261.6332225361475,695.0067890975572,1145.1,580.1
1593,1957,5.541397016023634,1261.6332225361475,695.0067890975572,1145.1,580.1
1594,1958,5.541397016023634,1261.6332225361475,695.0067890975572,1145.1,580.1
1595,1959,5.541397016023634,1261.6332225361475,695.0067890975572,1145.1,580.1
1596,1960,5.541397016023634,1261.6332225361475,695.0067890975572,1145.1,580.1
1597,1961,5.541397016023634,1261.6332225361475,695.0067890975572,1145.1,580.1
1598,1962,5.541397016023634,1261.6332225361475,695.0067890975572,1145.1,580.1
1599,1963,5.541397016023634,1261.6332225361475,695.0067890975572,1145.1,580.1
1600,1964,5.541397016023634,1261.6332225361475,695.0067890975572,1145.1,580.1
1601,1965,5.541397016023634,1261.6332225361475,695.0067890975572,1145.1,580.1
1602,1966,5.541397016023634,1261.6332225361475,695.0067890975572,1145.1,580.1
1603,1967,5.541397016023634,1261.6332225361475,695.0067890975572,1145.1,580.1
1604,1968,5.541397016023634,1261.6332225361475,695.0067890975572,1145.1,580.1
1605,1969,5.541397016023634,1261.6332225361475,695.0067890975572,1145.1,580.1
1606,1970,5.541397016023634,1261.6332225361475,695.0067890975572,1145.1,580.1
1607,1971,5.541397016023634,1261.6332225361475,695.0067890975572,1145.1,580.1
1608,1972,5.541397016023634,1261.6332225361475,695.0067890975572,1145.1,580.1
1609,1973,5.541397016023634,1261.6332225361475,695.0067890975572,1145.1,580.1
1610,1974,5.541397016023634,1261.6332225361475,695.0067890975572,1145.1,580.1
1611,1975,5.541397016023634,1261.6332225361475,695.0067890975572,1145.1,580.1
1612,1976,5.541397016023634,1261.6332225361475,695.0067890975572,1145.1,580.1
1613,1977,5.541397016023634,1261.6332225361475,695.0067890975572,1145.1,580.1
1614,1978,5.541397016023634,1261.6332225361475,695.0067890975572,1145.1,580.1
1615,1979,2.3450738837472143,1261.6332225361475,695.0067890975572,1145.1,580.1
1615,1980,2.3450738837472143,1261.6332225361475,695.0067890975572,1145.1,580.1
1615,1981,2.3450738837472143,1261.6332225361475,695.0067890975572,1145.1,580.1
1615,1982,2.3450738837472143,1261.6332225361475,695.0067890975572,1145.1,580.1
1615,1983,2.3450738837472143,779.6332225361476,681.0067890975572,1145.1,580.1
1615,1984,2.3450738837472143,779.6332225361476,681.0067890975572,1145.1,580.1
1615,1985,2.3450738837472143,779.6332225361476,681.0067890975572,1145.1,580.1
1615,1986,2.3450738837472143,779.6332225361476,681.0067890975572,1145.1,580.1
1615,1987,2.3450738837472143,779.6332225361476,681.0067890975572,1145.1,580.1
1615,1988,2.3450738837472143,779.6332225361476,681.0067890975572,1145.1,580.1
1615,1989,2.3450738837472143,779.6332225361476,681.0067890975572,1145.1,580.1
1615,1990,2.3450738837472143,779.6332225361476,681.0067890975572,1145.1,580.1
1615,1991,2.3450738837472143,779.6332225361476,681.0067890975572,1145.1,580.1
1615,1992,2.3450738837472143,779.6332225361476,681.0067890975572,1145.1,580.1
1615,1993,2.3450738837472143,779.6332225361476,681.0067890975572,1145.1,580.1
1615,1994,2.3450738837472143,779.6332225361476,681.0067890975572,1145.1,580.1
1615,1995,2.3450738837472143,779.6332225361476,681.0067890975572,1145.1,580.1
1615,1996,2.3450738837472143,779.6332225361476,681.0067890975572,1145.1,580.1
1615,1997,2.3450738837472143,779.6332225361476,681.0067890975572,1145.1,580.1
1615,1998,2.3450738837472143,779.6332225361476,681.0067890975572,1145.1,580.1
1615,1999,2.3450738837472143,779.6332225361476,681.0067890975572,1145.1,580.1
1615,2000,2.3450738837472143,779.6332225361476,681.0067890975572,1145.1,580.1
1615,2001,2.3450738837472143,779.6332225361476,681.0067890975572,1145.1,580.1
1615,2002,2.3450738837472143,779.6332225361476,681.0067890975572,1145.1,580.1
1615,2003,2.3450738837472143,779.6332225361476,681.0067890975572,1145.1,580.1
1615,2004,2.3450738837472143,779.6332225361476,681.0067890975572,1145.1,580.1
1615,2005,2.3450738837472143,779.6332225361476,681.0067890975572,1145.1,580.1
1615,2006,2.3450738837472143,779.6332225361476,681.0067890975572,1145.1,580.1
1615,2007,2.3450738837472143,779.6332225361476,681.0067890975572,1145.1,580.1
1615,2008,2.3450738837472143,779.6332225361476,681.0067890975572,1145.1,580.1
1615,2009,2.3450738837472143,779.6332225361476,681.0067890975572,1145.1,580.1
1615,2010,2.3450738837472143,779.6332225361476,681.0067890975572,1145.1,580.1
1615,2011,2.3450738837472143,779.6332225361476,681.0067890975572,1145.1,580.1
1615,2012,2.3450738837472143,779.6332225361476,681.0067890975572,1145.1,580.1
1615,2013,2.3450738837472143,779.6332225361476,681.0067890975572,1145.1,580.1
1615,2014,2.3450738837472143,779.6332225361476,681.0067890975572,1145.1,580.1
1615,2015,2.3450738837472143,779.6332225361476,681.0067890975572,1145.1,580.1
1615,2016,2.3450738837472143,779.6332225361476,681.0067890975572,1145.1,580.1
1615,2017,2.3450738837472143,729.6332225361476,659.0067890975572,1145.1,580.1
1615,2018,2.3450738837472143,729.6332225361476,659.0067890975572,1145.1,580.1
1615,2019,2.3450738837472143,729.6332225361476,659.0067890975572,1145.1,580.1
1615,2020,2.3450738837472143,729.6332225361476,659.0067890975572,1145.1,580.1
1615,2021,2.3450738837472143,729.6332225361476,659.0067890975572,1145.1,580.1
1615,2022,2.3450738837472143,729.6332225361476,659.0067890975572,1145.1,580.1
1615,2023,2.3450738837472143,729.6332225361476,659.0067890975572,1145.1,580.1
1615,2024,2.3450738837472143,729.6332225361476,659.0067890975572,1145.1,580.1
1616,2025,2.3450738837472143,729.6332225361476,659.0067890975572,1145.1,580.1
1617,2026,2.3450738837472143,729.6332225361476,659.0067890975572,1145.1,580.1
1618,2027,2.3450738837472143,729.6332225361476,659.0067890975572,1145.1,580.1
1619,2028,2.3450738837472143,729.6332225361476,659.0067890975572,1145.1,580.1
1620,2029,2.3450738837472143,729.6332225361476,659.0067890975572,1145.1,580.1
1621,2030,2.3450738837472143,729.6332225361476,659.0067890975572,1145.1,580.1
1622,2031,2.3450738837472143,729.6332225361476,659.0067890975572,1145.1,580.1
1623,2032,2.3450738837472143,729.6332225361476,659.0067890975572,1145.1,580.1
1624,2033,2.3450738837472143,729.6332225361476,659.0067890975572,1145.1,580.1
1625,2034,2.3450738837472143,729.6332225361476,659.0067890975572,1145.1,580.1
1626,2035,2.3450738837472143,729.6332225361476,659.0067890975572,1145.1,580.1
1627,2036,2.3450738837472143,729.6332225361476,659.0067890975572,1145.1,580.1
1628,2037,2.3450738837472143,729.6332225361476,659.0067890975572,1145.1,580.1
1629,2038,2.3450738837472143,729.6332225361476,659.0067890975572,1145.1,580.1
1630,2039,2.3450738837472143,940.6332225361476,645.0067890975572,1145.1,580.1
1631,2040,2.3450738837472143,940.6332225361476,645.0067890975572,1145.1,580.1
1632,2041,2.3450738837472143,940.6332225361476,645.0067890975572,1145.1,580.1
1633,2042,2.3450738837472143,940.6332225361476,645.0067890975572,1145.1,580.1
1634,2043,2.3450738837472143,940.6332225361476,645.0067890975572,1145.1,580.1
1635,2044,2.3450738837472143,940.6332225361476,645.0067890975572,1145.1,580.1
1636,2045,2.3450738837472143,940.6332225361476,645.0067890975572,1145.1,580.1
1637,2046,2.3450738837472143,940.6332225361476,645.0067890975572,1145.1,580.1
1638,2047,38.15877740988902,940.6332225361476,645.0067890975572,1145.1,580.1
1639,2048,48.41458468475193,940.6332225361476,645.0067890975572,1145.1,580.1
1640,2049,33.97550074285273,940.6332225361476,645.0067890975572,1145.1,580.1
1641,2050,26.342172182620697,940.6332225361476,645.0067890975572,1145.1,580.1
1642,2051,21.775594257031617,940.6332225361476,645.0067890975572,1145.1,580.1
1643,2052,18.772223165115374,940.6332225361476,645.0067890975572,1145.1,580.1
1644,2053,16.657388933562544,940.6332225361476,645.0067890975572,1145.1,580.1
1645,2054,16.657388933562544,940.6332225361476,645.0067890975572,1145.1,580.1
1646,2055,16.657388933562544,940.6332225361476,645.0067890975572,1145.1,580.1
1647,2056,16.657388933562544,940.6332225361476,645.0067890975572,1145.1,580.1
1648,2057,16.657388933562544,940.6332225361476,645.0067890975572,1145.1,580.1
1649,2058,16.657388933562544,940.6332225361476,645.0067890975572,1145.1,580.1
1650,2059,16.657388933562544,940.6332225361476,645.0067890975572,1145.1,580.1
1651,2060,16.657388933562544,940.6332225361476,645.0067890975572,1145.1,580.1
1652,2061,16.657388933562544,940.6332225361476,645.0067890975572,1145.1,580.1
1653,2062,16.657388933562544,940.6332225361476,645.0067890975572,1145.1,580.1
1654,2063,16.657388933562544,940.6332225361476,645.0067890975572,1145.1,580.1
1655,2064,16.657388933562544,940.6332225361476,645.0067890975572,1145.1,580.1
1656,2065,16.657388933562544,940.6332225361476,645.0067890975572,1145.1,580.1
1657,2066,16.657388933562544,940.6332225361476,645.0067890975572,1145.1,580.1
1658,2067,16.657388933562544,940.6332225361476,645.0067890975572,1145.1,580.1
1659,2068,16.657388933562544,940.6332225361476,645.0067890975572,1145.1,580.1
1660,2069,16.657388933562544,940.6332225361476,645.0067890975572,1145.1,580.1
1661,2070,16.657388933562544,940.6332225361476,645.0067890975572,1145.1,580.1
1662,2071,16.657388933562544,940.6332225361476,645.0067890975572,1145.1,580.1
1663,2072,16.657388933562544,940.6332225361476,645.0067890975572,1145.1,580.1
1664,2073,10.72473206811978,940.6332225361476,645.0067890975572,1145.1,580.1
1665,2073,10.72473206811978,940.6332225361476,645.0067890975572,1145.1,580.1
1666,2073,10.72473206811978,940.6332225361476,645.0067890975572,1145.1,580.1
1667,2073,10.72473206811978,940.6332225361476,645.0067890975572,1145.1,580.1
1668,2073,10.72473206811978,940.6332225361476,645.0067890975572,1145.1,580.1
1669,2073,10.72473206811978,940.6332225361476,645.0067890975572,1145.1,580.1
1670,2073,10.72473206811978,940.6332225361476,645.0067890975572,1145.1,580.1
1671,2073,2.3025791654055308,940.6332225361476,645.0067890975572,1145.1,580.1
1672,2073,2.3025791654055308,940.6332225361476,645.0067890975572,1145.1,580.1
1673,2073,2.3025791654055308,940.6332225361476,645.0067890975572,1145.1,580.1
1674,2073,2.3025791654055308,940.6332225361476,645.0067890975572,1145.1,580.1
1675,2073,2.3025791654055308,940.6332225361476,645.0067890975572,1145.1,580.1
1676,2073,2.3025791654055308,940.6332225361476,645.0067890975572,1145.1,580.1
1677,2073,2.3025791654055308,940.6332225361476,645.0067890975572,1145.1,580.1
1678,2073,2.3025791654055308,940.6332225361476,645.0067890975572,1145.1,580.1
1679,2073,2.3025791654055308,940.6332225361476,645.0067890975572,1145.1,580.1
1680,2073,2.3025791654055308,940.6332225361476,645.0067890975572,1145.1,580.1
1681,2073,2.3025791654055308,940.6332225361476,645.0067890975572,1145.1,580.1
1682,2073,2.3025791654055308,940.6332225361476,645.0067890975572,1145.1,580.1
1683,2073,2.3025791654055308,-,-,-,-
1684,2073,2.3025791654055308,-,-,-,-
1685,2073,2.3025791654055308,-,-,-,-
1686,2073,2.3025791654055308,-,-,-,-
1687,2073,2.3025791654055308,-,-,-,-
1688,2073,2.3025791654055308,-,-,-,-
1689,2073,2.3025791654055308,-,-,-,-
1690,2073,2.3025791654055308,-,-,-,-
1691,2073,2.3025791654055308,-,-,-,-
1692,2073,2.3025791654055308,-,-,-,-
1693,2073,2.3025791654055308,-,-,-,-
1694,2073,2.3025791654055308,-,-,-,-
1695,2073,2.3025791654055308,-,-,-,-
1696,2073,2.3025791654055308,-,-,-,-
1697,2073,2.3025791654055308,-,-,-,-
1698,2073,2.3025791654055308,-,-,-,-
1699,2073,2.3025791654055308,-,-,-,-
1700,2073,2.3025791654055308,-,-,-,-
1701,2073,2.3025791654055308,-,-,-,-
1702,2074,8.318323111579621,-,-,-,-
1703,2075,9.062720829543842,-,-,-,-
1704,2076,3.2670450080921496,-,-,-,-
1705,2077,2.2521705019838634,-,-,-,-
1706,2077,2.2521705019838634,-,-,-,-
1707,2077,2.2521705019838634,-,-,-,-
1708,2077,2.2521705019838634,-,-,-,-
1709,2077,2.2521705019838634,-,-,-,-
1710,2077,2.2521705019838634,-,-,-,-
1711,2078,105.21294746850769,-,-,-,-
1712,2078,105.21294746850769,-,-,-,-
1713,2078,105.21294746850769,-,-,-,-
1714,2078,105.21294746850769,-,-,-,-
1715,2078,105.21294746850769,-,-,-,-
1716,2078,105.21294746850769,-,-,-,-
1717,2078,105.21294746850769,-,-,-,-
1718,2078,105.21294746850769,-,-,-,-
1719,2078,105.21294746850769,-,-,-,-
1720,2078,105.21294746850769,-,-,-,-
1721,2078,105.21294746850769,-,-,-,-
1722,2078,105.21294746850769,-,-,-,-
1723,2078,105.21294746850769,-,-,-,-
1724,2078,105.21294746850769,-,-,-,-
1725,2078,105.21294746850769,-,-,-,-
1726,2078,105.21294746850769,-,-,-,-
1727,2078,118.40047761833479,-,-,-,-
1728,2078,118.40047761833479,-,-,-,-
1729,2078,118.40047761833479,-,-,-,-
1730,2078,118.40047761833479,-,-,-,-
1731,2078,118.40047761833479,-,-,-,-
1732,2078,118.40047761833479,-,-,-,-
1733,2078,118.40047761833479,-,-,-,-
1734,2078,118.40047761833479,-,-,-,-
1735,2078,134.32975253725573,-,-,-,-
1736,2078,134.32975253725573,-,-,-,-
1737,2078,134.32975253725573,-,-,-,-
1738,2078,134.32975253725573,-,-,-,-
1739,2078,134.32975253725573,-,-,-,-
1740,2078,134.32975253725573,-,-,-,-
1741,2078,134.32975253725573,-,-,-,-
1742,2078,134.32975253725573,-,-,-,-
1743,2078,134.32975253725573,-,-,-,-
1744,2078,134.32975253725573,-,-,-,-
1745,2078,134.32975253725573,-,-,-,-
1746,2078,134.32975253725573,-,-,-,-
1747,2078,134.32975253725573,-,-,-,-
1748,2078,134.32975253725573,-,-,-,-
1749,2078,134.32975253725573,-,-,-,-
1750,2078,134.32975253725573,-,-,-,-
1751,2078,134.32975253725573,-,-,-,-
1752,2078,134.32975253725573,-,-,-,-
1753,2078,134.32975253725573,-,-,-,-
1754,2078,134.32975253725573,-,-,-,-
1755,2078,134.32975253725573,-,-,-,-
1756,2078,134.32975253725573,-,-,-,-
1757,2078,134.32975253725573,-,-,-,-
1758,2078,134.32975253725573,-,-,-,-
1759,2078,134.32975253725573,-,-,-,-
1760,2078,134.32975253725573,-,-,-,-
1761,2078,134.32975253725573,-,-,-,-
1762,2078,134.32975253725573,-,-,-,-
1763,2078,134.32975253725573,-,-,-,-
1764,2078,134.32975253725573,-,-,-,-
1765,2078,134.32975253725573,-,-,-,-
1766,2078,134.32975253725573,-,-,-,-
1767,2078,97.44893396926683,-,-,-,-
1768,2078,97.44893396926683,-,-,-,-
1769,2078,97.44893396926683,-,-,-,-
1770,2078,97.44893396926683,-,-,-,-
1771,2078,97.44893396926683,-,-,-,-
1772,2078,97.44893396926683,-,-,-,-
1773,2078,97.44893396926683,-,-,-,-
1774,2078,97.44893396926683,-,-,-,-
1775,2078,79.96797112023037,-,-,-,-
1776,2078,79.96797112023037,-,-,-,-
1777,2078,79.96797112023037,-,-,-,-
1778,2078,79.96797112023037,-,-,-,-
1779,2078,79.96797112023037,-,-,-,-
1780,2078,79.96797112023037,-,-,-,-
1781,2078,79.96797112023037,-,-,-,-
1782,2078,79.96797112023037,-,-,-,-
1783,2078,79.96797112023037,-,-,-,-
1784,2078,79.96797112023037,-,-,-,-
1785,2078,79.96797112023037,-,-,-,-
1786,2078,79.96797112023037,-,-,-,-
1787,2078,79.96797112023037,-,-,-,-
1788,2078,79.96797112023037,-,-,-,-
1789,2078,79.96797112023037,-,-,-,-
1790,2078,79.96797112023037,-,-,-,-
1791,2078,79.96797112023037,-,-,-,-
1792,2078,79.96797112023037,-,-,-,-
1793,2078,79.96797112023037,-,-,-,-
1794,2078,79.96797112023037,-,-,-,-
1795,2078,79.96797112023037,-,-,-,-
1796,2078,79.96797112023037,-,-,-,-
1797,2078,79.96797112023037,-,-,-,-
1798,2078,79.96797112023037,-,-,-,-
1799,2078,18.281696359062558,-,-,-,-
1800,2078,18.281696359062558,-,-,-,-
1801,2078,18.281696359062558,-,-,-,-
1802,2078,18.281696359062558,-,-,-,-
1803,2078,18.281696359062558,-,-,-,-
1804,2078,18.281696359062558,-,-,-,-
1805,2078,18.281696359062558,-,-,-,-
1806,2078,18.281696359062558,-,-,-,-
1807,2078,26.103494185175688,-,-,-,-
1808,2078,26.103494185175688,-,-,-,-
1809,2078,26.103494185175688,-,-,-,-
1810,2078,26.103494185175688,-,-,-,-
1811,2078,26.103494185175688,-,-,-,-
1812,2078,26.103494185175688,-,-,-,-
1813,2078,26.103494185175688,-,-,-,-
1814,2078,26.103494185175688,-,-,-,-
1815,2078,26.103494185175688,-,-,-,-
1816,2078,26.103494185175688,-,-,-,-
1817,2078,26.103494185175688,-,-,-,-
1818,2078,26.103494185175688,-,-,-,-
1819,2078,26.103494185175688,-,-,-,-
1820,2078,26.103494185175688,-,-,-,-
1821,2078,26.103494185175688,-,-,-,-
1822,2078,26.103494185175688,-,-,-,-
1823,2078,26.103494185175688,-,-,-,-
1824,2078,26.103494185175688,-,-,-,-
1825,2078,26.103494185175688,-,-,-,-
1826,2078,26.103494185175688,-,-,-,-
1827,2078,26.103494185175688,-,-,-,-
1828,2078,26.103494185175688,-,-,-,-
1829,2078,26.103494185175688,-,-,-,-
1830,2078,26.103494185175688,-,-,-,-
1831,2078,26.103494185175688,-,-,-,-
1832,2078,26.103494185175688,-,-,-,-
1833,2078,26.103494185175688,-,-,-,-
1834,2078,26.103494185175688,-,-,-,-
1835,2078,26.103494185175688,-,-,-,-
1836,2078,26.103494185175688,-,-,-,-
1837,2078,26.103494185175688,-,-,-,-
1838,2078,26.103494185175688,-,-,-,-
1839,2078,26.103494185175688,-,-,-,-
1840,2078,26.103494185175688,-,-,-,-
1841,2078,26.103494185175688,-,-,-,-
1842,2078,26.103494185175688,-,-,-,-
1843,2078,26.103494185175688,-,-,-,-
1844,2078,26.103494185175688,-,-,-,-
1845,2078,26.103494185175688,-,-,-,-
1846,2078,26.103494185175688,-,-,-,-
1847,2078,26.103494185175688,-,-,-,-
1848,2078,26.103494185175688,-,-,-,-
1849,2078,26.103494185175688,-,-,-,-
1850,2078,26.103494185175688,-,-,-,-
1851,2078,26.103494185175688,-,-,-,-
1852,2078,26.103494185175688,-,-,-,-
1853,2078,26.103494185175688,-,-,-,-
1854,2078,26.103494185175688,-,-,-,-
1855,2078,29.333071582760613,-,-,-,-
1856,2078,29.333071582760613,-,-,-,-
1857,2078,29.333071582760613,-,-,-,-
1858,2078,29.333071582760613,-,-,-,-
1859,2078,29.333071582760613,-,-,-,-
1860,2078,29.333071582760613,-,-,-,-
1861,2078,29.333071582760613,-,-,-,-
1862,2078,29.333071582760613,-,-,-,-
1863,2078,29.333071582760613,-,-,-,-
1864,2078,29.333071582760613,-,-,-,-
1865,2078,29.333071582760613,-,-,-,-
1866,2078,29.333071582760613,-,-,-,-
1867,2078,29.333071582760613,-,-,-,-
1868,2078,29.333071582760613,-,-,-,-
1869,2079,29.333071582760613,-,-,-,-
1870,2080,29.333071582760613,-,-,-,-
1871,2081,29.333071582760613,-,-,-,-
1872,2082,29.333071582760613,-,-,-,-
1873,2083,29.333071582760613,-,-,-,-
1874,2084,29.333071582760613,-,-,-,-
1875,2085,29.333071582760613,-,-,-,-
1876,2086,29.333071582760613,-,-,-,-
1877,2087,29.333071582760613,-,-,-,-
1878,2088,29.333071582760613,-,-,-,-
1879,2089,29.333071582760613,-,-,-,-
1880,2090,29.333071582760613,-,-,-,-
1881,2091,29.333071582760613,-,-,-,-
1882,2092,29.333071582760613,-,-,-,-
1883,2093,29.333071582760613,-,-,-,-
1884,2094,29.333071582760613,-,-,-,-
1885,2095,29.333071582760613,-,-,-,-
1886,2096,29.333071582760613,-,-,-,-
1887,2097,29.333071582760613,-,-,-,-
1888,2098,29.333071582760613,-,-,-,-
1889,2099,29.333071582760613,-,-,-,-
1890,2100,29.333071582760613,-,-,-,-
1891,2101,30.807029161115093,-,-,-,-
1892,2102,32.78356753750526,-,-,-,-
1893,2103,35.564176329012255,-,-,-,-
1894,2104,39.7383179687978,-,-,-,-
1895,2105,34.99294457336866,-,-,-,-
1896,2106,22.26515208032913,-,-,-,-
1897,2106,22.26515208032913,-,-,-,-
1898,2106,22.26515208032913,-,-,-,-
1899,2106,22.26515208032913,-,-,-,-
1900,2106,22.26515208032913,-,-,-,-
1901,2106,22.26515208032913,-,-,-,-
1902,2106,22.26515208032913,-,-,-,-
1903,2106,22.26515208032913,-,-,-,-
1904,2106,22.26515208032913,-,-,-,-
1905,2106,22.26515208032913,-,-,-,-
1906,2106,22.26515208032913,-,-,-,-
1907,2106,22.26515208032913,-,-,-,-
1908,2106,22.26515208032913,-,-,-,-
1909,2106,22.26515208032913,-,-,-,-
1910,2106,22.26515208032913,-,-,-,-
1911,2106,22.26515208032913,-,-,-,-
1912,2106,22.26515208032913,-,-,-,-
1913,2106,22.26515208032913,-,-,-,-
1914,2106,22.26515208032913,-,-,-,-
1915,2106,22.26515208032913,-,-,-,-
1916,2106,22.26515208032913,-,-,-,-
1917,2106,22.26515208032913,-,-,-,-
1918,2106,22.26515208032913,-,-,-,-
1919,2106,2.9998282273817294,-,-,-,-
1920,2106,2.9998282273817294,-,-,-,-
1921,2106,2.9998282273817294,-,-,-,-
1922,2106,2.9998282273817294,-,-,-,-
1923,2106,2.9998282273817294,-,-,-,-
1924,2106,2.9998282273817294,-,-,-,-
1925,2106,2.9998282273817294,-,-,-,-
1926,2106,2.9998282273817294,-,-,-,-
1927,2106,8.457879610670417,-,-,-,-
1928,2106,8.457879610670417,-,-,-,-
1929,2106,8.457879610670417,-,-,-,-
1930,2106,8.457879610670417,-,-,-,-
1931,2106,8.457879610670417,-,-,-,-
1932,2106,8.457879610670417,-,-,-,-
1933,2106,8.457879610670417,-,-,-,-
1934,2106,8.457879610670417,-,-,-,-
1935,2106,8.457879610670417,-,-,-,-
1936,2106,8.457879610670417,-,-,-,-
1937,2106,8.457879610670417,-,-,-,-
1938,2106,8.457879610670417,-,-,-,-
1939,2106,8.457879610670417,-,-,-,-
1940,2106,8.457879610670417,-,-,-,-
1941,2106,8.457879610670417,-,-,-,-
1942,2106,8.457879610670417,-,-,-,-
1943,2106,8.457879610670417,-,-,-,-
1944,2106,8.457879610670417,-,-,-,-
1945,2106,8.457879610670417,-,-,-,-
1946,2106,8.457879610670417,-,-,-,-
1947,2106,8.457879610670417,-,-,-,-
1948,2106,8.457879610670417,-,-,-,-
1949,2106,8.457879610670417,-,-,-,-
1950,2106,8.457879610670417,-,-,-,-
1951,2107,11.375483360082084,-,-,-,-
1952,2107,11.375483360082084,-,-,-,-
1953,2107,11.375483360082084,-,-,-,-
1954,2107,11.375483360082084,-,-,-,-
1955,2107,11.375483360082084,-,-,-,-
1956,2107,11.375483360082084,-,-,-,-
1957,2107,11.375483360082084,-,-,-,-
1958,2107,11.375483360082084,-,-,-,-
1959,2107,18.184061304017874,-,-,-,-
1960,2107,18.184061304017874,-,-,-,-
1961,2107,18.184061304017874,-,-,-,-
1962,2107,18.184061304017874,-,-,-,-
1963,2107,18.184061304017874,-,-,-,-
1964,2107,18.184061304017874,-,-,-,-
1965,2107,18.184061304017874,-,-,-,-
1966,2107,18.184061304017874,-,-,-,-
1967,2107,18.184061304017874,-,-,-,-
1968,2107,18.184061304017874,-,-,-,-
1969,2107,18.184061304017874,-,-,-,-
1970,2107,18.184061304017874,-,-,-,-
1971,2107,18.184061304017874,-,-,-,-
1972,2107,18.184061304017874,-,-,-,-
1973,2107,18.184061304017874,-,-,-,-
1974,2107,18.184061304017874,-,-,-,-
1975,2107,18.184061304017874,-,-,-,-
1976,2107,18.184061304017874,-,-,-,-
1977,2107,18.184061304017874,-,-,-,-
1978,2107,18.184061304017874,-,-,-,-
1979,2107,18.184061304017874,-,-,-,-
1980,2107,18.184061304017874,-,-,-,-
1981,2107,18.184061304017874,-,-,-,-
1982,2107,18.184061304017874,-,-,-,-
1983,2107,18.184061304017874,-,-,-,-
1984,2107,18.184061304017874,-,-,-,-
1985,2107,18.184061304017874,-,-,-,-
1986,2107,18.184061304017874,-,-,-,-
1987,2107,18.184061304017874,-,-,-,-
1988,2107,18.184061304017874,-,-,-,-
1989,2107,18.184061304017874,-,-,-,-
1990,2107,18.184061304017874,-,-,-,-
1991,2107,34.310869592867135,-,-,-,-
1992,2107,34.310869592867135,-,-,-,-
1993,2107,34.310869592867135,-,-,-,-
1994,2107,34.310869592867135,-,-,-,-
1995,2107,34.310869592867135,-,-,-,-
1996,2107,34.310869592867135,-,-,-,-
1997,2107,34.310869592867135,-,-,-,-
1998,2107,34.310869592867135,-,-,-,-
1999,2107,79.48335677504987,-,-,-,-
2000,2107,79.48335677504987,-,-,-,-
2001,2107,79.48335677504987,-,-,-,-
2002,2107,79.48335677504987,-,-,-,-
2003,2107,79.48335677504987,-,-,-,-
2004,2107,79.48335677504987,-,-,-,-
2005,2107,79.48335677504987,-,-,-,-
2006,2107,79.48335677504987,-,-,-,-
2007,2107,79.48335677504987,-,-,-,-
2008,2107,79.48335677504987,-,-,-,-
2009,2107,79.48335677504987,-,-,-,-
2010,2107,79.48335677504987,-,-,-,-
2011,2107,79.48335677504987,-,-,-,-
2012,2107,79.48335677504987,-,-,-,-
2013,2107,79.48335677504987,-,-,-,-
2014,2107,79.48335677504987,-,-,-,-
2015,2107,79.48335677504987,-,-,-,-
2016,2107,79.48335677504987,-,-,-,-
2017,2107,79.48335677504987,-,-,-,-
2018,2107,79.48335677504987,-,-,-,-
2019,2107,79.48335677504987,-,-,-,-
2020,2107,79.48335677504987,-,-,-,-
2021,2107,79.48335677504987,-,-,-,-
2022,2108,79.48335677504987,-,-,-,-
2023,2109,39.030580807864084,-,-,-,-
2024,2110,39.030580807864084,-,-,-,-
2025,2111,39.030580807864084,-,-,-,-
2026,2112,39.030580807864084,-,-,-,-
2027,2113,39.030580807864084,-,-,-,-
2028,2114,39.030580807864084,-,-,-,-
2029,2115,39.030580807864084,-,-,-,-
2030,2116,39.030580807864084,-,-,-,-
2031,2117,24.50001829255165,-,-,-,-
2032,2118,24.50001829255165,-,-,-,-
2033,2119,24.50001829255165,-,-,-,-
2034,2120,24.50001829255165,-,-,-,-
2035,2121,24.50001829255165,-,-,-,-
2036,2122,24.50001829255165,-,-,-,-
2037,2123,24.50001829255165,-,-,-,-
2038,2124,24.50001829255165,-,-,-,-
2039,2125,24.50001829255165,-,-,-,-
2040,2126,24.50001829255165,-,-,-,-
2041,2127,24.50001829255165,-,-,-,-
2042,2128,24.50001829255165,-,-,-,-
2043,2129,24.50001829255165,-,-,-,-
2044,2130,24.50001829255165,-,-,-,-
2045,2131,24.50001829255165,-,-,-,-
2046,2132,24.50001829255165,-,-,-,-
2047,2133,24.50001829255165,-,-,-,-
2048,2134,24.50001829255165,-,-,-,-
2049,2135,24.50001829255165,-,-,-,-
2050,2136,24.50001829255165,-,-,-,-
2051,2137,24.50001829255165,-,-,-,-
2052,2138,24.50001829255165,-,-,-,-
2053,2139,24.50001829255165,-,-,-,-
2054,2140,24.50001829255165,-,-,-,-
2055,2141,24.50001829255165,-,-,-,-
2056,2142,24.50001829255165,-,-,-,-
2057,2143,24.50001829255165,-,-,-,-
2058,2144,24.50001829255165,-,-,-,-
2059,2145,24.50001829255165,-,-,-,-
2060,2146,24.50001829255165,-,-,-,-
2061,2147,24.50001829255165,-,-,-,-
2062,2148,24.50001829255165,-,-,-,-
2063,2149,1.8036677980109603,-,-,-,-
2064,2149,1.8036677980109603,-,-,-,-
2065,2149,1.8036677980109603,-,-,-,-
2066,2149,1.8036677980109603,-,-,-,-
2067,2149,1.8036677980109603,-,-,-,-
2068,2149,1.8036677980109603,-,-,-,-
2069,2149,1.8036677980109603,-,-,-,-
2070,2149,1.8036677980109603,-,-,-,-
2071,2150,0.7722624397793802,-,-,-,-
2072,2150,0.7722624397793802,-,-,-,-
2073,2150,0.7722624397793802,-,-,-,-
2074,2150,0.7722624397793802,-,-,-,-
2075,2150,0.7722624397793802,-,-,-,-
2076,2150,0.7722624397793802,-,-,-,-
2077,2150,0.7722624397793802,-,-,-,-
2078,2150,0.7722624397793802,-,-,-,-
2079,2150,0.7722624397793802,-,-,-,-
2080,2150,0.7722624397793802,-,-,-,-
2081,2150,0.7722624397793802,-,-,-,-
2082,2150,0.7722624397793802,-,-,-,-
2083,2150,0.7722624397793802,-,-,-,-
2084,2150,0.7722624397793802,-,-,-,-
2085,2150,0.7722624397793802,-,-,-,-
2086,2150,0.7722624397793802,-,-,-,-
2087,2150,0.7722624397793802,-,-,-,-
2088,2150,0.7722624397793802,-,-,-,-
2089,2150,0.7722624397793802,-,-,-,-
2090,2150,0.7722624397793802,-,-,-,-
2091,2150,0.7722624397793802,-,-,-,-
2092,2150,0.7722624397793802,-,-,-,-
2093,2150,0.7722624397793802,-,-,-,-
2094,2150,0.7722624397793802,-,-,-,-
2095,2150,51.860307676999746,-,-,-,-
2096,2151,76.06861928151436,-,-,-,-
2097,2152,86.5496642517113,-,-,-,-
2098,2153,92.02239511402787,-,-,-,-
2099,2154,95.32677089188728,-,-,-,-
2100,2155,95.32677089188728,-,-,-,-
2101,2156,95.32677089188728,-,-,-,-
2102,2157,95.32677089188728,-,-,-,-
2103,2158,147.52915770992976,-,-,-,-
2104,2159,147.52915770992976,-,-,-,-
2105,2160,147.52915770992976,-,-,-,-
2106,2161,147.52915770992976,-,-,-,-
2107,2162,147.52915770992976,-,-,-,-
2108,2163,147.52915770992976,-,-,-,-
2109,2164,147.52915770992976,-,-,-,-
2110,2165,147.52915770992976,-,-,-,-
2111,2166,147.52915770992976,-,-,-,-
2112,2167,147.52915770992976,-,-,-,-
2113,2168,147.52915770992976,-,-,-,-
2114,2169,147.52915770992976,-,-,-,-
2115,2170,147.52915770992976,-,-,-,-
2116,2171,147.52915770992976,-,-,-,-
2117,2172,147.52915770992976,-,-,-,-
2118,2173,147.52915770992976,-,-,-,-
2119,2174,147.52915770992976,-,-,-,-
2120,2175,147.52915770992976,-,-,-,-
2121,2176,147.52915770992976,-,-,-,-
2122,2177,147.52915770992976,-,-,-,-
2123,2178,147.52915770992976,-,-,-,-
2124,2179,147.52915770992976,-,-,-,-
2125,2180,147.52915770992976,-,-,-,-
2126,2181,147.52915770992976,-,-,-,-
2127,2182,147.52915770992976,-,-,-,-
2128,2183,147.52915770992976,-,-,-,-
2129,2184,147.52915770992976,-,-,-,-
2130,2185,147.52915770992976,-,-,-,-
2131,2186,147.52915770992976,-,-,-,-
2132,2187,147.52915770992976,-,-,-,-
2133,2188,147.52915770992976,-,-,-,-
2134,2189,147.52915770992976,-,-,-,-
2135,2190,159.9053578713763,-,-,-,-
2136,2191,144.5727419429323,-,-,-,-
2137,2192,132.35981378000022,-,-,-,-
2138,2193,123.18491134802039,-,-,-,-
2139,2194,123.18491134802039,-,-,-,-
2140,2195,123.18491134802039,-,-,-,-
2141,2196,123.18491134802039,-,-,-,-
2142,2197,123.18491134802039,-,-,-,-
2143,2198,32.488077291165396,-,-,-,-
2144,2199,32.488077291165396,-,-,-,-
2145,2200,32.488077291165396,-,-,-,-
2146,2201,32.488077291165396,-,-,-,-
2147,2202,32.488077291165396,-,-,-,-
2148,2203,32.488077291165396,-,-,-,-
2149,2204,32.488077291165396,-,-,-,-
2150,2205,32.488077291165396,-,-,-,-
2151,2206,32.488077291165396,-,-,-,-
2152,2207,32.488077291165396,-,-,-,-
2153,2208,32.488077291165396,-,-,-,-
2154,2209,32.488077291165396,-,-,-,-
2155,2210,32.488077291165396,-,-,-,-
2156,2211,32.488077291165396,-,-,-,-
2157,2212,32.488077291165396,-,-,-,-
2158,2213,32.488077291165396,-,-,-,-
2159,2214,32.488077291165396,-,-,-,-
2160,2215,32.488077291165396,-,-,-,-
2161,2216,32.488077291165396,-,-,-,-
2162,2217,32.488077291165396,-,-,-,-
2163,2218,32.488077291165396,-,-,-,-
2164,2219,32.488077291165396,-,-,-,-
2165,2220,32.488077291165396,-,-,-,-
2166,2221,32.488077291165396,-,-,-,-
2167,2222,32.488077291165396,-,-,-,-
2168,2223,32.488077291165396,-,-,-,-
2169,2224,32.488077291165396,-,-,-,-
2170,2225,32.488077291165396,-,-,-,-
2171,2226,32.488077291165396,-,-,-,-
2172,2227,32.488077291165396,-,-,-,-
2173,2228,32.488077291165396,-,-,-,-
2174,2229,32.488077291165396,-,-,-,-
2175,2230,21.469758426146182,-,-,-,-
2176,2231,21.469758426146182,-,-,-,-
2177,2232,21.469758426146182,-,-,-,-
2178,2233,21.469758426146182,-,-,-,-
2179,2234,21.469758426146182,-,-,-,-
2180,2235,21.469758426146182,-,-,-,-
2181,2236,21.469758426146182,-,-,-,-
2182,2237,21.469758426146182,-,-,-,-
2183,2238,21.469758426146182,-,-,-,-
2184,2239,21.469758426146182,-,-,-,-
2185,2240,21.469758426146182,-,-,-,-
2186,2241,21.469758426146182,-,-,-,-
2187,2242,21.469758426146182,-,-,-,-
2188,2243,21.469758426146182,-,-,-,-
2189,2244,21.469758426146182,-,-,-,-
2190,2245,21.469758426146182,-,-,-,-
2191,2246,21.469758426146182,-,-,-,-
2192,2247,21.469758426146182,-,-,-,-
2193,2248,21.469758426146182,-,-,-,-
2194,2249,21.469758426146182,-,-,-,-
2195,2250,21.469758426146182,-,-,-,-
2196,2251,21.469758426146182,-,-,-,-
2197,2252,21.469758426146182,-,-,-,-
2198,2253,20.526673815925335,-,-,-,-
2199,2254,19.086829697083758,-,-,-,-
2200,2255,16.622147734157547,-,-,-,-
2201,2256,11.470226208059376,-,-,-,-
2202,2257,5.097787870941024,-,-,-,-
2203,2257,5.097787870941024,-,-,-,-
2204,2257,5.097787870941024,-,-,-,-
2205,2257,5.097787870941024,-,-,-,-
2206,2257,5.097787870941024,-,-,-,-
2207,2258,40.7383778424794,-,-,-,-
2208,2258,40.7383778424794,-,-,-,-
2209,2258,40.7383778424794,-,-,-,-
2210,2258,40.7383778424794,-,-,-,-
2211,2258,40.7383778424794,-,-,-,-
2212,2258,40.7383778424794,-,-,-,-
2213,2258,40.7383778424794,-,-,-,-
2214,2258,40.7383778424794,-,-,-,-
2215,2258,40.7383778424794,-,-,-,-
2216,2258,40.7383778424794,-,-,-,-
2217,2258,40.7383778424794,-,-,-,-
2218,2258,40.7383778424794,-,-,-,-
2219,2258,40.7383778424794,-,-,-,-
2220,2258,40.7383778424794,-,-,-,-
2221,2258,40.7383778424794,-,-,-,-
2222,2258,40.7383778424794,-,-,-,-
2223,2258,40.7383778424794,-,-,-,-
2224,2258,40.7383778424794,-,-,-,-
2225,2258,40.7383778424794,-,-,-,-
2226,2258,40.7383778424794,-,-,-,-
2227,2258,40.7383778424794,-,-,-,-
2228,2258,40.7383778424794,-,-,-,-
2229,2258,40.7383778424794,-,-,-,-
2230,2258,40.7383778424794,-,-,-,-
2231,2258,40.7383778424794,-,-,-,-
2232,2258,40.7383778424794,-,-,-,-
2233,2258,40.7383778424794,-,-,-,-
2234,2258,40.7383778424794,-,-,-,-
2235,2258,40.7383778424794,-,-,-,-
2236,2258,40.7383778424794,-,-,-,-
2237,2258,40.7383778424794,-,-,-,-
2238,2258,40.7383778424794,-,-,-,-
2239,2258,0.2699273779642314,-,-,-,-
2240,2258,0.2699273779642314,-,-,-,-
2241,2258,0.2699273779642314,-,-,-,-
2242,2258,0.2699273779642314,-,-,-,-
2243,2258,0.2699273779642314,-,-,-,-
2244,2258,0.2699273779642314,-,-,-,-
2245,2258,0.2699273779642314,-,-,-,-
2246,2258,0.2699273779642314,-,-,-,-
2247,2258,0.2699273779642314,-,-,-,-
2248,2258,0.2699273779642314,-,-,-,-
2249,2258,23.921323265667535,-,-,-,-
2250,2258,23.921323265667535,-,-,-,-
2251,2258,23.921323265667535,-,-,-,-
2252,2258,23.921323265667535,-,-,-,-
2253,2258,23.921323265667535,-,-,-,-
2254,2258,23.921323265667535,-,-,-,-
2255,2258,23.921323265667535,-,-,-,-
2256,2258,23.921323265667535,-,-,-,-
2257,2258,23.921323265667535,-,-,-,-
2258,2258,23.921323265667535,-,-,-,-
2259,2258,23.921323265667535,-,-,-,-
2260,2258,23.921323265667535,-,-,-,-
2261,2258,23.921323265667535,-,-,-,-
2262,2258,23.921323265667535,-,-,-,-
2263,2258,23.921323265667535,-,-,-,-
2264,2258,23.921323265667535,-,-,-,-
2265,2258,23.921323265667535,-,-,-,-
2266,2258,23.921323265667535,-,-,-,-
2267,2258,23.921323265667535,-,-,-,-
2268,2258,23.921323265667535,-,-,-,-
2269,2258,23.921323265667535,-,-,-,-
2270,2258,23.921323265667535,-,-,-,-
2271,2258,39.39696331096437,-,-,-,-
2272,2258,39.39696331096437,-,-,-,-
2273,2258,39.39696331096437,-,-,-,-
2274,2258,39.39696331096437,-,-,-,-
2275,2258,39.39696331096437,-,-,-,-
2276,2258,39.39696331096437,-,-,-,-
2277,2258,39.39696331096437,-,-,-,-
2278,2258,39.39696331096437,-,-,-,-
2279,2258,39.39696331096437,-,-,-,-
2280,2258,39.39696331096437,-,-,-,-
2281,2258,39.39696331096437,-,-,-,-
2282,2258,39.39696331096437,-,-,-,-
2283,2258,39.39696331096437,-,-,-,-
2284,2258,39.39696331096437,-,-,-,-
2285,2258,39.39696331096437,-,-,-,-
2286,2258,39.39696331096437,-,-,-,-
2287,2258,39.39696331096437,-,-,-,-
2288,2258,39.39696331096437,-,-,-,-
2289,2258,39.39696331096437,-,-,-,-
2290,2258,39.39696331096437,-,-,-,-
2291,2258,39.39696331096437,-,-,-,-
2292,2258,39.39696331096437,-,-,-,-
2293,2258,39.39696331096437,-,-,-,-
2294,2258,39.39696331096437,-,-,-,-
2295,2258,39.39696331096437,-,-,-,-
2296,2258,39.39696331096437,-,-,-,-
2297,2258,39.39696331096437,-,-,-,-
2298,2258,39.39696331096437,-,-,-,-
2299,2258,39.39696331096437,-,-,-,-
2300,2258,39.39696331096437,-,-,-,-
2301,2258,39.39696331096437,-,-,-,-
2302,2258,39.39696331096437,-,-,-,-
2303,2258,39.39696331096437,-,-,-,-
2304,2258,39.39696331096437,-,-,-,-
2305,2258,39.39696331096437,-,-,-,-
2306,2258,39.39696331096437,-,-,-,-
2307,2258,39.39696331096437,-,-,-,-
2308,2258,39.39696331096437,-,-,-,-
2309,2258,39.39696331096437,-,-,-,-
2310,2258,39.39696331096437,-,-,-,-
2311,2258,39.39696331096437,-,-,-,-
2312,2258,39.39696331096437,-,-,-,-
2313,2258,39.39696331096437,-,-,-,-
2314,2258,39.39696331096437,-,-,-,-
2315,2258,39.39696331096437,-,-,-,-
2316,2258,39.39696331096437,-,-,-,-
2317,2258,39.39696331096437,-,-,-,-
2318,2258,39.39696331096437,-,-,-,-
2319,2258,19.123544849996282,-,-,-,-
2320,2258,19.123544849996282,-,-,-,-
2321,2258,19.123544849996282,-,-,-,-
2322,2258,19.123544849996282,-,-,-,-
2323,2258,19.123544849996282,-,-,-,-
2324,2258,19.123544849996282,-,-,-,-
2325,2258,19.123544849996282,-,-,-,-
2326,2258,19.123544849996282,-,-,-,-
2327,2258,25.989604078596525,-,-,-,-
2328,2258,25.989604078596525,-,-,-,-
2329,2258,25.989604078596525,-,-,-,-
2330,2258,25.989604078596525,-,-,-,-
2331,2258,25.989604078596525,-,-,-,-
2332,2258,25.989604078596525,-,-,-,-
2333,2258,25.989604078596525,-,-,-,-
2334,2258,25.989604078596525,-,-,-,-
2335,2258,25.989604078596525,-,-,-,-
2336,2258,25.989604078596525,-,-,-,-
2337,2258,25.989604078596525,-,-,-,-
2338,2258,25.989604078596525,-,-,-,-
2339,2258,25.989604078596525,-,-,-,-
2340,2258,25.989604078596525,-,-,-,-
2341,2258,25.989604078596525,-,-,-,-
2342,2258,25.989604078596525,-,-,-,-
2343,2258,25.989604078596525,-,-,-,-
2344,2258,25.989604078596525,-,-,-,-
2345,2258,25.989604078596525,-,-,-,-
2346,2258,25.989604078596525,-,-,-,-
2347,2258,25.989604078596525,-,-,-,-
2348,2258,25.989604078596525,-,-,-,-
2349,2258,25.989604078596525,-,-,-,-
2350,2258,25.989604078596525,-,-,-,-
2351,2258,25.989604078596525,-,-,-,-
2352,2258,25.989604078596525,-,-,-,-
2353,2258,25.989604078596525,-,-,-,-
2354,2258,25.989604078596525,-,-,-,-
2355,2258,25.989604078596525,-,-,-,-
2356,2258,25.989604078596525,-,-,-,-
2357,2258,25.989604078596525,-,-,-,-
2358,2258,25.989604078596525,-,-,-,-
2359,2259,25.989604078596525,-,-,-,-
2360,2260,25.989604078596525,-,-,-,-
2361,2261,25.989604078596525,-,-,-,-
2362,2262,25.989604078596525,-,-,-,-
2363,2263,25.989604078596525,-,-,-,-
2364,2264,25.989604078596525,-,-,-,-
2365,2265,25.989604078596525,-,-,-,-
2366,2266,25.989604078596525,-,-,-,-
2367,2267,25.989604078596525,-,-,-,-
2368,2268,25.989604078596525,-,-,-,-
2369,2269,25.989604078596525,-,-,-,-
2370,2270,25.989604078596525,-,-,-,-
2371,2271,25.989604078596525,-,-,-,-
2372,2272,25.989604078596525,-,-,-,-
2373,2273,25.989604078596525,-,-,-,-
2374,2274,25.989604078596525,-,-,-,-
2375,2275,25.989604078596525,-,-,-,-
2376,2276,25.989604078596525,-,-,-,-
2377,2277,25.989604078596525,-,-,-,-
2378,2278,25.989604078596525,-,-,-,-
2379,2279,25.989604078596525,-,-,-,-
2380,2280,25.989604078596525,-,-,-,-
2381,2281,25.989604078596525,-,-,-,-
2382,2282,25.989604078596525,-,-,-,-
2383,2283,25.989604078596525,-,-,-,-
2384,2284,25.989604078596525,-,-,-,-
2385,2285,25.989604078596525,-,-,-,-
2386,2286,25.989604078596525,-,-,-,-
2387,2287,25.989604078596525,-,-,-,-
2388,2288,25.989604078596525,-,-,-,-
2389,2289,25.989604078596525,-,-,-,-
2390,2290,25.989604078596525,-,-,-,-
2391,2291,25.989604078596525,-,-,-,-
2392,2292,25.989604078596525,-,-,-,-
2393,2293,25.989604078596525,-,-,-,-
2394,2294,25.989604078596525,-,-,-,-
2395,2295,25.989604078596525,-,-,-,-
2396,2296,25.989604078596525,-,-,-,-
2397,2297,25.989604078596525,-,-,-,-
2398,2298,155.26084473808058,-,-,-,-
2399,2299,133.96347402605753,-,-,-,-
2400,2300,130.10885341363883,-,-,-,-
2401,2301,128.50986970685148,-,-,-,-
2402,2302,127.63616373804155,-,-,-,-
2403,2303,127.08573691793228,-,-,-,-
2404,2304,126.70724125042554,-,-,-,-
2405,2305,126.70724125042554,-,-,-,-
2406,2306,126.70724125042554,-,-,-,-
2407,2307,110.83570400074007,-,-,-,-
2407,2308,110.83570400074007,-,-,-,-
2407,2309,110.83570400074007,-,-,-,-
2407,2310,110.83570400074007,-,-,-,-
2407,2311,110.83570400074007,-,-,-,-
2407,2312,110.83570400074007,-,-,-,-
2407,2313,110.83570400074007,-,-,-,-
2407,2314,110.83570400074007,-,-,-,-
2407,2315,110.83570400074007,-,-,-,-
2407,2316,110.83570400074007,-,-,-,-
2407,2317,110.83570400074007,-,-,-,-
2407,2318,110.83570400074007,-,-,-,-
2407,2319,110.83570400074007,-,-,-,-
2407,2320,110.83570400074007,-,-,-,-
2407,2321,107.30235969796276,-,-,-,-
2407,2322,104.208226533535,-,-,-,-
2407,2323,101.49125171487859,-,-,-,-
2407,2324,99.09667069959542,-,-,-,-
2407,2325,96.97735788133501,-,-,-,-
2407,2326,96.97735788133501,-,-,-,-
2407,2327,96.97735788133501,-,-,-,-
2407,2328,96.97735788133501,-,-,-,-
2407,2329,96.97735788133501,-,-,-,-
2407,2330,96.97735788133501,-,-,-,-
2407,2331,96.97735788133501,-,-,-,-
2407,2332,96.97735788133501,-,-,-,-
2407,2333,96.97735788133501,-,-,-,-
2407,2334,96.97735788133501,-,-,-,-
2407,2335,96.97735788133501,-,-,-,-
2407,2336,96.97735788133501,-,-,-,-
2407,2337,96.97735788133501,-,-,-,-
2407,2338,96.97735788133501,-,-,-,-
2407,2339,96.97735788133501,-,-,-,-
2407,2340,96.97735788133501,-,-,-,-
2407,2341,96.97735788133501,-,-,-,-
2407,2342,96.97735788133501,-,-,-,-
2407,2343,96.97735788133501,-,-,-,-
2407,2344,96.97735788133501,-,-,-,-
2407,2345,96.97735788133501,-,-,-,-
2407,2346,96.97735788133501,-,-,-,-
2407,2347,96.97735788133501,-,-,-,-
2407,2348,96.97735788133501,-,-,-,-
2407,2349,96.97735788133501,-,-,-,-
2407,2350,96.97735788133501,-,-,-,-
2407,2351,96.97735788133501,-,-,-,-
2407,2352,96.97735788133501,-,-,-,-
2407,2353,96.97735788133501,-,-,-,-
2407,2354,96.97735788133501,-,-,-,-
2407,2355,96.97735788133501,-,-,-,-
2407,2356,96.97735788133501,-,-,-,-
2407,2357,96.97735788133501,-,-,-,-
2407,2358,96.97735788133501,-,-,-,-
2407,2359,96.97735788133501,-,-,-,-
2407,2360,96.97735788133501,-,-,-,-
2407,2361,96.97735788133501,-,-,-,-
2407,2362,96.97735788133501,-,-,-,-
2407,2363,96.97735788133501,-,-,-,-
2407,2364,96.97735788133501,-,-,-,-
2407,2365,96.97735788133501,-,-,-,-
2407,2366,96.97735788133501,-,-,-,-
2407,2367,96.97735788133501,-,-,-,-
2407,2368,96.97735788133501,-,-,-,-
2407,2369,96.97735788133501,-,-,-,-
2407,2370,96.97735788133501,-,-,-,-
2407,2371,96.97735788133501,-,-,-,-
2407,2372,93.86734422932662,-,-,-,-
2407,2373,89.9661286056343,-,-,-,-
2407,2374,84.98222131665905,-,-,-,-
2407,2375,78.50972928150715,-,-,-,-
2407,2376,70.02831287764673,-,-,-,-
2407,2377,59.022395985021646,-,-,-,-
2407,2378,45.38446675898362,-,-,-,-
2407,2379,30.045218174404212,-,-,-,-
2407,2380,14.974607930668943,-,-,-,-
2407,2381,14.974607930668943,-,-,-,-
2407,2382,14.974607930668943,-,-,-,-
2407,2383,14.974607930668943,-,-,-,-
2407,2384,14.974607930668943,-,-,-,-
2407,2385,14.974607930668943,-,-,-,-
2407,2386,14.974607930668943,-,-,-,-
2407,2387,14.974607930668943,-,-,-,-
2407,2388,14.974607930668943,-,-,-,-
2407,2389,14.974607930668943,-,-,-,-
2407,2390,14.974607930668943,-,-,-,-
2407,2391,14.974607930668943,-,-,-,-
2407,2392,14.974607930668943,-,-,-,-
2407,2393,14.974607930668943,-,-,-,-
2407,2394,14.974607930668943,-,-,-,-
2407,2395,14.974607930668943,-,-,-,-
2407,2396,14.974607930668943,-,-,-,-
2407,2397,14.974607930668943,-,-,-,-
2407,2398,14.974607930668943,-,-,-,-
2407,2399,14.974607930668943,-,-,-,-
2407,2400,14.974607930668943,-,-,-,-
2407,2401,14.974607930668943,-,-,-,-
2407,2402,14.974607930668943,-,-,-,-
2407,2403,14.974607930668943,-,-,-,-
2407,2404,14.974607930668943,-,-,-,-
2407,2405,14.974607930668943,-,-,-,-
2407,2406,14.974607930668943,-,-,-,-
2407,2407,14.974607930668943,-,-,-,-
2408,2408,14.974607930668943,-,-,-,-
2409,2409,14.974607930668943,-,-,-,-
2410,2410,14.974607930668943,-,-,-,-
2411,2411,14.974607930668943,-,-,-,-
2412,2412,14.974607930668943,-,-,-,-
2413,2413,14.974607930668943,-,-,-,-
2414,2414,14.974607930668943,-,-,-,-
2415,2415,14.974607930668943,-,-,-,-
2416,2416,14.974607930668943,-,-,-,-
2417,2417,14.974607930668943,-,-,-,-
2418,2418,14.974607930668943,-,-,-,-
2419,2419,14.974607930668943,-,-,-,-
2420,2420,14.974607930668943,-,-,-,-
2421,2421,14.974607930668943,-,-,-,-
2422,2422,14.974607930668943,-,-,-,-
2423,2423,14.974607930668943,-,-,-,-
2424,2424,14.974607930668943,-,-,-,-
2425,2425,14.974607930668943,-,-,-,-
2426,2426,14.974607930668943,-,-,-,-
2427,2427,14.974607930668943,-,-,-,-
2428,2428,14.974607930668943,-,-,-,-
2429,2429,14.974607930668943,-,-,-,-
2430,2430,14.974607930668943,-,-,-,-
2431,2431,14.974607930668943,-,-,-,-
2432,2432,14.974607930668943,-,-,-,-
2433,2433,14.974607930668943,-,-,-,-
2434,2434,14.974607930668943,-,-,-,-
2435,2435,14.974607930668943,-,-,-,-
2436,2436,14.974607930668943,-,-,-,-
2437,2437,14.974607930668943,-,-,-,-
2438,2438,14.974607930668943,-,-,-,-
2439,2439,14.974607930668943,-,-,-,-
2440,2440,14.974607930668943,-,-,-,-
2441,2441,14.974607930668943,-,-,-,-
2442,2442,14.974607930668943,-,-,-,-
2443,2443,14.974607930668943,-,-,-,-
2444,2444,14.974607930668943,-,-,-,-
2445,2445,14.974607930668943,-,-,-,-
2446,2446,14.974607930668943,-,-,-,-
2447,2447,14.974607930668943,-,-,-,-
2448,2448,14.974607930668943,-,-,-,-
2449,2449,14.974607930668943,-,-,-,-
2450,2450,14.974607930668943,-,-,-,-
2451,2451,14.974607930668943,-,-,-,-
2452,2452,14.974607930668943,-,-,-,-
2453,2453,14.974607930668943,-,-,-,-
2454,2454,14.974607930668943,-,-,-,-
2455,2455,14.974607930668943,-,-,-,-
2456,2456,14.974607930668943,-,-,-,-
2457,2457,14.974607930668943,-,-,-,-
2458,2458,14.974607930668943,-,-,-,-
2459,2459,14.974607930668943,-,-,-,-
2460,2460,14.974607930668943,-,-,-,-
2461,2461,14.974607930668943,-,-,-,-
2462,2462,14.974607930668943,-,-,-,-
2463,2463,14.974607930668943,-,-,-,-
2464,2464,14.974607930668943,-,-,-,-
2465,2465,14.974607930668943,-,-,-,-
2466,2466,14.974607930668943,-,-,-,-
2467,2467,14.974607930668943,-,-,-,-
2468,2468,14.974607930668943,-,-,-,-
2469,2469,14.974607930668943,-,-,-,-
2470,2470,14.974607930668943,-,-,-,-
2471,2471,14.974607930668943,-,-,-,-
2472,2472,14.974607930668943,-,-,-,-
2473,2473,14.974607930668943,-,-,-,-
2474,2474,14.974607930668943,-,-,-,-
2475,2475,14.974607930668943,-,-,-,-
2476,2476,14.974607930668943,-,-,-,-
2477,2477,14.974607930668943,-,-,-,-
2478,2478,14.974607930668943,-,-,-,-
2479,2479,14.974607930668943,-,-,-,-
2480,2480,14.974607930668943,-,-,-,-
2481,2481,14.974607930668943,-,-,-,-
2482,2482,14.974607930668943,-,-,-,-
2483,2483,14.974607930668943,-,-,-,-
2484,2484,14.974607930668943,-,-,-,-
2485,2485,14.974607930668943,-,-,-,-
2486,2486,14.974607930668943,-,-,-,-
2487,2487,129.75883985594774,-,-,-,-
2488,2488,129.75883985594774,-,-,-,-
2489,2489,129.75883985594774,-,-,-,-
2490,2490,129.75883985594774,-,-,-,-
2491,2491,129.75883985594774,-,-,-,-
2492,2492,129.75883985594774,-,-,-,-
2493,2493,129.75883985594774,-,-,-,-
2494,2494,129.75883985594774,-,-,-,-
2495,2495,129.75883985594774,-,-,-,-
2496,2496,129.75883985594774,-,-,-,-
2497,2497,129.75883985594774,-,-,-,-
2498,2498,129.75883985594774,-,-,-,-
2499,2499,129.75883985594774,-,-,-,-
2500,2500,129.75883985594774,-,-,-,-
2501,2501,129.75883985594774,-,-,-,-
2502,2502,129.75883985594774,-,-,-,-
2503,2503,129.75883985594774,-,-,-,-
2504,2504,129.75883985594774,-,-,-,-
2505,2505,129.75883985594774,-,-,-,-
2506,2506,129.75883985594774,-,-,-,-
2507,2507,129.75883985594774,-,-,-,-
2508,2508,129.75883985594774,-,-,-,-
2509,2509,129.75883985594774,-,-,-,-
2510,2510,129.75883985594774,-,-,-,-
2511,2511,129.75883985594774,-,-,-,-
2512,2512,129.75883985594774,-,-,-,-
2513,2513,129.75883985594774,-,-,-,-
2514,2514,129.75883985594774,-,-,-,-
2515,2515,129.75883985594774,-,-,-,-
2516,2516,129.75883985594774,-,-,-,-
2517,2517,129.75883985594774,-,-,-,-
2518,2518,129.75883985594774,-,-,-,-
2519,2519,129.75883985594774,-,-,-,-
2520,2520,129.75883985594774,-,-,-,-
2521,2521,140.45561441653558,-,-,-,-
2522,2522,140.45561441653558,-,-,-,-
2523,2523,140.45561441653558,-,-,-,-
2524,2524,140.45561441653558,-,-,-,-
2525,2525,140.45561441653558,-,-,-,-
2526,2526,140.45561441653558,-,-,-,-
2527,2527,140.45561441653558,-,-,-,-
2528,2528,140.45561441653558,-,-,-,-
2529,2529,140.45561441653558,-,-,-,-
2530,2530,140.45561441653558,-,-,-,-
2531,2531,140.45561441653558,-,-,-,-
2532,2532,140.45561441653558,-,-,-,-
2533,2533,140.45561441653558,-,-,-,-
2534,2534,140.45561441653558,-,-,-,-
2535,2535,140.45561441653558,-,-,-,-
2536,2536,140.45561441653558,-,-,-,-
2537,2537,140.45561441653558,-,-,-,-
2538,2538,140.45561441653558,-,-,-,-
2539,2539,140.45561441653558,-,-,-,-
2540,2540,140.45561441653558,-,-,-,-
2541,2541,140.45561441653558,-,-,-,-
2542,2542,140.45561441653558,-,-,-,-
2543,2543,88.22619078561499,-,-,-,-
2544,2544,88.22619078561499,-,-,-,-
2545,2545,88.22619078561499,-,-,-,-
2546,2546,88.22619078561499,-,-,-,-
2547,2547,88.22619078561499,-,-,-,-
2548,2548,88.22619078561499,-,-,-,-
2549,2549,88.22619078561499,-,-,-,-
2550,2550,88.22619078561499,-,-,-,-
2551,2551,88.22619078561499,-,-,-,-
2552,2552,88.22619078561499,-,-,-,-
2553,2553,88.22619078561499,-,-,-,-
2554,2554,88.22619078561499,-,-,-,-
2555,2555,88.22619078561499,-,-,-,-
2556,2556,88.22619078561499,-,-,-,-
2557,2557,88.22619078561499,-,-,-,-
2558,2558,88.22619078561499,-,-,-,-
2559,2559,88.22619078561499,-,-,-,-
2560,2560,88.22619078561499,-,-,-,-
2561,2561,88.22619078561499,-,-,-,-
2562,2562,88.22619078561499,-,-,-,-
2563,2563,88.22619078561499,-,-,-,-
2564,2564,88.22619078561499,-,-,-,-
2565,2565,88.22619078561499,-,-,-,-
2566,2566,88.22619078561499,-,-,-,-
2567,2567,88.22619078561499,-,-,-,-
2568,2568,88.22619078561499,-,-,-,-
2569,2569,88.22619078561499,-,-,-,-
2570,2570,88.22619078561499,-,-,-,-
2571,2571,88.22619078561499,-,-,-,-
2572,2572,88.22619078561499,-,-,-,-
2573,2573,88.22619078561499,-,-,-,-
2574,2574,88.22619078561499,-,-,-,-
2575,2575,88.22619078561499,-,-,-,-
2576,2576,88.22619078561499,-,-,-,-
2577,2577,88.22619078561499,-,-,-,-
2578,2578,88.22619078561499,-,-,-,-
2579,2579,88.22619078561499,-,-,-,-
2580,2580,88.22619078561499,-,-,-,-
2581,2581,88.22619078561499,-,-,-,-
2582,2582,88.22619078561499,-,-,-,-
2583,2583,88.22619078561499,-,-,-,-
2584,2584,88.22619078561499,-,-,-,-
2585,2585,88.22619078561499,-,-,-,-
2586,2586,88.22619078561499,-,-,-,-
2587,2587,88.22619078561499,-,-,-,-
2588,2588,88.22619078561499,-,-,-,-
2589,2589,88.22619078561499,-,-,-,-
2590,2590,88.22619078561499,-,-,-,-
2591,2591,88.22619078561499,-,-,-,-
2592,2592,88.22619078561499,-,-,-,-
2593,2593,88.22619078561499,-,-,-,-
2594,2594,88.22619078561499,-,-,-,-
2595,2595,88.22619078561499,-,-,-,-
