path_ref,path_query,path_distance,ref_x,ref_y,query_x,query_y
0,0,130.3682702886021,863.1910223027286,499.22890863806185,973.1,533.4
1,1,130.3682702886021,863.1910223027286,499.22890863806185,973.1,533.4
2,2,130.3682702886021,863.1910223027286,499.22890863806185,973.1,533.4
3,3,130.3682702886021,863.1910223027286,499.22890863806185,973.1,533.4
4,4,130.3682702886021,863.1910223027286,499.22890863806185,973.1,533.4
5,5,130.3682702886021,863.1910223027286,499.22890863806185,973.1,533.4
6,6,130.3682702886021,863.1910223027286,499.22890863806185,973.1,533.4
7,7,130.3682702886021,863.1910223027286,499.22890863806185,973.1,533.4
8,8,0.004678183033618678,964.1910223027286,509.22890863806185,973.1,533.4
8,9,0.004678183033618678,964.1910223027286,509.22890863806185,973.1,533.4
8,10,0.004678183033618678,964.1910223027286,509.22890863806185,973.1,533.4
8,11,0.004678183033618678,964.1910223027286,509.22890863806185,973.1,533.4
8,12,0.004678183033618678,964.1910223027286,509.22890863806185,973.1,533.4
8,13,0.004678183033618678,964.1910223027286,509.22890863806185,973.1,533.4
8,14,0.004678183033618678,964.1910223027286,509.22890863806185,973.1,533.4
8,15,0.004678183033618678,964.1910223027286,509.22890863806185,973.1,533.4
8,16,0.004678183033618678,964.1910223027286,509.22890863806185,973.1,533.4
8,17,0.004678183033618678,964.1910223027286,509.22890863806185,973.1,533.4
8,18,0.004678183033618678,964.1910223027286,509.22890863806185,973.1,533.4
8,19,0.004678183033618678,964.1910223027286,509.22890863806185,973.1,533.4
8,20,0.004678183033618678,964.1910223027286,509.22890863806185,973.1,533.4
8,21,0.004678183033618678,964.1910223027286,509.22890863806185,973.1,533.4
8,22,0.004678183033618678,964.1910223027286,509.22890863806185,973.1,533.4
8,23,0.004678183033618678,964.1910223027286,509.22890863806185,973.1,533.4
8,24,0.004678183033618678,964.1910223027286,509.22890863806185,973.1,533.4
8,25,0.004678183033618678,964.1910223027286,509.22890863806185,973.1,533.4
8,26,0.004678183033618678,964.1910223027286,509.22890863806185,973.1,533.4
9,27,0.004678183033618678,964.1910223027286,509.22890863806185,973.1,533.4
10,28,0.004678183033618678,964.1910223027286,509.22890863806185,973.1,533.4
11,29,0.004678183033618678,964.1910223027286,509.22890863806185,973.1,533.4
12,30,0.004678183033618678,964.1910223027286,509.22890863806185,973.1,533.4
13,31,0.004678183033618678,964.1910223027286,509.22890863806185,973.1,533.4
14,32,0.004678183033618678,964.1910223027286,509.22890863806185,973.1,533.4
15,33,0.004678183033618678,964.1910223027286,509.22890863806185,973.1,533.4
16,34,0.004678183033618678,964.1910223027286,509.22890863806185,973.1,533.4
17,35,0.004678183033618678,964.1910223027286,509.22890863806185,973.1,533.4
18,36,0.004678183033618678,964.1910223027286,509.22890863806185,973.1,533.4
19,37,0.004678183033618678,964.1910223027286,509.22890863806185,973.1,533.4
20,38,0.004678183033618678,964.1910223027286,509.22890863806185,973.1,533.4
21,39,0.004678183033618678,964.1910223027286,509.22890863806185,973.1,533.4
22,40,0.004678183033618678,964.1910223027286,509.22890863806185,973.1,533.4
23,41,0.004678183033618678,964.1910223027286,509.22890863806185,973.1,533.4
24,42,0.004678183033618678,964.1910223027286,509.22890863806185,973.1,533.4
25,43,0.004678183033618678,964.1910223027286,509.22890863806185,973.1,533.4
26,44,0.004678183033618678,964.1910223027286,509.22890863806185,973.1,533.4
27,45,0.004678183033618678,964.1910223027286,509.22890863806185,973.1,533.4
28,46,0.004678183033618678,964.1910223027286,509.22890863806185,973.1,533.4
29,47,0.004678183033618678,964.1910223027286,509.22890863806185,973.1,533.4
30,48,0.004678183033618678,964.1910223027286,509.22890863806185,973.1,533.4
31,49,0.004678183033618678,964.1910223027286,509.22890863806185,973.1,533.4
32,50,0.004678183033618678,964.1910223027286,509.22890863806185,973.1,533.4
33,51,0.004678183033618678,964.1910223027286,509.22890863806185,973.1,533.4
34,52,0.004678183033618678,964.1910223027286,509.22890863806185,973.1,533.4
35,53,0.004678183033618678,964.1910223027286,509.22890863806185,973.1,533.4
36,54,0.004678183033618678,964.1910223027286,509.22890863806185,973.1,533.4
37,55,0.004678183033618678,964.1910223027286,509.22890863806185,973.1,533.4
38,56,0.0029614820040389264,964.1910223027286,509.22890863806185,975.05,523.8
39,57,0.002159847713825005,964.1910223027286,509.22890863806185,977.0,514.2
40,58,0.002159847713825005,964.1910223027286,509.22890863806185,977.0,514.2
41,59,0.002159847713825005,964.1910223027286,509.22890863806185,977.0,514.2
42,60,0.002159847713825005,964.1910223027286,509.22890863806185,977.0,514.2
43,61,0.002159847713825005,964.1910223027286,509.22890863806185,977.0,514.2
44,62,0.002159847713825005,964.1910223027286,509.22890863806185,977.0,514.2
45,63,0.002159847713825005,964.1910223027286,509.22890863806185,977.0,514.2
46,64,0.002159847713825005,964.1910223027286,509.22890863806185,977.0,514.2
47,65,0.002159847713825005,964.1910223027286,509.22890863806185,977.0,514.2
48,66,0.002159847713825005,964.1910223027286,509.22890863806185,977.0,514.2
49,67,0.002159847713825005,964.1910223027286,509.22890863806185,977.0,514.2
50,68,0.002159847713825005,964.1910223027286,509.22890863806185,977.0,514.2
51,69,0.002159847713825005,964.1910223027286,509.22890863806185,977.0,514.2
52,70,0.002159847713825005,964.1910223027286,509.22890863806185,977.0,514.2
53,71,0.002159847713825005,964.1910223027286,509.22890863806185,977.0,514.2
54,72,0.002159847713825005,964.1910223027286,509.22890863806185,977.0,514.2
55,73,0.002159847713825005,964.1910223027286,509.22890863806185,977.0,514.2
56,74,0.002159847713825005,964.1910223027286,509.22890863806185,977.0,514.2
57,75,0.002159847713825005,964.1910223027286,509.22890863806185,977.0,514.2
58,76,0.002159847713825005,964.1910223027286,509.22890863806185,977.0,514.2
59,77,0.002159847713825005,964.1910223027286,509.22890863806185,977.0,514.2
60,78,0.002159847713825005,964.1910223027286,509.22890863806185,977.0,514.2
61,79,0.002159847713825005,964.1910223027286,509.22890863806185,977.0,514.2
62,80,0.002159847713825005,964.1910223027286,509.22890863806185,977.0,514.2
63,81,0.002159847713825005,964.1910223027286,509.22890863806185,977.0,514.2
64,82,0.002159847713825005,964.1910223027286,509.22890863806185,977.0,514.2
65,83,0.002159847713825005,964.1910223027286,509.22890863806185,977.0,514.2
66,84,0.002159847713825005,964.1910223027286,509.22890863806185,977.0,514.2
67,85,0.002159847713825005,964.1910223027286,509.22890863806185,977.0,514.2
68,86,0.002159847713825005,964.1910223027286,509.22890863806185,977.0,514.2
69,87,0.002159847713825005,964.1910223027286,509.22890863806185,977.0,514.2
70,88,0.002159847713825005,964.1910223027286,509.22890863806185,977.0,514.2
71,89,0.002159847713825005,964.1910223027286,509.22890863806185,977.0,514.2
72,90,0.002159847713825005,964.1910223027286,509.22890863806185,977.0,514.2
73,91,0.002159847713825005,964.1910223027286,509.22890863806185,977.0,514.2
74,92,0.002159847713825005,964.1910223027286,509.22890863806185,977.0,514.2
75,93,0.002159847713825005,964.1910223027286,509.22890863806185,977.0,514.2
76,94,0.002159847713825005,964.1910223027286,509.22890863806185,977.0,514.2
77,95,0.002159847713825005,964.1910223027286,509.22890863806185,977.0,514.2
78,96,0.002159847713825005,964.1910223027286,509.22890863806185,977.0,514.2
79,97,0.002159847713825005,964.1910223027286,509.22890863806185,977.0,514.2
80,98,0.002159847713825005,964.1910223027286,509.22890863806185,977.0,514.2
81,99,0.002159847713825005,964.1910223027286,509.22890863806185,977.0,514.2
82,100,0.002159847713825005,964.1910223027286,509.22890863806185,977.0,514.2
83,101,0.002159847713825005,964.1910223027286,509.22890863806185,977.0,514.2
84,102,0.002159847713825005,964.1910223027286,509.22890863806185,977.0,514.2
85,103,0.002159847713825005,964.1910223027286,509.22890863806185,977.0,514.2
86,104,0.002159847713825005,964.1910223027286,509.22890863806185,977.0,514.2
87,105,0.002159847713825005,964.1910223027286,509.22890863806185,977.0,514.2
88,106,0.002159847713825005,964.1910223027286,509.22890863806185,977.0,514.2
89,107,0.002159847713825005,964.1910223027286,509.22890863806185,977.0,514.2
90,108,0.002159847713825005,964.1910223027286,509.22890863806185,977.0,514.2
91,109,0.002159847713825005,964.1910223027286,509.22890863806185,977.0,514.2
92,110,0.002159847713825005,964.1910223027286,509.22890863806185,977.0,514.2
93,111,0.002159847713825005,964.1910223027286,509.22890863806185,977.0,514.2
94,112,0.002159847713825005,964.1910223027286,509.22890863806185,977.0,514.2
95,113,0.002159847713825005,964.1910223027286,509.22890863806185,977.0,514.2
96,114,0.002159847713825005,964.1910223027286,509.22890863806185,977.0,514.2
97,115,0.002159847713825005,964.1910223027286,509.22890863806185,977.0,514.2
98,116,0.002159847713825005,964.1910223027286,509.22890863806185,977.0,514.2
99,117,0.002159847713825005,964.1910223027286,509.22890863806185,977.0,514.2
100,118,0.002159847713825005,964.1910223027286,509.22890863806185,977.0,514.2
101,119,0.011367757493289991,964.1910223027286,509.22890863806185,973.3333333333334,500.23333333333335
102,120,0.04771110460297896,964.1910223027286,509.22890863806185,969.6666666666666,486.2666666666667
103,121,0.8274870106638635,964.1910223027286,509.22890863806185,966.0,472.3
104,122,0.8274870106638635,964.1910223027286,509.22890863806185,966.0,472.3
105,123,0.8274870106638635,964.1910223027286,509.22890863806185,966.0,472.3
106,124,0.8274870106638635,964.1910223027286,509.22890863806185,966.0,472.3
107,125,0.8274870106638635,964.1910223027286,509.22890863806185,966.0,472.3
108,126,0.8274870106638635,964.1910223027286,509.22890863806185,966.0,472.3
109,127,0.8274870106638635,964.1910223027286,509.22890863806185,966.0,472.3
110,128,0.8274870106638635,957.1910223027286,463.22890863806185,966.0,472.3
111,129,0.8274870106638635,957.1910223027286,463.22890863806185,966.0,472.3
112,130,0.8274870106638635,957.1910223027286,463.22890863806185,966.0,472.3
113,131,0.8274870106638635,957.1910223027286,463.22890863806185,966.0,472.3
114,132,0.8274870106638635,957.1910223027286,463.22890863806185,966.0,472.3
115,133,0.8274870106638635,957.1910223027286,463.22890863806185,966.0,472.3
116,134,0.8274870106638635,957.1910223027286,463.22890863806185,966.0,472.3
117,135,0.8274870106638635,957.1910223027286,463.22890863806185,966.0,472.3
118,136,0.8274870106638635,957.1910223027286,463.22890863806185,966.0,472.3
119,137,0.8274870106638635,957.1910223027286,463.22890863806185,966.0,472.3
120,138,0.8274870106638635,957.1910223027286,463.22890863806185,966.0,472.3
121,139,0.8274870106638635,957.1910223027286,463.22890863806185,966.0,472.3
122,140,0.8274870106638635,957.1910223027286,463.22890863806185,966.0,472.3
123,141,0.8274870106638635,957.1910223027286,463.22890863806185,966.0,472.3
124,142,0.8274870106638635,957.1910223027286,463.22890863806185,966.0,472.3
125,143,0.8274870106638635,957.1910223027286,463.22890863806185,966.0,472.3
126,144,0.8274870106638635,947.1910223027286,262.22890863806185,966.0,472.3
127,145,0.8274870106638635,947.1910223027286,262.22890863806185,966.0,472.3
128,146,2.695323335685331,947.1910223027286,262.22890863806185,961.0,450.2166666666667
129,147,0.0476124055032471,947.1910223027286,262.22890863806185,956.0,428.1333333333333
130,147,0.0476124055032471,947.1910223027286,262.22890863806185,951.0,406.05
131,147,0.0476124055032471,947.1910223027286,262.22890863806185,946.0,383.9666666666667
132,147,0.0476124055032471,947.1910223027286,262.22890863806185,941.0,361.8833333333333
133,147,0.0476124055032471,947.1910223027286,262.22890863806185,936.0,339.8
134,147,0.0476124055032471,947.1910223027286,262.22890863806185,936.0,339.8
135,147,0.0476124055032471,947.1910223027286,262.22890863806185,936.0,339.8
136,147,0.0476124055032471,947.1910223027286,262.22890863806185,936.0,339.8
137,147,0.0476124055032471,947.1910223027286,262.22890863806185,936.0,339.8
138,147,0.0476124055032471,947.1910223027286,262.22890863806185,936.0,339.8
139,147,0.0476124055032471,947.1910223027286,262.22890863806185,936.0,339.8
140,147,0.0476124055032471,947.1910223027286,262.22890863806185,936.0,339.8
141,147,0.0476124055032471,947.1910223027286,262.22890863806185,936.0,339.8
142,147,0.0476124055032471,947.1910223027286,262.22890863806185,936.0,339.8
143,147,0.0476124055032471,947.1910223027286,262.22890863806185,936.0,339.8
144,148,1.2036485947400692,947.1910223027286,262.22890863806185,936.0,339.8
144,149,2.486866827710684,947.1910223027286,262.22890863806185,936.0,339.8
145,150,3.448576350673374,947.1910223027286,262.22890863806185,936.0,339.8
146,151,4.195767675343315,947.1910223027286,262.22890863806185,936.0,339.8
147,152,4.195767675343315,947.1910223027286,262.22890863806185,936.9,339.43333333333334
148,153,4.195767675343315,947.1910223027286,262.22890863806185,937.8000000000001,339.06666666666666
149,154,4.195767675343315,947.1910223027286,262.22890863806185,938.7,338.7
150,155,4.195767675343315,947.1910223027286,262.22890863806185,938.7,338.7
151,156,4.195767675343315,947.1910223027286,262.22890863806185,938.7,338.7
152,157,4.195767675343315,947.1910223027286,262.22890863806185,938.7,338.7
153,158,4.195767675343315,947.1910223027286,262.22890863806185,938.7,338.7
154,159,4.195767675343315,947.1910223027286,262.22890863806185,938.7,338.7
155,160,4.195767675343315,947.1910223027286,262.22890863806185,938.7,338.7
156,161,4.195767675343315,672.1910223027286,242.22890863806185,938.7,338.7
157,162,4.195767675343315,672.1910223027286,242.22890863806185,938.7,338.7
158,163,4.195767675343315,672.1910223027286,242.22890863806185,938.7,338.7
159,164,4.195767675343315,672.1910223027286,242.22890863806185,938.7,338.7
160,165,4.195767675343315,672.1910223027286,242.22890863806185,921.6125000000001,369.4875
161,166,3.929782625393845,672.1910223027286,242.22890863806185,904.5250000000001,400.275
162,167,3.6644851351035026,672.1910223027286,242.22890863806185,887.4375,431.0625
163,168,3.3998838733423096,672.1910223027286,242.22890863806185,870.35,461.85
164,169,3.3998838733423096,672.1910223027286,242.22890863806185,853.2625,492.6375
165,170,3.3998838733423096,672.1910223027286,242.22890863806185,836.175,523.425
166,171,3.3998838733423096,672.1910223027286,242.22890863806185,819.0875,554.2125
167,172,3.3998838733423096,672.1910223027286,242.22890863806185,802.0,585.0
168,173,3.3998838733423096,672.1910223027286,242.22890863806185,802.0,585.0
169,174,3.3998838733423096,672.1910223027286,242.22890863806185,802.0,585.0
170,175,3.3998838733423096,672.1910223027286,242.22890863806185,802.0,585.0
171,176,3.3998838733423096,672.1910223027286,242.22890863806185,802.0,585.0
172,177,3.3998838733423096,672.1910223027286,242.22890863806185,802.0,585.0
173,178,3.3998838733423096,662.1910223027286,422.22890863806185,802.0,585.0
174,179,10.047244993178785,662.1910223027286,422.22890863806185,802.0,585.0
175,180,22.370799622378577,662.1910223027286,422.22890863806185,802.0,585.0
176,181,10.35805214505657,662.1910223027286,422.22890863806185,802.0,585.0
177,182,4.895220502596376,662.1910223027286,422.22890863806185,802.0,585.0
178,182,4.895220502596376,662.1910223027286,422.22890863806185,802.0,585.0
179,182,4.895220502596376,662.1910223027286,422.22890863806185,802.0,585.0
180,182,4.895220502596376,662.1910223027286,422.22890863806185,842.6,590.2166666666667
181,182,4.895220502596376,651.1910223027286,602.2289086380619,883.1999999999999,595.4333333333333
182,182,4.895220502596376,651.1910223027286,602.2289086380619,923.8,600.65
183,182,4.895220502596376,651.1910223027286,602.2289086380619,964.4,605.8666666666667
184,182,4.895220502596376,651.1910223027286,602.2289086380619,1005.0,611.0833333333333
185,182,4.895220502596376,651.1910223027286,602.2289086380619,1045.6,616.3
186,182,4.895220502596376,651.1910223027286,602.2289086380619,1045.6,616.3
187,182,4.895220502596376,651.1910223027286,602.2289086380619,1045.6,616.3
188,182,4.895220502596376,651.1910223027286,602.2289086380619,1045.6,616.3
189,182,4.895220502596376,651.1910223027286,602.2289086380619,1045.6,616.3
190,182,4.895220502596376,651.1910223027286,602.2289086380619,1045.6,616.3
191,182,4.895220502596376,651.1910223027286,602.2289086380619,1045.6,616.3
192,183,2.351497832536078,651.1910223027286,602.2289086380619,1045.6,616.3
193,183,2.351497832536078,651.1910223027286,602.2289086380619,1045.6,616.3
194,183,2.351497832536078,651.1910223027286,602.2289086380619,1045.6,616.3
195,183,2.351497832536078,651.1910223027286,602.2289086380619,1045.6,616.3
196,183,2.351497832536078,651.1910223027286,602.2289086380619,1045.6,616.3
197,183,2.351497832536078,651.1910223027286,602.2289086380619,1045.6,616.3
198,183,2.351497832536078,651.1910223027286,602.2289086380619,1045.6,616.3
199,184,13.952548336006034,651.1910223027286,602.2289086380619,1045.6,616.3
200,185,5.633840285394988,651.1910223027286,602.2289086380619,1045.6,616.3
201,186,4.5042477154104645,651.1910223027286,602.2289086380619,1045.6,616.3
202,186,4.5042477154104645,651.1910223027286,602.2289086380619,1045.6,616.3
203,186,4.5042477154104645,651.1910223027286,602.2289086380619,1045.6,616.3
204,186,4.5042477154104645,651.1910223027286,602.2289086380619,1045.6,616.3
205,186,4.5042477154104645,651.1910223027286,602.2289086380619,1045.6,616.3
206,186,4.5042477154104645,651.1910223027286,602.2289086380619,1045.6,616.3
207,186,4.5042477154104645,651.1910223027286,602.2289086380619,1045.6,616.3
208,186,4.5042477154104645,651.1910223027286,602.2289086380619,1045.6,616.3
209,186,4.5042477154104645,651.1910223027286,602.2289086380619,1045.6,616.3
210,186,4.5042477154104645,651.1910223027286,602.2289086380619,1025.62,559.14
211,186,4.5042477154104645,651.1910223027286,602.2289086380619,1005.64,501.97999999999996
212,186,4.5042477154104645,651.1910223027286,602.2289086380619,985.66,444.82
213,186,4.5042477154104645,651.1910223027286,602.2289086380619,965.6800000000001,387.65999999999997
214,186,4.5042477154104645,651.1910223027286,602.2289086380619,945.7,330.5
215,186,4.5042477154104645,873.1910223027286,627.2289086380619,945.7,330.5
216,186,4.5042477154104645,873.1910223027286,627.2289086380619,945.7,330.5
217,186,4.5042477154104645,873.1910223027286,627.2289086380619,945.7,330.5
218,186,4.5042477154104645,873.1910223027286,627.2289086380619,945.7,330.5
219,186,4.5042477154104645,873.1910223027286,627.2289086380619,943.3428571428572,323.27142857142854
220,186,4.5042477154104645,873.1910223027286,627.2289086380619,940.9857142857144,316.04285714285714
221,187,4.5042477154104645,1094.1910223027285,651.2289086380619,938.6285714285715,308.8142857142857
222,188,4.5042477154104645,1094.1910223027285,651.2289086380619,936.2714285714286,301.5857142857143
223,189,4.5042477154104645,1094.1910223027285,651.2289086380619,933.9142857142857,294.35714285714283
224,190,4.5042477154104645,1094.1910223027285,651.2289086380619,931.5571428571429,287.1285714285714
225,191,4.5042477154104645,1094.1910223027285,651.2289086380619,929.2,279.9
226,192,4.5042477154104645,1094.1910223027285,651.2289086380619,929.2,279.9
227,193,4.5042477154104645,1094.1910223027285,651.2289086380619,928.875,279.275
228,194,4.5042477154104645,1094.1910223027285,651.2289086380619,928.55,278.65
229,195,4.5042477154104645,1094.1910223027285,651.2289086380619,928.225,278.025
230,196,4.5042477154104645,1094.1910223027285,651.2289086380619,927.9,277.4
231,197,4.5042477154104645,1094.1910223027285,651.2289086380619,927.9,277.4
232,198,4.5042477154104645,1094.1910223027285,651.2289086380619,927.9,277.4
233,199,11.765087178524976,1094.1910223027285,651.2289086380619,927.9,277.4
234,200,9.316882298157445,1094.1910223027285,651.2289086380619,927.9,277.4
235,200,9.316882298157445,1094.1910223027285,651.2289086380619,927.46,277.92999999999995
236,200,9.316882298157445,1094.1910223027285,651.2289086380619,927.02,278.46
237,200,9.316882298157445,1253.1910223027285,637.2289086380619,926.5799999999999,278.99
238,201,14.03007040701285,1253.1910223027285,637.2289086380619,926.14,279.52
239,202,48.68322054486852,1253.1910223027285,637.2289086380619,925.7,280.04999999999995
240,203,18.00892208952809,1253.1910223027285,637.2289086380619,925.26,280.58
240,204,2.0575572054786058,1253.1910223027285,637.2289086380619,924.8199999999999,281.11
240,205,2.0575572054786058,1253.1910223027285,637.2289086380619,924.38,281.64
240,206,2.0575572054786058,1253.1910223027285,637.2289086380619,923.94,282.16999999999996
240,207,2.0575572054786058,1253.1910223027285,637.2289086380619,923.5,282.7
240,208,2.0575572054786058,1093.1910223027285,447.22890863806185,923.5,282.7
240,209,2.0575572054786058,1093.1910223027285,447.22890863806185,923.5,282.7
240,210,2.0575572054786058,1093.1910223027285,447.22890863806185,923.5,282.7
240,211,2.0575572054786058,1093.1910223027285,447.22890863806185,923.5,282.7
240,212,2.0575572054786058,1093.1910223027285,447.22890863806185,922.575,284.425
240,213,2.0575572054786058,1093.1910223027285,447.22890863806185,921.65,286.15
241,214,2.0575572054786058,1093.1910223027285,447.22890863806185,920.7249999999999,287.875
242,215,2.0575572054786058,933.1910223027286,256.22890863806185,919.8,289.6
243,216,2.0575572054786058,933.1910223027286,256.22890863806185,919.8,289.6
244,217,2.0575572054786058,933.1910223027286,256.22890863806185,919.8,289.6
245,218,2.0575572054786058,933.1910223027286,256.22890863806185,919.8249999999999,290.2166666666667
246,219,2.0575572054786058,933.1910223027286,256.22890863806185,919.8499999999999,290.83333333333337
247,220,2.0575572054786058,933.1910223027286,256.22890863806185,919.875,291.45000000000005
248,221,2.0575572054786058,933.1910223027286,256.22890863806185,919.9,292.06666666666666
249,222,2.0575572054786058,933.1910223027286,256.22890863806185,919.925,292.68333333333334
250,223,2.0575572054786058,933.1910223027286,256.22890863806185,919.95,293.3
251,224,2.0575572054786058,933.1910223027286,256.22890863806185,919.975,293.9166666666667
252,225,2.0575572054786058,933.1910223027286,256.22890863806185,920.0,294.53333333333336
253,226,2.0575572054786058,933.1910223027286,256.22890863806185,920.025,295.15
254,227,2.0575572054786058,933.1910223027286,256.22890863806185,920.05,295.76666666666665
255,228,2.0575572054786058,933.1910223027286,256.22890863806185,920.075,296.3833333333333
256,229,2.0858368586975247,933.1910223027286,256.22890863806185,920.1,297.0
257,229,2.0858368586975247,933.1910223027286,256.22890863806185,920.1,297.0
258,229,2.0858368586975247,933.1910223027286,256.22890863806185,920.1,297.0
259,229,2.0858368586975247,933.1910223027286,256.22890863806185,920.1,297.0
260,229,2.0858368586975247,933.1910223027286,256.22890863806185,923.3166666666667,328.2
261,229,2.0858368586975247,933.1910223027286,256.22890863806185,926.5333333333333,359.4
262,229,2.0858368586975247,933.1910223027286,256.22890863806185,929.75,390.6
263,229,2.0858368586975247,933.1910223027286,256.22890863806185,932.9666666666667,421.8
264,230,4.937453211879912,933.1910223027286,256.22890863806185,936.1833333333333,453.0
265,230,4.937453211879912,933.1910223027286,256.22890863806185,939.4,484.2
266,230,4.937453211879912,933.1910223027286,256.22890863806185,939.4,484.2
267,230,4.937453211879912,933.1910223027286,256.22890863806185,939.4,484.2
268,230,4.937453211879912,933.1910223027286,256.22890863806185,939.4,484.2
269,230,4.937453211879912,933.1910223027286,256.22890863806185,939.4,484.2
270,230,4.937453211879912,933.1910223027286,256.22890863806185,940.075,486.125
271,231,20.484856100785265,933.1910223027286,256.22890863806185,940.75,488.04999999999995
271,232,7.532225721642428,933.1910223027286,256.22890863806185,941.425,489.97499999999997
272,233,1.49211598590284,933.1910223027286,256.22890863806185,942.1,491.9
273,234,1.49211598590284,933.1910223027286,256.22890863806185,942.1,491.9
274,235,1.49211598590284,933.1910223027286,256.22890863806185,942.1,491.9
275,236,1.49211598590284,933.1910223027286,256.22890863806185,942.1,491.9
276,237,1.49211598590284,933.1910223027286,256.22890863806185,942.1,491.9
277,238,1.0019896346964512,933.1910223027286,256.22890863806185,942.1,491.9
278,239,0.5440837599591305,933.1910223027286,256.22890863806185,942.1,491.9
279,240,0.11537539387917975,933.1910223027286,256.22890863806185,942.1,491.9
280,241,0.28679803608539495,933.1910223027286,256.22890863806185,942.1,491.9
281,242,0.6647899490503107,933.1910223027286,256.22890863806185,942.1,491.9
282,243,1.02068750638147,933.1910223027286,256.22890863806185,942.1,491.9
283,244,1.356347675121679,933.1910223027286,256.22890863806185,942.1,491.9
284,245,1.356347675121679,933.1910223027286,256.22890863806185,942.1,491.9
285,246,1.4107352763803245,933.1910223027286,256.22890863806185,942.1,491.9
286,247,1.4648505143376926,933.1910223027286,256.22890863806185,942.1,491.9
287,248,1.518695333975428,933.1910223027286,256.22890863806185,942.1,491.9
288,249,1.5722716627972468,933.1910223027286,256.22890863806185,942.1,491.9
289,250,1.5722716627972468,951.1910223027286,415.22890863806185,942.1,491.9
290,251,1.5722716627972468,951.1910223027286,415.22890863806185,942.1,491.9
291,252,1.5722716627972468,951.1910223027286,415.22890863806185,942.1,491.9
292,253,1.5722716627972468,951.1910223027286,415.22890863806185,942.1,491.9
293,254,1.6809819416345781,951.1910223027286,415.22890863806185,942.1,491.9
294,255,1.7900813046601938,951.1910223027286,415.22890863806185,942.1,491.9
295,256,1.8995710490754678,951.1910223027286,415.22890863806185,942.1,491.9
296,257,2.0094524699771292,951.1910223027286,415.22890863806185,942.1,491.9
297,258,2.1197268602203496,951.1910223027286,415.22890863806185,942.1,491.9
298,259,2.230395510277977,951.1910223027286,415.22890863806185,942.1,491.9
299,260,2.3414597080998236,951.1910223027286,415.22890863806185,942.1,491.9
300,261,2.452920738968718,951.1910223027286,415.22890863806185,942.1,491.9
301,262,2.564779885353042,951.1910223027286,415.22890863806185,920.075,478.59999999999997
302,263,2.6770384267610132,951.1910223027286,415.22890863806185,898.05,465.29999999999995
303,264,2.6770384267610132,951.1910223027286,415.22890863806185,876.025,452.0
304,265,2.6770384267610132,951.1910223027286,415.22890863806185,854.0,438.7
305,266,2.6770384267610132,951.1910223027286,415.22890863806185,831.975,425.4
306,267,2.6770384267610132,951.1910223027286,415.22890863806185,809.95,412.1
307,268,2.9339291613833804,951.1910223027286,415.22890863806185,787.925,398.8
308,269,3.193967398739923,951.1910223027286,415.22890863806185,765.9,385.5
309,270,3.457200429714379,951.1910223027286,415.22890863806185,765.9,385.5
310,271,3.7236761747818377,951.1910223027286,415.22890863806185,765.9,385.5
311,272,3.7236761747818377,951.1910223027286,415.22890863806185,765.9,385.5
312,273,3.7236761747818377,951.1910223027286,415.22890863806185,765.9,385.5
313,274,3.7402235225117413,679.1910223027286,254.22890863806185,765.9,385.5
314,275,3.756851228260001,679.1910223027286,254.22890863806185,765.9,385.5
315,276,3.7735598759873814,679.1910223027286,254.22890863806185,765.275,386.45
316,277,3.790350055299521,679.1910223027286,254.22890863806185,764.65,387.4
317,278,3.8072223615136087,679.1910223027286,254.22890863806185,764.025,388.35
318,279,3.82417739572795,679.1910223027286,254.22890863806185,763.4,389.3
319,280,5.199711588315156,679.1910223027286,254.22890863806185,763.4,389.3
320,281,5.216833905301673,679.1910223027286,254.22890863806185,763.4,389.3
321,282,5.234040788976012,679.1910223027286,254.22890863806185,763.4,389.3
322,283,5.251332864271345,679.1910223027286,254.22890863806185,763.4,389.3
323,284,5.26871076226211,679.1910223027286,254.22890863806185,763.4,389.3
324,285,5.286175120239692,679.1910223027286,254.22890863806185,763.4,389.3
325,286,5.286175120239692,679.1910223027286,254.22890863806185,764.575,390.125
326,287,5.286175120239692,679.1910223027286,254.22890863806185,765.75,390.95000000000005
327,288,5.286175120239692,679.1910223027286,254.22890863806185,766.925,391.77500000000003
328,289,5.78759043051261,679.1910223027286,254.22890863806185,768.1,392.6
329,290,6.459848461516213,679.1910223027286,254.22890863806185,768.1,392.6
330,291,7.4078621113953185,679.1910223027286,254.22890863806185,768.1,392.6
331,292,8.843980375559537,679.1910223027286,254.22890863806185,767.52,391.92
332,293,11.271412053751977,679.1910223027286,254.22890863806185,766.94,391.24
333,294,16.22440870597107,679.1910223027286,254.22890863806185,766.36,390.56
334,295,16.22440870597107,679.1910223027286,254.22890863806185,765.7800000000001,389.88
335,296,16.22440870597107,679.1910223027286,254.22890863806185,765.2,389.2
336,297,16.22440870597107,679.1910223027286,254.22890863806185,765.2,389.2
337,298,16.22440870597107,679.1910223027286,254.22890863806185,765.2,389.2
338,299,16.25777973894535,654.1910223027286,455.22890863806185,765.2,389.2
339,300,16.29360788202281,654.1910223027286,455.22890863806185,766.975,389.45
340,301,16.332174852000485,654.1910223027286,455.22890863806185,768.75,389.7
340,302,16.37380713809624,654.1910223027286,455.22890863806185,770.525,389.95
340,303,16.37380713809624,654.1910223027286,455.22890863806185,772.3,390.2
340,304,16.37380713809624,654.1910223027286,455.22890863806185,772.3,390.2
340,305,16.37380713809624,654.1910223027286,455.22890863806185,772.3,390.2
340,306,16.37380713809624,654.1910223027286,455.22890863806185,772.3,390.2
340,307,16.37380713809624,629.1910223027286,656.2289086380619,772.3,390.2
340,308,16.37380713809624,629.1910223027286,656.2289086380619,772.3,390.2
340,309,16.37380713809624,629.1910223027286,656.2289086380619,772.3,390.2
340,310,16.37380713809624,629.1910223027286,656.2289086380619,772.3,390.2
340,311,16.37380713809624,629.1910223027286,656.2289086380619,772.3,390.2
340,312,16.37380713809624,629.1910223027286,656.2289086380619,772.3,390.2
340,313,16.37380713809624,629.1910223027286,656.2289086380619,772.3,390.2
340,314,16.37380713809624,629.1910223027286,656.2289086380619,772.3,390.2
340,315,16.37380713809624,629.1910223027286,656.2289086380619,772.3,390.2
340,316,16.37380713809624,629.1910223027286,656.2289086380619,772.3,390.2
340,317,16.37380713809624,629.1910223027286,656.2289086380619,772.3,390.2
340,318,16.37380713809624,629.1910223027286,656.2289086380619,772.3,390.2
340,319,16.37380713809624,629.1910223027286,656.2289086380619,772.3,390.2
340,320,16.37380713809624,629.1910223027286,656.2289086380619,772.3,390.2
340,321,16.37380713809624,629.1910223027286,656.2289086380619,772.3,390.2
340,322,16.37380713809624,629.1910223027286,656.2289086380619,772.3,390.2
340,323,16.37380713809624,629.1910223027286,656.2289086380619,772.3,390.2
340,324,16.37380713809624,629.1910223027286,656.2289086380619,772.3,390.2
340,325,16.37380713809624,629.1910223027286,656.2289086380619,772.3,390.2
340,326,16.37380713809624,629.1910223027286,656.2289086380619,775.525,388.25
340,327,16.37380713809624,629.1910223027286,656.2289086380619,778.75,386.29999999999995
340,328,16.37380713809624,629.1910223027286,656.2289086380619,781.975,384.34999999999997
341,329,16.37380713809624,629.1910223027286,656.2289086380619,785.2,382.4
342,330,16.37380713809624,629.1910223027286,656.2289086380619,785.2,382.4
343,331,11.464509428689551,678.1910223027286,274.22890863806185,785.2,382.4
344,332,4.828712050770411,678.1910223027286,274.22890863806185,785.2,382.4
345,333,0.8389538467430595,678.1910223027286,274.22890863806185,785.2,382.4
346,333,0.8389538467430595,678.1910223027286,274.22890863806185,785.2,382.4
347,333,0.8389538467430595,678.1910223027286,274.22890863806185,785.2,382.4
348,333,0.8389538467430595,678.1910223027286,274.22890863806185,785.875,383.0
349,333,0.8389538467430595,678.1910223027286,274.22890863806185,786.55,383.6
350,333,0.8389538467430595,678.1910223027286,274.22890863806185,787.225,384.2
351,333,0.8389538467430595,678.1910223027286,274.22890863806185,787.9,384.8
352,333,0.8389538467430595,678.1910223027286,274.22890863806185,787.9,384.8
353,333,0.8389538467430595,678.1910223027286,274.22890863806185,787.9,384.8
354,333,0.8389538467430595,678.1910223027286,274.22890863806185,787.9,384.8
355,333,0.8389538467430595,678.1910223027286,274.22890863806185,787.9,384.8
356,333,0.8389538467430595,678.1910223027286,274.22890863806185,787.9,384.8
357,333,0.8389538467430595,678.1910223027286,274.22890863806185,787.9,384.8
358,333,0.8389538467430595,678.1910223027286,274.22890863806185,787.9,384.8
359,333,0.8389538467430595,678.1910223027286,274.22890863806185,787.9,384.8
360,334,1.800597643351052,678.1910223027286,274.22890863806185,787.9,384.8
361,335,3.6688620437400403,678.1910223027286,274.22890863806185,787.9,384.8
362,336,5.058089937298258,678.1910223027286,274.22890863806185,787.9,384.8
363,337,6.130425979499689,678.1910223027286,274.22890863806185,787.9,384.8
364,338,6.982645143961774,678.1910223027286,274.22890863806185,787.9,384.8
365,339,6.982645143961774,678.1910223027286,274.22890863806185,787.9,384.8
366,340,6.982645143961774,678.1910223027286,274.22890863806185,787.9,384.8
367,341,6.982645143961774,678.1910223027286,274.22890863806185,787.9,384.8
368,342,23.025618829203513,678.1910223027286,274.22890863806185,787.9,384.8
369,343,23.025618829203513,678.1910223027286,274.22890863806185,787.9,384.8
370,344,23.025618829203513,678.1910223027286,274.22890863806185,787.9,384.8
371,345,22.763953153369325,678.1910223027286,274.22890863806185,787.9,384.8
372,346,22.50208171608061,678.1910223027286,274.22890863806185,787.9,384.8
373,347,22.2400152278005,678.1910223027286,274.22890863806185,787.9,384.8
374,348,21.97776444759529,678.1910223027286,274.22890863806185,787.9,384.8
375,349,21.97776444759529,829.1910223027286,358.22890863806185,787.9,384.8
376,350,56.83008259468013,829.1910223027286,358.22890863806185,767.05,371.175
377,351,56.83008259468013,829.1910223027286,358.22890863806185,746.2,357.55
378,352,56.83008259468013,829.1910223027286,358.22890863806185,725.35,343.925
379,353,56.83008259468013,829.1910223027286,358.22890863806185,704.5,330.3
380,354,56.83008259468013,829.1910223027286,358.22890863806185,704.5,330.3
381,355,56.844055120620546,829.1910223027286,358.22890863806185,704.5,330.3
382,356,56.85819136388035,829.1910223027286,358.22890863806185,704.5,330.3
383,357,56.87249421710021,980.1910223027286,442.22890863806185,704.5,330.3
384,358,56.886966641427364,980.1910223027286,442.22890863806185,704.5,330.3
385,359,56.886966641427364,980.1910223027286,442.22890863806185,704.5,330.3
386,360,56.886966641427364,980.1910223027286,442.22890863806185,704.5,330.3
387,361,56.93084237803776,980.1910223027286,442.22890863806185,704.5,330.3
388,362,56.974403315542,980.1910223027286,442.22890863806185,704.5,330.3
389,363,57.0176527799335,980.1910223027286,442.22890863806185,704.5,330.3
390,364,57.06059405123155,980.1910223027286,442.22890863806185,704.5,330.3
391,365,57.10323036425999,980.1910223027286,442.22890863806185,704.5,330.3
392,366,57.10323036425999,980.1910223027286,442.22890863806185,704.5,330.3
393,367,57.10323036425999,980.1910223027286,442.22890863806185,704.5,330.3
394,368,57.10323036425999,980.1910223027286,442.22890863806185,704.5,330.3
395,369,57.31127556875363,980.1910223027286,442.22890863806185,704.5,330.3
396,370,57.52197797847836,980.1910223027286,442.22890863806185,728.18,327.97
397,371,57.73538301876312,980.1910223027286,442.22890863806185,751.86,325.64
398,372,57.95153698774119,980.1910223027286,442.22890863806185,775.54,323.31
399,373,57.95153698774119,995.1910223027286,525.2289086380619,799.22,320.98
400,374,4.729623981575245,995.1910223027286,525.2289086380619,822.9,318.65
400,375,4.729623981575245,995.1910223027286,525.2289086380619,846.5799999999999,316.32
400,376,4.729623981575245,995.1910223027286,525.2289086380619,870.26,313.99
400,377,4.729623981575245,995.1910223027286,525.2289086380619,893.9399999999999,311.66
400,378,4.729623981575245,995.1910223027286,525.2289086380619,917.62,309.33
400,379,4.729623981575245,995.1910223027286,525.2289086380619,941.3,307.0
400,380,4.729623981575245,995.1910223027286,525.2289086380619,941.3,307.0
400,381,4.729623981575245,1011.1910223027286,609.2289086380619,941.3,307.0
400,382,4.729623981575245,1011.1910223027286,609.2289086380619,941.25,306.975
400,383,4.729623981575245,1011.1910223027286,609.2289086380619,941.2,306.95
400,384,4.729623981575245,1011.1910223027286,609.2289086380619,941.15,306.92499999999995
400,385,4.729623981575245,1011.1910223027286,609.2289086380619,941.1,306.9
400,386,4.729623981575245,1011.1910223027286,609.2289086380619,941.1,306.9
400,387,4.729623981575245,1011.1910223027286,609.2289086380619,941.1,306.9
400,388,4.729623981575245,1011.1910223027286,609.2289086380619,941.1,306.9
400,389,4.729623981575245,829.1910223027286,625.2289086380619,941.25,308.025
400,390,4.729623981575245,829.1910223027286,625.2289086380619,941.4000000000001,309.15
400,391,4.729623981575245,829.1910223027286,625.2289086380619,941.5500000000001,310.275
400,392,4.729623981575245,829.1910223027286,625.2289086380619,941.7,311.4
400,393,4.729623981575245,829.1910223027286,625.2289086380619,941.7,311.4
400,394,4.729623981575245,829.1910223027286,625.2289086380619,941.7,311.4
400,395,3.881488628524707,829.1910223027286,625.2289086380619,941.7,311.4
400,396,3.024418428300713,829.1910223027286,625.2289086380619,943.7714285714286,351.6142857142857
400,397,2.158660964973196,647.1910223027286,642.2289086380619,945.8428571428572,391.8285714285714
400,398,1.284484724420912,647.1910223027286,642.2289086380619,947.9142857142857,432.0428571428571
400,399,1.284484724420912,647.1910223027286,642.2289086380619,949.9857142857144,472.25714285714287
400,400,1.284484724420912,647.1910223027286,642.2289086380619,952.0571428571429,512.4714285714285
400,401,1.284484724420912,647.1910223027286,642.2289086380619,954.1285714285715,552.6857142857143
400,402,1.284484724420912,647.1910223027286,642.2289086380619,956.2,592.9
400,403,1.284484724420912,647.1910223027286,642.2289086380619,956.2,592.9
400,404,1.284484724420912,647.1910223027286,642.2289086380619,956.2,592.9
400,405,1.2829272166311307,647.1910223027286,642.2289086380619,956.2,592.9
400,406,1.281357663649962,647.1910223027286,642.2289086380619,956.2,592.9
400,407,1.279775925208382,647.1910223027286,642.2289086380619,956.2,592.9
400,408,1.2781818588506553,647.1910223027286,642.2289086380619,956.2,592.9
400,409,1.2781818588506553,647.1910223027286,642.2289086380619,956.2,592.9
400,410,1.2781818588506553,647.1910223027286,642.2289086380619,956.2,592.9
400,411,1.2781818588506553,647.1910223027286,642.2289086380619,956.2,592.9
400,412,1.2781818588506553,647.1910223027286,642.2289086380619,956.2,592.9
400,413,1.2781818588506553,959.1910223027286,633.2289086380619,956.2,592.9
400,414,1.2781818588506553,959.1910223027286,633.2289086380619,957.7,591.975
400,415,1.2781818588506553,959.1910223027286,633.2289086380619,959.2,591.05
400,416,1.2781818588506553,959.1910223027286,633.2289086380619,960.7,590.125
400,417,1.2781818588506553,959.1910223027286,633.2289086380619,962.2,589.2
400,418,1.2781818588506553,959.1910223027286,633.2289086380619,962.2,589.2
400,419,1.2781818588506553,959.1910223027286,633.2289086380619,962.2,589.2
400,420,1.2781818588506553,959.1910223027286,633.2289086380619,962.2,589.2
400,421,1.2781818588506553,1270.1910223027285,625.2289086380619,962.2,589.2
400,422,1.2781818588506553,1270.1910223027285,625.2289086380619,962.2,589.2
400,423,1.2781818588506553,1270.1910223027285,625.2289086380619,962.2,589.2
401,424,1.2781818588506553,1270.1910223027285,625.2289086380619,962.2,589.2
402,425,1.2781818588506553,1270.1910223027285,625.2289086380619,962.2,589.2
403,426,1.2781818588506553,1270.1910223027285,625.2289086380619,962.2,589.2
404,427,1.2781818588506553,1270.1910223027285,625.2289086380619,962.2,589.2
405,428,1.2781818588506553,1270.1910223027285,625.2289086380619,962.2,589.2
406,429,1.2781818588506553,1270.1910223027285,625.2289086380619,962.2,589.2
407,430,1.2781818588506553,1270.1910223027285,625.2289086380619,962.2,589.2
408,431,1.2781818588506553,1270.1910223027285,625.2289086380619,962.2,589.2
409,432,1.2781818588506553,1270.1910223027285,625.2289086380619,962.2,589.2
410,433,2.137488993327094,1270.1910223027285,625.2289086380619,962.2,589.2
411,434,2.845994320408294,1270.1910223027285,625.2289086380619,962.2,589.2
412,435,3.4400225353558183,1270.1910223027285,625.2289086380619,962.2,589.2
413,436,3.945142849136408,1270.1910223027285,625.2289086380619,962.2,589.2
414,437,3.945142849136408,1085.1910223027285,578.2289086380619,962.2,589.2
415,438,3.945142849136408,1085.1910223027285,578.2289086380619,962.2,589.2
416,439,3.945142849136408,1085.1910223027285,578.2289086380619,962.2,589.2
417,440,3.945142849136408,1085.1910223027285,578.2289086380619,963.94,589.24
418,441,3.945142849136408,1085.1910223027285,578.2289086380619,965.6800000000001,589.28
419,442,3.945142849136408,1085.1910223027285,578.2289086380619,967.42,589.32
420,443,3.945142849136408,1085.1910223027285,578.2289086380619,969.16,589.36
421,444,3.945142849136408,1085.1910223027285,578.2289086380619,970.9,589.4
422,445,3.945142849136408,900.1910223027286,530.2289086380619,970.9,589.4
423,446,3.945142849136408,900.1910223027286,530.2289086380619,970.9,589.4
424,447,3.945142849136408,900.1910223027286,530.2289086380619,970.9,589.4
425,448,3.945142849136408,900.1910223027286,530.2289086380619,970.9,589.4
426,449,3.945142849136408,900.1910223027286,530.2289086380619,970.9,589.4
427,450,3.945142849136408,900.1910223027286,530.2289086380619,970.9,589.4
428,451,3.945142849136408,900.1910223027286,530.2289086380619,970.9,589.4
429,452,3.945142849136408,900.1910223027286,530.2289086380619,970.9,589.4
430,453,0.8753267990584848,900.1910223027286,530.2289086380619,970.9,589.4
431,454,2.521078427832541,900.1910223027286,530.2289086380619,970.9,589.4
432,455,4.666353663977354,900.1910223027286,530.2289086380619,970.9,589.4
433,456,0.5418128866555327,900.1910223027286,530.2289086380619,970.9,589.4
434,456,0.5418128866555327,900.1910223027286,530.2289086380619,970.9,589.4
435,456,0.5418128866555327,900.1910223027286,530.2289086380619,970.9,589.4
436,457,3.9668503117342535,900.1910223027286,530.2289086380619,970.9,589.4
437,458,8.852230622457162,900.1910223027286,530.2289086380619,970.9,589.4
438,459,14.083990522980512,669.1910223027286,627.2289086380619,970.9,589.4
439,460,19.6046975434506,669.1910223027286,627.2289086380619,970.9,589.4
440,461,22.07891000200362,669.1910223027286,627.2289086380619,970.9,589.4
440,462,16.256886931102937,669.1910223027286,627.2289086380619,970.9,589.4
440,463,16.256886931102937,669.1910223027286,627.2289086380619,970.9,589.4
440,464,16.256886931102937,669.1910223027286,627.2289086380619,970.9,589.4
440,465,16.26861178734365,669.1910223027286,627.2289086380619,970.9,589.4
440,466,16.280333742078646,669.1910223027286,627.2289086380619,970.9,589.4
440,467,16.29205279540402,669.1910223027286,627.2289086380619,970.9,589.4
441,468,16.30376894741655,669.1910223027286,627.2289086380619,970.9,589.4
442,469,16.30376894741655,669.1910223027286,627.2289086380619,970.9,589.4
443,470,16.30376894741655,669.1910223027286,627.2289086380619,970.9,589.4
444,471,16.30376894741655,669.1910223027286,627.2289086380619,970.9,589.4
445,472,16.289344404086144,669.1910223027286,627.2289086380619,970.9,589.4
446,473,16.27477867499073,669.1910223027286,627.2289086380619,970.9,589.4
447,474,16.26006967898173,669.1910223027286,627.2289086380619,970.9,589.4
448,475,16.24521529384381,669.1910223027286,627.2289086380619,970.9,589.4
449,476,16.24521529384381,669.1910223027286,627.2289086380619,970.9,589.4
450,477,16.24521529384381,669.1910223027286,627.2289086380619,970.9,589.4
451,478,16.24521529384381,669.1910223027286,627.2289086380619,970.9,589.4
452,479,16.591920580707562,669.1910223027286,627.2289086380619,970.9,589.4
453,480,17.126102804348314,669.1910223027286,627.2289086380619,970.9,589.4
454,481,18.05269777221791,669.1910223027286,627.2289086380619,970.9,589.4
455,482,20.0496839713175,669.1910223027286,627.2289086380619,972.3666666666667,592.1666666666666
456,483,0.036582413881022756,669.1910223027286,627.2289086380619,973.8333333333333,594.9333333333334
456,484,0.060413842130253276,669.1910223027286,627.2289086380619,975.3,597.7
456,485,1.5990054296585976,669.1910223027286,627.2289086380619,975.3,597.7
456,486,1.5990054296585976,669.1910223027286,627.2289086380619,975.3,597.7
456,487,1.5990054296585976,669.1910223027286,627.2289086380619,975.3,597.7
456,488,1.5990054296585976,669.1910223027286,627.2289086380619,975.3,597.7
456,489,1.5990054296585976,669.1910223027286,627.2289086380619,975.3,597.7
456,490,1.5990054296585976,669.1910223027286,627.2289086380619,975.3,597.7
456,491,1.5990054296585976,946.1910223027286,672.2289086380619,975.3,597.7
456,492,1.5990054296585976,946.1910223027286,672.2289086380619,975.3,597.7
456,493,1.5990054296585976,946.1910223027286,672.2289086380619,975.3,597.7
456,494,1.5990054296585976,946.1910223027286,672.2289086380619,975.3,597.7
456,495,1.5990054296585976,946.1910223027286,672.2289086380619,975.3,597.7
456,496,1.5990054296585976,946.1910223027286,672.2289086380619,975.3,597.7
456,497,1.2511847017974607,946.1910223027286,672.2289086380619,975.3,597.7
456,498,0.9869695428597763,946.1910223027286,672.2289086380619,975.3,597.7
456,499,0.78540369261493,1224.1910223027285,717.2289086380619,975.3,597.7
456,500,0.6309187254073055,1224.1910223027285,717.2289086380619,975.3,597.7
456,501,0.6309187254073055,1224.1910223027285,717.2289086380619,975.3,597.7
456,502,0.6309187254073055,1224.1910223027285,717.2289086380619,975.3,597.7
456,503,0.6309187254073055,1224.1910223027285,717.2289086380619,975.3,597.7
456,504,0.6309187254073055,1224.1910223027285,717.2289086380619,975.3,597.7
456,505,0.6309187254073055,1224.1910223027285,717.2289086380619,975.3,597.7
456,506,0.6309187254073055,1224.1910223027285,717.2289086380619,975.3,597.7
456,507,0.6309187254073055,1224.1910223027285,717.2289086380619,975.3,597.7
456,508,0.6309187254073055,1224.1910223027285,717.2289086380619,975.3,597.7
456,509,0.6309187254073055,1224.1910223027285,717.2289086380619,975.3,597.7
456,510,0.6309187254073055,1224.1910223027285,717.2289086380619,975.3,597.7
456,511,0.6309187254073055,1224.1910223027285,717.2289086380619,975.3,597.7
456,512,0.6309187254073055,1224.1910223027285,717.2289086380619,975.3,597.7
456,513,0.6309187254073055,1224.1910223027285,717.2289086380619,975.3,597.7
456,514,0.6309187254073055,1224.1910223027285,717.2289086380619,975.3,597.7
456,515,0.6309187254073055,1224.1910223027285,717.2289086380619,975.3,597.7
456,516,0.6309187254073055,1224.1910223027285,717.2289086380619,975.3,597.7
456,517,0.6309187254073055,1224.1910223027285,717.2289086380619,975.3,597.7
456,518,0.6309187254073055,1224.1910223027285,717.2289086380619,975.3,597.7
456,519,0.6309187254073055,1224.1910223027285,717.2289086380619,975.3,597.7
456,520,0.6309187254073055,1224.1910223027285,717.2289086380619,975.3,597.7
456,521,0.6309187254073055,1224.1910223027285,717.2289086380619,975.3,597.7
456,522,0.6309187254073055,1224.1910223027285,717.2289086380619,975.3,597.7
456,523,0.6409422183212756,1092.1910223027285,510.22890863806185,975.3,597.7
456,524,0.6601588233613185,1092.1910223027285,510.22890863806185,975.3,597.7
456,525,0.6892822284566267,1092.1910223027285,510.22890863806185,975.3,597.7
456,526,0.7294203560544174,1092.1910223027285,510.22890863806185,975.3,597.7
456,527,0.7821371504697927,1092.1910223027285,510.22890863806185,975.3,597.7
456,528,0.7821371504697927,1092.1910223027285,510.22890863806185,975.3,597.7
456,529,0.7821371504697927,1092.1910223027285,510.22890863806185,975.3,597.7
456,530,0.7821371504697927,1092.1910223027285,510.22890863806185,975.3,597.7
456,531,0.7821371504697927,1092.1910223027285,510.22890863806185,975.3,597.7
456,532,0.7821371504697927,1092.1910223027285,510.22890863806185,975.3,597.7
456,533,0.7821371504697927,961.1910223027286,303.22890863806185,975.3,597.7
456,534,0.7821371504697927,961.1910223027286,303.22890863806185,975.3,597.7
456,535,0.7821371504697927,961.1910223027286,303.22890863806185,975.3,597.7
456,536,0.7821371504697927,961.1910223027286,303.22890863806185,975.3,597.7
456,537,0.7821371504697927,961.1910223027286,303.22890863806185,975.3,597.7
456,538,0.7821371504697927,961.1910223027286,303.22890863806185,975.3,597.7
456,539,0.7821371504697927,961.1910223027286,303.22890863806185,975.3,597.7
456,540,0.7821371504697927,961.1910223027286,303.22890863806185,975.3,597.7
456,541,0.7821371504697927,961.1910223027286,303.22890863806185,975.3,597.7
456,542,0.7821371504697927,961.1910223027286,303.22890863806185,975.3,597.7
456,543,0.7821371504697927,961.1910223027286,303.22890863806185,975.3,597.7
456,544,0.7821371504697927,961.1910223027286,303.22890863806185,975.3,597.7
456,545,0.7821371504697927,961.1910223027286,303.22890863806185,975.3,597.7
456,546,0.7821371504697927,961.1910223027286,303.22890863806185,975.3,597.7
456,547,0.7821371504697927,961.1910223027286,303.22890863806185,975.3,597.7
456,548,0.7821371504697927,961.1910223027286,303.22890863806185,975.3,597.7
456,549,0.7821371504697927,961.1910223027286,303.22890863806185,975.3,597.7
456,550,0.7821371504697927,961.1910223027286,303.22890863806185,975.3,597.7
456,551,0.7821371504697927,961.1910223027286,303.22890863806185,975.3,597.7
456,552,0.7821371504697927,961.1910223027286,303.22890863806185,975.3,597.7
456,553,0.7821371504697927,961.1910223027286,303.22890863806185,975.3,597.7
456,554,0.7821371504697927,961.1910223027286,303.22890863806185,975.3,597.7
456,555,0.7821371504697927,961.1910223027286,303.22890863806185,975.3,597.7
456,556,0.7821371504697927,961.1910223027286,303.22890863806185,975.3,597.7
456,557,0.7821371504697927,961.1910223027286,303.22890863806185,975.3,597.7
456,558,0.7821371504697927,961.1910223027286,303.22890863806185,975.3,597.7
456,559,0.7821371504697927,961.1910223027286,303.22890863806185,975.3,597.7
456,560,0.7821371504697927,961.1910223027286,303.22890863806185,975.3,597.7
456,561,0.7821371504697927,961.1910223027286,303.22890863806185,975.3,597.7
456,562,0.7821371504697927,961.1910223027286,303.22890863806185,975.3,597.7
456,563,0.7821371504697927,961.1910223027286,303.22890863806185,975.3,597.7
456,564,0.7821371504697927,961.1910223027286,303.22890863806185,975.3,597.7
456,565,0.7821371504697927,961.1910223027286,303.22890863806185,975.3,597.7
456,566,0.7821371504697927,961.1910223027286,303.22890863806185,975.3,597.7
456,567,1.5519936932588683,961.1910223027286,303.22890863806185,975.3,597.7
456,568,3.0662490055326,961.1910223027286,303.22890863806185,975.3,597.7
456,569,5.982352416239704,961.1910223027286,303.22890863806185,975.3,597.7
456,570,5.982352416239704,961.1910223027286,303.22890863806185,975.3,597.7
456,571,5.982352416239704,961.1910223027286,303.22890863806185,975.3,597.7
456,572,5.982352416239704,961.1910223027286,303.22890863806185,975.3,597.7
456,573,5.982352416239704,961.1910223027286,303.22890863806185,975.3,597.7
456,574,5.982352416239704,961.1910223027286,303.22890863806185,975.3,597.7
456,575,5.982352416239704,961.1910223027286,303.22890863806185,975.3,597.7
456,576,5.982352416239704,961.1910223027286,303.22890863806185,975.3,597.7
456,577,5.982352416239704,961.1910223027286,303.22890863806185,975.3,597.7
456,578,5.982352416239704,961.1910223027286,303.22890863806185,975.3,597.7
456,579,5.982352416239704,1014.1910223027286,417.22890863806185,975.3,597.7
456,580,5.982352416239704,1014.1910223027286,417.22890863806185,975.3,597.7
456,581,5.982352416239704,1014.1910223027286,417.22890863806185,975.3,597.7
456,582,5.982352416239704,1014.1910223027286,417.22890863806185,975.3,597.7
456,583,5.982352416239704,1014.1910223027286,417.22890863806185,975.3,597.7
456,584,5.982352416239704,1014.1910223027286,417.22890863806185,975.3,597.7
456,585,5.982352416239704,1014.1910223027286,417.22890863806185,975.3,597.7
456,586,5.982352416239704,1014.1910223027286,417.22890863806185,975.3,597.7
456,587,5.982352416239704,1066.1910223027285,531.2289086380619,975.3,597.7
456,588,5.982352416239704,1066.1910223027285,531.2289086380619,975.3,597.7
456,589,5.982352416239704,1066.1910223027285,531.2289086380619,975.3,597.7
456,590,5.982352416239704,1066.1910223027285,531.2289086380619,975.3,597.7
456,591,5.982352416239704,1066.1910223027285,531.2289086380619,975.3,597.7
456,592,5.982352416239704,1066.1910223027285,531.2289086380619,975.3,597.7
456,593,5.982352416239704,1066.1910223027285,531.2289086380619,973.6666666666666,565.8666666666667
456,594,5.982352416239704,1066.1910223027285,531.2289086380619,972.0333333333333,534.0333333333333
456,595,5.982352416239704,1066.1910223027285,531.2289086380619,970.4,502.20000000000005
456,596,5.982352416239704,1066.1910223027285,531.2289086380619,968.7666666666667,470.3666666666667
456,597,5.982352416239704,1066.1910223027285,531.2289086380619,967.1333333333333,438.5333333333333
456,598,5.982352416239704,1066.1910223027285,531.2289086380619,965.5,406.7
456,599,5.982352416239704,1066.1910223027285,531.2289086380619,965.5,406.7
456,600,5.982352416239704,1066.1910223027285,531.2289086380619,965.5,406.7
456,601,5.982352416239704,1066.1910223027285,531.2289086380619,965.5,406.7
456,602,5.982352416239704,1066.1910223027285,531.2289086380619,965.5,406.7
456,603,5.982352416239704,1066.1910223027285,531.2289086380619,965.5,406.7
456,604,5.982352416239704,1066.1910223027285,531.2289086380619,965.5,406.7
456,605,5.982352416239704,1066.1910223027285,531.2289086380619,965.5,406.7
456,606,5.982352416239704,1066.1910223027285,531.2289086380619,965.5,406.7
456,607,5.982352416239704,1066.1910223027285,531.2289086380619,965.5,406.7
456,608,5.982352416239704,1066.1910223027285,531.2289086380619,965.5,406.7
456,609,5.982352416239704,1066.1910223027285,531.2289086380619,965.5,406.7
456,610,5.982352416239704,1066.1910223027285,531.2289086380619,965.5,406.7
456,611,5.982352416239704,1066.1910223027285,531.2289086380619,965.5,406.7
456,612,5.982352416239704,662.1910223027286,664.2289086380619,965.5,406.7
456,613,5.982352416239704,662.1910223027286,664.2289086380619,965.5,406.7
456,614,5.982352416239704,662.1910223027286,664.2289086380619,965.5,406.7
456,615,5.982352416239704,662.1910223027286,664.2289086380619,965.5,406.7
456,616,5.982352416239704,662.1910223027286,664.2289086380619,965.5,406.7
456,617,5.982352416239704,662.1910223027286,664.2289086380619,965.5,406.7
456,618,5.982352416239704,662.1910223027286,664.2289086380619,965.5,406.7
456,619,5.982352416239704,662.1910223027286,664.2289086380619,965.5,406.7
456,620,5.982352416239704,662.1910223027286,664.2289086380619,965.5,406.7
456,621,5.982352416239704,662.1910223027286,664.2289086380619,965.5,406.7
456,622,5.982352416239704,662.1910223027286,664.2289086380619,965.5,406.7
456,623,5.982352416239704,662.1910223027286,664.2289086380619,965.5,406.7
456,624,5.982352416239704,662.1910223027286,664.2289086380619,965.5,406.7
456,625,5.982352416239704,662.1910223027286,664.2289086380619,965.5,406.7
456,626,5.982352416239704,662.1910223027286,664.2289086380619,965.5,406.7
456,627,5.982352416239704,822.1910223027286,473.22890863806185,965.5,406.7
456,628,5.982352416239704,822.1910223027286,473.22890863806185,965.5,406.7
456,629,5.982352416239704,822.1910223027286,473.22890863806185,965.5,406.7
457,630,5.982352416239704,822.1910223027286,473.22890863806185,965.5,406.7
458,631,5.982352416239704,822.1910223027286,473.22890863806185,965.5,406.7
459,632,5.982352416239704,822.1910223027286,473.22890863806185,965.5,406.7
460,633,5.982352416239704,822.1910223027286,473.22890863806185,965.5,406.7
461,634,5.982352416239704,822.1910223027286,473.22890863806185,965.5,406.7
462,635,5.982352416239704,981.1910223027286,282.22890863806185,965.5,406.7
463,636,5.982352416239704,981.1910223027286,282.22890863806185,965.5,406.7
464,637,20.930101514697558,981.1910223027286,282.22890863806185,965.5,406.7
465,638,20.930101514697558,981.1910223027286,282.22890863806185,965.5,406.7
466,639,20.930101514697558,981.1910223027286,282.22890863806185,965.5,406.7
467,640,20.930101514697558,981.1910223027286,282.22890863806185,965.5,406.7
468,641,20.930101514697558,981.1910223027286,282.22890863806185,965.5,406.7
469,642,20.930101514697558,981.1910223027286,282.22890863806185,965.5,406.7
470,643,20.930101514697558,981.1910223027286,282.22890863806185,965.5,406.7
471,644,20.930101514697558,981.1910223027286,282.22890863806185,965.5,406.7
472,645,71.76468819004126,981.1910223027286,282.22890863806185,965.5,406.7
473,646,71.76468819004126,981.1910223027286,282.22890863806185,965.5,406.7
474,647,71.76468819004126,981.1910223027286,282.22890863806185,965.5,406.7
475,648,71.76468819004126,981.1910223027286,282.22890863806185,936.0333333333333,440.48333333333335
476,649,71.76468819004126,981.1910223027286,282.22890863806185,906.5666666666667,474.26666666666665
477,650,71.76468819004126,981.1910223027286,282.22890863806185,877.1,508.04999999999995
478,651,71.76468819004126,981.1910223027286,282.22890863806185,847.6333333333333,541.8333333333333
479,652,71.76468819004126,981.1910223027286,282.22890863806185,818.1666666666667,575.6166666666667
480,653,86.75316355493679,981.1910223027286,282.22890863806185,788.7,609.4
481,654,86.75316355493679,981.1910223027286,282.22890863806185,788.7,609.4
482,655,86.75316355493679,981.1910223027286,282.22890863806185,788.7,609.4
483,656,86.75316355493679,981.1910223027286,282.22890863806185,788.7,609.4
484,657,86.75316355493679,981.1910223027286,282.22890863806185,788.7,609.4
485,658,86.75316355493679,981.1910223027286,282.22890863806185,788.7,609.4
486,659,86.75316355493679,981.1910223027286,282.22890863806185,788.7,609.4
487,660,86.75316355493679,842.1910223027286,482.22890863806185,788.7,609.4
488,661,86.75316355493679,842.1910223027286,482.22890863806185,788.7,609.4
489,662,86.75316355493679,842.1910223027286,482.22890863806185,788.7,609.4
490,663,86.75316355493679,842.1910223027286,482.22890863806185,788.7,609.4
491,664,86.75316355493679,842.1910223027286,482.22890863806185,787.2666666666667,605.75
492,665,86.75316355493679,842.1910223027286,482.22890863806185,785.8333333333334,602.1
493,666,86.75316355493679,842.1910223027286,482.22890863806185,784.4000000000001,598.45
494,667,86.75316355493679,702.1910223027286,682.2289086380619,782.9666666666667,594.8
495,668,86.75316355493679,702.1910223027286,682.2289086380619,781.5333333333333,591.15
496,669,15.250859666803505,702.1910223027286,682.2289086380619,780.1,587.5
497,670,15.250859666803505,702.1910223027286,682.2289086380619,780.1,587.5
498,671,15.250859666803505,702.1910223027286,682.2289086380619,780.1,587.5
499,672,15.250859666803505,702.1910223027286,682.2289086380619,780.1,587.5
500,673,15.250859666803505,702.1910223027286,682.2289086380619,780.1,587.5
501,674,15.250859666803505,702.1910223027286,682.2289086380619,780.1,587.5
502,675,15.250859666803505,702.1910223027286,682.2289086380619,780.1,587.5
503,676,15.250859666803505,702.1910223027286,682.2289086380619,780.1,587.5
504,677,59.78535116111121,702.1910223027286,682.2289086380619,780.1,587.5
505,678,46.7866358366908,702.1910223027286,682.2289086380619,780.1,587.5
506,679,41.73788560949339,702.1910223027286,682.2289086380619,780.1,587.5
507,680,89.98031072117884,702.1910223027286,682.2289086380619,780.1,587.5
508,681,98.18796179753824,702.1910223027286,682.2289086380619,780.1,587.5
509,682,101.34220282181914,702.1910223027286,682.2289086380619,780.1,587.5
510,683,103.00090592973466,676.1910223027286,646.2289086380619,780.1,587.5
511,684,103.00090592973466,676.1910223027286,646.2289086380619,780.1,587.5
512,685,103.00090592973466,676.1910223027286,646.2289086380619,780.1,587.5
513,686,103.00090592973466,676.1910223027286,646.2289086380619,780.1,587.5
514,687,103.00090592973466,676.1910223027286,646.2289086380619,780.1,587.5
515,688,103.00090592973466,676.1910223027286,646.2289086380619,780.1,587.5
516,689,103.00090592973466,676.1910223027286,646.2289086380619,780.1,587.5
517,690,103.00090592973466,676.1910223027286,646.2289086380619,780.1,587.5
518,691,103.00090592973466,651.1910223027286,610.2289086380619,780.1,587.5
519,692,103.00090592973466,651.1910223027286,610.2289086380619,780.1,587.5
520,693,104.61805590770473,651.1910223027286,610.2289086380619,780.1,587.5
521,694,104.61805590770473,651.1910223027286,610.2289086380619,780.1,587.5
522,695,104.61805590770473,651.1910223027286,610.2289086380619,780.1,587.5
523,696,104.61805590770473,651.1910223027286,610.2289086380619,780.1,587.5
524,697,104.61805590770473,651.1910223027286,610.2289086380619,780.1,587.5
525,698,104.61805590770473,651.1910223027286,610.2289086380619,780.1,587.5
526,699,104.61805590770473,651.1910223027286,610.2289086380619,823.1571428571428,595.3571428571429
527,700,104.61805590770473,651.1910223027286,610.2289086380619,866.2142857142858,603.2142857142857
528,701,83.0841181164527,651.1910223027286,610.2289086380619,909.2714285714286,611.0714285714286
528,702,83.0841181164527,651.1910223027286,610.2289086380619,952.3285714285714,618.9285714285714
528,703,83.0841181164527,651.1910223027286,610.2289086380619,995.3857142857144,626.7857142857143
528,704,83.0841181164527,651.1910223027286,610.2289086380619,1038.442857142857,634.6428571428571
528,705,83.0841181164527,651.1910223027286,610.2289086380619,1081.5,642.5
528,706,83.0841181164527,651.1910223027286,610.2289086380619,1081.5,642.5
528,707,83.0841181164527,813.1910223027286,611.2289086380619,1081.5,642.5
528,708,83.0841181164527,813.1910223027286,611.2289086380619,1081.5,642.5
528,709,83.0841181164527,813.1910223027286,611.2289086380619,1081.5,642.5
528,710,83.0841181164527,813.1910223027286,611.2289086380619,1081.5,642.5
528,711,83.0841181164527,813.1910223027286,611.2289086380619,1081.5,642.5
528,712,83.0841181164527,813.1910223027286,611.2289086380619,1081.5,642.5
528,713,83.0841181164527,813.1910223027286,611.2289086380619,1081.5,642.5
528,714,83.0841181164527,813.1910223027286,611.2289086380619,1081.5,642.5
528,715,83.0841181164527,975.1910223027286,612.2289086380619,1081.5,642.5
528,716,83.0841181164527,975.1910223027286,612.2289086380619,1081.5,642.5
528,717,83.0841181164527,975.1910223027286,612.2289086380619,1081.5,642.5
528,718,83.0841181164527,975.1910223027286,612.2289086380619,1081.5,642.5
528,719,83.0841181164527,975.1910223027286,612.2289086380619,1081.5,642.5
528,720,83.0841181164527,975.1910223027286,612.2289086380619,1081.5,642.5
528,721,83.0841181164527,975.1910223027286,612.2289086380619,1081.5,642.5
529,722,83.0841181164527,975.1910223027286,612.2289086380619,1081.5,642.5
530,723,83.0841181164527,1145.1910223027285,623.2289086380619,1081.5,642.5
531,724,83.0841181164527,1145.1910223027285,623.2289086380619,1081.5,642.5
532,725,83.0841181164527,1145.1910223027285,623.2289086380619,1081.5,642.5
533,726,83.0841181164527,1145.1910223027285,623.2289086380619,1081.5,642.5
534,727,83.0841181164527,1145.1910223027285,623.2289086380619,1081.5,642.5
535,728,83.0841181164527,1145.1910223027285,623.2289086380619,1081.5,642.5
536,729,83.0841181164527,1145.1910223027285,623.2289086380619,1081.5,642.5
537,730,83.0841181164527,1316.1910223027285,633.2289086380619,1081.5,642.5
538,731,83.0841181164527,1316.1910223027285,633.2289086380619,1081.5,642.5
539,732,83.0841181164527,1316.1910223027285,633.2289086380619,1081.5,642.5
540,733,67.12928312966064,1316.1910223027285,633.2289086380619,1081.5,642.5
541,734,39.778639559620366,1316.1910223027285,633.2289086380619,1081.5,642.5
542,735,11.593346664763688,1316.1910223027285,633.2289086380619,1081.5,642.5
543,736,10.212506035885836,1316.1910223027285,633.2289086380619,1081.5,642.5
544,737,2.6003261401818976,1316.1910223027285,633.2289086380619,1081.5,642.5
544,738,5.357947173411782,1316.1910223027285,633.2289086380619,1081.5,642.5
544,739,5.357947173411782,1316.1910223027285,633.2289086380619,1081.5,642.5
544,740,5.357947173411782,1316.1910223027285,633.2289086380619,1081.5,642.5
544,741,5.357947173411782,1316.1910223027285,633.2289086380619,1081.5,642.5
544,742,5.357947173411782,1316.1910223027285,633.2289086380619,1081.5,642.5
544,743,5.357947173411782,1316.1910223027285,633.2289086380619,1081.5,642.5
544,744,5.357947173411782,1316.1910223027285,633.2289086380619,1081.5,642.5
544,745,5.357947173411782,1316.1910223027285,633.2289086380619,1081.5,642.5
544,746,5.357947173411782,1316.1910223027285,633.2289086380619,1081.5,642.5
544,747,5.357947173411782,1316.1910223027285,633.2289086380619,1040.375,623.225
544,748,5.357947173411782,1316.1910223027285,633.2289086380619,999.25,603.95
544,749,4.1423011589928205,1316.1910223027285,633.2289086380619,958.125,584.675
544,750,2.9271955666434346,1316.1910223027285,633.2289086380619,917.0,565.4
544,751,1.7137213432119087,1316.1910223027285,633.2289086380619,917.0,565.4
544,752,0.502960664565502,1316.1910223027285,633.2289086380619,917.0,565.4
544,753,0.7040188045818859,1316.1910223027285,633.2289086380619,915.875,564.7624999999999
544,754,1.906169457976571,1316.1910223027285,633.2289086380619,914.75,564.125
545,755,1.906169457976571,1126.1910223027285,619.2289086380619,913.625,563.4875
546,756,1.906169457976571,1126.1910223027285,619.2289086380619,912.5,562.8499999999999
547,757,1.906169457976571,1126.1910223027285,619.2289086380619,911.375,562.2125
548,758,1.906169457976571,1126.1910223027285,619.2289086380619,910.25,561.5749999999999
549,759,1.906169457976571,1126.1910223027285,619.2289086380619,909.125,560.9375
550,760,1.906169457976571,1126.1910223027285,619.2289086380619,908.0,560.3
551,761,1.906169457976571,1126.1910223027285,619.2289086380619,908.0,560.3
552,762,1.906169457976571,1126.1910223027285,619.2289086380619,908.0,560.3
553,763,1.906169457976571,936.1910223027286,604.2289086380619,908.0,560.3
554,764,1.906169457976571,936.1910223027286,604.2289086380619,908.0,560.3
555,765,1.906169457976571,936.1910223027286,604.2289086380619,908.0,560.3
556,766,1.906169457976571,936.1910223027286,604.2289086380619,912.025,543.8833333333333
557,767,1.906169457976571,936.1910223027286,604.2289086380619,916.05,527.4666666666666
558,768,1.906169457976571,936.1910223027286,604.2289086380619,920.075,511.04999999999995
559,769,1.906169457976571,936.1910223027286,604.2289086380619,924.1,494.6333333333333
560,770,1.906169457976571,936.1910223027286,604.2289086380619,928.125,478.21666666666664
561,771,1.906169457976571,936.1910223027286,604.2289086380619,932.15,461.79999999999995
562,772,1.906169457976571,936.1910223027286,604.2289086380619,936.175,445.3833333333333
563,773,1.906169457976571,936.1910223027286,604.2289086380619,940.1999999999999,428.9666666666667
564,774,1.906169457976571,936.1910223027286,604.2289086380619,944.2249999999999,412.55
565,775,1.906169457976571,936.1910223027286,604.2289086380619,948.25,396.1333333333333
566,776,1.906169457976571,936.1910223027286,604.2289086380619,952.275,379.7166666666667
567,777,1.906169457976571,936.1910223027286,604.2289086380619,956.3,363.3
568,778,1.906169457976571,936.1910223027286,604.2289086380619,956.3,363.3
569,779,1.906169457976571,936.1910223027286,604.2289086380619,956.3,363.3
570,780,1.906169457976571,936.1910223027286,604.2289086380619,956.7333333333333,363.81666666666666
571,781,1.906169457976571,936.1910223027286,604.2289086380619,957.1666666666666,364.3333333333333
572,782,1.906169457976571,936.1910223027286,604.2289086380619,957.5999999999999,364.85
573,783,1.906169457976571,936.1910223027286,604.2289086380619,958.0333333333333,365.3666666666667
574,784,5.328093369264923,936.1910223027286,604.2289086380619,958.4666666666667,365.8833333333333
575,785,17.28435775593024,936.1910223027286,604.2289086380619,958.9,366.4
576,786,29.55612209764498,936.1910223027286,604.2289086380619,958.9,366.4
577,787,0.4105208675795705,936.1910223027286,604.2289086380619,958.9,366.4
578,787,0.4105208675795705,936.1910223027286,604.2289086380619,958.9,366.4
579,787,0.4105208675795705,936.1910223027286,604.2289086380619,958.9,366.4
580,787,0.4105208675795705,936.1910223027286,604.2289086380619,958.9,366.4
581,787,0.4105208675795705,936.1910223027286,604.2289086380619,958.9,366.4
582,787,0.4105208675795705,936.1910223027286,604.2289086380619,958.9,366.4
583,788,28.144426454719614,936.1910223027286,604.2289086380619,958.9,366.4
584,789,16.49189494195463,936.1910223027286,604.2289086380619,958.9,366.4
584,790,6.296554759160342,962.1910223027286,347.22890863806185,958.9,366.4
584,791,6.296554759160342,962.1910223027286,347.22890863806185,959.7166666666667,367.04999999999995
584,792,6.296554759160342,962.1910223027286,347.22890863806185,960.5333333333333,367.7
584,793,6.296554759160342,962.1910223027286,347.22890863806185,961.3499999999999,368.35
584,794,6.296554759160342,962.1910223027286,347.22890863806185,962.1666666666666,369.0
584,795,6.296554759160342,962.1910223027286,347.22890863806185,962.9833333333333,369.65
584,796,6.296554759160342,962.1910223027286,347.22890863806185,963.8,370.3
584,797,6.296554759160342,962.1910223027286,347.22890863806185,963.8,370.3
584,798,6.296554759160342,962.1910223027286,347.22890863806185,963.8,370.3
584,799,6.296554759160342,962.1910223027286,347.22890863806185,963.8,370.3
584,800,6.296554759160342,962.1910223027286,347.22890863806185,963.8,370.3
584,801,6.296554759160342,962.1910223027286,347.22890863806185,963.8,370.3
584,802,6.296554759160342,962.1910223027286,347.22890863806185,961.92,370.88
584,803,6.296554759160342,962.1910223027286,347.22890863806185,960.04,371.46
584,804,6.296554759160342,962.1910223027286,347.22890863806185,958.16,372.04
584,805,6.296554759160342,962.1910223027286,347.22890863806185,956.28,372.62
584,806,6.296554759160342,962.1910223027286,347.22890863806185,954.4,373.2
585,807,6.296554759160342,962.1910223027286,347.22890863806185,954.4,373.2
586,808,6.296554759160342,962.1910223027286,347.22890863806185,954.4,373.2
587,809,6.296554759160342,962.1910223027286,347.22890863806185,954.4,373.2
588,810,6.296554759160342,962.1910223027286,347.22890863806185,954.4,373.2
589,811,6.296554759160342,962.1910223027286,347.22890863806185,955.5833333333333,416.5
590,812,6.296554759160342,962.1910223027286,347.22890863806185,956.7666666666667,459.8
591,813,6.296554759160342,962.1910223027286,347.22890863806185,957.95,503.1
592,814,6.296554759160342,962.1910223027286,347.22890863806185,959.1333333333333,546.4
593,815,6.296554759160342,962.1910223027286,347.22890863806185,960.3166666666666,589.7
594,816,6.296554759160342,962.1910223027286,347.22890863806185,961.5,633.0
595,817,6.296554759160342,962.1910223027286,347.22890863806185,961.5,633.0
596,818,6.296554759160342,962.1910223027286,347.22890863806185,961.5,633.0
597,819,6.296554759160342,962.1910223027286,347.22890863806185,961.5,633.0
598,820,6.296554759160342,962.1910223027286,347.22890863806185,961.5,633.0
599,821,6.296554759160342,962.1910223027286,347.22890863806185,961.5,633.0
600,822,6.296554759160342,962.1910223027286,347.22890863806185,961.5,633.0
601,823,6.296554759160342,962.1910223027286,347.22890863806185,961.5,633.0
602,824,6.296554759160342,962.1910223027286,347.22890863806185,961.5,633.0
603,825,6.296554759160342,962.1910223027286,347.22890863806185,961.5,633.0
604,826,6.296554759160342,962.1910223027286,347.22890863806185,961.5,633.0
605,827,6.296554759160342,962.1910223027286,347.22890863806185,961.5,633.0
606,828,6.296554759160342,962.1910223027286,347.22890863806185,961.5,633.0
607,829,6.296554759160342,962.1910223027286,347.22890863806185,961.5,633.0
608,830,52.84367535295265,962.1910223027286,347.22890863806185,961.5,633.0
609,831,52.84367535295265,962.1910223027286,347.22890863806185,961.5,633.0
610,832,58.689982055273354,962.1910223027286,347.22890863806185,961.5,633.0
611,833,71.15198641042421,962.1910223027286,347.22890863806185,961.5,633.0
612,834,105.09522443040603,962.1910223027286,347.22890863806185,961.5,633.0
613,835,162.12167583968485,962.1910223027286,347.22890863806185,961.7583333333333,633.475
614,836,162.12167583968485,962.1910223027286,347.22890863806185,962.0166666666667,633.95
615,837,162.12167583968485,962.1910223027286,347.22890863806185,962.275,634.425
616,838,163.3912271107546,985.1910223027286,645.2289086380619,962.5333333333333,634.9
617,839,164.62765140550576,985.1910223027286,645.2289086380619,962.7916666666666,635.375
618,840,117.14901126186764,985.1910223027286,645.2289086380619,963.05,635.85
619,841,115.9782141240346,985.1910223027286,645.2289086380619,963.3083333333334,636.325
620,842,114.83971627046398,985.1910223027286,645.2289086380619,963.5666666666667,636.8000000000001
621,843,113.73306165626755,985.1910223027286,645.2289086380619,963.825,637.2750000000001
622,844,112.65772433442123,985.1910223027286,645.2289086380619,964.0833333333334,637.75
623,845,111.61311942448019,985.1910223027286,645.2289086380619,964.3416666666667,638.225
624,846,111.61311942448019,985.1910223027286,645.2289086380619,964.6,638.7
625,847,111.61311942448019,985.1910223027286,645.2289086380619,964.6,638.7
626,848,111.61311942448019,985.1910223027286,645.2289086380619,964.6,638.7
627,849,111.61311942448019,985.1910223027286,645.2289086380619,964.6,638.7
628,850,111.61311942448019,985.1910223027286,645.2289086380619,964.6,638.7
629,851,94.91592454229242,985.1910223027286,645.2289086380619,964.6,638.7
630,852,74.37151584113045,985.1910223027286,645.2289086380619,964.6,638.7
631,853,54.34198373950025,985.1910223027286,645.2289086380619,964.6,638.7
632,854,38.64383299281685,985.1910223027286,645.2289086380619,964.6,638.7
633,855,27.57813635345018,985.1910223027286,645.2289086380619,964.6,638.7
634,856,19.890962865216824,985.1910223027286,645.2289086380619,964.6,638.7
635,857,14.421776844163135,985.1910223027286,645.2289086380619,964.6,638.7
636,858,10.39918924733041,985.1910223027286,645.2289086380619,964.6,638.7
637,859,7.344054401624035,985.1910223027286,645.2289086380619,964.6,638.7
638,860,4.957356719030355,985.1910223027286,645.2289086380619,964.6,638.7
639,861,3.0474974512569166,985.1910223027286,645.2289086380619,964.6,638.7
640,862,1.4877773036259794,985.1910223027286,645.2289086380619,966.75,637.3000000000001
641,863,1.4877773036259794,985.1910223027286,645.2289086380619,968.9000000000001,635.9000000000001
642,864,1.4877773036259794,985.1910223027286,645.2289086380619,971.0500000000001,634.5
643,865,1.3504268369315775,985.1910223027286,645.2289086380619,973.2,633.1
644,866,1.2122561106449075,985.1910223027286,645.2289086380619,973.2,633.1
645,867,1.0732593763918878,985.1910223027286,645.2289086380619,973.2,633.1
646,868,0.9334308557547412,985.1910223027286,645.2289086380619,973.2,633.1
647,869,0.7927647405829008,985.1910223027286,645.2289086380619,973.2,633.1
648,870,0.6512551933251909,985.1910223027286,645.2289086380619,973.2,633.1
649,871,0.6512551933251909,985.1910223027286,645.2289086380619,973.2,633.1
650,872,0.6512551933251909,985.1910223027286,645.2289086380619,973.2,633.1
651,873,0.6512551933251909,985.1910223027286,645.2289086380619,973.2,633.1
652,874,0.6512551933251909,985.1910223027286,645.2289086380619,970.5,600.725
653,875,0.6512551933251909,985.1910223027286,645.2289086380619,967.8,568.35
654,876,0.6512551933251909,985.1910223027286,645.2289086380619,965.1,535.975
655,877,0.6512551933251909,985.1910223027286,645.2289086380619,962.4,503.6
656,878,0.6512551933251909,814.1910223027286,645.2289086380619,962.4,503.6
657,879,0.6512551933251909,814.1910223027286,645.2289086380619,962.4,503.6
658,880,0.6512551933251909,814.1910223027286,645.2289086380619,962.4,503.6
659,881,0.3820748207359213,814.1910223027286,645.2289086380619,962.4,503.6
660,882,0.11085932734502509,814.1910223027286,645.2289086380619,962.4,503.6
661,882,0.11085932734502509,814.1910223027286,645.2289086380619,962.4,503.6
662,883,0.16240216125973816,814.1910223027286,645.2289086380619,962.4,503.6
663,884,0.4377203118764129,814.1910223027286,645.2289086380619,962.4,503.6
664,885,22.81329328276153,814.1910223027286,645.2289086380619,962.4,503.6
665,886,22.533830693807975,644.1910223027286,645.2289086380619,962.4,503.6
666,886,22.533830693807975,644.1910223027286,645.2289086380619,962.4,503.6
667,886,22.533830693807975,644.1910223027286,645.2289086380619,962.4,503.6
668,886,22.533830693807975,644.1910223027286,645.2289086380619,962.4,503.6
669,886,22.533830693807975,644.1910223027286,645.2289086380619,962.4,503.6
670,886,22.533830693807975,644.1910223027286,645.2289086380619,963.4666666666667,507.4666666666667
671,886,22.533830693807975,644.1910223027286,645.2289086380619,964.5333333333333,511.33333333333337
672,886,83.99546288397433,644.1910223027286,645.2289086380619,965.6,515.2
673,886,83.99546288397433,644.1910223027286,645.2289086380619,965.6,515.2
674,886,83.99546288397433,644.1910223027286,645.2289086380619,965.6,515.2
675,886,83.99546288397433,644.1910223027286,645.2289086380619,965.6,515.2
676,886,83.99546288397433,644.1910223027286,645.2289086380619,965.6,515.2
677,886,83.99546288397433,644.1910223027286,645.2289086380619,965.6,515.2
678,886,83.99546288397433,644.1910223027286,645.2289086380619,965.6,515.2
679,886,83.99546288397433,644.1910223027286,645.2289086380619,965.6,515.2
680,886,83.99546288397433,824.1910223027286,585.2289086380619,965.6,515.2
681,886,83.99546288397433,824.1910223027286,585.2289086380619,965.6,515.2
682,886,83.99546288397433,824.1910223027286,585.2289086380619,965.6,515.2
683,886,83.99546288397433,824.1910223027286,585.2289086380619,965.6,515.2
684,886,83.99546288397433,824.1910223027286,585.2289086380619,965.6,515.2
685,886,83.99546288397433,824.1910223027286,585.2289086380619,965.6,515.2
686,886,83.99546288397433,824.1910223027286,585.2289086380619,965.6,515.2
687,886,83.99546288397433,824.1910223027286,585.2289086380619,965.6,515.2
688,886,83.99546288397433,1003.1910223027286,524.2289086380619,965.6,515.2
689,886,83.99546288397433,1003.1910223027286,524.2289086380619,965.6,515.2
690,887,83.99546288397433,1003.1910223027286,524.2289086380619,965.6,515.2
691,888,83.99546288397433,1003.1910223027286,524.2289086380619,965.6,515.2
692,889,83.99546288397433,1003.1910223027286,524.2289086380619,965.6,515.2
693,890,83.99546288397433,1003.1910223027286,524.2289086380619,965.6,515.2
694,891,83.99546288397433,1003.1910223027286,524.2289086380619,965.6,515.2
695,892,84.62779731930169,1003.1910223027286,524.2289086380619,965.6,515.2
696,893,85.26464365575146,1003.1910223027286,524.2289086380619,965.6,515.2
697,894,112.01546253619759,1003.1910223027286,524.2289086380619,965.6,515.2
698,895,111.36992999653732,1003.1910223027286,524.2289086380619,965.6,515.2
699,896,110.72023501057261,1003.1910223027286,524.2289086380619,965.6,515.2
700,896,110.72023501057261,1003.1910223027286,524.2289086380619,965.6,515.2
701,896,110.72023501057261,1003.1910223027286,524.2289086380619,965.6,515.2
702,896,110.72023501057261,1003.1910223027286,524.2289086380619,965.6,515.2
703,896,110.72023501057261,963.1910223027286,386.22890863806185,965.6,515.2
704,896,110.72023501057261,963.1910223027286,386.22890863806185,965.6,515.2
705,896,110.72023501057261,963.1910223027286,386.22890863806185,965.6,515.2
706,896,110.72023501057261,963.1910223027286,386.22890863806185,965.6,515.2
707,896,110.72023501057261,963.1910223027286,386.22890863806185,965.6,515.2
708,896,110.72023501057261,963.1910223027286,386.22890863806185,965.6,515.2
709,896,110.72023501057261,963.1910223027286,386.22890863806185,965.6,515.2
710,896,110.72023501057261,963.1910223027286,386.22890863806185,965.6,515.2
711,896,110.72023501057261,923.1910223027286,247.22890863806185,965.6,515.2
712,896,62.22604519278392,923.1910223027286,247.22890863806185,965.6,515.2
713,896,62.22604519278392,923.1910223027286,247.22890863806185,965.6,515.2
714,896,62.22604519278392,923.1910223027286,247.22890863806185,965.6,515.2
715,896,62.22604519278392,923.1910223027286,247.22890863806185,965.6,515.2
716,896,62.22604519278392,923.1910223027286,247.22890863806185,965.6,515.2
717,896,62.22604519278392,923.1910223027286,247.22890863806185,965.6,515.2
718,896,62.22604519278392,923.1910223027286,247.22890863806185,965.6,515.2
719,896,62.22604519278392,923.1910223027286,247.22890863806185,965.6,515.2
720,896,6.622519590574696,923.1910223027286,247.22890863806185,968.25,541.2666666666667
721,896,6.622519590574696,923.1910223027286,247.22890863806185,970.9,567.3333333333334
722,896,6.622519590574696,923.1910223027286,247.22890863806185,973.55,593.4000000000001
723,896,6.622519590574696,923.1910223027286,247.22890863806185,976.2,619.4666666666667
724,896,6.622519590574696,923.1910223027286,247.22890863806185,978.85,645.5333333333333
725,896,6.622519590574696,923.1910223027286,247.22890863806185,981.5,671.6
726,896,6.622519590574696,923.1910223027286,247.22890863806185,981.5,671.6
727,896,6.622519590574696,923.1910223027286,247.22890863806185,981.5,671.6
728,896,6.622519590574696,923.1910223027286,247.22890863806185,981.5,671.6
729,896,6.622519590574696,923.1910223027286,247.22890863806185,981.5,671.6
730,896,6.622519590574696,923.1910223027286,247.22890863806185,981.5,671.6
731,896,6.622519590574696,923.1910223027286,247.22890863806185,981.5,671.6
732,896,6.622519590574696,923.1910223027286,247.22890863806185,981.5,671.6
733,896,6.622519590574696,923.1910223027286,247.22890863806185,981.5,671.6
734,896,6.622519590574696,923.1910223027286,247.22890863806185,981.5,671.6
735,896,6.622519590574696,923.1910223027286,247.22890863806185,981.5,671.6
736,896,6.622519590574696,875.1910223027286,512.2289086380619,981.5,671.6
737,896,6.622519590574696,875.1910223027286,512.2289086380619,981.5,671.6
738,896,6.622519590574696,875.1910223027286,512.2289086380619,981.5,671.6
739,897,6.622519590574696,875.1910223027286,512.2289086380619,981.5,671.6
740,898,6.622519590574696,875.1910223027286,512.2289086380619,981.5,671.6
741,899,6.622519590574696,875.1910223027286,512.2289086380619,981.5,671.6
742,900,6.622519590574696,875.1910223027286,512.2289086380619,983.15,674.25
743,901,6.747808996912411,875.1910223027286,512.2289086380619,984.8,676.9000000000001
744,902,7.008321842414472,875.1910223027286,512.2289086380619,986.45,679.5500000000001
745,903,60.69773360199348,875.1910223027286,512.2289086380619,988.1,682.2
746,903,60.69773360199348,875.1910223027286,512.2289086380619,988.1,682.2
747,903,60.69773360199348,875.1910223027286,512.2289086380619,988.1,682.2
748,903,60.69773360199348,875.1910223027286,512.2289086380619,988.1,682.2
749,903,60.69773360199348,875.1910223027286,512.2289086380619,988.1,682.2
750,903,60.69773360199348,875.1910223027286,512.2289086380619,988.1,682.2
751,903,60.69773360199348,875.1910223027286,512.2289086380619,988.1,682.2
752,904,53.40331947917482,875.1910223027286,512.2289086380619,988.1,682.2
753,904,53.40331947917482,875.1910223027286,512.2289086380619,988.1,682.2
754,904,53.40331947917482,875.1910223027286,512.2289086380619,988.1,682.2
755,904,53.40331947917482,875.1910223027286,512.2289086380619,988.1,682.2
756,904,53.40331947917482,875.1910223027286,512.2289086380619,988.1,682.2
757,905,61.48027060397648,875.1910223027286,512.2289086380619,988.1,682.2
758,906,62.03925724460651,875.1910223027286,512.2289086380619,988.1,682.2
759,907,62.03925724460651,964.1910223027286,622.2289086380619,988.1,682.2
760,908,62.03925724460651,964.1910223027286,622.2289086380619,988.1,682.2
761,909,62.03925724460651,964.1910223027286,622.2289086380619,988.1,682.2
762,910,62.03925724460651,964.1910223027286,622.2289086380619,984.9714285714286,656.7428571428571
763,911,62.03925724460651,964.1910223027286,622.2289086380619,981.8428571428572,631.2857142857143
764,912,62.03925724460651,964.1910223027286,622.2289086380619,978.7142857142858,605.8285714285714
765,913,62.03925724460651,964.1910223027286,622.2289086380619,975.5857142857143,580.3714285714286
766,914,62.03925724460651,964.1910223027286,622.2289086380619,972.4571428571429,554.9142857142857
767,915,62.03925724460651,964.1910223027286,622.2289086380619,969.3285714285714,529.4571428571428
768,916,70.40331075582698,964.1910223027286,622.2289086380619,966.2,504.0
769,917,70.40331075582698,964.1910223027286,622.2289086380619,966.2,504.0
770,918,70.40331075582698,964.1910223027286,622.2289086380619,965.86,502.16
771,919,70.40331075582698,964.1910223027286,622.2289086380619,965.52,500.32
772,920,70.40331075582698,964.1910223027286,622.2289086380619,965.1800000000001,498.48
773,921,70.40331075582698,964.1910223027286,622.2289086380619,964.84,496.64
774,922,70.40331075582698,964.1910223027286,622.2289086380619,964.5,494.8
775,923,70.40331075582698,811.1910223027286,639.2289086380619,964.5,494.8
776,924,78.11183157634154,811.1910223027286,639.2289086380619,964.5,494.8
777,925,78.26543478017442,811.1910223027286,639.2289086380619,964.5,494.8
778,926,78.41746953589652,811.1910223027286,639.2289086380619,964.5,494.8
779,927,78.56795763615463,811.1910223027286,639.2289086380619,964.5,494.8
780,928,78.71692051782004,811.1910223027286,639.2289086380619,964.5,494.8
781,929,78.86437926791736,811.1910223027286,639.2289086380619,964.5,494.8
782,930,79.01035462948263,811.1910223027286,639.2289086380619,964.5,494.8
783,931,79.1548670073493,811.1910223027286,639.2289086380619,964.5,494.8
784,932,79.29793647386032,659.1910223027286,655.2289086380619,964.5,494.8
785,933,79.4395827745067,659.1910223027286,655.2289086380619,964.5,494.8
786,934,79.57982533348999,659.1910223027286,655.2289086380619,964.5,494.8
787,935,79.71868325920917,659.1910223027286,655.2289086380619,964.5,494.8
788,936,79.85617534967118,659.1910223027286,655.2289086380619,964.5,494.8
789,937,79.85617534967118,659.1910223027286,655.2289086380619,964.5,494.8
790,938,79.85617534967118,659.1910223027286,655.2289086380619,964.5,494.8
791,939,79.85617534967118,659.1910223027286,655.2289086380619,964.5,494.8
792,940,66.78661446997405,659.1910223027286,655.2289086380619,964.5,494.8
793,941,66.78661446997405,659.1910223027286,655.2289086380619,964.5,494.8
794,942,66.78661446997405,659.1910223027286,655.2289086380619,964.5,494.8
795,943,66.78661446997405,659.1910223027286,655.2289086380619,964.5,494.8
796,944,66.78661446997405,659.1910223027286,655.2289086380619,964.5,494.8
797,945,66.78661446997405,659.1910223027286,655.2289086380619,964.5,494.8
798,946,66.78661446997405,659.1910223027286,655.2289086380619,965.2625,496.1125
799,947,66.78661446997405,659.1910223027286,655.2289086380619,966.025,497.425
800,948,9.19274314324896,819.1910223027286,446.22890863806185,966.7875,498.7375
800,949,9.19274314324896,819.1910223027286,446.22890863806185,967.55,500.05
800,950,9.19274314324896,819.1910223027286,446.22890863806185,968.3125,501.3625
800,951,9.19274314324896,819.1910223027286,446.22890863806185,969.075,502.675
800,952,7.890236838097176,819.1910223027286,446.22890863806185,969.8375,503.9875
800,953,6.554601158019735,819.1910223027286,446.22890863806185,970.6,505.3
800,954,5.186596034363434,819.1910223027286,446.22890863806185,970.6,505.3
800,955,3.7873509619909753,979.1910223027286,236.22890863806185,970.6,505.3
801,956,3.7873509619909753,979.1910223027286,236.22890863806185,970.6,505.3
802,957,3.7873509619909753,979.1910223027286,236.22890863806185,957.625,533.8
803,958,3.7873509619909753,979.1910223027286,236.22890863806185,944.6500000000001,562.3
804,959,3.7873509619909753,979.1910223027286,236.22890863806185,931.6750000000001,590.8
805,960,3.7873509619909753,979.1910223027286,236.22890863806185,918.7,619.3
806,961,3.7873509619909753,979.1910223027286,236.22890863806185,918.7,619.3
807,962,3.7873509619909753,979.1910223027286,236.22890863806185,918.7,619.3
808,963,57.73002159931237,979.1910223027286,236.22890863806185,918.7,619.3
809,964,55.98975213039133,979.1910223027286,236.22890863806185,918.7,619.3
810,965,50.41650659127789,979.1910223027286,236.22890863806185,918.7,619.3
811,965,50.41650659127789,979.1910223027286,236.22890863806185,918.7,619.3
812,965,50.41650659127789,979.1910223027286,236.22890863806185,918.7,619.3
813,965,50.41650659127789,979.1910223027286,236.22890863806185,918.7,619.3
814,965,50.41650659127789,979.1910223027286,236.22890863806185,918.7,619.3
815,965,59.94922415961578,979.1910223027286,236.22890863806185,918.7,619.3
816,965,59.94922415961578,979.1910223027286,236.22890863806185,918.7,619.3
817,965,59.94922415961578,979.1910223027286,236.22890863806185,918.7,619.3
818,965,59.94922415961578,979.1910223027286,236.22890863806185,918.7,619.3
819,965,59.94922415961578,979.1910223027286,236.22890863806185,918.7,619.3
820,965,59.94922415961578,979.1910223027286,236.22890863806185,918.7,619.3
821,965,59.94922415961578,979.1910223027286,236.22890863806185,918.7,619.3
822,965,59.94922415961578,979.1910223027286,236.22890863806185,918.7,619.3
823,965,59.94922415961578,979.1910223027286,236.22890863806185,918.7,619.3
824,965,59.94922415961578,979.1910223027286,236.22890863806185,918.7,619.3
825,965,59.94922415961578,979.1910223027286,236.22890863806185,918.7,619.3
826,965,59.94922415961578,979.1910223027286,236.22890863806185,918.7,619.3
827,965,59.94922415961578,979.1910223027286,236.22890863806185,918.7,619.3
828,965,59.94922415961578,979.1910223027286,236.22890863806185,919.0705882352942,624.135294117647
829,965,59.94922415961578,979.1910223027286,236.22890863806185,919.4411764705883,628.970588235294
830,965,59.94922415961578,979.1910223027286,236.22890863806185,919.8117647058824,633.8058823529411
831,965,59.94922415961578,979.1910223027286,236.22890863806185,920.1823529411765,638.6411764705882
832,965,59.94922415961578,845.1910223027286,441.22890863806185,920.5529411764707,643.4764705882353
833,965,59.94922415961578,845.1910223027286,441.22890863806185,920.9235294117648,648.3117647058823
834,965,59.94922415961578,845.1910223027286,441.22890863806185,921.2941176470589,653.1470588235294
835,965,59.94922415961578,845.1910223027286,441.22890863806185,921.664705882353,657.9823529411765
836,965,59.94922415961578,845.1910223027286,441.22890863806185,922.035294117647,662.8176470588235
837,965,59.94922415961578,845.1910223027286,441.22890863806185,922.4058823529411,667.6529411764706
838,965,59.94922415961578,845.1910223027286,441.22890863806185,922.7764705882353,672.4882352941177
839,965,59.94922415961578,845.1910223027286,441.22890863806185,923.1470588235294,677.3235294117646
840,965,49.127978628654176,712.1910223027286,647.2289086380619,923.5176470588235,682.1588235294117
841,965,49.127978628654176,712.1910223027286,647.2289086380619,923.8882352941176,686.9941176470588
842,965,49.127978628654176,712.1910223027286,647.2289086380619,924.2588235294118,691.8294117647058
843,965,49.127978628654176,712.1910223027286,647.2289086380619,924.6294117647059,696.6647058823529
844,965,49.127978628654176,712.1910223027286,647.2289086380619,925.0,701.5
845,965,49.127978628654176,712.1910223027286,647.2289086380619,925.0,701.5
846,965,49.127978628654176,712.1910223027286,647.2289086380619,925.0,701.5
847,965,49.127978628654176,712.1910223027286,647.2289086380619,925.0,701.5
848,965,11.949179242269482,712.1910223027286,647.2289086380619,925.0,701.5
849,965,11.949179242269482,712.1910223027286,647.2289086380619,925.0,701.5
850,965,11.949179242269482,712.1910223027286,647.2289086380619,925.0,701.5
851,965,11.949179242269482,712.1910223027286,647.2289086380619,925.0,701.5
852,965,11.949179242269482,712.1910223027286,647.2289086380619,925.0,701.5
853,965,11.949179242269482,712.1910223027286,647.2289086380619,925.0,701.5
854,965,11.949179242269482,712.1910223027286,647.2289086380619,925.0,701.5
855,965,11.949179242269482,712.1910223027286,647.2289086380619,925.0,701.5
856,965,11.949179242269482,712.1910223027286,647.2289086380619,925.0,701.5
857,965,11.949179242269482,712.1910223027286,647.2289086380619,926.7,700.14
858,965,11.949179242269482,712.1910223027286,647.2289086380619,928.4,698.78
859,965,11.949179242269482,712.1910223027286,647.2289086380619,930.1,697.4200000000001
860,965,11.949179242269482,712.1910223027286,647.2289086380619,931.8,696.0600000000001
861,965,11.949179242269482,712.1910223027286,647.2289086380619,933.5,694.7
862,965,11.949179242269482,712.1910223027286,647.2289086380619,933.5,694.7
863,965,11.949179242269482,712.1910223027286,647.2289086380619,933.5,694.7
864,965,11.949179242269482,712.1910223027286,647.2289086380619,933.5,694.7
865,965,11.949179242269482,874.1910223027286,643.2289086380619,933.5,694.7
866,965,11.949179242269482,874.1910223027286,643.2289086380619,933.5,694.7
867,965,11.949179242269482,874.1910223027286,643.2289086380619,933.5,694.7
868,965,11.949179242269482,874.1910223027286,643.2289086380619,933.5,694.7
869,965,11.949179242269482,874.1910223027286,643.2289086380619,933.5,694.7
870,965,11.949179242269482,874.1910223027286,643.2289086380619,933.5,694.7
871,965,11.949179242269482,874.1910223027286,643.2289086380619,933.5,694.7
872,965,11.949179242269482,1036.1910223027285,639.2289086380619,933.5,694.7
873,965,11.949179242269482,1036.1910223027285,639.2289086380619,933.5,694.7
874,965,11.949179242269482,1036.1910223027285,639.2289086380619,933.5,694.7
875,965,11.949179242269482,1036.1910223027285,639.2289086380619,933.5,694.7
876,965,11.949179242269482,1036.1910223027285,639.2289086380619,933.5,694.7
877,965,11.949179242269482,1036.1910223027285,639.2289086380619,933.5,694.7
878,965,11.949179242269482,1036.1910223027285,639.2289086380619,933.5,694.7
879,966,49.71348065080279,1036.1910223027285,639.2289086380619,933.5,694.7
880,967,3.1210919575462173,1036.1910223027285,639.2289086380619,933.5,694.7
880,968,3.1210919575462173,1036.1910223027285,639.2289086380619,933.5,694.7
880,969,3.1210919575462173,1036.1910223027285,639.2289086380619,933.5,694.7
880,970,3.1210919575462173,1036.1910223027285,639.2289086380619,933.5,694.7
880,971,3.1210919575462173,1036.1910223027285,639.2289086380619,933.5,694.7
880,972,3.1210919575462173,1036.1910223027285,639.2289086380619,931.6,695.2
880,973,3.1210919575462173,1036.1910223027285,639.2289086380619,929.7,695.7
880,974,3.1210919575462173,1036.1910223027285,639.2289086380619,927.8,696.2
880,975,3.1210919575462173,1036.1910223027285,639.2289086380619,925.9,696.7
880,976,3.1210919575462173,1036.1910223027285,639.2289086380619,924.0,697.2
880,977,3.1210919575462173,1036.1910223027285,639.2289086380619,924.0,697.2
880,978,3.1210919575462173,1036.1910223027285,639.2289086380619,924.0,697.2
880,979,3.1210919575462173,1036.1910223027285,639.2289086380619,924.0,697.2
880,980,3.1210919575462173,1036.1910223027285,639.2289086380619,924.0,697.2
880,981,3.1210919575462173,1036.1910223027285,639.2289086380619,909.5875,680.6500000000001
880,982,5.431145041447153,1036.1910223027285,639.2289086380619,895.175,664.1
880,983,8.33511917094675,1036.1910223027285,639.2289086380619,880.7625,647.55
880,984,12.073164033583529,1036.1910223027285,639.2289086380619,866.35,631.0
881,985,12.073164033583529,1036.1910223027285,639.2289086380619,851.9375,614.45
882,986,12.073164033583529,1036.1910223027285,639.2289086380619,837.5250000000001,597.9
883,987,12.073164033583529,1036.1910223027285,639.2289086380619,823.1125000000001,581.3499999999999
884,988,12.073164033583529,1036.1910223027285,639.2289086380619,808.7,564.8
885,989,12.073164033583529,1036.1910223027285,639.2289086380619,808.7,564.8
886,990,12.073164033583529,1036.1910223027285,639.2289086380619,808.7,564.8
887,991,12.073164033583529,615.1910223027286,618.2289086380619,808.7,564.8
888,992,12.073164033583529,615.1910223027286,618.2289086380619,808.7,564.8
889,993,12.073164033583529,615.1910223027286,618.2289086380619,808.7,564.8
890,994,12.073164033583529,615.1910223027286,618.2289086380619,808.7,564.8
891,995,12.073164033583529,615.1910223027286,618.2289086380619,808.7,564.8
892,996,12.073164033583529,615.1910223027286,618.2289086380619,808.7,564.8
893,997,12.073164033583529,615.1910223027286,618.2289086380619,808.7,564.8
894,998,12.073164033583529,615.1910223027286,618.2289086380619,808.7,564.8
895,999,12.073164033583529,615.1910223027286,618.2289086380619,808.7,564.8
896,1000,12.073164033583529,615.1910223027286,618.2289086380619,808.7,564.8
897,1001,12.073164033583529,615.1910223027286,618.2289086380619,808.7,564.8
898,1002,12.073164033583529,615.1910223027286,618.2289086380619,808.7,564.8
899,1003,12.073164033583529,615.1910223027286,618.2289086380619,808.7,564.8
900,1004,12.073164033583529,615.1910223027286,618.2289086380619,818.4909090909091,549.7090909090908
901,1005,12.073164033583529,615.1910223027286,618.2289086380619,828.2818181818183,534.6181818181818
902,1006,12.073164033583529,615.1910223027286,618.2289086380619,838.0727272727273,519.5272727272727
903,1007,12.073164033583529,615.1910223027286,618.2289086380619,847.8636363636364,504.4363636363636
904,1008,12.073164033583529,615.1910223027286,618.2289086380619,857.6545454545454,489.3454545454545
905,1009,12.073164033583529,615.1910223027286,618.2289086380619,867.4454545454546,474.25454545454545
906,1010,12.073164033583529,615.1910223027286,618.2289086380619,877.2363636363636,459.16363636363633
907,1011,12.073164033583529,615.1910223027286,618.2289086380619,887.0272727272727,444.07272727272726
908,1012,12.073164033583529,615.1910223027286,618.2289086380619,896.8181818181818,428.9818181818182
909,1013,12.073164033583529,615.1910223027286,618.2289086380619,906.6090909090909,413.8909090909091
910,1014,12.073164033583529,615.1910223027286,618.2289086380619,916.4,398.8
911,1015,12.073164033583529,615.1910223027286,618.2289086380619,916.4,398.8
912,1016,12.073164033583529,803.1910223027286,645.2289086380619,916.4,398.8
913,1017,12.073164033583529,803.1910223027286,645.2289086380619,916.4,398.8
914,1018,12.073164033583529,803.1910223027286,645.2289086380619,916.4,398.8
915,1019,12.073164033583529,803.1910223027286,645.2289086380619,916.4,398.8
916,1020,12.073164033583529,803.1910223027286,645.2289086380619,916.4,398.8
917,1021,12.073164033583529,803.1910223027286,645.2289086380619,916.4,398.8
918,1022,12.073164033583529,803.1910223027286,645.2289086380619,916.4,398.8
919,1023,12.073164033583529,803.1910223027286,645.2289086380619,916.4,398.8
920,1024,12.073164033583529,991.1910223027286,671.2289086380619,916.4,398.8
921,1025,12.073164033583529,991.1910223027286,671.2289086380619,916.4,398.8
922,1026,12.073164033583529,991.1910223027286,671.2289086380619,916.4,398.8
923,1027,12.073164033583529,991.1910223027286,671.2289086380619,869.3199999999999,439.14
924,1028,12.073164033583529,991.1910223027286,671.2289086380619,822.24,479.48
925,1029,12.073164033583529,991.1910223027286,671.2289086380619,775.16,519.8199999999999
926,1030,12.073164033583529,991.1910223027286,671.2289086380619,728.0799999999999,560.16
927,1031,12.073164033583529,991.1910223027286,671.2289086380619,681.0,600.5
928,1032,67.79501972635973,991.1910223027286,671.2289086380619,681.0,600.5
929,1033,8.27669116092311,991.1910223027286,671.2289086380619,681.0,600.5
930,1034,0.7750568246742852,991.1910223027286,671.2289086380619,681.0,600.5
931,1034,0.7750568246742852,991.1910223027286,671.2289086380619,681.0,600.5
932,1034,0.7750568246742852,991.1910223027286,671.2289086380619,681.0,600.5
933,1034,0.7750568246742852,991.1910223027286,671.2289086380619,681.0,600.5
934,1034,0.7750568246742852,991.1910223027286,671.2289086380619,681.0,600.5
935,1034,0.7750568246742852,973.1910223027286,501.22890863806185,681.0,600.5
936,1034,0.7750568246742852,973.1910223027286,501.22890863806185,681.0,600.5
937,1034,0.7750568246742852,973.1910223027286,501.22890863806185,681.0,600.5
938,1034,0.7750568246742852,973.1910223027286,501.22890863806185,681.0,600.5
939,1034,0.7750568246742852,973.1910223027286,501.22890863806185,681.0,600.5
940,1034,0.7750568246742852,973.1910223027286,501.22890863806185,681.0,600.5
941,1034,0.7750568246742852,973.1910223027286,501.22890863806185,681.0,600.5
942,1034,0.7750568246742852,973.1910223027286,501.22890863806185,681.0,600.5
943,1034,0.7750568246742852,973.1910223027286,501.22890863806185,681.0,600.5
944,1034,0.7750568246742852,956.1910223027286,331.22890863806185,681.0,600.5
945,1034,0.7750568246742852,956.1910223027286,331.22890863806185,681.0,600.5
946,1034,0.7750568246742852,956.1910223027286,331.22890863806185,681.0,600.5
947,1034,0.7750568246742852,956.1910223027286,331.22890863806185,681.0,600.5
948,1034,0.7750568246742852,956.1910223027286,331.22890863806185,681.0,600.5
949,1034,0.7750568246742852,956.1910223027286,331.22890863806185,681.0,600.5
950,1034,0.7750568246742852,956.1910223027286,331.22890863806185,681.0,600.5
951,1034,0.7750568246742852,833.1910223027286,468.22890863806185,681.0,600.5
952,1034,0.7750568246742852,833.1910223027286,468.22890863806185,681.0,600.5
953,1034,0.7750568246742852,833.1910223027286,468.22890863806185,681.0,600.5
954,1034,0.7750568246742852,833.1910223027286,468.22890863806185,681.0,600.5
955,1034,0.7750568246742852,833.1910223027286,468.22890863806185,681.0,600.5
956,1034,0.7750568246742852,833.1910223027286,468.22890863806185,693.2833333333333,599.2888888888889
957,1034,0.7750568246742852,833.1910223027286,468.22890863806185,705.5666666666667,598.0777777777778
958,1035,1.9400620280379697,833.1910223027286,468.22890863806185,717.85,596.8666666666667
959,1036,3.3349869867322526,711.1910223027286,606.2289086380619,730.1333333333333,595.6555555555556
960,1037,4.184160531336664,711.1910223027286,606.2289086380619,742.4166666666666,594.4444444444445
961,1038,4.184160531336664,711.1910223027286,606.2289086380619,754.7,593.2333333333333
962,1039,4.184160531336664,711.1910223027286,606.2289086380619,766.9833333333333,592.0222222222222
963,1040,4.184160531336664,711.1910223027286,606.2289086380619,779.2666666666667,590.8111111111111
964,1041,4.184160531336664,711.1910223027286,606.2289086380619,791.55,589.6
965,1042,4.184160531336664,711.1910223027286,606.2289086380619,803.8333333333334,588.3888888888889
966,1043,4.184160531336664,711.1910223027286,606.2289086380619,816.1166666666667,587.1777777777778
967,1044,4.184160531336664,711.1910223027286,606.2289086380619,828.4000000000001,585.9666666666667
968,1045,63.46104561254721,711.1910223027286,606.2289086380619,840.6833333333334,584.7555555555556
969,1046,63.46104561254721,711.1910223027286,606.2289086380619,852.9666666666667,583.5444444444445
970,1047,63.46104561254721,711.1910223027286,606.2289086380619,865.25,582.3333333333334
971,1048,63.46104561254721,711.1910223027286,606.2289086380619,877.5333333333333,581.1222222222223
972,1049,63.46104561254721,711.1910223027286,606.2289086380619,889.8166666666667,579.9111111111112
973,1050,63.46104561254721,711.1910223027286,606.2289086380619,902.1,578.7
974,1051,63.46104561254721,711.1910223027286,606.2289086380619,902.1,578.7
975,1052,63.46104561254721,984.1910223027286,463.22890863806185,902.1,578.7
976,1053,63.46104561254721,984.1910223027286,463.22890863806185,902.1,578.7
977,1054,81.35554151996347,984.1910223027286,463.22890863806185,902.1,578.7
978,1055,81.83971746653465,984.1910223027286,463.22890863806185,901.3142857142857,578.6285714285715
979,1056,82.30411082238597,984.1910223027286,463.22890863806185,900.5285714285715,578.5571428571429
980,1057,82.74985229639091,984.1910223027286,463.22890863806185,899.7428571428571,578.4857142857144
981,1058,82.74985229639091,984.1910223027286,463.22890863806185,898.9571428571429,578.4142857142857
982,1059,82.74985229639091,984.1910223027286,463.22890863806185,898.1714285714286,578.3428571428572
983,1060,82.74985229639091,984.1910223027286,463.22890863806185,897.3857142857144,578.2714285714286
984,1061,82.74985229639091,984.1910223027286,463.22890863806185,896.6,578.2
985,1062,82.74985229639091,984.1910223027286,463.22890863806185,896.6,578.2
986,1063,82.74985229639091,984.1910223027286,463.22890863806185,896.6,578.2
987,1064,82.74985229639091,984.1910223027286,463.22890863806185,896.6,578.2
988,1065,82.74985229639091,984.1910223027286,463.22890863806185,896.6,578.2
989,1066,82.74985229639091,984.1910223027286,463.22890863806185,896.6,578.2
990,1067,82.74985229639091,984.1910223027286,463.22890863806185,896.6,578.2
991,1068,82.74985229639091,984.1910223027286,463.22890863806185,896.6,578.2
992,1069,82.7586691941516,984.1910223027286,463.22890863806185,896.6,578.2
993,1070,82.7586691941516,984.1910223027286,463.22890863806185,896.6,578.2
994,1071,82.7586691941516,984.1910223027286,463.22890863806185,896.6,578.2
995,1072,82.7586691941516,984.1910223027286,463.22890863806185,896.6,578.2
996,1073,82.7586691941516,984.1910223027286,463.22890863806185,896.6,578.2
997,1074,83.65420799729314,984.1910223027286,463.22890863806185,896.6,578.2
998,1075,85.03724788500345,984.1910223027286,463.22890863806185,896.6,578.2
999,1076,87.45034543243358,984.1910223027286,463.22890863806185,896.6,578.2
1000,1077,0.23913132831196657,984.1910223027286,463.22890863806185,896.6,578.2
1001,1078,0.18869519993816128,984.1910223027286,463.22890863806185,899.25,580.875
1002,1079,0.07645018577601974,984.1910223027286,463.22890863806185,901.9000000000001,583.55
1003,1079,0.07645018577601974,984.1910223027286,463.22890863806185,904.5500000000001,586.225
1004,1079,0.07645018577601974,984.1910223027286,463.22890863806185,907.2,588.9
1005,1079,0.07645018577601974,984.1910223027286,463.22890863806185,907.2,588.9
1006,1079,0.07645018577601974,984.1910223027286,463.22890863806185,907.2,588.9
1007,1079,0.07645018577601974,1012.1910223027286,545.2289086380619,907.2,588.9
1008,1079,0.07645018577601974,1012.1910223027286,545.2289086380619,907.2,588.9
1009,1080,0.1617562249460494,1012.1910223027286,545.2289086380619,907.2,588.9
1010,1081,0.1617562249460494,1012.1910223027286,545.2289086380619,906.52,587.5
1011,1082,0.16436046548072664,1012.1910223027286,545.2289086380619,905.84,586.1
1012,1083,0.16673508095669878,1012.1910223027286,545.2289086380619,905.16,584.6999999999999
1013,1084,0.16890816589173205,1012.1910223027286,545.2289086380619,904.48,583.3
1014,1085,0.1709035665226232,1012.1910223027286,545.2289086380619,903.8,581.9
1015,1086,4.496672711102166,1039.1910223027285,627.2289086380619,903.8,581.9
1016,1087,4.496672711102166,1039.1910223027285,627.2289086380619,903.8,581.9
1017,1088,4.496672711102166,1039.1910223027285,627.2289086380619,903.8,581.9
1018,1089,4.496672711102166,1039.1910223027285,627.2289086380619,917.5999999999999,557.8
1019,1090,4.496672711102166,1039.1910223027285,627.2289086380619,931.4,533.6999999999999
1020,1091,4.496672711102166,1039.1910223027285,627.2289086380619,945.1999999999999,509.59999999999997
1021,1092,4.496672711102166,1039.1910223027285,627.2289086380619,959.0,485.5
1022,1093,4.496672711102166,1039.1910223027285,627.2289086380619,972.8,461.4
1023,1094,12.851468007469528,1039.1910223027285,627.2289086380619,986.5999999999999,437.29999999999995
1024,1095,12.851468007469528,1039.1910223027285,627.2289086380619,1000.4,413.2
1025,1096,12.851468007469528,1039.1910223027285,627.2289086380619,1000.4,413.2
1026,1097,12.851468007469528,1039.1910223027285,627.2289086380619,1000.4,413.2
1027,1098,12.851468007469528,1039.1910223027285,627.2289086380619,1000.4,413.2
1028,1099,12.851468007469528,1039.1910223027285,627.2289086380619,1000.4,413.2
1029,1100,12.851468007469528,1039.1910223027285,627.2289086380619,1000.4,413.2
1030,1101,12.851468007469528,1039.1910223027285,627.2289086380619,1000.4,413.2
1031,1102,12.851468007469528,1136.1910223027285,636.2289086380619,1000.4,413.2
1032,1103,12.851468007469528,1136.1910223027285,636.2289086380619,1000.4,413.2
1033,1104,12.851468007469528,1136.1910223027285,636.2289086380619,1001.825,415.45
1034,1105,12.851468007469528,1136.1910223027285,636.2289086380619,1003.25,417.7
1035,1106,12.851468007469528,1136.1910223027285,636.2289086380619,1004.675,419.95
1036,1107,12.851468007469528,1136.1910223027285,636.2289086380619,1006.1,422.2
1037,1108,12.851468007469528,1136.1910223027285,636.2289086380619,1006.1,422.2
1038,1109,12.851468007469528,1136.1910223027285,636.2289086380619,1006.1,422.2
1039,1110,14.00360250010697,1234.1910223027285,646.2289086380619,1006.1,422.2
1040,1111,15.2207026834439,1234.1910223027285,646.2289086380619,1006.1,422.2
1041,1112,16.507226261472134,1234.1910223027285,646.2289086380619,1006.1,422.2
1042,1113,17.867872966230482,1234.1910223027285,646.2289086380619,1006.1,422.2
1043,1114,19.307564062733043,1234.1910223027285,646.2289086380619,1006.1,422.2
1044,1115,20.831408517397183,1234.1910223027285,646.2289086380619,1006.1,422.2
1045,1116,22.44465212604191,1234.1910223027285,646.2289086380619,1006.1,422.2
1046,1117,24.152605329491763,1234.1910223027285,646.2289086380619,1006.1,422.2
1047,1118,24.152605329491763,1101.1910223027285,518.2289086380619,1006.1,422.2
1048,1119,87.44514518858588,1101.1910223027285,518.2289086380619,1006.1,422.2
1049,1120,87.44514518858588,1101.1910223027285,518.2289086380619,1006.1,422.2
1050,1121,50.10069977083938,1101.1910223027285,518.2289086380619,1005.2285714285714,421.2857142857143
1051,1121,50.10069977083938,1101.1910223027285,518.2289086380619,1004.3571428571429,420.37142857142857
1052,1121,50.10069977083938,1101.1910223027285,518.2289086380619,1003.4857142857143,419.45714285714286
1053,1121,50.10069977083938,1101.1910223027285,518.2289086380619,1002.6142857142858,418.54285714285714
1054,1121,50.10069977083938,1101.1910223027285,518.2289086380619,1001.7428571428571,417.62857142857143
1055,1121,50.10069977083938,968.1910223027286,390.22890863806185,1000.8714285714286,416.7142857142857
1056,1121,50.10069977083938,968.1910223027286,390.22890863806185,1000.0,415.8
1057,1122,72.42211346375049,968.1910223027286,390.22890863806185,1000.0,415.8
1058,1123,77.73455539746207,968.1910223027286,390.22890863806185,1000.0,415.8
1059,1124,79.38972064895079,968.1910223027286,390.22890863806185,1000.0,415.8
1060,1125,79.38972064895079,968.1910223027286,390.22890863806185,1000.0,415.8
1061,1126,79.38972064895079,968.1910223027286,390.22890863806185,1000.0,415.8
1062,1127,79.38972064895079,968.1910223027286,390.22890863806185,1000.0,415.8
1063,1128,79.38972064895079,968.1910223027286,390.22890863806185,1000.0,415.8
1064,1129,79.38972064895079,968.1910223027286,390.22890863806185,985.0,388.65
1065,1130,79.38972064895079,968.1910223027286,390.22890863806185,970.0,361.5
1066,1131,79.38972064895079,968.1910223027286,390.22890863806185,955.0,334.35
1067,1132,79.38972064895079,968.1910223027286,390.22890863806185,940.0,307.2
1068,1133,79.38972064895079,968.1910223027286,390.22890863806185,940.0,307.2
1069,1134,79.38972064895079,968.1910223027286,390.22890863806185,940.0,307.2
1070,1135,79.38972064895079,968.1910223027286,390.22890863806185,940.0,307.2
1071,1136,29.96401555321186,830.1910223027286,505.22890863806185,940.0,307.2
1072,1137,29.96401555321186,830.1910223027286,505.22890863806185,940.0,307.2
1073,1138,29.96401555321186,830.1910223027286,505.22890863806185,940.0,307.2
1074,1139,29.96401555321186,830.1910223027286,505.22890863806185,940.0,307.2
1075,1140,29.96401555321186,830.1910223027286,505.22890863806185,940.0,307.2
1076,1141,29.96401555321186,830.1910223027286,505.22890863806185,940.0,307.2
1077,1142,29.96401555321186,830.1910223027286,505.22890863806185,940.0,307.2
1078,1143,29.96401555321186,830.1910223027286,505.22890863806185,940.0,307.2
1078,1144,29.96401555321186,830.1910223027286,505.22890863806185,940.0,307.2
1078,1145,29.96401555321186,693.1910223027286,619.2289086380619,940.0,307.2
1078,1146,29.96401555321186,693.1910223027286,619.2289086380619,940.0,307.2
1078,1147,28.68970038246611,693.1910223027286,619.2289086380619,940.0,307.2
1078,1148,27.363648900389332,693.1910223027286,619.2289086380619,940.0,307.2
1078,1149,26.08744396298096,693.1910223027286,619.2289086380619,940.0,307.2
1078,1150,24.89222998310564,693.1910223027286,619.2289086380619,940.0,307.2
1078,1151,23.782836532393983,693.1910223027286,619.2289086380619,940.0,307.2
1078,1152,22.75512918745995,693.1910223027286,619.2289086380619,940.0,307.2
1078,1153,21.802440335090104,693.1910223027286,619.2289086380619,940.0,307.2
1078,1154,20.917829269390623,693.1910223027286,619.2289086380619,940.0,307.2
1078,1155,20.094810188019544,693.1910223027286,619.2289086380619,940.0,307.2
1078,1156,19.32753637796468,693.1910223027286,619.2289086380619,940.0,307.2
1078,1157,18.610800680064308,693.1910223027286,619.2289086380619,940.0,307.2
1078,1158,17.939980290755603,693.1910223027286,619.2289086380619,940.0,307.2
1078,1159,17.310970040112295,693.1910223027286,619.2289086380619,940.0,307.2
1078,1160,16.720118485071023,693.1910223027286,619.2289086380619,940.0,307.2
1078,1161,16.164170798220695,693.1910223027286,619.2289086380619,940.0,307.2
1078,1162,15.64021895691309,693.1910223027286,619.2289086380619,940.0,307.2
1078,1163,15.145658661380462,693.1910223027286,619.2289086380619,940.0,307.2
1078,1164,15.145658661380462,693.1910223027286,619.2289086380619,954.8428571428572,353.7
1078,1165,15.145658661380462,693.1910223027286,619.2289086380619,969.6857142857143,400.2
1078,1166,15.145658661380462,693.1910223027286,619.2289086380619,984.5285714285715,446.70000000000005
1078,1167,15.145658661380462,693.1910223027286,619.2289086380619,999.3714285714286,493.20000000000005
1078,1168,15.145658661380462,693.1910223027286,619.2289086380619,1014.2142857142858,539.7
1078,1169,15.145658661380462,748.1910223027286,440.22890863806185,1029.057142857143,586.2
1078,1170,15.145658661380462,748.1910223027286,440.22890863806185,1043.9,632.7
1078,1171,15.145658661380462,748.1910223027286,440.22890863806185,1043.9,632.7
1078,1172,15.145658661380462,748.1910223027286,440.22890863806185,1043.9,632.7
1078,1173,15.145658661380462,748.1910223027286,440.22890863806185,1043.9,632.7
1078,1174,15.145658661380462,748.1910223027286,440.22890863806185,1043.9,632.7
1078,1175,15.145658661380462,748.1910223027286,440.22890863806185,1043.9,632.7
1078,1176,14.664567988371058,804.1910223027286,261.22890863806185,1043.9,632.7
1078,1177,14.17350688260341,804.1910223027286,261.22890863806185,1043.9,632.7
1078,1178,13.672236577016287,804.1910223027286,261.22890863806185,1043.9,632.7
1078,1179,13.160514527719865,804.1910223027286,261.22890863806185,1043.9,632.7
1078,1180,12.638094643748719,804.1910223027286,261.22890863806185,1043.9,632.7
1078,1181,12.638094643748719,804.1910223027286,261.22890863806185,1043.9,632.7
1078,1182,12.638094643748719,804.1910223027286,261.22890863806185,1043.9,632.7
1078,1183,12.638094643748719,804.1910223027286,261.22890863806185,1043.9,632.7
1078,1184,12.638094643748719,957.1910223027286,286.22890863806185,1043.9,632.7
1078,1185,12.638094643748719,957.1910223027286,286.22890863806185,1043.9,632.7
1078,1186,12.638094643748719,957.1910223027286,286.22890863806185,1043.9,632.7
1078,1187,12.638094643748719,957.1910223027286,286.22890863806185,1043.9,632.7
1078,1188,12.638094643748719,957.1910223027286,286.22890863806185,1043.9,632.7
1078,1189,12.638094643748719,957.1910223027286,286.22890863806185,1043.9,632.7
1078,1190,12.638094643748719,957.1910223027286,286.22890863806185,1043.9,632.7
1078,1191,12.638094643748719,957.1910223027286,286.22890863806185,1043.9,632.7
1078,1192,12.638094643748719,957.1910223027286,286.22890863806185,1043.9,632.7
1078,1193,12.638094643748719,957.1910223027286,286.22890863806185,1043.9,632.7
1078,1194,12.638094643748719,957.1910223027286,286.22890863806185,1043.9,632.7
1078,1195,12.638094643748719,957.1910223027286,286.22890863806185,1043.9,632.7
1078,1196,12.638094643748719,957.1910223027286,286.22890863806185,1043.9,632.7
1078,1197,12.638094643748719,957.1910223027286,286.22890863806185,1043.9,632.7
1078,1198,12.638094643748719,957.1910223027286,286.22890863806185,1043.9,632.7
1078,1199,12.638094643748719,957.1910223027286,286.22890863806185,1043.9,632.7
1078,1200,12.638094643748719,957.1910223027286,286.22890863806185,1043.9,632.7
1078,1201,12.638094643748719,957.1910223027286,286.22890863806185,1043.9,632.7
1078,1202,12.638094643748719,957.1910223027286,286.22890863806185,1043.9,632.7
1078,1203,12.638094643748719,957.1910223027286,286.22890863806185,1043.9,632.7
1078,1204,13.287519763551748,957.1910223027286,286.22890863806185,1043.9,632.7
1078,1205,13.930117261062692,957.1910223027286,286.22890863806185,1043.9,632.7
1079,1206,14.565835143074443,957.1910223027286,286.22890863806185,1043.9,632.7
1080,1207,15.194629297572389,957.1910223027286,286.22890863806185,1043.9,632.7
1081,1208,15.816463237925344,957.1910223027286,286.22890863806185,1043.9,632.7
1082,1209,15.816463237925344,957.1910223027286,286.22890863806185,1043.9,632.7
1083,1210,15.816463237925344,957.1910223027286,286.22890863806185,1043.9,632.7
1084,1211,15.816463237925344,957.1910223027286,286.22890863806185,1043.9,632.7
1085,1212,15.816463237925344,957.1910223027286,286.22890863806185,1043.9,632.7
1086,1213,22.636669254761408,957.1910223027286,286.22890863806185,1043.9,632.7
1087,1214,28.723011314451355,957.1910223027286,286.22890863806185,1043.9,632.7
1088,1215,19.92287809635934,957.1910223027286,286.22890863806185,1043.9,632.7
1089,1216,10.481599906517046,957.1910223027286,286.22890863806185,1043.9,632.7
1090,1217,0.8688440355581974,957.1910223027286,286.22890863806185,1043.9,632.7
1091,1217,0.8688440355581974,957.1910223027286,286.22890863806185,1043.9,632.7
1092,1217,0.8688440355581974,957.1910223027286,286.22890863806185,1043.9,632.7
1093,1217,0.8688440355581974,957.1910223027286,286.22890863806185,1043.9,632.7
1094,1217,0.8688440355581974,957.1910223027286,286.22890863806185,1043.9,632.7
1095,1217,0.8688440355581974,957.1910223027286,286.22890863806185,1043.9,632.7
1096,1218,4.3424139770620656,957.1910223027286,286.22890863806185,1043.9,632.7
1096,1219,4.15186520565843,974.1910223027286,414.22890863806185,1043.9,632.7
1096,1220,11.651276402158171,974.1910223027286,414.22890863806185,1043.9,632.7
1096,1221,11.651276402158171,974.1910223027286,414.22890863806185,1043.9,632.7
1096,1222,11.651276402158171,974.1910223027286,414.22890863806185,1043.9,632.7
1097,1223,11.651276402158171,974.1910223027286,414.22890863806185,1043.9,632.7
1098,1224,11.651276402158171,974.1910223027286,414.22890863806185,1043.9,632.7
1099,1225,11.651276402158171,974.1910223027286,414.22890863806185,1043.9,632.7
1100,1226,11.651276402158171,974.1910223027286,414.22890863806185,1043.9,632.7
1101,1227,11.651276402158171,991.1910223027286,543.2289086380619,1043.9,632.7
1102,1228,11.651276402158171,991.1910223027286,543.2289086380619,1043.9,632.7
1103,1229,11.651276402158171,991.1910223027286,543.2289086380619,1043.9,632.7
1104,1230,11.651276402158171,991.1910223027286,543.2289086380619,1043.9,632.7
1105,1231,11.651276402158171,991.1910223027286,543.2289086380619,1043.9,632.7
1106,1232,11.651276402158171,991.1910223027286,543.2289086380619,1043.9,632.7
1107,1233,11.651276402158171,991.1910223027286,543.2289086380619,1043.9,632.7
1108,1234,11.651276402158171,991.1910223027286,543.2289086380619,1043.9,632.7
1109,1235,11.651276402158171,991.1910223027286,543.2289086380619,1043.9,632.7
1110,1236,17.0350336106799,991.1910223027286,543.2289086380619,1043.9,632.7
1111,1237,23.299730370689232,991.1910223027286,543.2289086380619,1043.9,632.7
1112,1238,24.129864571218054,991.1910223027286,543.2289086380619,1043.9,632.7
1113,1239,16.06521475897695,991.1910223027286,543.2289086380619,1043.9,632.7
1114,1240,7.328940487087286,991.1910223027286,543.2289086380619,1043.9,632.7
1115,1241,1.726359734951077,991.1910223027286,543.2289086380619,1043.9,632.7
1116,1241,1.726359734951077,991.1910223027286,543.2289086380619,1043.9,632.7
1117,1242,10.663616144509335,991.1910223027286,543.2289086380619,1043.9,632.7
1118,1243,19.07798170326515,991.1910223027286,543.2289086380619,1043.9,632.7
1119,1244,33.2596489064203,991.1910223027286,543.2289086380619,1043.9,632.7
1120,1245,26.561291634301448,991.1910223027286,543.2289086380619,1043.9,632.7
1121,1246,20.774649872297534,991.1910223027286,543.2289086380619,1043.9,632.7
1122,1246,20.774649872297534,991.1910223027286,543.2289086380619,1043.9,632.7
1123,1246,20.774649872297534,991.1910223027286,543.2289086380619,1043.9,632.7
1124,1246,20.774649872297534,991.1910223027286,543.2289086380619,1043.9,632.7
1125,1246,20.774649872297534,991.1910223027286,543.2289086380619,1043.9,632.7
1126,1246,20.774649872297534,991.1910223027286,543.2289086380619,1043.9,632.7
1127,1246,20.774649872297534,991.1910223027286,543.2289086380619,1043.9,632.7
1128,1246,20.774649872297534,991.1910223027286,543.2289086380619,1043.9,632.7
1129,1246,20.774649872297534,991.1910223027286,543.2289086380619,1043.9,632.7
1130,1246,20.774649872297534,991.1910223027286,543.2289086380619,1043.9,632.7
1131,1246,20.774649872297534,991.1910223027286,543.2289086380619,1043.9,632.7
1132,1246,20.774649872297534,991.1910223027286,543.2289086380619,1043.9,632.7
1133,1246,20.774649872297534,1057.1910223027285,592.2289086380619,1043.9,632.7
1134,1246,20.774649872297534,1057.1910223027285,592.2289086380619,1043.9,632.7
1135,1246,20.774649872297534,1057.1910223027285,592.2289086380619,1043.9,632.7
1136,1246,20.774649872297534,1057.1910223027285,592.2289086380619,1043.9,632.7
1137,1246,20.774649872297534,1057.1910223027285,592.2289086380619,1043.9,632.7
1138,1246,20.774649872297534,1057.1910223027285,592.2289086380619,1043.9,632.7
1139,1247,20.774649872297534,1057.1910223027285,592.2289086380619,1043.9,632.7
1140,1248,20.774649872297534,1057.1910223027285,592.2289086380619,1043.9,632.7
1141,1249,20.774649872297534,1057.1910223027285,592.2289086380619,1043.9,632.7
1142,1250,20.774649872297534,1057.1910223027285,592.2289086380619,1043.9,632.7
1143,1251,20.774649872297534,1057.1910223027285,592.2289086380619,1043.9,632.7
1144,1252,20.774649872297534,1057.1910223027285,592.2289086380619,1043.9,632.7
1145,1253,20.774649872297534,1057.1910223027285,592.2289086380619,1043.9,632.7
1146,1254,20.774649872297534,1057.1910223027285,592.2289086380619,1043.9,632.7
1147,1255,20.774649872297534,1057.1910223027285,592.2289086380619,1043.9,632.7
1148,1256,20.774649872297534,1057.1910223027285,592.2289086380619,1043.9,632.7
1149,1257,20.774649872297534,1057.1910223027285,592.2289086380619,1043.9,632.7
1150,1258,20.774649872297534,1057.1910223027285,592.2289086380619,1043.9,632.7
1151,1259,7.336626689795864,1057.1910223027285,592.2289086380619,1043.9,632.7
1152,1259,7.336626689795864,1057.1910223027285,592.2289086380619,1043.9,632.7
1153,1259,7.336626689795864,1057.1910223027285,592.2289086380619,1043.9,632.7
1154,1259,7.336626689795864,1057.1910223027285,592.2289086380619,1043.9,632.7
1155,1259,7.336626689795864,1057.1910223027285,592.2289086380619,1043.9,632.7
1156,1259,7.336626689795864,1057.1910223027285,592.2289086380619,1043.9,632.7
1157,1260,16.989083892884725,1057.1910223027285,592.2289086380619,1043.9,632.7
1158,1261,34.475057628672374,1057.1910223027285,592.2289086380619,1043.9,632.7
1159,1262,18.430482613983546,1057.1910223027285,592.2289086380619,1043.9,632.7
1159,1263,11.163587670048114,1057.1910223027285,592.2289086380619,1043.9,632.7
1159,1264,11.163587670048114,1057.1910223027285,592.2289086380619,1043.9,632.7
1159,1265,11.163587670048114,1057.1910223027285,592.2289086380619,1043.9,632.7
1159,1266,11.163587670048114,1057.1910223027285,592.2289086380619,1043.9,632.7
1159,1267,11.163587670048114,1057.1910223027285,592.2289086380619,1043.9,632.7
1159,1268,11.163587670048114,1035.1910223027285,576.2289086380619,1043.9,632.7
1159,1269,11.163587670048114,1035.1910223027285,576.2289086380619,1043.9,632.7
1159,1270,11.163587670048114,1035.1910223027285,576.2289086380619,1043.9,632.7
1159,1271,11.163587670048114,1035.1910223027285,576.2289086380619,1043.9,632.7
1159,1272,11.163587670048114,1035.1910223027285,576.2289086380619,1043.9,632.7
1159,1273,11.163587670048114,1035.1910223027285,576.2289086380619,1043.9,632.7
1159,1274,11.163587670048114,1035.1910223027285,576.2289086380619,1043.9,632.7
1159,1275,11.163587670048114,1035.1910223027285,576.2289086380619,1043.9,632.7
1159,1276,11.163587670048114,1013.1910223027286,560.2289086380619,1043.9,632.7
1159,1277,11.163587670048114,1013.1910223027286,560.2289086380619,1043.9,632.7
1159,1278,11.163587670048114,1013.1910223027286,560.2289086380619,1043.9,632.7
1159,1279,11.163587670048114,1013.1910223027286,560.2289086380619,1043.9,632.7
1159,1280,11.163587670048114,1013.1910223027286,560.2289086380619,1043.9,632.7
1159,1281,11.163587670048114,1013.1910223027286,560.2289086380619,1043.9,632.7
1159,1282,11.163587670048114,1013.1910223027286,560.2289086380619,1043.9,632.7
1159,1283,11.163587670048114,1013.1910223027286,560.2289086380619,1043.9,632.7
1160,1284,11.163587670048114,991.1910223027286,544.2289086380619,1043.9,632.7
1161,1285,11.163587670048114,991.1910223027286,544.2289086380619,1043.9,632.7
1162,1286,11.163587670048114,991.1910223027286,544.2289086380619,1043.9,632.7
1163,1287,11.163587670048114,991.1910223027286,544.2289086380619,1043.9,632.7
1164,1288,11.163587670048114,991.1910223027286,544.2289086380619,1043.9,632.7
1165,1289,11.163587670048114,991.1910223027286,544.2289086380619,1043.9,632.7
1166,1290,11.163587670048114,991.1910223027286,544.2289086380619,1043.9,632.7
1167,1291,11.163587670048114,991.1910223027286,544.2289086380619,1043.9,632.7
1168,1292,10.865919053212565,991.1910223027286,544.2289086380619,1043.9,632.7
1169,1293,10.540298205516661,841.1910223027286,578.2289086380619,1043.9,632.7
1170,1294,10.182618271306323,841.1910223027286,578.2289086380619,1043.9,632.7
1171,1295,9.787932037709552,841.1910223027286,578.2289086380619,1043.9,632.7
1172,1296,9.350227108499713,841.1910223027286,578.2289086380619,1043.9,632.7
1173,1297,8.862125483442314,841.1910223027286,578.2289086380619,1043.9,632.7
1174,1298,8.314476451516853,841.1910223027286,578.2289086380619,1043.9,632.7
1175,1299,7.695796371491157,841.1910223027286,578.2289086380619,1043.9,632.7
1176,1300,6.9914846492459555,690.1910223027286,612.2289086380619,1043.9,632.7
1177,1301,6.1827059724455,690.1910223027286,612.2289086380619,1043.9,632.7
1178,1302,5.244763855173621,690.1910223027286,612.2289086380619,1043.9,632.7
1179,1303,4.144680128201884,690.1910223027286,612.2289086380619,1043.9,632.7
1180,1304,2.8375024711142136,690.1910223027286,612.2289086380619,1043.9,632.7
1181,1305,1.2605173412540571,690.1910223027286,612.2289086380619,1043.9,632.7
1182,1306,0.6760868744751365,690.1910223027286,612.2289086380619,1043.9,632.7
1183,1307,3.1047424921139353,690.1910223027286,612.2289086380619,1043.9,632.7
1184,1308,20.63939120935181,690.1910223027286,612.2289086380619,1043.9,632.7
1185,1309,16.506435057398356,690.1910223027286,612.2289086380619,1043.9,632.7
1186,1309,16.506435057398356,690.1910223027286,612.2289086380619,1043.9,632.7
1187,1309,16.506435057398356,690.1910223027286,612.2289086380619,1043.9,632.7
1188,1309,16.506435057398356,690.1910223027286,612.2289086380619,1043.9,632.7
1189,1309,16.506435057398356,690.1910223027286,612.2289086380619,1043.9,632.7
1190,1309,16.506435057398356,690.1910223027286,612.2289086380619,1043.9,632.7
1191,1309,93.7592808549157,690.1910223027286,612.2289086380619,1043.9,632.7
1192,1309,93.7592808549157,690.1910223027286,612.2289086380619,1043.9,632.7
1193,1309,93.7592808549157,690.1910223027286,612.2289086380619,1043.9,632.7
1194,1309,93.7592808549157,690.1910223027286,612.2289086380619,1043.9,632.7
1195,1309,93.7592808549157,690.1910223027286,612.2289086380619,1043.9,632.7
1196,1309,93.7592808549157,690.1910223027286,612.2289086380619,1043.9,632.7
1197,1309,93.7592808549157,690.1910223027286,612.2289086380619,1043.9,632.7
1198,1309,93.7592808549157,690.1910223027286,612.2289086380619,1043.9,632.7
1199,1309,93.7592808549157,690.1910223027286,612.2289086380619,1043.9,632.7
1200,1309,93.7592808549157,690.1910223027286,612.2289086380619,1043.9,632.7
1201,1309,93.7592808549157,690.1910223027286,612.2289086380619,1043.9,632.7
1202,1309,93.7592808549157,690.1910223027286,612.2289086380619,1043.9,632.7
1203,1309,93.7592808549157,690.1910223027286,612.2289086380619,1043.9,632.7
1204,1309,93.7592808549157,690.1910223027286,612.2289086380619,1045.125,636.0
1205,1309,93.7592808549157,690.1910223027286,612.2289086380619,1046.35,639.3
1206,1309,93.7592808549157,690.1910223027286,612.2289086380619,1047.575,642.6
1207,1309,93.7592808549157,690.1910223027286,612.2289086380619,1048.8,645.9
1208,1309,93.7592808549157,690.1910223027286,612.2289086380619,1048.8,645.9
1209,1309,93.7592808549157,690.1910223027286,612.2289086380619,1048.8,645.9
1210,1309,93.7592808549157,690.1910223027286,612.2289086380619,1048.8,645.9
1211,1309,93.7592808549157,690.1910223027286,612.2289086380619,1006.86,641.1
1212,1309,93.7592808549157,690.1910223027286,612.2289086380619,964.92,636.3
1213,1309,93.7592808549157,690.1910223027286,612.2289086380619,922.98,631.5
1214,1309,93.7592808549157,690.1910223027286,612.2289086380619,881.04,626.6999999999999
1215,1309,93.7592808549157,690.1910223027286,612.2289086380619,839.1,621.9
1216,1310,93.7592808549157,690.1910223027286,612.2289086380619,839.1,621.9
1217,1311,93.7592808549157,690.1910223027286,612.2289086380619,839.1,621.9
1218,1312,93.7592808549157,690.1910223027286,612.2289086380619,839.1,621.9
1219,1313,93.7592808549157,690.1910223027286,612.2289086380619,839.1,621.9
1220,1314,94.16377475742958,690.1910223027286,612.2289086380619,839.1,621.9
1221,1315,94.56122596564958,690.1910223027286,612.2289086380619,839.1,621.9
1222,1316,94.95177955579213,690.1910223027286,612.2289086380619,839.1,621.9
1223,1317,19.399563631739298,690.1910223027286,612.2289086380619,831.7947368421053,624.4526315789474
1224,1318,19.022378324314854,835.1910223027286,619.2289086380619,824.4894736842106,627.0052631578947
1225,1319,18.651670141076142,835.1910223027286,619.2289086380619,817.1842105263158,629.5578947368421
1226,1320,18.28730391300539,835.1910223027286,619.2289086380619,809.8789473684211,632.1105263157895
1227,1320,18.28730391300539,835.1910223027286,619.2289086380619,802.5736842105264,634.6631578947369
1228,1320,18.28730391300539,835.1910223027286,619.2289086380619,795.2684210526315,637.2157894736841
1229,1320,18.28730391300539,835.1910223027286,619.2289086380619,787.9631578947368,639.7684210526315
1230,1320,18.28730391300539,835.1910223027286,619.2289086380619,780.6578947368421,642.3210526315789
1231,1320,18.28730391300539,835.1910223027286,619.2289086380619,773.3526315789474,644.8736842105263
1232,1321,18.28730391300539,979.1910223027286,626.2289086380619,766.0473684210526,647.4263157894736
1233,1322,18.28730391300539,979.1910223027286,626.2289086380619,758.7421052631579,649.978947368421
1234,1323,18.28730391300539,979.1910223027286,626.2289086380619,751.4368421052632,652.5315789473684
1235,1324,18.28730391300539,979.1910223027286,626.2289086380619,744.1315789473684,655.0842105263158
1236,1325,18.28730391300539,979.1910223027286,626.2289086380619,736.8263157894737,657.6368421052631
1237,1326,18.28730391300539,979.1910223027286,626.2289086380619,729.5210526315789,660.1894736842105
1238,1327,18.28730391300539,979.1910223027286,626.2289086380619,722.2157894736841,662.7421052631579
1239,1328,18.28730391300539,979.1910223027286,626.2289086380619,714.9105263157894,665.2947368421053
1240,1329,18.28730391300539,979.1910223027286,626.2289086380619,707.6052631578947,667.8473684210526
1241,1330,18.28730391300539,979.1910223027286,626.2289086380619,700.3,670.4
1242,1331,18.28730391300539,979.1910223027286,626.2289086380619,700.3,670.4
1243,1332,18.28730391300539,979.1910223027286,626.2289086380619,700.3,670.4
1244,1333,18.28730391300539,979.1910223027286,626.2289086380619,700.3,670.4
1245,1334,18.28730391300539,979.1910223027286,626.2289086380619,691.5,667.275
1246,1335,18.28730391300539,979.1910223027286,626.2289086380619,682.7,664.15
1247,1336,18.28730391300539,979.1910223027286,626.2289086380619,673.9,661.025
1248,1337,0.07007221237568496,959.1910223027286,490.22890863806185,665.1,657.9
1249,1337,0.07007221237568496,959.1910223027286,490.22890863806185,665.1,657.9
1250,1337,0.07007221237568496,959.1910223027286,490.22890863806185,665.1,657.9
1251,1337,0.07007221237568496,959.1910223027286,490.22890863806185,664.9,654.4666666666667
1252,1337,0.07007221237568496,959.1910223027286,490.22890863806185,664.7,651.0333333333333
1253,1337,0.07007221237568496,959.1910223027286,490.22890863806185,664.5,647.6
1254,1337,0.07007221237568496,959.1910223027286,490.22890863806185,664.5,647.6
1255,1338,2.9899638716999943,959.1910223027286,490.22890863806185,664.5,647.6
1256,1339,63.5544431557942,959.1910223027286,490.22890863806185,664.5,647.6
1257,1340,60.566284624616884,959.1910223027286,490.22890863806185,664.5,647.6
1258,1341,60.566284624616884,959.1910223027286,490.22890863806185,664.5,647.6
1259,1342,60.566284624616884,959.1910223027286,490.22890863806185,664.5,647.6
1260,1343,60.566284624616884,959.1910223027286,490.22890863806185,664.5,647.6
1261,1344,60.566284624616884,959.1910223027286,490.22890863806185,664.5,647.6
1262,1345,60.566284624616884,959.1910223027286,490.22890863806185,664.5,647.6
1263,1346,61.75925471807412,959.1910223027286,490.22890863806185,663.275,647.225
1264,1347,62.96635627318222,959.1910223027286,490.22890863806185,662.05,646.85
1265,1348,64.18675199306836,959.1910223027286,490.22890863806185,660.825,646.475
1266,1349,65.41953785829843,959.1910223027286,490.22890863806185,659.6,646.1
1267,1350,66.66374558528072,959.1910223027286,490.22890863806185,659.6,646.1
1268,1351,66.66374558528072,959.1910223027286,490.22890863806185,659.6,646.1
1269,1352,66.66374558528072,959.1910223027286,490.22890863806185,659.6,646.1
1270,1353,66.66374558528072,959.1910223027286,490.22890863806185,659.6,646.1
1271,1354,0.3540546870881787,959.1910223027286,490.22890863806185,659.6,646.1
1272,1355,0.080796360492947,1002.1910223027286,527.2289086380619,659.6,646.1
1273,1355,0.080796360492947,1002.1910223027286,527.2289086380619,659.6,646.1
1274,1355,0.080796360492947,1002.1910223027286,527.2289086380619,659.6,646.1
1275,1355,0.080796360492947,1002.1910223027286,527.2289086380619,706.3333333333334,624.2166666666667
1276,1355,0.080796360492947,1002.1910223027286,527.2289086380619,753.0666666666667,602.3333333333334
1277,1355,0.080796360492947,1002.1910223027286,527.2289086380619,799.8,580.45
1278,1355,0.080796360492947,1002.1910223027286,527.2289086380619,846.5333333333333,558.5666666666666
1279,1355,0.080796360492947,1002.1910223027286,527.2289086380619,893.2666666666667,536.6833333333333
1280,1355,76.53206389269542,1045.1910223027285,564.2289086380619,940.0,514.8
1281,1355,76.53206389269542,1045.1910223027285,564.2289086380619,940.0,514.8
1282,1355,76.53206389269542,1045.1910223027285,564.2289086380619,940.0,514.8
1283,1355,76.53206389269542,1045.1910223027285,564.2289086380619,940.0,514.8
1284,1355,76.53206389269542,1045.1910223027285,564.2289086380619,940.0,514.8
1285,1355,76.53206389269542,1045.1910223027285,564.2289086380619,940.0,514.8
1286,1355,76.53206389269542,1045.1910223027285,564.2289086380619,940.0,514.8
1287,1355,17.08620121872479,1045.1910223027285,564.2289086380619,940.0,514.8
1288,1355,17.08620121872479,1045.1910223027285,564.2289086380619,940.0,514.8
1289,1355,17.08620121872479,1088.1910223027285,602.2289086380619,940.0,514.8
1290,1355,17.08620121872479,1088.1910223027285,602.2289086380619,940.0,514.8
1291,1355,17.08620121872479,1088.1910223027285,602.2289086380619,940.0,514.8
1292,1355,17.08620121872479,1088.1910223027285,602.2289086380619,940.46,515.2199999999999
1293,1355,17.08620121872479,1088.1910223027285,602.2289086380619,940.92,515.64
1294,1355,17.08620121872479,1088.1910223027285,602.2289086380619,941.38,516.06
1295,1355,27.328286886861772,1088.1910223027285,602.2289086380619,941.8399999999999,516.48
1296,1355,27.328286886861772,1088.1910223027285,602.2289086380619,942.3,516.9
1297,1355,27.328286886861772,1088.1910223027285,602.2289086380619,942.3,516.9
1298,1355,27.328286886861772,1088.1910223027285,602.2289086380619,942.3,516.9
1299,1355,27.328286886861772,1088.1910223027285,602.2289086380619,942.3,516.9
1300,1355,27.328286886861772,1088.1910223027285,602.2289086380619,942.3,516.9
1301,1355,27.328286886861772,1088.1910223027285,602.2289086380619,942.3,516.9
1302,1355,27.328286886861772,1088.1910223027285,602.2289086380619,942.3,516.9
1303,1355,27.328286886861772,1088.1910223027285,602.2289086380619,942.3,516.9
1304,1355,27.328286886861772,1088.1910223027285,602.2289086380619,942.3,516.9
1305,1355,27.328286886861772,1088.1910223027285,602.2289086380619,942.3,516.9
1306,1355,27.328286886861772,1088.1910223027285,602.2289086380619,942.3,516.9
1307,1355,27.328286886861772,1088.1910223027285,602.2289086380619,942.3,516.9
1308,1355,27.328286886861772,1088.1910223027285,602.2289086380619,942.3,516.9
1309,1355,27.328286886861772,1088.1910223027285,602.2289086380619,942.3,516.9
1310,1355,27.328286886861772,1088.1910223027285,602.2289086380619,942.3,516.9
1311,1356,38.69309379066545,1088.1910223027285,602.2289086380619,942.3,516.9
1312,1357,16.51173233800877,1088.1910223027285,602.2289086380619,942.3,516.9
1313,1358,7.338574037890494,1088.1910223027285,602.2289086380619,942.3,516.9
1314,1359,2.9680871115585665,1088.1910223027285,602.2289086380619,942.3,516.9
1315,1360,0.18255633333883953,1088.1910223027285,602.2289086380619,942.3,516.9
1316,1360,0.18255633333883953,1088.1910223027285,602.2289086380619,942.3,516.9
1317,1360,0.18255633333883953,1088.1910223027285,602.2289086380619,942.3,516.9
1318,1360,0.18255633333883953,1088.1910223027285,602.2289086380619,942.3,516.9
1319,1360,0.18255633333883953,1088.1910223027285,602.2289086380619,942.3,516.9
1320,1360,0.18255633333883953,1024.1910223027285,462.22890863806185,942.3,516.9
1321,1360,0.18255633333883953,1024.1910223027285,462.22890863806185,942.3,516.9
1322,1360,0.18255633333883953,1024.1910223027285,462.22890863806185,942.3,516.9
1323,1360,0.18255633333883953,1024.1910223027285,462.22890863806185,942.3,516.9
1324,1360,0.18255633333883953,1024.1910223027285,462.22890863806185,942.3,516.9
1325,1360,0.18255633333883953,1024.1910223027285,462.22890863806185,942.3,516.9
1326,1360,0.18255633333883953,1024.1910223027285,462.22890863806185,942.3,516.9
1327,1360,0.18255633333883953,1024.1910223027285,462.22890863806185,942.3,516.9
1328,1360,0.18255633333883953,1024.1910223027285,462.22890863806185,942.3,516.9
1329,1360,0.18255633333883953,959.1910223027286,323.22890863806185,942.3,516.9
1330,1360,0.18255633333883953,959.1910223027286,323.22890863806185,942.3,516.9
1331,1360,0.18255633333883953,959.1910223027286,323.22890863806185,942.3,516.9
1332,1360,0.18255633333883953,959.1910223027286,323.22890863806185,942.3,516.9
1333,1361,0.18255633333883953,959.1910223027286,323.22890863806185,942.3,516.9
1334,1362,0.18255633333883953,959.1910223027286,323.22890863806185,942.3,516.9
1335,1363,0.18255633333883953,959.1910223027286,323.22890863806185,942.3,516.9
1336,1364,0.18255633333883953,959.1910223027286,323.22890863806185,942.3,516.9
1337,1365,0.18255633333883953,959.1910223027286,323.22890863806185,942.3,516.9
1338,1366,0.18255633333883953,959.1910223027286,323.22890863806185,942.3,516.9
1339,1367,0.18255633333883953,959.1910223027286,323.22890863806185,942.3,516.9
1340,1368,0.18255633333883953,959.1910223027286,323.22890863806185,942.3,516.9
1341,1369,1.0725630707450913,959.1910223027286,323.22890863806185,942.3,516.9
1342,1370,1.9856111964129324,959.1910223027286,323.22890863806185,942.3,516.9
1343,1371,75.30902863480624,959.1910223027286,323.22890863806185,942.3,516.9
1344,1372,74.34858584395762,959.1910223027286,323.22890863806185,942.3,516.9
1345,1372,74.34858584395762,959.1910223027286,323.22890863806185,942.3,516.9
1346,1372,74.34858584395762,959.1910223027286,323.22890863806185,942.3,516.9
1347,1372,74.34858584395762,959.1910223027286,323.22890863806185,942.3,516.9
1348,1372,74.34858584395762,959.1910223027286,323.22890863806185,942.3,516.9
1349,1372,74.34858584395762,959.1910223027286,323.22890863806185,942.3,516.9
1350,1372,74.34858584395762,959.1910223027286,323.22890863806185,942.3,516.9
1351,1372,116.39238493918786,959.1910223027286,323.22890863806185,942.3,516.9
1352,1372,116.39238493918786,959.1910223027286,323.22890863806185,942.3,516.9
1353,1372,116.39238493918786,1002.1910223027286,446.22890863806185,942.3,516.9
1354,1372,116.39238493918786,1002.1910223027286,446.22890863806185,942.3,516.9
1355,1372,116.39238493918786,1002.1910223027286,446.22890863806185,942.3,516.9
1356,1372,116.39238493918786,1002.1910223027286,446.22890863806185,961.425,543.975
1357,1372,116.39238493918786,1002.1910223027286,446.22890863806185,980.55,571.05
1358,1372,116.39238493918786,1002.1910223027286,446.22890863806185,999.675,598.125
1359,1372,116.39238493918786,1002.1910223027286,446.22890863806185,1018.8,625.2
1360,1372,116.39238493918786,1045.1910223027285,569.2289086380619,1018.8,625.2
1361,1372,116.39238493918786,1045.1910223027285,569.2289086380619,1018.8,625.2
1362,1372,116.39238493918786,1045.1910223027285,569.2289086380619,1018.8,625.2
1363,1372,116.39238493918786,1045.1910223027285,569.2289086380619,1018.8,625.2
1364,1373,116.39238493918786,1045.1910223027285,569.2289086380619,1018.8,625.2
1365,1374,116.39238493918786,1045.1910223027285,569.2289086380619,1018.8,625.2
1366,1375,116.39238493918786,1045.1910223027285,569.2289086380619,1018.8,625.2
1367,1376,97.2692508434108,1045.1910223027285,569.2289086380619,1019.5,627.95
1368,1377,97.2692508434108,1045.1910223027285,569.2289086380619,1020.2,630.7
1369,1378,97.2692508434108,1045.1910223027285,569.2289086380619,1020.9,633.45
1370,1379,97.2692508434108,1045.1910223027285,569.2289086380619,1021.6,636.2
1371,1380,97.2692508434108,1045.1910223027285,569.2289086380619,1021.6,636.2
1372,1381,97.2692508434108,1045.1910223027285,569.2289086380619,1021.6,636.2
1373,1382,97.2692508434108,1045.1910223027285,569.2289086380619,1021.6,636.2
1374,1383,97.2692508434108,1045.1910223027285,569.2289086380619,1021.6,636.2
1375,1384,89.8052391793758,1045.1910223027285,569.2289086380619,1021.6,636.2
1376,1385,89.8052391793758,1045.1910223027285,569.2289086380619,1021.6,636.2
1377,1386,90.32151701807165,1045.1910223027285,569.2289086380619,1021.6,636.2
1378,1387,90.83339131166345,1045.1910223027285,569.2289086380619,1021.6,636.2
1379,1388,91.34083749829644,1045.1910223027285,569.2289086380619,1021.6,636.2
1380,1389,91.8438342175427,1045.1910223027285,569.2289086380619,1021.6,636.2
1381,1390,92.34236322491768,1045.1910223027285,569.2289086380619,1021.6,636.2
1382,1391,92.83640930415652,1045.1910223027285,569.2289086380619,1021.6,636.2
1383,1392,63.38251817099587,1045.1910223027285,569.2289086380619,1021.6,636.2
1384,1393,63.38251817099587,1045.1910223027285,569.2289086380619,1021.6,636.2
1385,1394,63.38251817099587,766.1910223027286,614.2289086380619,1022.2285714285714,636.7
1386,1395,63.38251817099587,766.1910223027286,614.2289086380619,1022.8571428571429,637.2
1387,1396,63.38251817099587,766.1910223027286,614.2289086380619,1023.4857142857143,637.7
1388,1397,63.38251817099587,766.1910223027286,614.2289086380619,1024.1142857142856,638.2
1389,1398,63.38251817099587,766.1910223027286,614.2289086380619,1024.7428571428572,638.7
1390,1399,63.38251817099587,766.1910223027286,614.2289086380619,1025.3714285714286,639.2
1391,1400,6.249023822272108,766.1910223027286,614.2289086380619,1026.0,639.7
1392,1401,0.07609242147584672,766.1910223027286,614.2289086380619,1026.0,639.7
1393,1401,0.07609242147584672,766.1910223027286,614.2289086380619,1026.0,639.7
1394,1401,0.07609242147584672,766.1910223027286,614.2289086380619,1026.0,639.7
1395,1401,0.07609242147584672,766.1910223027286,614.2289086380619,1026.0,639.7
1396,1401,0.07609242147584672,766.1910223027286,614.2289086380619,1026.0,639.7
1397,1401,0.07609242147584672,766.1910223027286,614.2289086380619,1026.0,639.7
1398,1401,0.07609242147584672,766.1910223027286,614.2289086380619,1026.0,639.7
1399,1401,0.07609242147584672,766.1910223027286,614.2289086380619,1026.0,639.7
1400,1401,0.07609242147584672,874.1910223027286,464.22890863806185,1026.0,639.7
1401,1401,0.07609242147584672,874.1910223027286,464.22890863806185,1026.0,639.7
1402,1401,0.07609242147584672,874.1910223027286,464.22890863806185,1027.125,638.875
1403,1401,0.07609242147584672,874.1910223027286,464.22890863806185,1028.25,638.05
1404,1401,0.07609242147584672,874.1910223027286,464.22890863806185,1029.375,637.225
1405,1401,0.07609242147584672,874.1910223027286,464.22890863806185,1030.5,636.4
1406,1401,0.07609242147584672,874.1910223027286,464.22890863806185,1030.5,636.4
1407,1402,73.61181257575377,874.1910223027286,464.22890863806185,1030.5,636.4
1408,1403,70.09431803968597,981.1910223027286,315.22890863806185,1029.5,638.275
1409,1403,70.09431803968597,981.1910223027286,315.22890863806185,1028.5,640.15
1410,1403,70.09431803968597,981.1910223027286,315.22890863806185,1027.5,642.025
1411,1403,70.09431803968597,981.1910223027286,315.22890863806185,1026.5,643.9
1412,1403,70.09431803968597,981.1910223027286,315.22890863806185,1026.5,643.9
1413,1403,70.09431803968597,981.1910223027286,315.22890863806185,1026.5,643.9
1414,1403,70.09431803968597,981.1910223027286,315.22890863806185,1026.5,643.9
1415,1403,70.09431803968597,981.1910223027286,315.22890863806185,1026.5,643.9
1416,1403,101.62852227105208,981.1910223027286,315.22890863806185,1026.5,643.9
1417,1403,101.62852227105208,981.1910223027286,315.22890863806185,1026.5,643.9
1418,1403,101.62852227105208,981.1910223027286,315.22890863806185,1026.5,643.9
1419,1403,101.62852227105208,981.1910223027286,315.22890863806185,1026.5,643.9
1420,1403,101.62852227105208,981.1910223027286,315.22890863806185,1026.5,643.9
1421,1403,101.62852227105208,981.1910223027286,315.22890863806185,1026.5,643.9
1422,1403,101.62852227105208,981.1910223027286,315.22890863806185,1026.5,643.9
1423,1403,101.62852227105208,981.1910223027286,315.22890863806185,1026.5,643.9
1424,1404,101.62852227105208,981.1910223027286,315.22890863806185,1026.5,643.9
1425,1405,101.62852227105208,981.1910223027286,315.22890863806185,1026.5,643.9
1426,1406,101.62852227105208,981.1910223027286,315.22890863806185,1026.5,643.9
1427,1407,101.62852227105208,981.1910223027286,315.22890863806185,1026.5,643.9
1428,1408,101.62852227105208,981.1910223027286,315.22890863806185,1026.5,643.9
1429,1409,101.62852227105208,981.1910223027286,315.22890863806185,1026.5,643.9
1430,1410,101.62852227105208,981.1910223027286,315.22890863806185,1026.5,643.9
1431,1411,101.62852227105208,981.1910223027286,315.22890863806185,1026.5,643.9
1432,1412,101.62852227105208,981.1910223027286,315.22890863806185,1026.5,643.9
1433,1413,101.62852227105208,981.1910223027286,315.22890863806185,1026.5,643.9
1434,1414,101.62852227105208,981.1910223027286,315.22890863806185,1013.96,606.06
1435,1415,101.62852227105208,981.1910223027286,315.22890863806185,1001.42,568.22
1436,1416,101.62852227105208,981.1910223027286,315.22890863806185,988.88,530.38
1437,1417,101.62852227105208,981.1910223027286,315.22890863806185,976.3399999999999,492.53999999999996
1438,1418,101.62852227105208,981.1910223027286,315.22890863806185,963.8,454.7
1439,1419,101.62852227105208,981.1910223027286,315.22890863806185,963.8,454.7
1440,1420,59.86729676882436,981.1910223027286,315.22890863806185,963.8,454.7
1441,1421,59.86729676882436,981.1910223027286,315.22890863806185,963.8,454.7
1442,1422,59.86729676882436,981.1910223027286,315.22890863806185,963.8,454.7
1443,1423,59.86729676882436,981.1910223027286,315.22890863806185,963.8,454.7
1444,1424,59.86729676882436,981.1910223027286,315.22890863806185,963.4499999999999,454.93333333333334
1445,1425,59.86729676882436,981.1910223027286,315.22890863806185,963.1,455.1666666666667
1446,1426,59.86729676882436,981.1910223027286,315.22890863806185,962.75,455.4
1447,1427,24.291160928710454,981.1910223027286,315.22890863806185,962.4,455.6333333333333
1448,1428,24.291160928710454,981.1910223027286,315.22890863806185,962.0500000000001,455.8666666666667
1449,1429,24.291160928710454,981.1910223027286,315.22890863806185,961.7,456.1
1450,1430,24.291160928710454,981.1910223027286,315.22890863806185,961.7,456.1
1451,1431,24.291160928710454,981.1910223027286,315.22890863806185,961.7,456.1
1452,1432,24.291160928710454,981.1910223027286,315.22890863806185,961.7,456.1
1453,1433,24.291160928710454,981.1910223027286,315.22890863806185,961.7,456.1
1454,1434,24.291160928710454,981.1910223027286,315.22890863806185,961.7,456.1
1455,1435,0.9514747944885839,981.1910223027286,315.22890863806185,961.7,456.1
1456,1435,0.9514747944885839,981.1910223027286,315.22890863806185,961.7,456.1
1457,1435,0.9514747944885839,981.1910223027286,315.22890863806185,961.7,456.1
1458,1435,0.9514747944885839,981.1910223027286,315.22890863806185,961.7,456.1
1459,1435,0.9514747944885839,981.1910223027286,315.22890863806185,961.7,456.1
1460,1435,0.9514747944885839,981.1910223027286,315.22890863806185,961.7,456.1
1461,1435,0.9514747944885839,981.1910223027286,315.22890863806185,961.7,456.1
1462,1435,0.9514747944885839,981.1910223027286,315.22890863806185,961.7,456.1
1463,1435,0.9514747944885839,981.1910223027286,315.22890863806185,961.7,456.1
1464,1435,0.9514747944885839,981.1910223027286,315.22890863806185,961.7,456.1
1465,1435,0.9514747944885839,981.1910223027286,315.22890863806185,961.7,456.1
1466,1435,0.9514747944885839,981.1910223027286,315.22890863806185,961.7,456.1
1467,1435,0.9514747944885839,981.1910223027286,315.22890863806185,961.7,456.1
1468,1435,0.9514747944885839,981.1910223027286,315.22890863806185,961.7,456.1
1469,1435,0.9514747944885839,981.1910223027286,315.22890863806185,961.7,456.1
1470,1435,0.9514747944885839,981.1910223027286,315.22890863806185,961.7,456.1
1471,1435,0.9514747944885839,981.1910223027286,315.22890863806185,961.7,456.1
1472,1435,0.9514747944885839,981.1910223027286,315.22890863806185,961.7,456.1
1473,1435,0.9514747944885839,981.1910223027286,315.22890863806185,961.7,456.1
1474,1435,0.9514747944885839,981.1910223027286,315.22890863806185,961.7,456.1
1475,1435,0.9514747944885839,981.1910223027286,315.22890863806185,961.7,456.1
1476,1435,0.9514747944885839,981.1910223027286,315.22890863806185,961.7,456.1
1477,1435,0.9514747944885839,981.1910223027286,315.22890863806185,961.7,456.1
1478,1435,0.9514747944885839,981.1910223027286,315.22890863806185,961.7,456.1
1479,1435,0.9514747944885839,981.1910223027286,315.22890863806185,961.7,456.1
1480,1435,0.9514747944885839,830.1910223027286,332.22890863806185,961.7,456.1
1481,1435,0.9514747944885839,830.1910223027286,332.22890863806185,961.7,456.1
1482,1435,0.9514747944885839,830.1910223027286,332.22890863806185,961.7,456.1
1483,1435,0.9514747944885839,830.1910223027286,332.22890863806185,961.7,456.1
1484,1435,0.9514747944885839,830.1910223027286,332.22890863806185,961.7,456.1
1485,1435,0.9514747944885839,830.1910223027286,332.22890863806185,961.7,456.1
1486,1435,0.9514747944885839,830.1910223027286,332.22890863806185,961.7,456.1
1487,1435,0.9514747944885839,830.1910223027286,332.22890863806185,961.7,456.1
1488,1435,0.9514747944885839,679.1910223027286,349.22890863806185,961.7,456.1
1489,1435,0.9514747944885839,679.1910223027286,349.22890863806185,961.7,456.1
1490,1435,0.9514747944885839,679.1910223027286,349.22890863806185,961.7,456.1
1491,1435,0.9514747944885839,679.1910223027286,349.22890863806185,961.7,456.1
1492,1435,0.9514747944885839,679.1910223027286,349.22890863806185,961.7,456.1
1493,1435,0.9514747944885839,679.1910223027286,349.22890863806185,961.7,456.1
1494,1435,0.9514747944885839,679.1910223027286,349.22890863806185,961.7,456.1
1495,1436,2.474308417232657,679.1910223027286,349.22890863806185,961.8222222222223,457.6888888888889
1496,1436,2.474308417232657,679.1910223027286,349.22890863806185,961.9444444444445,459.27777777777777
1497,1436,2.474308417232657,679.1910223027286,349.22890863806185,962.0666666666667,460.8666666666667
1498,1436,2.474308417232657,679.1910223027286,349.22890863806185,962.1888888888889,462.4555555555556
1499,1436,2.474308417232657,679.1910223027286,349.22890863806185,962.3111111111111,464.0444444444444
1500,1436,2.474308417232657,679.1910223027286,349.22890863806185,962.4333333333333,465.6333333333333
1501,1436,2.474308417232657,679.1910223027286,349.22890863806185,962.5555555555555,467.22222222222223
1502,1437,8.29214165072719,679.1910223027286,349.22890863806185,962.6777777777777,468.8111111111111
1503,1438,4.676974130426218,679.1910223027286,349.22890863806185,962.8,470.4
1504,1439,0.11153323272623182,679.1910223027286,349.22890863806185,962.8,470.4
1505,1439,0.11153323272623182,679.1910223027286,349.22890863806185,962.8,470.4
1506,1439,0.11153323272623182,679.1910223027286,349.22890863806185,962.8,470.4
1507,1439,0.11153323272623182,679.1910223027286,349.22890863806185,962.8,470.4
1508,1439,0.11153323272623182,679.1910223027286,349.22890863806185,962.8,470.4
1509,1439,0.11153323272623182,679.1910223027286,349.22890863806185,962.8,470.4
1510,1439,0.11153323272623182,679.1910223027286,349.22890863806185,962.8,470.4
1511,1439,0.11153323272623182,679.1910223027286,349.22890863806185,962.8,470.4
1512,1439,0.11153323272623182,679.1910223027286,349.22890863806185,962.8,470.4
1513,1439,0.11153323272623182,679.1910223027286,349.22890863806185,962.8,470.4
1514,1439,0.11153323272623182,876.1910223027286,457.22890863806185,962.8,470.4
1515,1439,0.11153323272623182,876.1910223027286,457.22890863806185,962.8,470.4
1516,1440,26.115138936075738,876.1910223027286,457.22890863806185,962.8,470.4
1517,1441,41.942297184588945,876.1910223027286,457.22890863806185,962.8,470.4
1518,1442,41.942297184588945,876.1910223027286,457.22890863806185,962.8,470.4
1519,1443,41.942297184588945,876.1910223027286,457.22890863806185,962.8,470.4
1520,1444,41.942297184588945,1073.1910223027285,565.2289086380619,962.8,470.4
1521,1445,41.942297184588945,1073.1910223027285,565.2289086380619,962.8,470.4
1522,1446,41.942297184588945,1073.1910223027285,565.2289086380619,938.48,453.32
1523,1447,41.942297184588945,1073.1910223027285,565.2289086380619,914.16,436.24
1524,1448,41.942297184588945,1073.1910223027285,565.2289086380619,889.84,419.15999999999997
1525,1449,41.942297184588945,1073.1910223027285,565.2289086380619,865.52,402.08
1526,1450,41.942297184588945,1073.1910223027285,565.2289086380619,841.2,385.0
1527,1451,41.942297184588945,1073.1910223027285,565.2289086380619,841.2,385.0
1528,1452,41.942297184588945,1073.1910223027285,565.2289086380619,841.2,385.0
1529,1453,41.942297184588945,1073.1910223027285,565.2289086380619,841.2,385.0
1530,1454,41.942297184588945,1073.1910223027285,565.2289086380619,841.2,385.0
1531,1455,41.942297184588945,1073.1910223027285,565.2289086380619,841.2,385.0
1532,1456,41.942297184588945,1073.1910223027285,565.2289086380619,841.2,385.0
1533,1457,41.942297184588945,1073.1910223027285,565.2289086380619,841.2,385.0
1534,1458,41.942297184588945,1073.1910223027285,565.2289086380619,841.2,385.0
1535,1459,19.599741820513376,1073.1910223027285,565.2289086380619,841.2,385.0
1535,1460,19.599741820513376,952.1910223027286,460.22890863806185,840.6750000000001,384.175
1535,1461,19.599741820513376,952.1910223027286,460.22890863806185,840.1500000000001,383.35
1535,1462,19.599741820513376,952.1910223027286,460.22890863806185,839.625,382.525
1535,1463,19.599741820513376,952.1910223027286,460.22890863806185,839.1,381.7
1535,1464,19.599741820513376,952.1910223027286,460.22890863806185,839.1,381.7
1535,1465,19.599741820513376,952.1910223027286,460.22890863806185,839.1,381.7
1535,1466,19.599741820513376,952.1910223027286,460.22890863806185,839.1,381.7
1535,1467,19.599741820513376,952.1910223027286,460.22890863806185,839.1,381.7
1535,1468,19.599741820513376,831.1910223027286,355.22890863806185,839.1,381.7
1535,1469,19.599741820513376,831.1910223027286,355.22890863806185,840.5666666666667,383.3
1535,1470,19.599741820513376,831.1910223027286,355.22890863806185,842.0333333333333,384.9
1535,1471,19.599741820513376,831.1910223027286,355.22890863806185,843.5,386.5
1535,1472,19.599741820513376,831.1910223027286,355.22890863806185,843.5,386.5
1535,1473,19.599741820513376,831.1910223027286,355.22890863806185,843.5,386.5
1535,1474,19.599741820513376,831.1910223027286,355.22890863806185,843.5,386.5
1535,1475,19.599741820513376,831.1910223027286,355.22890863806185,843.5,386.5
1535,1476,19.599741820513376,711.1910223027286,250.22890863806185,858.3222222222222,415.5444444444444
1535,1477,19.599741820513376,711.1910223027286,250.22890863806185,873.1444444444444,444.5888888888889
1535,1478,19.599741820513376,711.1910223027286,250.22890863806185,887.9666666666667,473.6333333333333
1535,1479,19.599741820513376,711.1910223027286,250.22890863806185,902.7888888888889,502.67777777777775
1535,1480,19.599741820513376,711.1910223027286,250.22890863806185,917.6111111111111,531.7222222222222
1535,1481,19.599741820513376,711.1910223027286,250.22890863806185,932.4333333333333,560.7666666666667
1535,1482,19.599741820513376,711.1910223027286,250.22890863806185,947.2555555555555,589.8111111111111
1535,1483,19.599741820513376,711.1910223027286,250.22890863806185,962.0777777777778,618.8555555555555
1535,1484,19.599741820513376,711.1910223027286,250.22890863806185,976.9,647.9
1535,1485,19.599741820513376,711.1910223027286,250.22890863806185,976.9,647.9
1535,1486,19.599741820513376,711.1910223027286,250.22890863806185,976.9,647.9
1535,1487,19.599741820513376,711.1910223027286,250.22890863806185,976.9,647.9
1535,1488,19.599741820513376,711.1910223027286,250.22890863806185,976.9,647.9
1535,1489,19.599741820513376,711.1910223027286,250.22890863806185,976.9,647.9
1535,1490,19.599741820513376,711.1910223027286,250.22890863806185,976.9,647.9
1535,1491,19.599741820513376,711.1910223027286,250.22890863806185,976.9,647.9
1535,1492,19.599741820513376,711.1910223027286,250.22890863806185,976.9,647.9
1535,1493,19.599741820513376,842.1910223027286,455.22890863806185,976.9,647.9
1535,1494,19.599741820513376,842.1910223027286,455.22890863806185,976.9,647.9
1535,1495,19.599741820513376,842.1910223027286,455.22890863806185,976.9,647.9
1535,1496,19.599741820513376,842.1910223027286,455.22890863806185,976.9,647.9
1535,1497,19.599741820513376,842.1910223027286,455.22890863806185,976.9,647.9
1535,1498,19.599741820513376,842.1910223027286,455.22890863806185,976.12,648.64
1535,1499,19.599741820513376,842.1910223027286,455.22890863806185,975.34,649.38
1535,1500,19.599741820513376,972.1910223027286,661.2289086380619,974.56,650.12
1535,1501,19.599741820513376,972.1910223027286,661.2289086380619,973.78,650.86
1535,1502,19.599741820513376,972.1910223027286,661.2289086380619,973.0,651.6
1535,1503,19.599741820513376,972.1910223027286,661.2289086380619,973.0,651.6
1535,1504,19.599741820513376,972.1910223027286,661.2289086380619,973.0,651.6
1535,1505,19.599741820513376,972.1910223027286,661.2289086380619,973.0,651.6
1535,1506,19.599741820513376,972.1910223027286,661.2289086380619,971.6333333333333,611.0833333333334
1535,1507,19.599741820513376,972.1910223027286,661.2289086380619,970.2666666666667,570.5666666666667
1535,1508,19.599741820513376,972.1910223027286,661.2289086380619,968.9,530.05
1535,1509,19.599741820513376,972.1910223027286,661.2289086380619,967.5333333333333,489.5333333333333
1535,1510,19.599741820513376,972.1910223027286,661.2289086380619,966.1666666666666,449.01666666666665
1535,1511,19.599741820513376,972.1910223027286,661.2289086380619,964.8,408.5
1535,1512,19.599741820513376,972.1910223027286,661.2289086380619,964.8,408.5
1535,1513,19.599741820513376,972.1910223027286,661.2289086380619,964.8,408.5
1535,1514,19.599741820513376,972.1910223027286,661.2289086380619,964.8,408.5
1535,1515,19.599741820513376,972.1910223027286,661.2289086380619,964.8,408.5
1535,1516,19.599741820513376,972.1910223027286,661.2289086380619,964.8,408.5
1535,1517,19.599741820513376,972.1910223027286,661.2289086380619,964.8,408.5
1535,1518,19.599741820513376,972.1910223027286,661.2289086380619,964.8,408.5
1535,1519,19.599741820513376,972.1910223027286,661.2289086380619,964.8,408.5
1535,1520,19.599741820513376,972.1910223027286,661.2289086380619,964.8,408.5
1535,1521,19.599741820513376,972.1910223027286,661.2289086380619,964.8,408.5
1535,1522,19.599741820513376,972.1910223027286,661.2289086380619,964.8,408.5
1535,1523,19.599741820513376,972.1910223027286,661.2289086380619,964.8,408.5
1535,1524,19.599741820513376,972.1910223027286,661.2289086380619,964.8,408.5
1535,1525,19.599741820513376,972.1910223027286,661.2289086380619,964.8,408.5
1535,1526,19.599741820513376,972.1910223027286,661.2289086380619,964.8,408.5
1535,1527,19.599741820513376,972.1910223027286,661.2289086380619,964.8,408.5
1535,1528,19.599741820513376,972.1910223027286,661.2289086380619,964.8,408.5
1535,1529,19.599741820513376,972.1910223027286,661.2289086380619,964.8,408.5
1535,1530,19.599741820513376,972.1910223027286,661.2289086380619,964.8,408.5
1535,1531,19.599741820513376,972.1910223027286,661.2289086380619,964.8,408.5
1535,1532,19.599741820513376,970.1910223027286,628.2289086380619,964.8,408.5
1535,1533,19.599741820513376,970.1910223027286,628.2289086380619,964.8,408.5
1535,1534,19.599741820513376,970.1910223027286,628.2289086380619,964.8,408.5
1535,1535,19.599741820513376,970.1910223027286,628.2289086380619,964.8,408.5
1535,1536,19.599741820513376,970.1910223027286,628.2289086380619,964.8,408.5
1535,1537,19.599741820513376,970.1910223027286,628.2289086380619,964.8,408.5
1535,1538,19.599741820513376,970.1910223027286,628.2289086380619,964.8,408.5
1535,1539,19.599741820513376,970.1910223027286,628.2289086380619,964.8,408.5
1535,1540,19.599741820513376,970.1910223027286,628.2289086380619,964.8,408.5
1535,1541,19.599741820513376,967.1910223027286,595.2289086380619,964.8,408.5
1535,1542,19.599741820513376,967.1910223027286,595.2289086380619,964.8,408.5
1535,1543,19.599741820513376,967.1910223027286,595.2289086380619,964.8,408.5
1535,1544,19.599741820513376,967.1910223027286,595.2289086380619,964.8,408.5
1535,1545,19.599741820513376,967.1910223027286,595.2289086380619,964.8,408.5
1535,1546,19.599741820513376,967.1910223027286,595.2289086380619,964.8,408.5
1535,1547,19.599741820513376,967.1910223027286,595.2289086380619,964.8,408.5
1535,1548,19.599741820513376,967.1910223027286,595.2289086380619,964.8,408.5
1535,1549,19.599741820513376,967.1910223027286,595.2289086380619,964.8,408.5
1535,1550,19.599741820513376,967.1910223027286,595.2289086380619,964.8,408.5
1535,1551,19.599741820513376,967.1910223027286,595.2289086380619,964.8,408.5
1535,1552,19.599741820513376,967.1910223027286,595.2289086380619,964.8,408.5
1535,1553,19.599741820513376,967.1910223027286,595.2289086380619,964.8,408.5
1535,1554,19.599741820513376,967.1910223027286,595.2289086380619,964.8,408.5
1535,1555,19.599741820513376,967.1910223027286,595.2289086380619,964.8,408.5
1535,1556,19.599741820513376,967.1910223027286,595.2289086380619,964.8,408.5
1535,1557,19.599741820513376,967.1910223027286,595.2289086380619,964.8,408.5
1535,1558,19.599741820513376,967.1910223027286,595.2289086380619,964.8,408.5
1535,1559,19.599741820513376,967.1910223027286,595.2289086380619,964.8,408.5
1535,1560,19.599741820513376,967.1910223027286,595.2289086380619,964.8,408.5
1535,1561,19.599741820513376,967.1910223027286,595.2289086380619,964.8,408.5
1535,1562,19.599741820513376,967.1910223027286,595.2289086380619,964.8,408.5
1535,1563,19.599741820513376,967.1910223027286,595.2289086380619,964.8,408.5
1535,1564,19.599741820513376,954.1910223027286,538.2289086380619,964.8,408.5
1535,1565,19.599741820513376,954.1910223027286,538.2289086380619,964.8,408.5
1535,1566,19.599741820513376,954.1910223027286,538.2289086380619,964.0999999999999,428.01666666666665
1535,1567,19.599741820513376,954.1910223027286,538.2289086380619,963.4,447.53333333333336
1535,1568,19.599741820513376,954.1910223027286,538.2289086380619,962.7,467.05
1535,1569,19.599741820513376,954.1910223027286,538.2289086380619,962.0,486.56666666666666
1535,1570,19.599741820513376,954.1910223027286,538.2289086380619,961.3,506.08333333333337
1535,1571,19.599741820513376,954.1910223027286,538.2289086380619,960.6,525.6
1535,1572,19.599741820513376,940.1910223027286,482.22890863806185,960.6,525.6
1535,1573,19.599741820513376,940.1910223027286,482.22890863806185,960.6,525.6
1535,1574,19.599741820513376,940.1910223027286,482.22890863806185,959.76,525.9200000000001
1535,1575,19.599741820513376,940.1910223027286,482.22890863806185,958.92,526.24
1535,1576,19.599741820513376,940.1910223027286,482.22890863806185,958.08,526.5600000000001
1535,1577,19.599741820513376,940.1910223027286,482.22890863806185,957.24,526.88
1535,1578,19.599741820513376,940.1910223027286,482.22890863806185,956.4,527.2
1535,1579,19.599741820513376,940.1910223027286,482.22890863806185,956.4,527.2
1536,1580,19.599741820513376,940.1910223027286,482.22890863806185,956.4,527.2
1537,1581,19.599741820513376,940.1910223027286,482.22890863806185,956.4,527.2
1538,1582,19.599741820513376,940.1910223027286,482.22890863806185,956.4,527.2
1539,1583,19.599741820513376,940.1910223027286,482.22890863806185,956.4,527.2
1540,1584,19.599741820513376,940.1910223027286,482.22890863806185,956.4,527.2
1541,1585,19.599741820513376,940.1910223027286,482.22890863806185,956.4,527.2
1542,1586,19.599741820513376,940.1910223027286,482.22890863806185,956.4,527.2
1543,1587,19.599741820513376,940.1910223027286,482.22890863806185,956.4,527.2
1544,1588,19.599741820513376,910.1910223027286,547.2289086380619,956.4,527.2
1545,1589,19.599741820513376,910.1910223027286,547.2289086380619,956.4,527.2
1546,1590,19.599741820513376,910.1910223027286,547.2289086380619,956.4,527.2
1547,1591,19.599741820513376,910.1910223027286,547.2289086380619,956.4,527.2
1548,1592,19.599741820513376,910.1910223027286,547.2289086380619,956.4,527.2
1549,1593,19.599741820513376,910.1910223027286,547.2289086380619,956.4,527.2
1550,1594,19.599741820513376,910.1910223027286,547.2289086380619,956.4,527.2
1551,1595,19.599741820513376,910.1910223027286,547.2289086380619,956.4,527.2
1552,1596,19.599741820513376,881.1910223027286,612.2289086380619,956.4,527.2
1553,1597,19.599741820513376,881.1910223027286,612.2289086380619,956.4,527.2
1554,1598,19.599741820513376,881.1910223027286,612.2289086380619,956.4,527.2
1555,1599,19.599741820513376,881.1910223027286,612.2289086380619,956.4,527.2
1556,1600,19.599741820513376,881.1910223027286,612.2289086380619,956.4,527.2
1557,1601,19.599741820513376,881.1910223027286,612.2289086380619,956.4,527.2
1558,1602,19.599741820513376,881.1910223027286,612.2289086380619,956.4,527.2
1559,1603,19.599741820513376,881.1910223027286,612.2289086380619,956.4,527.2
1560,1604,19.599741820513376,881.1910223027286,612.2289086380619,956.4,527.2
1561,1605,19.599741820513376,881.1910223027286,612.2289086380619,956.4,527.2
1562,1606,19.599741820513376,881.1910223027286,612.2289086380619,956.4,527.2
1563,1607,19.599741820513376,881.1910223027286,612.2289086380619,956.4,527.2
1564,1608,19.599741820513376,881.1910223027286,612.2289086380619,956.4,527.2
1565,1609,19.599741820513376,881.1910223027286,612.2289086380619,956.4,527.2
1566,1610,19.599741820513376,881.1910223027286,612.2289086380619,956.4,527.2
1567,1611,22.126682222422104,881.1910223027286,612.2289086380619,956.4,527.2
1568,1612,22.126682222422104,881.1910223027286,612.2289086380619,956.4,527.2
1569,1613,22.126682222422104,881.1910223027286,612.2289086380619,956.4,527.2
1570,1614,22.126682222422104,881.1910223027286,612.2289086380619,956.4,527.2
1571,1615,22.126682222422104,881.1910223027286,612.2289086380619,956.4,527.2
1572,1616,22.126682222422104,881.1910223027286,612.2289086380619,956.4,527.2
1573,1617,22.126682222422104,881.1910223027286,612.2289086380619,957.54,526.02
1574,1618,22.126682222422104,881.1910223027286,612.2289086380619,958.68,524.84
1575,1619,27.030438074167503,881.1910223027286,612.2289086380619,959.82,523.66
1576,1620,27.030438074167503,881.1910223027286,612.2289086380619,960.96,522.48
1577,1621,27.030438074167503,881.1910223027286,612.2289086380619,962.1,521.3
1578,1622,27.030438074167503,881.1910223027286,612.2289086380619,962.1,521.3
1579,1623,27.030438074167503,881.1910223027286,612.2289086380619,962.1,521.3
1580,1624,27.030438074167503,881.1910223027286,612.2289086380619,962.1,521.3
1581,1625,27.030438074167503,881.1910223027286,612.2289086380619,962.1,521.3
1582,1626,27.030438074167503,881.1910223027286,612.2289086380619,962.1,521.3
1583,1627,40.71478293954733,881.1910223027286,612.2289086380619,962.1,521.3
1584,1628,41.269027319717935,668.1910223027286,682.2289086380619,962.1,521.3
1585,1629,41.796184512198735,668.1910223027286,682.2289086380619,960.0,523.375
1586,1630,42.29811799398291,668.1910223027286,682.2289086380619,957.9000000000001,525.45
1587,1631,42.29811799398291,668.1910223027286,682.2289086380619,955.8000000000001,527.525
1588,1632,42.29811799398291,668.1910223027286,682.2289086380619,953.7,529.6
1589,1633,42.29811799398291,668.1910223027286,682.2289086380619,953.7,529.6
1590,1634,57.40571400112596,668.1910223027286,682.2289086380619,953.7,529.6
1591,1635,79.11354358024373,668.1910223027286,682.2289086380619,953.7,529.6
1592,1636,50.135512992582164,668.1910223027286,682.2289086380619,952.5333333333334,528.9666666666667
1592,1637,29.83840906536471,668.1910223027286,682.2289086380619,951.3666666666667,528.3333333333334
1592,1638,16.277966665519884,668.1910223027286,682.2289086380619,950.2,527.7
1592,1639,16.277966665519884,668.1910223027286,682.2289086380619,950.2,527.7
1592,1640,16.277966665519884,668.1910223027286,682.2289086380619,950.2,527.7
1592,1641,16.277966665519884,668.1910223027286,682.2289086380619,950.2,527.7
1592,1642,16.277966665519884,668.1910223027286,682.2289086380619,950.2,527.7
1592,1643,16.277966665519884,668.1910223027286,682.2289086380619,950.2,527.7
1592,1644,16.277966665519884,668.1910223027286,682.2289086380619,950.2,527.7
1592,1645,16.277966665519884,668.1910223027286,682.2289086380619,950.2,527.7
1592,1646,15.537582468968198,668.1910223027286,682.2289086380619,950.2,527.7
1592,1647,14.86620422016282,668.1910223027286,682.2289086380619,950.2,527.7
1592,1648,14.254775515380244,668.1910223027286,682.2289086380619,950.2,527.7
1592,1649,13.69573232660025,668.1910223027286,682.2289086380619,950.2,527.7
1592,1650,13.182712878485473,668.1910223027286,682.2289086380619,950.2,527.7
1592,1651,12.71033145691073,668.1910223027286,682.2289086380619,950.2,527.7
1592,1652,12.27400065121255,668.1910223027286,682.2289086380619,950.2,527.7
1592,1653,11.869790548128007,668.1910223027286,682.2289086380619,950.2,527.7
1592,1654,11.494316343541934,668.1910223027286,682.2289086380619,950.2,527.7
1592,1655,11.144647983800127,668.1910223027286,682.2289086380619,950.2,527.7
1592,1656,10.818237016468776,668.1910223027286,682.2289086380619,950.7,526.8333333333334
1592,1657,10.51285698471666,668.1910223027286,682.2289086380619,951.2,525.9666666666667
1592,1658,10.226554555826942,668.1910223027286,682.2289086380619,951.7,525.1
1592,1659,9.957609214588478,668.1910223027286,682.2289086380619,951.7,525.1
1592,1660,9.704499834674653,668.1910223027286,682.2289086380619,951.1750000000001,528.95
1592,1661,9.465876807212979,668.1910223027286,682.2289086380619,950.6500000000001,532.8
1592,1662,9.240538685604077,668.1910223027286,682.2289086380619,950.125,536.65
1592,1663,9.027412521050776,668.1910223027286,682.2289086380619,949.6,540.5
1592,1664,8.825537230153088,668.1910223027286,682.2289086380619,949.6,540.5
1592,1665,8.825537230153088,668.1910223027286,682.2289086380619,949.6,540.5
1592,1666,8.825537230153088,668.1910223027286,682.2289086380619,950.6,543.7333333333333
1592,1667,8.825537230153088,668.1910223027286,682.2289086380619,951.6,546.9666666666667
1592,1668,7.525491447841554,668.1910223027286,682.2289086380619,952.6,550.2
1592,1669,6.282036875471331,668.1910223027286,682.2289086380619,953.6,553.4333333333333
1592,1670,5.092654689062732,668.1910223027286,682.2289086380619,954.6,556.6666666666666
1592,1671,3.954853572138227,668.1910223027286,682.2289086380619,955.6,559.9
1592,1672,3.954853572138227,668.1910223027286,682.2289086380619,955.6,559.9
1592,1673,3.954853572138227,668.1910223027286,682.2289086380619,955.6,559.9
1592,1674,3.364324562320794,668.1910223027286,682.2289086380619,955.6,559.9
1592,1675,2.76984549023893,668.1910223027286,682.2289086380619,955.6,559.9
1592,1676,2.1715058515354357,668.1910223027286,682.2289086380619,955.6,559.9
1592,1677,2.1715058515354357,668.1910223027286,682.2289086380619,955.6,559.9
1592,1678,2.1715058515354357,668.1910223027286,682.2289086380619,955.6,559.9
1592,1679,2.1715058515354357,668.1910223027286,682.2289086380619,955.6,559.9
1592,1680,2.1715058515354357,668.1910223027286,682.2289086380619,955.6,559.9
1592,1681,2.1715058515354357,668.1910223027286,682.2289086380619,955.6,559.9
1593,1682,2.1715058515354357,668.1910223027286,682.2289086380619,955.6,559.9
1594,1683,2.1715058515354357,668.1910223027286,682.2289086380619,955.6,559.9
1595,1684,2.1715058515354357,668.1910223027286,682.2289086380619,955.6,559.9
1596,1685,2.1715058515354357,813.1910223027286,524.2289086380619,955.6,559.9
1597,1686,2.0314003592499152,813.1910223027286,524.2289086380619,955.6,559.9
1598,1687,1.8922019395743648,813.1910223027286,524.2289086380619,955.6,559.9
1599,1688,4.603524172932102,813.1910223027286,524.2289086380619,955.6,559.9
1600,1689,4.4661184893778945,813.1910223027286,524.2289086380619,955.6,559.9
1601,1690,4.4661184893778945,813.1910223027286,524.2289086380619,955.6,559.9
1602,1691,4.4661184893778945,813.1910223027286,524.2289086380619,955.6,559.9
1603,1692,4.4661184893778945,813.1910223027286,524.2289086380619,955.5666666666667,560.2333333333333
1604,1693,4.4661184893778945,813.1910223027286,524.2289086380619,955.5333333333333,560.5666666666666
1605,1694,4.4661184893778945,958.1910223027286,367.22890863806185,955.5,560.9
1606,1695,4.4661184893778945,958.1910223027286,367.22890863806185,955.5,560.9
1607,1696,4.4661184893778945,958.1910223027286,367.22890863806185,955.5,560.9
1608,1697,4.4661184893778945,958.1910223027286,367.22890863806185,955.5,560.9
1609,1698,3.379145724146341,958.1910223027286,367.22890863806185,955.62,563.4399999999999
1610,1699,1.7766888814758406,958.1910223027286,367.22890863806185,955.74,565.98
1611,1699,1.7766888814758406,958.1910223027286,367.22890863806185,955.86,568.52
1612,1699,1.7766888814758406,958.1910223027286,367.22890863806185,955.98,571.0600000000001
1613,1699,1.7766888814758406,958.1910223027286,367.22890863806185,956.1,573.6
1614,1699,1.7766888814758406,958.1910223027286,367.22890863806185,956.1,573.6
1615,1699,1.7766888814758406,958.1910223027286,367.22890863806185,956.1,573.6
1616,1699,1.7766888814758406,958.1910223027286,367.22890863806185,956.1,573.6
1617,1699,1.7766888814758406,958.1910223027286,367.22890863806185,956.1,573.6
1618,1699,1.7766888814758406,958.1910223027286,367.22890863806185,956.1,573.6
1619,1699,1.7766888814758406,958.1910223027286,367.22890863806185,956.1,573.6
1620,1699,1.7766888814758406,958.1910223027286,367.22890863806185,956.1,573.6
1621,1699,1.7766888814758406,958.1910223027286,367.22890863806185,956.1,573.6
1622,1699,1.7766888814758406,958.1910223027286,367.22890863806185,956.1,573.6
1623,1699,1.7766888814758406,958.1910223027286,367.22890863806185,956.1,573.6
1624,1699,1.7766888814758406,958.1910223027286,367.22890863806185,956.1,573.6
1625,1699,1.7766888814758406,958.1910223027286,367.22890863806185,957.175,573.35
1626,1699,1.7766888814758406,958.1910223027286,367.22890863806185,958.25,573.1
1627,1699,1.7766888814758406,1108.1910223027285,523.2289086380619,959.325,572.85
1628,1699,1.7766888814758406,1108.1910223027285,523.2289086380619,960.4,572.6
1629,1699,1.7766888814758406,1108.1910223027285,523.2289086380619,960.4,572.6
1630,1699,1.7766888814758406,1108.1910223027285,523.2289086380619,960.4,572.6
1631,1699,1.7766888814758406,1108.1910223027285,523.2289086380619,960.4,572.6
1632,1699,1.7766888814758406,1108.1910223027285,523.2289086380619,960.4,572.6
1633,1699,1.7766888814758406,1108.1910223027285,523.2289086380619,960.4,572.6
1634,1699,1.7766888814758406,1108.1910223027285,523.2289086380619,960.4,572.6
1635,1699,1.7766888814758406,1259.1910223027285,678.2289086380619,960.4,572.6
1636,1699,1.7766888814758406,1259.1910223027285,678.2289086380619,960.4,572.6
1637,1699,1.7766888814758406,1259.1910223027285,678.2289086380619,960.4,572.6
1638,1699,1.7766888814758406,1259.1910223027285,678.2289086380619,961.825,571.825
1639,1699,1.7766888814758406,1259.1910223027285,678.2289086380619,963.25,571.05
1640,1699,1.7766888814758406,1259.1910223027285,678.2289086380619,964.675,570.275
1641,1699,1.7766888814758406,1259.1910223027285,678.2289086380619,966.1,569.5
1642,1699,1.7766888814758406,1259.1910223027285,678.2289086380619,966.1,569.5
1643,1699,1.7766888814758406,1259.1910223027285,678.2289086380619,966.1,569.5
1644,1699,1.7766888814758406,1259.1910223027285,678.2289086380619,966.1,569.5
1645,1699,1.7766888814758406,1259.1910223027285,678.2289086380619,966.1,569.5
1646,1699,1.7766888814758406,1259.1910223027285,678.2289086380619,966.1,569.5
1647,1699,15.643861850367072,1259.1910223027285,678.2289086380619,966.1,569.5
1648,1699,15.643861850367072,1259.1910223027285,678.2289086380619,966.1,569.5
1649,1699,15.643861850367072,1259.1910223027285,678.2289086380619,966.1,569.5
1650,1699,15.643861850367072,1259.1910223027285,678.2289086380619,963.35,571.0
1651,1699,15.643861850367072,1259.1910223027285,678.2289086380619,960.6,572.5
1652,1699,15.643861850367072,1259.1910223027285,678.2289086380619,957.85,574.0
1653,1699,15.643861850367072,1259.1910223027285,678.2289086380619,955.1,575.5
1654,1699,15.643861850367072,1259.1910223027285,678.2289086380619,955.1,575.5
1655,1699,85.78362202574334,1259.1910223027285,678.2289086380619,955.1,575.5
1656,1699,85.78362202574334,1259.1910223027285,678.2289086380619,955.1,575.5
1657,1699,85.78362202574334,1259.1910223027285,678.2289086380619,955.1,575.5
1658,1699,85.78362202574334,1259.1910223027285,678.2289086380619,955.1,575.5
1659,1699,85.78362202574334,1244.1910223027285,669.2289086380619,955.1,575.5
1660,1699,85.78362202574334,1244.1910223027285,669.2289086380619,955.1,575.5
1661,1699,85.78362202574334,1244.1910223027285,669.2289086380619,957.1,576.35
1662,1699,85.78362202574334,1244.1910223027285,669.2289086380619,959.1,577.2
1663,1699,85.78362202574334,1244.1910223027285,669.2289086380619,961.1,578.05
1664,1699,85.78362202574334,1244.1910223027285,669.2289086380619,963.1,578.9
1665,1699,85.78362202574334,1244.1910223027285,669.2289086380619,963.1,578.9
1666,1699,85.78362202574334,1244.1910223027285,669.2289086380619,963.1,578.9
1667,1699,85.78362202574334,1244.1910223027285,669.2289086380619,963.1,578.9
1668,1700,88.37638647402046,1230.1910223027285,660.2289086380619,963.1,578.9
1669,1701,93.25036303008113,1230.1910223027285,660.2289086380619,963.1,578.9
1670,1702,103.33800940710587,1230.1910223027285,660.2289086380619,963.1,578.9
1671,1703,0.24256039321879092,1230.1910223027285,660.2289086380619,962.5,577.475
1671,1704,0.24256039321879092,1230.1910223027285,660.2289086380619,961.9000000000001,576.05
1671,1705,0.24256039321879092,1230.1910223027285,660.2289086380619,961.3000000000001,574.625
1671,1706,0.24256039321879092,1230.1910223027285,660.2289086380619,960.7,573.2
1671,1707,0.24256039321879092,1109.1910223027285,652.2289086380619,960.7,573.2
1671,1708,0.24256039321879092,1109.1910223027285,652.2289086380619,960.7,573.2
1671,1709,0.24256039321879092,1109.1910223027285,652.2289086380619,960.7,573.2
1672,1710,0.24256039321879092,1109.1910223027285,652.2289086380619,960.7,573.2
1673,1711,0.24256039321879092,1109.1910223027285,652.2289086380619,960.7,573.2
1674,1712,0.24256039321879092,1109.1910223027285,652.2289086380619,960.7,573.2
1675,1713,0.24256039321879092,1109.1910223027285,652.2289086380619,960.7,573.2
1676,1714,0.24256039321879092,1109.1910223027285,652.2289086380619,960.7,573.2
1677,1715,0.24139539166951451,987.1910223027286,644.2289086380619,960.7,573.2
1678,1716,0.24018410840959697,987.1910223027286,644.2289086380619,960.7,573.2
1679,1717,0.23892375711802927,987.1910223027286,644.2289086380619,960.7,573.2
1680,1718,0.2376113256215062,987.1910223027286,644.2289086380619,960.7,573.2
1681,1719,0.23624355280295073,987.1910223027286,644.2289086380619,960.2,538.5500000000001
1682,1720,0.23624355280295073,987.1910223027286,644.2289086380619,959.7,503.90000000000003
1683,1721,0.23624355280295073,987.1910223027286,644.2289086380619,959.2,469.25
1684,1722,0.23624355280295073,987.1910223027286,644.2289086380619,958.7,434.6
1685,1723,0.23624355280295073,987.1910223027286,644.2289086380619,958.7,434.6
1686,1724,0.23624355280295073,987.1910223027286,644.2289086380619,958.7,434.6
1687,1725,0.23624355280295073,987.1910223027286,644.2289086380619,958.7,434.6
1688,1726,0.23624355280295073,987.1910223027286,644.2289086380619,958.7,434.6
1689,1727,0.23624355280295073,987.1910223027286,644.2289086380619,958.7,434.6
1690,1728,0.23624355280295073,987.1910223027286,644.2289086380619,958.7,434.6
1691,1729,0.23624355280295073,987.1910223027286,644.2289086380619,958.7,434.6
1692,1730,0.23624355280295073,987.1910223027286,644.2289086380619,958.7,434.6
1693,1731,0.23624355280295073,987.1910223027286,644.2289086380619,958.7,434.6
1694,1732,0.23624355280295073,987.1910223027286,644.2289086380619,958.7,434.6
1695,1733,0.1915525523146944,987.1910223027286,644.2289086380619,958.7,434.6
1695,1734,0.1915525523146944,987.1910223027286,644.2289086380619,958.7,434.6
1695,1735,0.1915525523146944,987.1910223027286,644.2289086380619,958.7,434.6
1695,1736,0.1915525523146944,987.1910223027286,644.2289086380619,958.7,434.6
1695,1737,0.1915525523146944,987.1910223027286,644.2289086380619,958.7,434.6
1695,1738,0.1915525523146944,987.1910223027286,644.2289086380619,958.7,434.6
1695,1739,0.1915525523146944,987.1910223027286,644.2289086380619,958.7,434.6
1695,1740,0.1915525523146944,987.1910223027286,644.2289086380619,958.7,434.6
1695,1741,0.1915525523146944,987.1910223027286,644.2289086380619,958.7,434.6
1695,1742,0.1915525523146944,987.1910223027286,644.2289086380619,958.7,434.6
1695,1743,0.1915525523146944,987.1910223027286,644.2289086380619,958.7,434.6
1695,1744,0.1915525523146944,987.1910223027286,644.2289086380619,958.7,434.6
1695,1745,0.1915525523146944,987.1910223027286,644.2289086380619,958.7,434.6
1695,1746,0.1915525523146944,987.1910223027286,644.2289086380619,958.7,434.6
1695,1747,0.1915525523146944,962.1910223027286,496.22890863806185,958.7,434.6
1695,1748,0.1915525523146944,962.1910223027286,496.22890863806185,958.7,434.6
1695,1749,0.1915525523146944,962.1910223027286,496.22890863806185,958.7,434.6
1695,1750,0.1915525523146944,962.1910223027286,496.22890863806185,958.7,434.6
1695,1751,0.1915525523146944,962.1910223027286,496.22890863806185,958.7,434.6
1695,1752,0.1915525523146944,962.1910223027286,496.22890863806185,958.7,434.6
1695,1753,0.1915525523146944,962.1910223027286,496.22890863806185,958.7,434.6
1695,1754,0.1915525523146944,962.1910223027286,496.22890863806185,958.7,434.6
1695,1755,0.1915525523146944,936.1910223027286,349.22890863806185,958.7,434.6
1695,1756,0.1915525523146944,936.1910223027286,349.22890863806185,958.7,434.6
1695,1757,0.1915525523146944,936.1910223027286,349.22890863806185,959.2,438.52000000000004
1695,1758,0.1915525523146944,936.1910223027286,349.22890863806185,959.7,442.44
1695,1759,0.1915525523146944,936.1910223027286,349.22890863806185,960.2,446.36
1695,1760,0.1915525523146944,936.1910223027286,349.22890863806185,960.7,450.28
1695,1761,0.1915525523146944,936.1910223027286,349.22890863806185,961.2,454.2
1695,1762,0.1915525523146944,936.1910223027286,349.22890863806185,961.2,454.2
1695,1763,0.1915525523146944,936.1910223027286,349.22890863806185,961.2,454.2
1695,1764,0.1915525523146944,936.1910223027286,349.22890863806185,961.2,454.2
1695,1765,0.1915525523146944,936.1910223027286,349.22890863806185,961.2,454.2
1695,1766,0.1915525523146944,936.1910223027286,349.22890863806185,961.2,454.2
1695,1767,0.1915525523146944,936.1910223027286,349.22890863806185,961.2,454.2
1695,1768,0.1915525523146944,936.1910223027286,349.22890863806185,961.2,454.2
1695,1769,0.1915525523146944,936.1910223027286,349.22890863806185,961.2,454.2
1695,1770,0.1915525523146944,936.1910223027286,349.22890863806185,961.2,454.2
1695,1771,0.1915525523146944,936.1910223027286,349.22890863806185,961.2,454.2
1695,1772,0.1915525523146944,936.1910223027286,349.22890863806185,961.2,454.2
1695,1773,0.1915525523146944,936.1910223027286,349.22890863806185,961.2,454.2
1696,1774,0.1915525523146944,936.1910223027286,349.22890863806185,961.2,454.2
1697,1775,0.1915525523146944,936.1910223027286,349.22890863806185,961.2,454.2
1698,1776,0.1915525523146944,936.1910223027286,349.22890863806185,961.2,454.2
1699,1777,0.1915525523146944,936.1910223027286,349.22890863806185,961.2,454.2
1700,1778,0.1915525523146944,936.1910223027286,349.22890863806185,961.2,454.2
1701,1779,0.15085741082148457,953.1910223027286,492.22890863806185,961.2,454.2
1702,1780,0.12700290035870157,953.1910223027286,492.22890863806185,961.2,454.2
1703,1781,39.0709542644076,953.1910223027286,492.22890863806185,961.2,454.2
1704,1782,39.48961379951844,953.1910223027286,492.22890863806185,961.2,454.2
1705,1783,39.48961379951844,953.1910223027286,492.22890863806185,961.2,454.2
1706,1784,39.48961379951844,953.1910223027286,492.22890863806185,947.87,446.7
1707,1785,39.48961379951844,953.1910223027286,492.22890863806185,934.5400000000001,439.2
1708,1786,39.48961379951844,953.1910223027286,492.22890863806185,921.21,431.7
1709,1787,39.48961379951844,970.1910223027286,635.2289086380619,907.88,424.2
1710,1788,39.48961379951844,970.1910223027286,635.2289086380619,894.55,416.7
1711,1789,39.48961379951844,970.1910223027286,635.2289086380619,881.22,409.2
1712,1790,30.0270909571574,970.1910223027286,635.2289086380619,867.89,401.7
1712,1791,30.53297144917608,970.1910223027286,635.2289086380619,854.56,394.2
1712,1792,31.01455795839079,970.1910223027286,635.2289086380619,841.23,386.7
1712,1793,31.473496059330746,970.1910223027286,635.2289086380619,827.9,379.2
1712,1794,31.473496059330746,970.1910223027286,635.2289086380619,827.9,379.2
1712,1795,31.473496059330746,970.1910223027286,635.2289086380619,827.9,379.2
1712,1796,31.473496059330746,970.1910223027286,635.2289086380619,827.9,379.2
1712,1797,31.473496059330746,970.1910223027286,635.2289086380619,827.9,379.2
1712,1798,31.473496059330746,970.1910223027286,635.2289086380619,827.9,379.2
1712,1799,31.473496059330746,970.1910223027286,635.2289086380619,827.9,379.2
1712,1800,31.473496059330746,970.1910223027286,635.2289086380619,827.9,379.2
1712,1801,31.473496059330746,970.1910223027286,635.2289086380619,827.9,379.2
1712,1802,31.473496059330746,970.1910223027286,635.2289086380619,827.55,377.4
1712,1803,31.473496059330746,970.1910223027286,635.2289086380619,827.2,375.6
1712,1804,31.473496059330746,970.1910223027286,635.2289086380619,826.85,373.8
1712,1805,31.473496059330746,970.1910223027286,635.2289086380619,826.5,372.0
1712,1806,31.473496059330746,970.1910223027286,635.2289086380619,826.5,372.0
1712,1807,31.473496059330746,970.1910223027286,635.2289086380619,826.5,372.0
1712,1808,31.34408800414114,970.1910223027286,635.2289086380619,826.5,372.0
1712,1809,31.216380627101266,970.1910223027286,635.2289086380619,826.5,372.0
1712,1810,31.09034186591836,970.1910223027286,635.2289086380619,826.5,372.0
1712,1811,30.965940426088547,970.1910223027286,635.2289086380619,826.5,372.0
1712,1812,30.843145759159142,970.1910223027286,635.2289086380619,826.5,372.0
1712,1813,30.72192804168083,970.1910223027286,635.2289086380619,826.5,372.0
1712,1814,30.60225815482512,970.1910223027286,635.2289086380619,848.24,406.02
1712,1815,30.60225815482512,970.1910223027286,635.2289086380619,869.98,440.04
1712,1816,30.60225815482512,970.1910223027286,635.2289086380619,891.72,474.06
1712,1817,30.60225815482512,970.1910223027286,635.2289086380619,913.46,508.08000000000004
1712,1818,30.60225815482512,970.1910223027286,635.2289086380619,935.2,542.1
1712,1819,30.60225815482512,926.1910223027286,457.22890863806185,935.2,542.1
1712,1820,30.60225815482512,926.1910223027286,457.22890863806185,935.2,542.1
1712,1821,30.60225815482512,926.1910223027286,457.22890863806185,935.2,542.1
1712,1822,30.60225815482512,926.1910223027286,457.22890863806185,935.2,542.1
1712,1823,30.60225815482512,926.1910223027286,457.22890863806185,935.2,542.1
1712,1824,30.60225815482512,926.1910223027286,457.22890863806185,935.2,542.1
1712,1825,29.934165958907936,926.1910223027286,457.22890863806185,935.2,542.1
1712,1826,29.265506969318267,926.1910223027286,457.22890863806185,935.2,542.1
1712,1827,28.59646278406048,926.1910223027286,457.22890863806185,935.2,542.1
1712,1828,27.92721563037788,926.1910223027286,457.22890863806185,935.2,542.1
1713,1829,27.92721563037788,926.1910223027286,457.22890863806185,935.2,542.1
1714,1830,27.92721563037788,926.1910223027286,457.22890863806185,935.2,542.1
1715,1831,28.838338915587837,926.1910223027286,457.22890863806185,935.2,542.1
1716,1832,29.735143433146728,926.1910223027286,457.22890863806185,935.2,542.1
1717,1833,30.61753505109175,926.1910223027286,457.22890863806185,935.2,542.1
1718,1834,31.485449976331527,926.1910223027286,457.22890863806185,935.2,542.1
1719,1835,31.485449976331527,926.1910223027286,457.22890863806185,935.2,542.1
1720,1836,31.485449976331527,926.1910223027286,457.22890863806185,935.2,542.1
1721,1837,31.485449976331527,926.1910223027286,457.22890863806185,935.2,542.1
1722,1838,31.485449976331527,926.1910223027286,457.22890863806185,935.2,542.1
1723,1839,31.485449976331527,926.1910223027286,457.22890863806185,935.2,542.1
1724,1840,31.485449976331527,926.1910223027286,457.22890863806185,935.2,542.1
1725,1841,31.485449976331527,926.1910223027286,457.22890863806185,935.2,542.1
1726,1842,31.485449976331527,926.1910223027286,457.22890863806185,935.2,542.1
1727,1843,31.485449976331527,926.1910223027286,457.22890863806185,935.2,542.1
1728,1844,31.485449976331527,926.1910223027286,457.22890863806185,935.2,542.1
1729,1845,31.485449976331527,926.1910223027286,457.22890863806185,935.2,542.1
1730,1846,31.485449976331527,926.1910223027286,457.22890863806185,935.2,542.1
1731,1847,31.485449976331527,926.1910223027286,457.22890863806185,935.2,542.1
1732,1848,31.485449976331527,926.1910223027286,457.22890863806185,935.2,542.1
1733,1849,31.485449976331527,926.1910223027286,457.22890863806185,935.2,542.1
1734,1850,31.485449976331527,926.1910223027286,457.22890863806185,935.2,542.1
1735,1851,31.485449976331527,799.1910223027286,564.2289086380619,935.2,542.1
1736,1852,31.485449976331527,799.1910223027286,564.2289086380619,935.2,542.1
1737,1853,31.485449976331527,799.1910223027286,564.2289086380619,935.2,542.1
1738,1854,31.485449976331527,799.1910223027286,564.2289086380619,935.2,542.1
1739,1855,31.485449976331527,799.1910223027286,564.2289086380619,935.2,542.1
1740,1856,31.485449976331527,799.1910223027286,564.2289086380619,935.2,542.1
1741,1857,24.863168253886094,799.1910223027286,564.2289086380619,935.2,542.1
1742,1858,8.373387262504504,799.1910223027286,564.2289086380619,935.2,542.1
1743,1859,32.006307692768885,673.1910223027286,672.2289086380619,935.2,542.1
1744,1860,20.515268245979737,673.1910223027286,672.2289086380619,935.2,542.1
1745,1860,20.515268245979737,673.1910223027286,672.2289086380619,935.2,542.1
1746,1860,20.515268245979737,673.1910223027286,672.2289086380619,935.2,542.1
1747,1860,20.515268245979737,673.1910223027286,672.2289086380619,935.2,542.1
1748,1860,20.515268245979737,673.1910223027286,672.2289086380619,935.2,542.1
1749,1860,20.515268245979737,673.1910223027286,672.2289086380619,935.2,542.1
1750,1860,20.515268245979737,673.1910223027286,672.2289086380619,935.2,542.1
1751,1860,20.515268245979737,673.1910223027286,672.2289086380619,935.2,542.1
1752,1861,2.7645869048376372,673.1910223027286,672.2289086380619,935.2,542.1
1753,1862,2.7645869048376372,673.1910223027286,672.2289086380619,935.2,542.1
1754,1863,2.7645869048376372,673.1910223027286,672.2289086380619,935.2,542.1
1755,1864,2.7645869048376372,673.1910223027286,672.2289086380619,935.2,542.1
1756,1865,2.7645869048376372,673.1910223027286,672.2289086380619,935.2,542.1
1757,1866,2.7645869048376372,673.1910223027286,672.2289086380619,935.2,542.1
1758,1867,2.5362629651496915,673.1910223027286,672.2289086380619,935.2,542.1
1759,1868,2.306608596792269,673.1910223027286,672.2289086380619,935.2,542.1
1760,1869,2.075619581195217,673.1910223027286,672.2289086380619,935.2,542.1
1761,1870,1.8432918241533987,673.1910223027286,672.2289086380619,935.2,542.1
1762,1871,1.6096213599608864,673.1910223027286,672.2289086380619,935.2,542.1
1763,1872,1.3746043556052234,673.1910223027286,672.2289086380619,935.2,542.1
1764,1872,1.3746043556052234,673.1910223027286,672.2289086380619,935.2,542.1
1765,1872,1.3746043556052234,673.1910223027286,672.2289086380619,935.2,542.1
1766,1872,1.3746043556052234,673.1910223027286,672.2289086380619,914.4875000000001,511.6
1767,1872,1.3746043556052234,798.1910223027286,660.2289086380619,893.7750000000001,481.1
1768,1872,1.3746043556052234,798.1910223027286,660.2289086380619,873.0625,450.6
1769,1872,1.3746043556052234,798.1910223027286,660.2289086380619,852.35,420.1
1770,1872,1.3746043556052234,798.1910223027286,660.2289086380619,831.6375,389.6
1771,1872,1.3746043556052234,798.1910223027286,660.2289086380619,810.925,359.1
1772,1872,1.3746043556052234,798.1910223027286,660.2289086380619,790.2125,328.6
1773,1872,1.3746043556052234,798.1910223027286,660.2289086380619,769.5,298.1
1774,1872,1.3746043556052234,798.1910223027286,660.2289086380619,769.5,298.1
1775,1872,1.3746043556052234,798.1910223027286,660.2289086380619,769.5,298.1
1776,1872,23.048068615031337,922.1910223027286,648.2289086380619,767.85,294.925
1777,1872,23.048068615031337,922.1910223027286,648.2289086380619,766.2,291.75
1778,1872,23.048068615031337,922.1910223027286,648.2289086380619,764.55,288.575
1779,1872,23.048068615031337,922.1910223027286,648.2289086380619,762.9,285.4
1780,1872,23.048068615031337,922.1910223027286,648.2289086380619,762.9,285.4
1781,1872,23.048068615031337,922.1910223027286,648.2289086380619,762.9,285.4
1782,1873,23.048068615031337,922.1910223027286,648.2289086380619,762.9,285.4
1783,1874,106.36018367332409,927.1910223027286,461.22890863806185,762.9,285.4
1784,1875,106.36018367332409,927.1910223027286,461.22890863806185,809.8,281.38
1785,1876,106.36018367332409,927.1910223027286,461.22890863806185,856.6999999999999,277.36
1786,1877,106.36018367332409,927.1910223027286,461.22890863806185,903.5999999999999,273.34
1787,1878,106.36018367332409,927.1910223027286,461.22890863806185,950.5,269.32
1788,1879,106.36018367332409,927.1910223027286,461.22890863806185,997.4,265.3
1789,1880,106.36018367332409,927.1910223027286,461.22890863806185,997.4,265.3
1790,1881,106.36018367332409,927.1910223027286,461.22890863806185,997.4,265.3
1791,1882,106.36018367332409,933.1910223027286,275.22890863806185,997.4,265.3
1792,1883,106.36018367332409,933.1910223027286,275.22890863806185,997.4,265.3
1793,1884,106.36018367332409,933.1910223027286,275.22890863806185,997.4,265.3
1794,1885,106.36018367332409,933.1910223027286,275.22890863806185,997.4,265.3
1795,1886,106.36018367332409,933.1910223027286,275.22890863806185,997.4,265.3
1796,1887,106.36018367332409,933.1910223027286,275.22890863806185,997.4,265.3
1797,1888,106.36018367332409,933.1910223027286,275.22890863806185,997.4,265.3
1798,1889,106.36018367332409,933.1910223027286,275.22890863806185,997.4,265.3
1799,1890,106.36018367332409,933.1910223027286,275.22890863806185,997.4,265.3
1800,1891,106.36018367332409,933.1910223027286,275.22890863806185,997.4,265.3
1801,1892,106.36018367332409,933.1910223027286,275.22890863806185,997.4,265.3
1802,1893,106.36018367332409,933.1910223027286,275.22890863806185,997.4,265.3
1803,1894,106.36018367332409,933.1910223027286,275.22890863806185,997.4,265.3
1804,1895,106.36018367332409,933.1910223027286,275.22890863806185,997.4,265.3
1805,1896,106.36018367332409,933.1910223027286,275.22890863806185,997.4,265.3
1806,1897,106.36018367332409,933.1910223027286,275.22890863806185,997.4,265.3
1807,1898,106.36018367332409,933.1910223027286,275.22890863806185,997.4,265.3
1808,1899,112.11763861874506,933.1910223027286,275.22890863806185,993.5818181818181,298.53636363636366
1809,1900,112.11763861874506,933.1910223027286,275.22890863806185,989.7636363636364,331.77272727272725
1810,1901,112.11763861874506,933.1910223027286,275.22890863806185,985.9454545454545,365.0090909090909
1811,1902,112.11763861874506,933.1910223027286,275.22890863806185,982.1272727272727,398.24545454545455
1812,1903,112.11763861874506,933.1910223027286,275.22890863806185,978.3090909090909,431.4818181818182
1813,1904,112.11763861874506,933.1910223027286,275.22890863806185,974.4909090909091,464.71818181818185
1814,1905,112.11763861874506,933.1910223027286,275.22890863806185,970.6727272727272,497.95454545454544
1815,1906,112.11763861874506,933.1910223027286,275.22890863806185,966.8545454545455,531.1909090909091
1816,1907,112.11763861874506,933.1910223027286,275.22890863806185,963.0363636363636,564.4272727272728
1817,1908,112.11763861874506,933.1910223027286,275.22890863806185,959.2181818181818,597.6636363636364
1818,1909,112.11763861874506,933.1910223027286,275.22890863806185,955.4,630.9
1819,1910,112.11763861874506,933.1910223027286,275.22890863806185,955.4,630.9
1820,1911,112.11763861874506,933.1910223027286,275.22890863806185,955.4,630.9
1821,1912,112.11763861874506,933.1910223027286,275.22890863806185,955.4,630.9
1822,1913,112.11763861874506,933.1910223027286,275.22890863806185,955.4,630.9
1823,1914,49.7133257738959,933.1910223027286,275.22890863806185,955.4,630.9
1824,1915,49.7133257738959,933.1910223027286,275.22890863806185,955.4,630.9
1825,1916,49.7133257738959,933.1910223027286,275.22890863806185,955.4,630.9
1826,1917,49.7133257738959,933.1910223027286,275.22890863806185,955.4,630.9
1827,1918,49.82076007775015,933.1910223027286,275.22890863806185,955.4,630.9
1828,1919,49.93241426614061,933.1910223027286,275.22890863806185,955.4,630.9
1829,1920,50.0485410469941,933.1910223027286,275.22890863806185,955.4,630.9
1830,1921,50.16941364023047,933.1910223027286,275.22890863806185,955.4,630.9
1831,1922,3.6430160540005083,933.1910223027286,275.22890863806185,955.4,630.9
1832,1923,3.511733237606749,933.1910223027286,275.22890863806185,955.4,630.9
1833,1924,3.3747390840066656,977.1910223027286,463.22890863806185,955.4,630.9
1834,1925,3.23165428023972,977.1910223027286,463.22890863806185,955.4,630.9
1835,1926,3.0820653238122167,977.1910223027286,463.22890863806185,955.4,630.9
1836,1926,3.0820653238122167,977.1910223027286,463.22890863806185,955.4,630.9
1837,1926,3.0820653238122167,977.1910223027286,463.22890863806185,955.4,630.9
1838,1926,3.0820653238122167,977.1910223027286,463.22890863806185,955.4,630.9
1839,1926,3.0820653238122167,1021.1910223027286,650.2289086380619,955.4,630.9
1840,1926,3.0820653238122167,1021.1910223027286,650.2289086380619,955.4,630.9
1841,1926,3.0820653238122167,1021.1910223027286,650.2289086380619,955.4,630.9
1842,1926,3.0820653238122167,1021.1910223027286,650.2289086380619,955.4,630.9
1843,1926,3.0820653238122167,1021.1910223027286,650.2289086380619,955.9666666666667,587.2444444444444
1844,1926,3.0820653238122167,1021.1910223027286,650.2289086380619,956.5333333333333,543.5888888888888
1845,1926,3.0820653238122167,1021.1910223027286,650.2289086380619,957.1,499.93333333333334
1846,1926,3.0820653238122167,1021.1910223027286,650.2289086380619,957.6666666666666,456.27777777777777
1847,1926,3.0820653238122167,1021.1910223027286,650.2289086380619,958.2333333333333,412.6222222222222
1848,1926,3.0820653238122167,1021.1910223027286,650.2289086380619,958.8,368.9666666666667
1849,1926,3.0820653238122167,1021.1910223027286,650.2289086380619,959.3666666666667,325.31111111111113
1850,1926,3.0820653238122167,1021.1910223027286,650.2289086380619,959.9333333333333,281.65555555555557
1851,1926,3.0820653238122167,1021.1910223027286,650.2289086380619,960.5,238.0
1852,1926,3.0820653238122167,1021.1910223027286,650.2289086380619,960.5,238.0
1853,1926,3.0820653238122167,1021.1910223027286,650.2289086380619,960.5,238.0
1854,1926,3.0820653238122167,1021.1910223027286,650.2289086380619,960.5,238.0
1855,1926,3.0820653238122167,1021.1910223027286,650.2289086380619,960.5,238.0
1856,1926,3.0820653238122167,1021.1910223027286,650.2289086380619,960.5,238.0
1857,1926,3.0820653238122167,1021.1910223027286,650.2289086380619,960.5,238.0
1858,1926,3.0820653238122167,1021.1910223027286,650.2289086380619,960.5,238.0
1859,1926,3.0820653238122167,1021.1910223027286,650.2289086380619,960.5,238.0
1860,1926,3.0820653238122167,1021.1910223027286,650.2289086380619,960.5,238.0
1861,1926,3.0820653238122167,1021.1910223027286,650.2289086380619,960.5,238.0
1862,1926,3.0820653238122167,1021.1910223027286,650.2289086380619,960.5,238.0
1863,1926,3.0820653238122167,982.1910223027286,556.2289086380619,960.5,238.0
1864,1926,3.0820653238122167,982.1910223027286,556.2289086380619,960.5,238.0
1865,1926,3.0820653238122167,982.1910223027286,556.2289086380619,960.5,238.0
1866,1926,3.0820653238122167,982.1910223027286,556.2289086380619,960.5,238.0
1867,1926,3.0820653238122167,982.1910223027286,556.2289086380619,960.5,238.0
1868,1926,3.0820653238122167,982.1910223027286,556.2289086380619,960.5,238.0
1869,1926,3.0820653238122167,982.1910223027286,556.2289086380619,960.5,238.0
1870,1926,3.0820653238122167,982.1910223027286,556.2289086380619,960.5,238.0
1871,1926,3.0820653238122167,942.1910223027286,463.22890863806185,960.5,238.0
1872,1926,3.0820653238122167,942.1910223027286,463.22890863806185,960.5,238.0
1873,1926,3.0820653238122167,942.1910223027286,463.22890863806185,960.5,238.0
1874,1926,3.0820653238122167,942.1910223027286,463.22890863806185,960.5,238.0
1875,1926,3.0820653238122167,942.1910223027286,463.22890863806185,960.5,238.0
1876,1926,3.0820653238122167,942.1910223027286,463.22890863806185,960.5,238.0
1877,1926,3.0820653238122167,942.1910223027286,463.22890863806185,960.5,238.0
1878,1926,3.0820653238122167,942.1910223027286,463.22890863806185,960.5,238.0
1879,1926,3.0820653238122167,942.1910223027286,463.22890863806185,960.5,238.0
1880,1926,3.0820653238122167,942.1910223027286,463.22890863806185,960.5,238.0
1881,1926,3.0820653238122167,942.1910223027286,463.22890863806185,960.5,238.0
1882,1926,3.0820653238122167,942.1910223027286,463.22890863806185,960.5,238.0
1883,1926,3.0820653238122167,942.1910223027286,463.22890863806185,960.5,238.0
1884,1926,3.0820653238122167,942.1910223027286,463.22890863806185,960.5,238.0
1885,1927,3.0820653238122167,942.1910223027286,463.22890863806185,960.5,238.0
1886,1928,3.0820653238122167,942.1910223027286,463.22890863806185,960.5,238.0
1887,1929,3.0820653238122167,942.1910223027286,463.22890863806185,960.5,238.0
1888,1930,3.0820653238122167,942.1910223027286,463.22890863806185,960.5,238.0
1889,1931,3.0820653238122167,942.1910223027286,463.22890863806185,960.5,238.0
1890,1932,3.0820653238122167,942.1910223027286,463.22890863806185,960.5,238.0
1891,1933,3.0820653238122167,942.1910223027286,463.22890863806185,960.5,238.0
1892,1934,3.0820653238122167,942.1910223027286,463.22890863806185,960.5,238.0
1893,1935,3.0820653238122167,942.1910223027286,463.22890863806185,960.5,238.0
1894,1936,3.0820653238122167,942.1910223027286,463.22890863806185,960.5,238.0
1895,1937,3.0820653238122167,942.1910223027286,463.22890863806185,960.35,284.575
1896,1938,3.0820653238122167,942.1910223027286,463.22890863806185,960.2,331.15
1897,1939,3.0820653238122167,942.1910223027286,463.22890863806185,960.05,377.725
1898,1940,3.0820653238122167,942.1910223027286,463.22890863806185,959.9,424.3
1899,1941,3.0820653238122167,942.1910223027286,463.22890863806185,959.75,470.875
1900,1942,3.0820653238122167,942.1910223027286,463.22890863806185,959.5999999999999,517.45
1901,1943,3.0820653238122167,942.1910223027286,463.22890863806185,959.4499999999999,564.0250000000001
1902,1944,3.0820653238122167,942.1910223027286,463.22890863806185,959.3,610.6
1903,1945,18.052985355833897,803.1910223027286,566.2289086380619,959.3,610.6
1904,1946,8.160570769565073,803.1910223027286,566.2289086380619,959.3,610.6
1905,1947,1.8563174067965977,803.1910223027286,566.2289086380619,959.3,610.6
1906,1947,1.8563174067965977,803.1910223027286,566.2289086380619,959.3,610.6
1907,1947,1.8563174067965977,803.1910223027286,566.2289086380619,959.3,610.6
1908,1947,1.8563174067965977,803.1910223027286,566.2289086380619,959.3,610.6
1909,1947,1.8563174067965977,803.1910223027286,566.2289086380619,959.3,610.6
1910,1948,2.416627816851657,803.1910223027286,566.2289086380619,959.3,610.6
1911,1949,18.340863319393716,664.1910223027286,670.2289086380619,959.3,610.6
1912,1949,18.340863319393716,664.1910223027286,670.2289086380619,959.3,610.6
1913,1949,18.340863319393716,664.1910223027286,670.2289086380619,959.3,610.6
1914,1949,18.340863319393716,664.1910223027286,670.2289086380619,958.93125,610.3125
1915,1949,18.340863319393716,664.1910223027286,670.2289086380619,958.5625,610.025
1916,1949,18.340863319393716,664.1910223027286,670.2289086380619,958.1937499999999,609.7375000000001
1917,1949,18.340863319393716,664.1910223027286,670.2289086380619,957.8249999999999,609.45
1918,1949,18.340863319393716,664.1910223027286,670.2289086380619,957.45625,609.1625
1919,1949,18.340863319393716,664.1910223027286,670.2289086380619,957.0875,608.875
1920,1949,18.340863319393716,664.1910223027286,670.2289086380619,956.71875,608.5875
1921,1949,18.340863319393716,664.1910223027286,670.2289086380619,956.3499999999999,608.3
1922,1949,18.340863319393716,664.1910223027286,670.2289086380619,955.9812499999999,608.0125
1923,1949,18.340863319393716,664.1910223027286,670.2289086380619,955.6125,607.725
1924,1949,18.340863319393716,664.1910223027286,670.2289086380619,955.24375,607.4375
1925,1949,18.340863319393716,664.1910223027286,670.2289086380619,954.875,607.15
1926,1949,18.340863319393716,664.1910223027286,670.2289086380619,954.50625,606.8625
1927,1949,18.340863319393716,664.1910223027286,670.2289086380619,954.1374999999999,606.575
1928,1949,18.340863319393716,664.1910223027286,670.2289086380619,953.76875,606.2875
1929,1949,18.340863319393716,664.1910223027286,670.2289086380619,953.4,606.0
1930,1949,18.340863319393716,664.1910223027286,670.2289086380619,953.4,606.0
1931,1949,18.340863319393716,664.1910223027286,670.2289086380619,1004.74,613.54
1932,1949,18.340863319393716,664.1910223027286,670.2289086380619,1056.08,621.08
1933,1950,18.340863319393716,664.1910223027286,670.2289086380619,1107.42,628.62
1934,1951,18.340863319393716,664.1910223027286,670.2289086380619,1158.76,636.1600000000001
1935,1952,18.340863319393716,664.1910223027286,670.2289086380619,1210.1,643.7
1936,1953,18.340863319393716,664.1910223027286,670.2289086380619,1210.1,643.7
1937,1954,7.888561474960494,664.1910223027286,670.2289086380619,1210.1,643.7
1938,1955,7.888561474960494,664.1910223027286,670.2289086380619,1210.1,643.7
1939,1956,7.888561474960494,664.1910223027286,670.2289086380619,1210.1,643.7
1940,1957,7.888561474960494,664.1910223027286,670.2289086380619,1210.1,643.7
1941,1958,7.888561474960494,664.1910223027286,670.2289086380619,1210.1,643.7
1942,1959,7.9134283659684845,664.1910223027286,670.2289086380619,1210.1,643.7
1943,1960,139.98407825233267,836.1910223027286,494.22890863806185,1210.1,643.7
1944,1961,139.9596990370413,836.1910223027286,494.22890863806185,1210.1,643.7
1945,1962,139.93555831043972,836.1910223027286,494.22890863806185,1210.1,643.7
1946,1962,139.93555831043972,836.1910223027286,494.22890863806185,1210.1,643.7
1947,1962,139.93555831043972,836.1910223027286,494.22890863806185,1210.1,643.7
1948,1962,139.93555831043972,836.1910223027286,494.22890863806185,1210.1,643.7
1949,1962,139.93555831043972,836.1910223027286,494.22890863806185,1210.1,643.7
1950,1962,139.93555831043972,836.1910223027286,494.22890863806185,1210.1,643.7
1951,1962,139.93555831043972,1009.1910223027286,319.22890863806185,1210.1,643.7
1952,1962,139.93555831043972,1009.1910223027286,319.22890863806185,1152.7714285714285,639.4000000000001
1953,1962,139.93555831043972,1009.1910223027286,319.22890863806185,1095.442857142857,635.1
1954,1962,139.93555831043972,1009.1910223027286,319.22890863806185,1038.1142857142856,630.8000000000001
1955,1962,139.93555831043972,1009.1910223027286,319.22890863806185,980.7857142857142,626.5
1956,1962,139.93555831043972,1009.1910223027286,319.22890863806185,923.4571428571428,622.2
1957,1962,139.93555831043972,1009.1910223027286,319.22890863806185,866.1285714285714,617.9
1958,1963,139.93555831043972,1009.1910223027286,319.22890863806185,808.8,613.6
1959,1964,31.77940715646535,1009.1910223027286,319.22890863806185,808.8,613.6
1960,1965,31.77940715646535,1009.1910223027286,319.22890863806185,808.8,613.6
1961,1966,31.77940715646535,1009.1910223027286,319.22890863806185,808.8,613.6
1962,1967,31.77940715646535,1009.1910223027286,319.22890863806185,808.8,613.6
1963,1968,31.72285854769645,1009.1910223027286,319.22890863806185,808.8,613.6
1964,1969,31.665055376590615,1009.1910223027286,319.22890863806185,808.8,613.6
1965,1970,31.605955546767802,1009.1910223027286,319.22890863806185,808.8,613.6
1966,1970,31.605955546767802,1009.1910223027286,319.22890863806185,808.8,613.6
1967,1970,2.315552002150215,1009.1910223027286,319.22890863806185,808.8,613.6
1968,1970,2.315552002150215,1009.1910223027286,319.22890863806185,808.8,613.6
1969,1970,2.315552002150215,1009.1910223027286,319.22890863806185,808.8,613.6
1970,1970,2.315552002150215,1009.1910223027286,319.22890863806185,808.8,613.6
1971,1971,2.315552002150215,1009.1910223027286,319.22890863806185,808.8,613.6
1972,1972,2.315552002150215,1009.1910223027286,319.22890863806185,808.8,613.6
1973,1973,2.315552002150215,1009.1910223027286,319.22890863806185,808.8,613.6
1974,1974,2.315552002150215,1009.1910223027286,319.22890863806185,808.8,613.6
1975,1975,1.4025426834087342,1009.1910223027286,319.22890863806185,808.8,613.6
1976,1975,1.4025426834087342,1009.1910223027286,319.22890863806185,808.8,613.6
1977,1975,1.4025426834087342,1136.1910223027285,485.22890863806185,808.8,613.6
1978,1975,1.4025426834087342,1136.1910223027285,485.22890863806185,808.8,613.6
1979,1975,1.4025426834087342,1136.1910223027285,485.22890863806185,808.8,613.6
1980,1975,1.4025426834087342,1136.1910223027285,485.22890863806185,808.8,613.6
1981,1975,1.4025426834087342,1136.1910223027285,485.22890863806185,808.8,613.6
1982,1975,1.4025426834087342,1136.1910223027285,485.22890863806185,808.8,613.6
1983,1975,1.4025426834087342,1263.1910223027285,650.2289086380619,808.8,613.6
1984,1975,1.4025426834087342,1263.1910223027285,650.2289086380619,808.8,613.6
1985,1975,1.4025426834087342,1263.1910223027285,650.2289086380619,808.8,613.6
1986,1975,1.4025426834087342,1263.1910223027285,650.2289086380619,808.8,613.6
1987,1975,1.4025426834087342,1263.1910223027285,650.2289086380619,808.8,613.6
1988,1975,1.4025426834087342,1263.1910223027285,650.2289086380619,808.8,613.6
1989,1975,1.4025426834087342,1263.1910223027285,650.2289086380619,808.8,613.6
1990,1975,1.4025426834087342,1263.1910223027285,650.2289086380619,808.8,613.6
1991,1976,1.6618224049269616,1263.1910223027285,650.2289086380619,808.8,613.6
1992,1977,6.91795471083701,1263.1910223027285,650.2289086380619,808.8,613.6
1993,1978,2.618620185709477,1263.1910223027285,650.2289086380619,808.8,613.6
1994,1978,2.618620185709477,1263.1910223027285,650.2289086380619,808.8,613.6
1995,1978,2.618620185709477,1263.1910223027285,650.2289086380619,843.26,592.9200000000001
1996,1978,2.618620185709477,1263.1910223027285,650.2289086380619,877.72,572.24
1997,1978,2.618620185709477,1263.1910223027285,650.2289086380619,912.1800000000001,551.56
1998,1979,24.687666550577195,1263.1910223027285,650.2289086380619,946.64,530.88
1999,1980,58.75034533705568,1263.1910223027285,650.2289086380619,981.1,510.2
2000,1981,20.093869579663615,1263.1910223027285,650.2289086380619,981.1,510.2
2001,1982,4.233091375512908,1263.1910223027285,650.2289086380619,981.1,510.2
2002,1983,3.1592165784250805,1263.1910223027285,650.2289086380619,981.1,510.2
2003,1983,3.1592165784250805,1263.1910223027285,650.2289086380619,981.1,510.2
2004,1983,3.1592165784250805,1263.1910223027285,650.2289086380619,981.1,510.2
2005,1983,3.1592165784250805,1263.1910223027285,650.2289086380619,981.1,510.2
2006,1983,3.1592165784250805,1263.1910223027285,650.2289086380619,981.1,510.2
2007,1983,3.1592165784250805,1263.1910223027285,650.2289086380619,981.1,510.2
2008,1983,3.1592165784250805,1263.1910223027285,650.2289086380619,981.1,510.2
2009,1984,3.1592165784250805,1263.1910223027285,650.2289086380619,981.1,510.2
2010,1985,3.1592165784250805,1263.1910223027285,650.2289086380619,981.1,510.2
2011,1986,3.1592165784250805,1263.1910223027285,650.2289086380619,981.1,510.2
2012,1987,3.1592165784250805,1263.1910223027285,650.2289086380619,981.1,510.2
2013,1988,3.1592165784250805,1263.1910223027285,650.2289086380619,981.1,510.2
2014,1989,3.1592165784250805,1263.1910223027285,650.2289086380619,981.1,510.2
2015,1990,3.1592165784250805,1108.1910223027285,542.2289086380619,981.1,510.2
2016,1991,3.1592165784250805,1108.1910223027285,542.2289086380619,981.1,510.2
2017,1992,3.1592165784250805,1108.1910223027285,542.2289086380619,981.1,510.2
2018,1993,3.1592165784250805,1108.1910223027285,542.2289086380619,981.1,510.2
2019,1994,3.1592165784250805,1108.1910223027285,542.2289086380619,981.1,510.2
2020,1995,3.1592165784250805,1108.1910223027285,542.2289086380619,981.1,510.2
2021,1996,3.1592165784250805,1108.1910223027285,542.2289086380619,981.1,510.2
2022,1997,2.697470159744575,1108.1910223027285,542.2289086380619,981.1,510.2
2023,1998,2.2408867208580467,953.1910223027286,434.22890863806185,981.1,510.2
2024,1999,1.7894371717528903,953.1910223027286,434.22890863806185,981.1,510.2
2025,2000,1.3430905229884753,953.1910223027286,434.22890863806185,981.1,510.2
2026,2001,0.9018140041454713,953.1910223027286,434.22890863806185,981.1,510.2
2027,2001,0.9018140041454713,953.1910223027286,434.22890863806185,981.1,510.2
2028,2001,0.9018140041454713,953.1910223027286,434.22890863806185,981.1,510.2
2029,2001,0.9018140041454713,953.1910223027286,434.22890863806185,981.1,510.2
2030,2001,0.9018140041454713,953.1910223027286,434.22890863806185,981.1,510.2
2031,2001,0.055447879267337435,953.1910223027286,434.22890863806185,981.1,510.2
2032,2001,0.055447879267337435,953.1910223027286,434.22890863806185,981.1,510.2
2033,2001,0.055447879267337435,953.1910223027286,434.22890863806185,981.1,510.2
2034,2001,0.055447879267337435,953.1910223027286,434.22890863806185,981.1,510.2
2035,2001,0.055447879267337435,953.1910223027286,434.22890863806185,981.1,510.2
2036,2001,0.055447879267337435,953.1910223027286,434.22890863806185,981.1,510.2
2037,2002,0.055447879267337435,953.1910223027286,434.22890863806185,981.1,510.2
2038,2003,0.055447879267337435,953.1910223027286,434.22890863806185,981.1,510.2
2039,2004,0.055447879267337435,953.1910223027286,434.22890863806185,981.1,510.2
2040,2005,0.9996143995512945,953.1910223027286,434.22890863806185,981.1,510.2
2041,2006,0.27946966144496527,953.1910223027286,434.22890863806185,981.1,510.2
2042,2006,0.27946966144496527,953.1910223027286,434.22890863806185,981.1,510.2
2043,2006,0.27946966144496527,953.1910223027286,434.22890863806185,981.1,510.2
2044,2006,0.27946966144496527,953.1910223027286,434.22890863806185,981.1,510.2
2045,2006,0.27946966144496527,953.1910223027286,434.22890863806185,981.1,510.2
2046,2006,0.27946966144496527,953.1910223027286,434.22890863806185,981.1,510.2
2047,2006,0.27946966144496527,953.1910223027286,434.22890863806185,981.1,510.2
2048,2006,0.27946966144496527,953.1910223027286,434.22890863806185,981.1,510.2
2049,2006,0.27946966144496527,953.1910223027286,434.22890863806185,981.1,510.2
2050,2006,0.27946966144496527,953.1910223027286,434.22890863806185,981.1,510.2
2051,2006,0.27946966144496527,953.1910223027286,434.22890863806185,981.1,510.2
2052,2006,0.27946966144496527,953.1910223027286,434.22890863806185,981.1,510.2
2053,2006,0.27946966144496527,953.1910223027286,434.22890863806185,981.1,510.2
2054,2006,0.27946966144496527,953.1910223027286,434.22890863806185,981.1,510.2
2055,2006,0.27946966144496527,953.1910223027286,434.22890863806185,981.1,510.2
2056,2006,0.27946966144496527,953.1910223027286,434.22890863806185,981.1,510.2
2057,2006,0.27946966144496527,953.1910223027286,434.22890863806185,981.1,510.2
2058,2006,0.27946966144496527,953.1910223027286,434.22890863806185,981.1,510.2
2059,2006,0.27946966144496527,953.1910223027286,434.22890863806185,981.1,510.2
2060,2006,0.27946966144496527,953.1910223027286,434.22890863806185,981.1,510.2
2061,2006,0.27946966144496527,953.1910223027286,434.22890863806185,981.1,510.2
2062,2006,0.27946966144496527,953.1910223027286,434.22890863806185,981.1,510.2
2063,2007,0.00015875392372422092,969.1910223027286,549.2289086380619,981.1,510.2
2064,2007,0.00015875392372422092,969.1910223027286,549.2289086380619,981.1,510.2
2065,2007,0.00015875392372422092,969.1910223027286,549.2289086380619,981.1,510.2
2066,2007,0.00015875392372422092,969.1910223027286,549.2289086380619,981.1,510.2
2067,2007,0.00015875392372422092,969.1910223027286,549.2289086380619,981.1,510.2
2068,2007,0.00015875392372422092,969.1910223027286,549.2289086380619,981.1,510.2
2069,2007,0.00015875392372422092,969.1910223027286,549.2289086380619,981.1,510.2
2070,2008,0.7030151720775608,969.1910223027286,549.2289086380619,981.1,510.2
2071,2009,22.5722845012348,985.1910223027286,665.2289086380619,981.1,510.2
2071,2010,21.016652780311723,985.1910223027286,665.2289086380619,981.1,510.2
2071,2011,21.016652780311723,985.1910223027286,665.2289086380619,981.1,510.2
2071,2012,21.016652780311723,985.1910223027286,665.2289086380619,981.1,510.2
2071,2013,21.016652780311723,985.1910223027286,665.2289086380619,981.1,510.2
2071,2014,21.016652780311723,985.1910223027286,665.2289086380619,981.1,510.2
2071,2015,21.016652780311723,985.1910223027286,665.2289086380619,981.1,510.2
2071,2016,21.016652780311723,985.1910223027286,665.2289086380619,981.1,510.2
2071,2017,21.016652780311723,985.1910223027286,665.2289086380619,981.1,510.2
2071,2018,21.016652780311723,985.1910223027286,665.2289086380619,981.1,510.2
2071,2019,21.016652780311723,985.1910223027286,665.2289086380619,981.1,510.2
2071,2020,21.016652780311723,985.1910223027286,665.2289086380619,981.1,510.2
2071,2021,21.016652780311723,985.1910223027286,665.2289086380619,981.1,510.2
2071,2022,21.016652780311723,985.1910223027286,665.2289086380619,981.1,510.2
2071,2023,21.016652780311723,985.1910223027286,665.2289086380619,981.1,510.2
2071,2024,21.016652780311723,985.1910223027286,665.2289086380619,981.1,510.2
2071,2025,21.016652780311723,985.1910223027286,665.2289086380619,981.1,510.2
2071,2026,21.016652780311723,985.1910223027286,665.2289086380619,981.1,510.2
2071,2027,21.016652780311723,985.1910223027286,665.2289086380619,981.1,510.2
2071,2028,21.016652780311723,985.1910223027286,665.2289086380619,981.1,510.2
2071,2029,21.016652780311723,985.1910223027286,665.2289086380619,981.1,510.2
2071,2030,21.016652780311723,985.1910223027286,665.2289086380619,981.1,510.2
2071,2031,21.016652780311723,985.1910223027286,665.2289086380619,981.1,510.2
2071,2032,21.016652780311723,985.1910223027286,665.2289086380619,981.1,510.2
2071,2033,21.016652780311723,929.1910223027286,306.22890863806185,981.1,510.2
2071,2034,21.016652780311723,929.1910223027286,306.22890863806185,981.1,510.2
2071,2035,21.016652780311723,929.1910223027286,306.22890863806185,981.1,510.2
2071,2036,21.016652780311723,929.1910223027286,306.22890863806185,981.1,510.2
2071,2037,21.016652780311723,929.1910223027286,306.22890863806185,981.1,510.2
2071,2038,21.016652780311723,929.1910223027286,306.22890863806185,981.1,510.2
2071,2039,21.016652780311723,929.1910223027286,306.22890863806185,981.1,510.2
2071,2040,21.016652780311723,929.1910223027286,306.22890863806185,981.1,510.2
2071,2041,21.016652780311723,929.1910223027286,306.22890863806185,981.1,510.2
2071,2042,21.016652780311723,929.1910223027286,306.22890863806185,981.1,510.2
2071,2043,21.016652780311723,929.1910223027286,306.22890863806185,981.1,510.2
2071,2044,21.016652780311723,929.1910223027286,306.22890863806185,981.1,510.2
2071,2045,21.016652780311723,929.1910223027286,306.22890863806185,981.1,510.2
2071,2046,21.016652780311723,929.1910223027286,306.22890863806185,981.1,510.2
2071,2047,21.016652780311723,929.1910223027286,306.22890863806185,981.1,510.2
2071,2048,21.016652780311723,929.1910223027286,306.22890863806185,981.1,510.2
2071,2049,21.016652780311723,929.1910223027286,306.22890863806185,981.1,510.2
2071,2050,21.016652780311723,929.1910223027286,306.22890863806185,981.1,510.2
2071,2051,21.016652780311723,929.1910223027286,306.22890863806185,981.1,510.2
2071,2052,21.016652780311723,929.1910223027286,306.22890863806185,981.1,510.2
2071,2053,21.016652780311723,929.1910223027286,306.22890863806185,981.1,510.2
2071,2054,21.016652780311723,929.1910223027286,306.22890863806185,981.1,510.2
2071,2055,21.016652780311723,929.1910223027286,306.22890863806185,981.1,510.2
2071,2056,21.016652780311723,929.1910223027286,306.22890863806185,981.1,510.2
2072,2057,21.016652780311723,929.1910223027286,306.22890863806185,981.1,510.2
2073,2058,21.016652780311723,929.1910223027286,306.22890863806185,981.1,510.2
2074,2059,21.016652780311723,929.1910223027286,306.22890863806185,981.1,510.2
2075,2060,21.016652780311723,929.1910223027286,306.22890863806185,981.1,510.2
2076,2061,21.016652780311723,929.1910223027286,306.22890863806185,981.1,510.2
2077,2062,21.016652780311723,929.1910223027286,306.22890863806185,981.1,510.2
2078,2063,21.016652780311723,929.1910223027286,306.22890863806185,981.1,510.2
2079,2064,21.016652780311723,929.1910223027286,306.22890863806185,981.1,510.2
2080,2065,21.02130834644041,925.1910223027286,273.22890863806185,981.1,510.2
2081,2066,20.875138344292964,925.1910223027286,273.22890863806185,981.1,510.2
2082,2067,12.380945053598142,925.1910223027286,273.22890863806185,981.1,510.2
2083,2068,1.732972311681741,925.1910223027286,273.22890863806185,981.1,510.2
2084,2069,1.73720478296933,925.1910223027286,273.22890863806185,981.1,510.2
2084,2070,1.7529073944386446,925.1910223027286,273.22890863806185,981.1,510.2
2084,2071,1.7529073944386446,925.1910223027286,273.22890863806185,981.1,510.2
2084,2072,1.7529073944386446,925.1910223027286,273.22890863806185,981.1,510.2
2084,2073,1.4763457652288299,925.1910223027286,273.22890863806185,981.1,510.2
2084,2074,1.1875428353632511,925.1910223027286,273.22890863806185,981.1,510.2
2084,2075,0.887970462809077,925.1910223027286,273.22890863806185,981.1,510.2
2084,2076,0.5795561894801288,925.1910223027286,273.22890863806185,981.1,510.2
2084,2077,0.2646416013554986,925.1910223027286,273.22890863806185,981.1,510.2
2084,2078,0.2646416013554986,925.1910223027286,273.22890863806185,981.1,510.2
2084,2079,0.2646416013554986,925.1910223027286,273.22890863806185,981.1,510.2
2084,2080,0.2646416013554986,925.1910223027286,273.22890863806185,981.1,510.2
2084,2081,0.2646416013554986,879.1910223027286,448.22890863806185,981.1,510.2
2084,2082,0.2646416013554986,879.1910223027286,448.22890863806185,981.1,510.2
2084,2083,0.2646416013554986,879.1910223027286,448.22890863806185,981.1,510.2
2084,2084,0.2646416013554986,879.1910223027286,448.22890863806185,981.1,510.2
2084,2085,0.2646416013554986,879.1910223027286,448.22890863806185,981.1,510.2
2084,2086,0.2646416013554986,879.1910223027286,448.22890863806185,969.725,541.475
2084,2087,0.2646416013554986,879.1910223027286,448.22890863806185,958.35,572.75
2084,2088,0.2646416013554986,879.1910223027286,448.22890863806185,946.975,604.025
2084,2089,0.2646416013554986,834.1910223027286,623.2289086380619,935.6,635.3
2084,2090,0.2646416013554986,834.1910223027286,623.2289086380619,935.6,635.3
2084,2091,0.2646416013554986,834.1910223027286,623.2289086380619,935.6,635.3
2084,2092,0.2646416013554986,834.1910223027286,623.2289086380619,935.6,635.3
2084,2093,0.2646416013554986,834.1910223027286,623.2289086380619,935.6,635.3
2084,2094,0.2646416013554986,834.1910223027286,623.2289086380619,935.6,635.3
2084,2095,0.2646416013554986,834.1910223027286,623.2289086380619,935.6,635.3
2084,2096,0.2646416013554986,834.1910223027286,623.2289086380619,935.6,635.3
2084,2097,0.2646416013554986,749.1910223027286,647.2289086380619,935.6,635.3
2084,2098,0.2646416013554986,749.1910223027286,647.2289086380619,935.6,635.3
2084,2099,0.2646416013554986,749.1910223027286,647.2289086380619,935.6,635.3
2084,2100,0.2646416013554986,749.1910223027286,647.2289086380619,935.6,635.3
2084,2101,0.2646416013554986,749.1910223027286,647.2289086380619,935.6,635.3
2084,2102,0.2646416013554986,749.1910223027286,647.2289086380619,935.6,635.3
2084,2103,0.2646416013554986,749.1910223027286,647.2289086380619,935.6,635.3
2084,2104,0.2646416013554986,749.1910223027286,647.2289086380619,935.7428571428571,635.6642857142857
2084,2105,0.2646416013554986,665.1910223027286,671.2289086380619,935.8857142857144,636.0285714285714
2084,2106,0.2646416013554986,665.1910223027286,671.2289086380619,936.0285714285715,636.3928571428571
2084,2107,0.2646416013554986,665.1910223027286,671.2289086380619,936.1714285714286,636.7571428571429
2084,2108,0.2646416013554986,665.1910223027286,671.2289086380619,936.3142857142857,637.1214285714285
2084,2109,0.2646416013554986,665.1910223027286,671.2289086380619,936.4571428571429,637.4857142857143
2084,2110,0.2646416013554986,665.1910223027286,671.2289086380619,936.6,637.8499999999999
2084,2111,0.2646416013554986,665.1910223027286,671.2289086380619,936.7428571428571,638.2142857142857
2084,2112,0.2646416013554986,665.1910223027286,671.2289086380619,936.8857142857144,638.5785714285714
2084,2113,0.2646416013554986,665.1910223027286,671.2289086380619,937.0285714285715,638.9428571428571
2085,2114,0.2646416013554986,665.1910223027286,671.2289086380619,937.1714285714286,639.3071428571428
2086,2115,0.2646416013554986,665.1910223027286,671.2289086380619,937.3142857142857,639.6714285714286
2087,2116,0.6485727146880339,665.1910223027286,671.2289086380619,937.4571428571429,640.0357142857142
2087,2117,0.6853342939047895,665.1910223027286,671.2289086380619,937.6,640.4
2087,2118,0.7172576731779498,665.1910223027286,671.2289086380619,937.6,640.4
2087,2119,0.7449372646547601,665.1910223027286,671.2289086380619,937.6,640.4
2087,2120,0.7689697150327744,665.1910223027286,671.2289086380619,937.6,640.4
2087,2121,0.7689697150327744,665.1910223027286,671.2289086380619,937.6,640.4
2087,2122,0.7689697150327744,665.1910223027286,671.2289086380619,937.6,640.4
2087,2123,0.7689697150327744,665.1910223027286,671.2289086380619,937.6,640.4
2087,2124,0.7689697150327744,665.1910223027286,671.2289086380619,937.6,640.4
2087,2125,0.7689697150327744,665.1910223027286,671.2289086380619,937.6,640.4
2087,2126,0.7689697150327744,665.1910223027286,671.2289086380619,937.6,640.4
2087,2127,0.7689697150327744,665.1910223027286,671.2289086380619,937.6,640.4
2087,2128,0.7218946204068714,665.1910223027286,671.2289086380619,936.54,641.06
2087,2129,0.6615557974909114,665.1910223027286,671.2289086380619,935.48,641.72
2087,2130,0.5851900067498388,665.1910223027286,671.2289086380619,934.42,642.38
2087,2131,0.49262453005574697,665.1910223027286,671.2289086380619,933.36,643.0400000000001
2087,2132,0.49262453005574697,665.1910223027286,671.2289086380619,932.3,643.7
2087,2133,0.49262453005574697,665.1910223027286,671.2289086380619,932.3,643.7
2087,2134,0.49262453005574697,665.1910223027286,671.2289086380619,932.3,643.7
2087,2135,0.47145445519090584,665.1910223027286,671.2289086380619,932.3,643.7
2087,2136,0.4537206353267757,665.1910223027286,671.2289086380619,932.3,643.7
2087,2137,0.4386992805053895,665.1910223027286,671.2289086380619,932.3,643.7
2087,2138,0.4386992805053895,665.1910223027286,671.2289086380619,932.3,643.7
2087,2139,0.4386992805053895,665.1910223027286,671.2289086380619,932.3,643.7
2087,2140,0.4386992805053895,665.1910223027286,671.2289086380619,932.3,643.7
2087,2141,0.4386992805053895,665.1910223027286,671.2289086380619,932.3,643.7
2087,2142,0.4386992805053895,665.1910223027286,671.2289086380619,932.3,643.7
2087,2143,0.4386992805053895,665.1910223027286,671.2289086380619,932.3,643.7
2087,2144,0.4386992805053895,665.1910223027286,671.2289086380619,932.3,643.7
2087,2145,0.4386992805053895,665.1910223027286,671.2289086380619,932.3,643.7
2087,2146,0.4386992805053895,665.1910223027286,671.2289086380619,932.3,643.7
2087,2147,0.4386992805053895,665.1910223027286,671.2289086380619,932.3,643.7
2087,2148,0.4386992805053895,665.1910223027286,671.2289086380619,932.3,643.7
2087,2149,0.4386992805053895,665.1910223027286,671.2289086380619,932.3,643.7
2087,2150,0.4386992805053895,665.1910223027286,671.2289086380619,932.3,643.7
2087,2151,0.4386992805053895,665.1910223027286,671.2289086380619,932.3,643.7
2087,2152,0.4386992805053895,665.1910223027286,671.2289086380619,932.3,643.7
2087,2153,0.4386992805053895,665.1910223027286,671.2289086380619,932.3,643.7
2087,2154,0.4386992805053895,665.1910223027286,671.2289086380619,932.3,643.7
2087,2155,0.4630274997185732,665.1910223027286,671.2289086380619,932.3,643.7
2087,2156,0.4861243644441658,665.1910223027286,671.2289086380619,932.3,643.7
2087,2157,0.5079526775846777,665.1910223027286,671.2289086380619,932.3,643.7
2088,2158,0.5079526775846777,665.1910223027286,671.2289086380619,932.3,643.7
2089,2159,0.4382118962188661,665.1910223027286,671.2289086380619,932.3,643.7
2090,2160,0.33690157497052975,665.1910223027286,671.2289086380619,932.3,643.7
2091,2161,0.19834428788554515,665.1910223027286,671.2289086380619,932.3,643.7
2092,2162,0.04044745360173943,665.1910223027286,671.2289086380619,932.3,643.7
2093,2163,0.04044745360173943,665.1910223027286,671.2289086380619,932.3,643.7
2094,2164,0.04044745360173943,665.1910223027286,671.2289086380619,932.3,643.7
2095,2165,20.83872883543777,665.1910223027286,671.2289086380619,932.3,643.7
2096,2165,20.83872883543777,665.1910223027286,671.2289086380619,932.3,643.7
2097,2165,20.83872883543777,665.1910223027286,671.2289086380619,933.2199999999999,644.5400000000001
2098,2165,20.83872883543777,665.1910223027286,671.2289086380619,934.14,645.38
2099,2165,20.83872883543777,796.1910223027286,625.2289086380619,935.06,646.22
2100,2165,20.83872883543777,796.1910223027286,625.2289086380619,935.98,647.0600000000001
2101,2165,20.83872883543777,796.1910223027286,625.2289086380619,936.9,647.9000000000001
2102,2165,20.83872883543777,796.1910223027286,625.2289086380619,937.8199999999999,648.74
2103,2165,20.83872883543777,796.1910223027286,625.2289086380619,938.74,649.58
2104,2165,20.83872883543777,796.1910223027286,625.2289086380619,939.66,650.4200000000001
2105,2165,20.83872883543777,796.1910223027286,625.2289086380619,940.58,651.26
2106,2165,20.83872883543777,796.1910223027286,625.2289086380619,941.5,652.1
2107,2165,20.83872883543777,927.1910223027286,579.2289086380619,941.5,652.1
2108,2165,20.83872883543777,927.1910223027286,579.2289086380619,941.5,652.1
2109,2165,20.83872883543777,927.1910223027286,579.2289086380619,941.5,652.1
2110,2165,20.83872883543777,927.1910223027286,579.2289086380619,941.5,652.1
2111,2165,20.83872883543777,927.1910223027286,579.2289086380619,941.5,652.1
2112,2165,20.83872883543777,927.1910223027286,579.2289086380619,941.5,652.1
2113,2165,20.83872883543777,927.1910223027286,579.2289086380619,941.5,652.1
2114,2165,20.83872883543777,927.1910223027286,579.2289086380619,941.5,652.1
2115,2165,20.83872883543777,927.1910223027286,579.2289086380619,941.5,652.1
2116,2165,20.83872883543777,927.1910223027286,579.2289086380619,941.5,652.1
2117,2165,20.83872883543777,927.1910223027286,579.2289086380619,941.5,652.1
2118,2165,20.83872883543777,927.1910223027286,579.2289086380619,941.5,652.1
2119,2165,20.83872883543777,927.1910223027286,579.2289086380619,941.5,652.1
2120,2165,20.83872883543777,927.1910223027286,579.2289086380619,941.5,652.1
2121,2165,20.83872883543777,927.1910223027286,579.2289086380619,941.5,652.1
2122,2165,20.83872883543777,927.1910223027286,579.2289086380619,941.5,652.1
2123,2165,20.83872883543777,927.1910223027286,579.2289086380619,941.5,652.1
2124,2165,20.83872883543777,927.1910223027286,579.2289086380619,941.5,652.1
2125,2165,20.83872883543777,927.1910223027286,579.2289086380619,941.5,652.1
2126,2165,20.83872883543777,927.1910223027286,579.2289086380619,941.5,652.1
2127,2165,4.323645639294129,927.1910223027286,579.2289086380619,941.5,652.1
2128,2165,4.323645639294129,927.1910223027286,579.2289086380619,941.3285714285714,652.8142857142857
2129,2165,4.323645639294129,927.1910223027286,579.2289086380619,941.1571428571428,653.5285714285715
2130,2165,4.323645639294129,927.1910223027286,579.2289086380619,940.9857142857143,654.2428571428571
2131,2165,4.323645639294129,927.1910223027286,579.2289086380619,940.8142857142857,654.9571428571429
2132,2165,4.323645639294129,927.1910223027286,579.2289086380619,940.6428571428571,655.6714285714286
2133,2165,4.323645639294129,927.1910223027286,579.2289086380619,940.4714285714285,656.3857142857144
2134,2165,4.323645639294129,927.1910223027286,579.2289086380619,940.3,657.1
2135,2165,4.323645639294129,927.1910223027286,579.2289086380619,940.3,657.1
2136,2165,4.323645639294129,927.1910223027286,579.2289086380619,940.3,657.1
2137,2165,4.323645639294129,927.1910223027286,579.2289086380619,940.3,657.1
2138,2165,4.323645639294129,927.1910223027286,579.2289086380619,940.3,657.1
2139,2165,4.323645639294129,943.1910223027286,633.2289086380619,940.3,657.1
2140,2165,4.323645639294129,943.1910223027286,633.2289086380619,940.3,657.1
2141,2165,4.323645639294129,943.1910223027286,633.2289086380619,940.3,657.1
2142,2165,4.323645639294129,943.1910223027286,633.2289086380619,940.3,657.1
2143,2165,4.323645639294129,943.1910223027286,633.2289086380619,940.3,657.1
2144,2165,4.323645639294129,943.1910223027286,633.2289086380619,940.3,657.1
2145,2165,4.323645639294129,943.1910223027286,633.2289086380619,940.3,657.1
2146,2165,4.323645639294129,943.1910223027286,633.2289086380619,940.3,657.1
2147,2165,4.323645639294129,959.1910223027286,687.2289086380619,940.3,657.1
2148,2165,4.323645639294129,959.1910223027286,687.2289086380619,940.3,657.1
2149,2165,4.323645639294129,959.1910223027286,687.2289086380619,940.3,657.1
2150,2165,4.323645639294129,959.1910223027286,687.2289086380619,940.3,657.1
2151,2165,4.323645639294129,959.1910223027286,687.2289086380619,940.3,657.1
2152,2165,4.323645639294129,959.1910223027286,687.2289086380619,941.4857142857143,656.4571428571429
2153,2165,4.323645639294129,959.1910223027286,687.2289086380619,942.6714285714286,655.8142857142857
2154,2165,4.323645639294129,959.1910223027286,687.2289086380619,943.8571428571429,655.1714285714286
2155,2165,4.323645639294129,959.1910223027286,687.2289086380619,945.0428571428571,654.5285714285715
2156,2165,4.323645639294129,959.1910223027286,687.2289086380619,946.2285714285714,653.8857142857144
2157,2165,4.323645639294129,959.1910223027286,687.2289086380619,947.4142857142857,653.2428571428571
2158,2165,4.323645639294129,959.1910223027286,687.2289086380619,948.6,652.6
2159,2165,4.323645639294129,959.1910223027286,687.2289086380619,948.6,652.6
2160,2165,4.323645639294129,959.1910223027286,687.2289086380619,948.6,652.6
2161,2165,4.323645639294129,959.1910223027286,687.2289086380619,948.6,652.6
2162,2165,4.323645639294129,959.1910223027286,687.2289086380619,948.6,652.6
2163,2165,4.323645639294129,959.1910223027286,687.2289086380619,948.6,652.6
2164,2165,4.323645639294129,959.1910223027286,687.2289086380619,948.6,652.6
2165,2165,4.323645639294129,959.1910223027286,687.2289086380619,948.6,652.6
2166,2165,4.323645639294129,959.1910223027286,687.2289086380619,948.6,652.6
2167,2165,4.323645639294129,959.1910223027286,687.2289086380619,948.6,652.6
2168,2165,4.323645639294129,959.1910223027286,687.2289086380619,948.6,652.6
2169,2165,4.323645639294129,959.1910223027286,687.2289086380619,948.54,654.28
2170,2165,4.323645639294129,959.1910223027286,687.2289086380619,948.48,655.96
2171,2165,4.323645639294129,959.1910223027286,687.2289086380619,948.42,657.64
2172,2165,4.323645639294129,959.1910223027286,687.2289086380619,948.36,659.32
2173,2165,4.323645639294129,959.1910223027286,687.2289086380619,948.3,661.0
2174,2165,4.323645639294129,959.1910223027286,687.2289086380619,948.3,661.0
2175,2165,4.323645639294129,959.1910223027286,687.2289086380619,948.3,661.0
2176,2165,4.323645639294129,959.1910223027286,687.2289086380619,948.3,661.0
2177,2165,4.323645639294129,959.1910223027286,687.2289086380619,948.3,661.0
2178,2165,4.323645639294129,959.1910223027286,687.2289086380619,948.3,661.0
2179,2165,4.323645639294129,990.1910223027286,679.2289086380619,948.3,661.0
2180,2165,4.323645639294129,990.1910223027286,679.2289086380619,948.3,661.0
2181,2165,4.323645639294129,990.1910223027286,679.2289086380619,948.3,661.0
2182,2165,4.323645639294129,990.1910223027286,679.2289086380619,948.3,661.0
2183,2165,4.323645639294129,990.1910223027286,679.2289086380619,948.3,661.0
2184,2165,27.792688289122378,990.1910223027286,679.2289086380619,948.3,661.0
2185,2165,27.792688289122378,990.1910223027286,679.2289086380619,948.3,661.0
2186,2165,27.792688289122378,990.1910223027286,679.2289086380619,948.3,661.0
2187,2165,27.792688289122378,990.1910223027286,679.2289086380619,948.3,661.0
2188,2165,27.792688289122378,990.1910223027286,679.2289086380619,955.4749999999999,618.425
2189,2165,27.792688289122378,990.1910223027286,679.2289086380619,962.65,575.85
2190,2165,27.792688289122378,990.1910223027286,679.2289086380619,969.825,533.275
2191,2165,27.792688289122378,990.1910223027286,679.2289086380619,977.0,490.7
2192,2165,27.792688289122378,990.1910223027286,679.2289086380619,977.0,490.7
2193,2165,111.06126457587956,990.1910223027286,679.2289086380619,977.0,490.7
2194,2165,111.06126457587956,990.1910223027286,679.2289086380619,977.0,490.7
2195,2165,111.06126457587956,990.1910223027286,679.2289086380619,977.0,490.7
2196,2165,111.06126457587956,990.1910223027286,679.2289086380619,977.0,490.7
2197,2165,111.06126457587956,990.1910223027286,679.2289086380619,977.0,490.7
2198,2165,111.06126457587956,990.1910223027286,679.2289086380619,977.0,490.7
2199,2165,111.06126457587956,990.1910223027286,679.2289086380619,977.0,490.7
2200,2165,111.06126457587956,990.1910223027286,679.2289086380619,977.0,490.7
2201,2165,111.06126457587956,990.1910223027286,679.2289086380619,977.0,490.7
2202,2165,111.06126457587956,990.1910223027286,679.2289086380619,977.0,490.7
2203,2165,111.06126457587956,990.1910223027286,679.2289086380619,977.0,490.7
2204,2165,111.06126457587956,990.1910223027286,679.2289086380619,977.0,490.7
2205,2165,111.06126457587956,990.1910223027286,679.2289086380619,977.0,490.7
2206,2165,111.06126457587956,990.1910223027286,679.2289086380619,977.0,490.7
2207,2165,111.06126457587956,990.1910223027286,679.2289086380619,977.0,490.7
2208,2165,111.06126457587956,990.1910223027286,679.2289086380619,977.0,490.7
2209,2165,111.06126457587956,990.1910223027286,679.2289086380619,977.0,490.7
2210,2165,111.06126457587956,990.1910223027286,679.2289086380619,977.0,490.7
2211,2165,111.06126457587956,959.1910223027286,675.2289086380619,977.0,490.7
2212,2165,111.06126457587956,959.1910223027286,675.2289086380619,977.0,490.7
2213,2166,129.0712405580308,959.1910223027286,675.2289086380619,977.0,490.7
2214,2167,143.43959655691756,959.1910223027286,675.2289086380619,977.0,490.7
2215,2168,121.93119164912441,959.1910223027286,675.2289086380619,977.0,490.7
2216,2169,114.40913454806211,959.1910223027286,675.2289086380619,977.0,490.7
2217,2170,108.9246326557136,959.1910223027286,675.2289086380619,977.0,490.7
2218,2171,108.9246326557136,959.1910223027286,675.2289086380619,977.0,490.7
2219,2172,108.9246326557136,959.1910223027286,675.2289086380619,977.0,490.7
2220,2173,108.9246326557136,959.1910223027286,675.2289086380619,977.0,490.7
2221,2174,108.9246326557136,959.1910223027286,675.2289086380619,977.0,490.7
2222,2175,108.9246326557136,959.1910223027286,675.2289086380619,977.0,490.7
2223,2176,77.67046603692711,959.1910223027286,675.2289086380619,977.0,490.7
2224,2177,77.67046603692711,959.1910223027286,675.2289086380619,977.0,490.7
2225,2178,77.67046603692711,959.1910223027286,675.2289086380619,977.0,490.7
2226,2179,77.67046603692711,959.1910223027286,675.2289086380619,977.0,490.7
2227,2180,77.67046603692711,959.1910223027286,675.2289086380619,977.0,490.7
2228,2181,77.67046603692711,959.1910223027286,675.2289086380619,977.0,490.7
2229,2182,77.67046603692711,959.1910223027286,675.2289086380619,977.0,490.7
2230,2183,77.67046603692711,959.1910223027286,675.2289086380619,977.0,490.7
2231,2184,77.67046603692711,959.1910223027286,675.2289086380619,977.0,490.7
2232,2185,77.67046603692711,959.1910223027286,675.2289086380619,977.0,490.7
2233,2186,77.67046603692711,959.1910223027286,675.2289086380619,977.0,490.7
2234,2187,77.67046603692711,959.1910223027286,675.2289086380619,977.0,490.7
2235,2188,77.67046603692711,959.1910223027286,675.2289086380619,977.0,490.7
2236,2189,77.67046603692711,959.1910223027286,675.2289086380619,977.0,490.7
2237,2190,77.67046603692711,959.1910223027286,675.2289086380619,977.0,490.7
2238,2191,77.56143475898503,959.1910223027286,675.2289086380619,977.0,490.7
2239,2192,77.45585109146872,959.1910223027286,675.2289086380619,977.0,490.7
2240,2193,77.35355474162819,959.1910223027286,675.2289086380619,977.0,490.7
2241,2194,77.35355474162819,959.1910223027286,675.2289086380619,977.0,490.7
2242,2195,77.35355474162819,959.1910223027286,675.2289086380619,977.0,490.7
2243,2196,77.35355474162819,959.1910223027286,675.2289086380619,977.0,490.7
2244,2197,75.78687472695671,959.1910223027286,675.2289086380619,977.0,490.7
2245,2198,74.51469631825749,959.1910223027286,675.2289086380619,977.0,490.7
2246,2199,73.46208168059276,959.1910223027286,675.2289086380619,977.0,490.7
2247,2200,72.92211585664802,959.1910223027286,675.2289086380619,977.0,490.7
2248,2201,72.16827179299446,959.1910223027286,675.2289086380619,977.0,490.7
2249,2202,72.16827179299446,959.1910223027286,675.2289086380619,977.0,490.7
2250,2203,72.16827179299446,-,-,-,-
2251,2204,72.16827179299446,-,-,-,-
2252,2205,72.16827179299446,-,-,-,-
2253,2206,72.16827179299446,-,-,-,-
2254,2207,72.16827179299446,-,-,-,-
2255,2208,72.16827179299446,-,-,-,-
2256,2209,72.63279115577689,-,-,-,-
2257,2210,72.63279115577689,-,-,-,-
2258,2211,72.63279115577689,-,-,-,-
2259,2212,72.63279115577689,-,-,-,-
2260,2213,70.85384709771506,-,-,-,-
2261,2214,69.03843036923315,-,-,-,-
2262,2215,67.18915995944393,-,-,-,-
2263,2216,52.34471436848938,-,-,-,-
2264,2217,52.34471436848938,-,-,-,-
2265,2218,52.34471436848938,-,-,-,-
2266,2219,52.34471436848938,-,-,-,-
2267,2220,52.34471436848938,-,-,-,-
2268,2221,52.34471436848938,-,-,-,-
2269,2222,52.34471436848938,-,-,-,-
2270,2223,52.34471436848938,-,-,-,-
2271,2224,13.91526623276135,-,-,-,-
2272,2225,13.91526623276135,-,-,-,-
2273,2226,11.33679295150833,-,-,-,-
2274,2227,8.644027473721902,-,-,-,-
2275,2228,5.841874270573958,-,-,-,-
2276,2229,2.9377268620045736,-,-,-,-
2277,2229,2.9377268620045736,-,-,-,-
2278,2229,2.9377268620045736,-,-,-,-
2279,2229,2.9377268620045736,-,-,-,-
2280,2229,2.9377268620045736,-,-,-,-
2281,2229,2.9377268620045736,-,-,-,-
2282,2229,2.9377268620045736,-,-,-,-
2283,2229,2.9377268620045736,-,-,-,-
2284,2229,2.9377268620045736,-,-,-,-
2285,2229,2.9377268620045736,-,-,-,-
2286,2229,2.9377268620045736,-,-,-,-
2287,2229,2.9377268620045736,-,-,-,-
2288,2229,2.9377268620045736,-,-,-,-
2289,2229,2.9377268620045736,-,-,-,-
2290,2230,2.9377268620045736,-,-,-,-
2291,2231,2.9377268620045736,-,-,-,-
2292,2232,2.9377268620045736,-,-,-,-
2293,2233,2.9377268620045736,-,-,-,-
2294,2234,2.9377268620045736,-,-,-,-
2295,2235,2.9377268620045736,-,-,-,-
2296,2236,2.9377268620045736,-,-,-,-
2297,2237,2.9377268620045736,-,-,-,-
2298,2238,8.451748176602782,-,-,-,-
2299,2239,13.560676955420426,-,-,-,-
2300,2240,18.235589329348183,-,-,-,-
2301,2241,22.47512904782814,-,-,-,-
2302,2242,22.47512904782814,-,-,-,-
2303,2243,0.285612173317057,-,-,-,-
2303,2244,0.285612173317057,-,-,-,-
2303,2245,0.285612173317057,-,-,-,-
2303,2246,0.285612173317057,-,-,-,-
2303,2247,0.285612173317057,-,-,-,-
2303,2248,0.285612173317057,-,-,-,-
2303,2249,0.29099352150114605,-,-,-,-
2303,2250,0.29134612365703927,-,-,-,-
2303,2251,0.2863818248310473,-,-,-,-
2303,2252,0.281648295146044,-,-,-,-
2303,2253,0.281648295146044,-,-,-,-
2303,2254,0.281648295146044,-,-,-,-
2303,2255,0.281648295146044,-,-,-,-
2303,2256,0.281648295146044,-,-,-,-
2303,2257,0.281648295146044,-,-,-,-
2303,2258,0.281648295146044,-,-,-,-
2303,2259,0.2828555659587065,-,-,-,-
2303,2260,0.28416060469320603,-,-,-,-
2303,2261,0.285575212622667,-,-,-,-
2303,2262,0.287113056060594,-,-,-,-
2303,2263,0.287113056060594,-,-,-,-
2303,2264,0.287113056060594,-,-,-,-
2303,2265,0.287113056060594,-,-,-,-
2303,2266,0.287113056060594,-,-,-,-
2303,2267,0.287113056060594,-,-,-,-
2303,2268,0.287113056060594,-,-,-,-
2303,2269,0.287113056060594,-,-,-,-
2303,2270,0.287113056060594,-,-,-,-
2303,2271,0.287113056060594,-,-,-,-
2303,2272,0.287113056060594,-,-,-,-
2303,2273,0.287113056060594,-,-,-,-
2303,2274,0.287113056060594,-,-,-,-
2303,2275,0.008139931610608477,-,-,-,-
2303,2276,0.00545376900851278,-,-,-,-
2303,2277,1.6126282845363775,-,-,-,-
2303,2278,3.570926314788103,-,-,-,-
2303,2279,3.570926314788103,-,-,-,-
2303,2280,3.570926314788103,-,-,-,-
2303,2281,3.570926314788103,-,-,-,-
2303,2282,3.570926314788103,-,-,-,-
2303,2283,3.570926314788103,-,-,-,-
2303,2284,3.570926314788103,-,-,-,-
2303,2285,3.570926314788103,-,-,-,-
2303,2286,3.570926314788103,-,-,-,-
2303,2287,3.570926314788103,-,-,-,-
2303,2288,3.570926314788103,-,-,-,-
2303,2289,3.570926314788103,-,-,-,-
2303,2290,3.570926314788103,-,-,-,-
2303,2291,3.570926314788103,-,-,-,-
2303,2292,3.570926314788103,-,-,-,-
2303,2293,3.570926314788103,-,-,-,-
2303,2294,3.570926314788103,-,-,-,-
2303,2295,3.570926314788103,-,-,-,-
2303,2296,3.570926314788103,-,-,-,-
2303,2297,3.570926314788103,-,-,-,-
2303,2298,3.570926314788103,-,-,-,-
2303,2299,3.570926314788103,-,-,-,-
2303,2300,3.570926314788103,-,-,-,-
2303,2301,3.570926314788103,-,-,-,-
2303,2302,3.570926314788103,-,-,-,-
2303,2303,3.570926314788103,-,-,-,-
2303,2304,3.570926314788103,-,-,-,-
2303,2305,3.570926314788103,-,-,-,-
2303,2306,3.570926314788103,-,-,-,-
2303,2307,3.570926314788103,-,-,-,-
2303,2308,3.570926314788103,-,-,-,-
2303,2309,3.570926314788103,-,-,-,-
2303,2310,3.570926314788103,-,-,-,-
2303,2311,3.570926314788103,-,-,-,-
2303,2312,3.570926314788103,-,-,-,-
2303,2313,3.314184207246026,-,-,-,-
2303,2314,3.0347215496182844,-,-,-,-
2303,2315,2.7274169893305253,-,-,-,-
2303,2316,2.3842374600028884,-,-,-,-
2304,2317,1.9930421039254869,-,-,-,-
2305,2318,1.9930421039254869,-,-,-,-
2306,2319,1.9930421039254869,-,-,-,-
2307,2320,1.9930421039254869,-,-,-,-
2308,2321,1.9930421039254869,-,-,-,-
2309,2322,1.9930421039254869,-,-,-,-
2310,2323,1.9930421039254869,-,-,-,-
2311,2324,7.915241006787341,-,-,-,-
2312,2325,7.915241006787341,-,-,-,-
2313,2326,7.915241006787341,-,-,-,-
2314,2327,7.915241006787341,-,-,-,-
2315,2328,7.915241006787341,-,-,-,-
2316,2329,7.915241006787341,-,-,-,-
2317,2330,7.915241006787341,-,-,-,-
2318,2331,7.915241006787341,-,-,-,-
2319,2332,7.915241006787341,-,-,-,-
2320,2333,7.915241006787341,-,-,-,-
2321,2334,7.915241006787341,-,-,-,-
2322,2335,7.915241006787341,-,-,-,-
2323,2336,7.915241006787341,-,-,-,-
2324,2337,7.915241006787341,-,-,-,-
2325,2338,7.915241006787341,-,-,-,-
2326,2339,7.915241006787341,-,-,-,-
2327,2340,0.29356234779735096,-,-,-,-
2328,2340,0.29356234779735096,-,-,-,-
2329,2340,0.29356234779735096,-,-,-,-
2330,2340,0.29356234779735096,-,-,-,-
2331,2340,0.29356234779735096,-,-,-,-
2332,2340,0.29356234779735096,-,-,-,-
2333,2340,0.29356234779735096,-,-,-,-
2334,2340,0.29356234779735096,-,-,-,-
2335,2340,0.7007400001953296,-,-,-,-
2336,2340,0.7007400001953296,-,-,-,-
2337,2340,0.7007400001953296,-,-,-,-
2338,2340,0.7007400001953296,-,-,-,-
2339,2340,0.7007400001953296,-,-,-,-
2340,2340,0.7007400001953296,-,-,-,-
2341,2341,6.060125902397988,-,-,-,-
2342,2342,11.593695477144578,-,-,-,-
2343,2343,161.87605304710627,-,-,-,-
2344,2344,158.14808128962653,-,-,-,-
2345,2345,155.04803431798217,-,-,-,-
2346,2346,152.44407420431972,-,-,-,-
2347,2347,150.2345274199543,-,-,-,-
2348,2348,148.34139386532328,-,-,-,-
2349,2349,146.70462085838116,-,-,-,-
2350,2349,146.70462085838116,-,-,-,-
2351,2349,146.70462085838116,-,-,-,-
2352,2349,146.70462085838116,-,-,-,-
2353,2349,146.70462085838116,-,-,-,-
2354,2349,146.70462085838116,-,-,-,-
2355,2349,146.70462085838116,-,-,-,-
2356,2349,146.70462085838116,-,-,-,-
2357,2349,146.70462085838116,-,-,-,-
2358,2350,146.70462085838116,-,-,-,-
2359,2351,146.70462085838116,-,-,-,-
2360,2352,146.70462085838116,-,-,-,-
2361,2353,146.70462085838116,-,-,-,-
2362,2354,146.70462085838116,-,-,-,-
2363,2355,146.70462085838116,-,-,-,-
2364,2356,146.70462085838116,-,-,-,-
2365,2357,146.70462085838116,-,-,-,-
2366,2358,146.9428993808553,-,-,-,-
2367,2359,147.17753246171398,-,-,-,-
2368,2360,147.40859543178186,-,-,-,-
2369,2361,147.63616181148308,-,-,-,-
2370,2362,147.63616181148308,-,-,-,-
2371,2363,147.63616181148308,-,-,-,-
2372,2364,147.63616181148308,-,-,-,-
2373,2365,147.63616181148308,-,-,-,-
2374,2366,147.63616181148308,-,-,-,-
2375,2366,16.253931647151887,-,-,-,-
2376,2366,16.253931647151887,-,-,-,-
2377,2366,16.253931647151887,-,-,-,-
2378,2366,16.253931647151887,-,-,-,-
2379,2366,16.253931647151887,-,-,-,-
2380,2366,16.253931647151887,-,-,-,-
2381,2366,16.253931647151887,-,-,-,-
2382,2366,16.253931647151887,-,-,-,-
2383,2366,16.253931647151887,-,-,-,-
2384,2366,16.253931647151887,-,-,-,-
2385,2366,16.253931647151887,-,-,-,-
2386,2366,16.253931647151887,-,-,-,-
2387,2366,16.253931647151887,-,-,-,-
2388,2366,16.253931647151887,-,-,-,-
2389,2366,16.253931647151887,-,-,-,-
2390,2366,16.253931647151887,-,-,-,-
2391,2366,16.253931647151887,-,-,-,-
2392,2366,16.253931647151887,-,-,-,-
2393,2366,16.253931647151887,-,-,-,-
2394,2366,16.253931647151887,-,-,-,-
2395,2366,16.253931647151887,-,-,-,-
2396,2366,16.253931647151887,-,-,-,-
2397,2366,16.253931647151887,-,-,-,-
2398,2366,16.253931647151887,-,-,-,-
2399,2366,16.253931647151887,-,-,-,-
2400,2367,16.253931647151887,-,-,-,-
2401,2368,16.253931647151887,-,-,-,-
2402,2369,16.253931647151887,-,-,-,-
2403,2370,17.615094364127458,-,-,-,-
2404,2371,19.786705497521123,-,-,-,-
2405,2372,23.67848084850209,-,-,-,-
2406,2373,32.82807422248261,-,-,-,-
2407,2374,3.7281301474757713,-,-,-,-
2407,2375,3.7281301474757713,-,-,-,-
2407,2376,3.7281301474757713,-,-,-,-
2407,2377,3.7281301474757713,-,-,-,-
2407,2378,3.7281301474757713,-,-,-,-
2407,2379,3.7281301474757713,-,-,-,-
2407,2380,3.7281301474757713,-,-,-,-
2407,2381,3.7281301474757713,-,-,-,-
2407,2382,3.7281301474757713,-,-,-,-
2407,2383,3.7281301474757713,-,-,-,-
2407,2384,3.7281301474757713,-,-,-,-
2407,2385,3.7281301474757713,-,-,-,-
2407,2386,3.7281301474757713,-,-,-,-
2408,2387,3.7281301474757713,-,-,-,-
2409,2388,3.7281301474757713,-,-,-,-
2410,2389,3.7281301474757713,-,-,-,-
2411,2390,3.7281301474757713,-,-,-,-
2412,2391,3.7281301474757713,-,-,-,-
2413,2392,3.7281301474757713,-,-,-,-
2414,2393,3.7281301474757713,-,-,-,-
2415,2394,19.911231713534416,-,-,-,-
2416,2395,19.911231713534416,-,-,-,-
2417,2396,19.911231713534416,-,-,-,-
2418,2397,19.911231713534416,-,-,-,-
2419,2398,19.911231713534416,-,-,-,-
2420,2399,19.911231713534416,-,-,-,-
2421,2400,19.911231713534416,-,-,-,-
2422,2401,19.911231713534416,-,-,-,-
2423,2402,19.911231713534416,-,-,-,-
2424,2403,19.911231713534416,-,-,-,-
2425,2404,19.911231713534416,-,-,-,-
2426,2405,19.911231713534416,-,-,-,-
2427,2406,19.911231713534416,-,-,-,-
2428,2407,19.911231713534416,-,-,-,-
2429,2408,19.911231713534416,-,-,-,-
2430,2409,19.911231713534416,-,-,-,-
2431,2410,19.911231713534416,-,-,-,-
2432,2411,19.911231713534416,-,-,-,-
2433,2412,19.911231713534416,-,-,-,-
2434,2413,19.911231713534416,-,-,-,-
2435,2414,19.911231713534416,-,-,-,-
2436,2415,19.911231713534416,-,-,-,-
2437,2416,19.911231713534416,-,-,-,-
2438,2417,19.911231713534416,-,-,-,-
2439,2418,31.77334023651568,-,-,-,-
2440,2419,31.77334023651568,-,-,-,-
2441,2420,31.77334023651568,-,-,-,-
2442,2421,31.77334023651568,-,-,-,-
2443,2422,31.77334023651568,-,-,-,-
2444,2423,31.77334023651568,-,-,-,-
2445,2424,31.77334023651568,-,-,-,-
2446,2425,31.77334023651568,-,-,-,-
2447,2426,31.77334023651568,-,-,-,-
2448,2427,65.90048122055249,-,-,-,-
2449,2428,65.90048122055249,-,-,-,-
2450,2429,65.90048122055249,-,-,-,-
2451,2430,65.90048122055249,-,-,-,-
2452,2431,65.90048122055249,-,-,-,-
2452,2432,65.90048122055249,-,-,-,-
2452,2433,65.90048122055249,-,-,-,-
2452,2434,65.90048122055249,-,-,-,-
2452,2435,65.90048122055249,-,-,-,-
2453,2436,65.90048122055249,-,-,-,-
2454,2437,65.90048122055249,-,-,-,-
2455,2438,34.06196494399286,-,-,-,-
2455,2439,25.268418610046083,-,-,-,-
2455,2440,21.58760629530798,-,-,-,-
2455,2441,19.30626019716746,-,-,-,-
2455,2442,17.867662230802733,-,-,-,-
2455,2443,16.878815392874664,-,-,-,-
2455,2444,16.1577161488391,-,-,-,-
2455,2445,15.608745369706922,-,-,-,-
2455,2446,15.608745369706922,-,-,-,-
2455,2447,15.608745369706922,-,-,-,-
2455,2448,15.48583280220922,-,-,-,-
2455,2449,15.365665149281078,-,-,-,-
2455,2450,15.248152498782375,-,-,-,-
2456,2451,15.133208778781203,-,-,-,-
2457,2452,15.133208778781203,-,-,-,-
2458,2453,15.133208778781203,-,-,-,-
2459,2454,15.133208778781203,-,-,-,-
2460,2455,15.133208778781203,-,-,-,-
2461,2456,7.534708763767539,-,-,-,-
2462,2457,1.141823809051718,-,-,-,-
2463,2458,6.160669131072677,-,-,-,-
2464,2459,3.7716156585480785,-,-,-,-
2465,2459,3.7716156585480785,-,-,-,-
2466,2459,3.7716156585480785,-,-,-,-
2467,2459,3.7716156585480785,-,-,-,-
2468,2459,3.7716156585480785,-,-,-,-
2469,2459,3.7716156585480785,-,-,-,-
2470,2459,3.7716156585480785,-,-,-,-
2471,2459,3.7716156585480785,-,-,-,-
2472,2459,3.7716156585480785,-,-,-,-
2473,2459,3.7716156585480785,-,-,-,-
2474,2459,3.7716156585480785,-,-,-,-
2475,2459,3.7716156585480785,-,-,-,-
2476,2459,3.7716156585480785,-,-,-,-
2477,2459,3.7716156585480785,-,-,-,-
2478,2459,3.7716156585480785,-,-,-,-
2479,2460,13.534754465675132,-,-,-,-
2480,2461,13.534754465675132,-,-,-,-
2481,2462,13.534754465675132,-,-,-,-
2482,2463,13.534754465675132,-,-,-,-
2483,2464,13.534754465675132,-,-,-,-
2484,2465,13.534754465675132,-,-,-,-
2485,2466,13.534754465675132,-,-,-,-
2486,2467,13.534754465675132,-,-,-,-
2487,2468,13.534754465675132,-,-,-,-
2488,2469,13.534754465675132,-,-,-,-
2489,2470,13.534754465675132,-,-,-,-
2490,2471,13.534754465675132,-,-,-,-
2490,2472,13.534754465675132,-,-,-,-
2490,2473,13.534754465675132,-,-,-,-
2490,2474,13.534754465675132,-,-,-,-
2490,2475,13.534754465675132,-,-,-,-
2490,2476,13.534754465675132,-,-,-,-
2490,2477,13.534754465675132,-,-,-,-
2490,2478,13.534754465675132,-,-,-,-
2490,2479,13.534754465675132,-,-,-,-
2490,2480,13.699373956858883,-,-,-,-
2490,2481,13.916343678724331,-,-,-,-
2490,2482,14.21534590529462,-,-,-,-
2490,2483,14.653716737926134,-,-,-,-
2490,2484,15.35839070526756,-,-,-,-
2490,2485,16.677223738065862,-,-,-,-
2490,2486,20.02470167658583,-,-,-,-
2490,2487,43.668950926898695,-,-,-,-
2490,2488,178.6960419000697,-,-,-,-
2490,2489,173.44152817795856,-,-,-,-
2490,2490,171.32132612876995,-,-,-,-
2490,2491,171.32132612876995,-,-,-,-
2490,2492,171.32132612876995,-,-,-,-
2490,2493,171.32132612876995,-,-,-,-
2490,2494,171.32132612876995,-,-,-,-
2490,2495,171.32132612876995,-,-,-,-
2490,2496,171.32132612876995,-,-,-,-
2490,2497,171.32132612876995,-,-,-,-
2490,2498,171.32132612876995,-,-,-,-
2490,2499,171.32132612876995,-,-,-,-
2490,2500,171.32132612876995,-,-,-,-
2490,2501,171.32132612876995,-,-,-,-
2490,2502,171.32132612876995,-,-,-,-
2490,2503,171.32132612876995,-,-,-,-
2490,2504,171.32132612876995,-,-,-,-
2490,2505,171.32132612876995,-,-,-,-
2490,2506,171.32132612876995,-,-,-,-
2490,2507,171.32132612876995,-,-,-,-
2491,2508,171.32132612876995,-,-,-,-
2492,2509,171.32132612876995,-,-,-,-
2493,2510,171.32132612876995,-,-,-,-
2494,2511,171.32132612876995,-,-,-,-
2495,2512,171.32132612876995,-,-,-,-
2496,2513,171.32132612876995,-,-,-,-
2497,2514,171.32132612876995,-,-,-,-
2498,2515,169.3387112039674,-,-,-,-
2499,2516,130.2107373211623,-,-,-,-
2500,2517,1.6418755464499972,-,-,-,-
2501,2518,4.185272023232354,-,-,-,-
2502,2519,4.987075606880218,-,-,-,-
2502,2520,5.379698044390781,-,-,-,-
2502,2521,5.612666376122207,-,-,-,-
2502,2522,5.766903360552631,-,-,-,-
2502,2523,5.87654920734442,-,-,-,-
2502,2524,5.87654920734442,-,-,-,-
2502,2525,5.87654920734442,-,-,-,-
2502,2526,5.87654920734442,-,-,-,-
2502,2527,5.87654920734442,-,-,-,-
2502,2528,5.87654920734442,-,-,-,-
2502,2529,5.87654920734442,-,-,-,-
2502,2530,5.87654920734442,-,-,-,-
2502,2531,5.87654920734442,-,-,-,-
2502,2532,5.87654920734442,-,-,-,-
2502,2533,5.87654920734442,-,-,-,-
2502,2534,5.87654920734442,-,-,-,-
2502,2535,5.87654920734442,-,-,-,-
2502,2536,5.87654920734442,-,-,-,-
2502,2537,5.87654920734442,-,-,-,-
2502,2538,5.87654920734442,-,-,-,-
2502,2539,5.87654920734442,-,-,-,-
2502,2540,5.87654920734442,-,-,-,-
2502,2541,5.87654920734442,-,-,-,-
2502,2542,5.87654920734442,-,-,-,-
2502,2543,5.87654920734442,-,-,-,-
2502,2544,5.87654920734442,-,-,-,-
2502,2545,5.87654920734442,-,-,-,-
2502,2546,5.87654920734442,-,-,-,-
2502,2547,5.87654920734442,-,-,-,-
2502,2548,5.87654920734442,-,-,-,-
2502,2549,5.87654920734442,-,-,-,-
2502,2550,5.87654920734442,-,-,-,-
2502,2551,5.87654920734442,-,-,-,-
2502,2552,5.87654920734442,-,-,-,-
2502,2553,5.87654920734442,-,-,-,-
2502,2554,5.87654920734442,-,-,-,-
2502,2555,5.87654920734442,-,-,-,-
2502,2556,5.87654920734442,-,-,-,-
2502,2557,5.87654920734442,-,-,-,-
2502,2558,5.87654920734442,-,-,-,-
2502,2559,5.87654920734442,-,-,-,-
2502,2560,5.87654920734442,-,-,-,-
2502,2561,5.87654920734442,-,-,-,-
2502,2562,5.87654920734442,-,-,-,-
2502,2563,5.87654920734442,-,-,-,-
2502,2564,5.87654920734442,-,-,-,-
2503,2565,5.87654920734442,-,-,-,-
2504,2566,5.87654920734442,-,-,-,-
2505,2567,12.54327414091987,-,-,-,-
2506,2568,12.566916647860252,-,-,-,-
2507,2569,12.604130584353696,-,-,-,-
2508,2570,12.670866490817392,-,-,-,-
2509,2571,10.803070927580164,-,-,-,-
2510,2572,11.484323185750275,-,-,-,-
2511,2573,30.347167361202796,-,-,-,-
2512,2574,29.603806629529704,-,-,-,-
2513,2575,29.603806629529704,-,-,-,-
2514,2576,29.603806629529704,-,-,-,-
2515,2577,29.603806629529704,-,-,-,-
2516,2578,29.603806629529704,-,-,-,-
2517,2579,29.603806629529704,-,-,-,-
2518,2580,29.603806629529704,-,-,-,-
2519,2581,29.603806629529704,-,-,-,-
2520,2582,29.603806629529704,-,-,-,-
2521,2583,29.603806629529704,-,-,-,-
2522,2584,29.603806629529704,-,-,-,-
2523,2585,29.603806629529704,-,-,-,-
2524,2586,29.906564622645476,-,-,-,-
2525,2587,30.211759395046947,-,-,-,-
2526,2588,30.51940295571366,-,-,-,-
2527,2589,30.82950694229782,-,-,-,-
2528,2590,31.14208260273455,-,-,-,-
2529,2591,31.457140776461614,-,-,-,-
2530,2592,31.774691875256472,-,-,-,-
2531,2593,32.094745863698634,-,-,-,-
2532,2594,32.41731223926579,-,-,-,-
2533,2595,32.74240001207614,-,-,-,-
2534,2596,33.0700176842865,-,-,-,-
2535,2597,16.15768041738044,-,-,-,-
2535,2598,15.557848125495784,-,-,-,-
2535,2599,14.975913695031512,-,-,-,-
2535,2600,14.41214081020268,-,-,-,-
2535,2601,13.866691541309573,-,-,-,-
2535,2602,13.866691541309573,-,-,-,-
2535,2603,21.774310801294604,-,-,-,-
2535,2604,3.9813025669405313,-,-,-,-
2535,2605,5.167294663253878,-,-,-,-
2535,2606,10.361361021874377,-,-,-,-
2535,2607,13.658471996589443,-,-,-,-
2535,2608,13.658471996589443,-,-,-,-
2535,2609,13.658471996589443,-,-,-,-
2535,2610,13.658471996589443,-,-,-,-
2535,2611,13.658471996589443,-,-,-,-
2535,2612,13.658471996589443,-,-,-,-
2535,2613,13.658471996589443,-,-,-,-
2535,2614,13.658471996589443,-,-,-,-
2535,2615,13.658471996589443,-,-,-,-
2535,2616,13.658471996589443,-,-,-,-
2535,2617,13.658471996589443,-,-,-,-
2535,2618,13.658471996589443,-,-,-,-
2535,2619,13.658471996589443,-,-,-,-
2535,2620,13.658471996589443,-,-,-,-
2536,2621,13.658471996589443,-,-,-,-
2537,2622,13.658471996589443,-,-,-,-
2538,2623,13.658471996589443,-,-,-,-
2539,2624,8.901750120075297,-,-,-,-
2540,2625,1.1047663751587027,-,-,-,-
2541,2626,13.115721667225834,-,-,-,-
2542,2627,39.62748975560413,-,-,-,-
2543,2628,141.04580837880036,-,-,-,-
2544,2629,116.62673762440576,-,-,-,-
2545,2630,102.89535006524879,-,-,-,-
2546,2631,102.89535006524879,-,-,-,-
2547,2632,102.89535006524879,-,-,-,-
2548,2633,102.89535006524879,-,-,-,-
2549,2634,102.89535006524879,-,-,-,-
2550,2635,102.89535006524879,-,-,-,-
2551,2636,102.89535006524879,-,-,-,-
2552,2637,102.89535006524879,-,-,-,-
2553,2638,102.89535006524879,-,-,-,-
2554,2639,102.89535006524879,-,-,-,-
2555,2640,102.89535006524879,-,-,-,-
2556,2641,102.89535006524879,-,-,-,-
2557,2642,102.89535006524879,-,-,-,-
2558,2643,102.89535006524879,-,-,-,-
2559,2644,102.89535006524879,-,-,-,-
2560,2645,102.89535006524879,-,-,-,-
2561,2646,102.89535006524879,-,-,-,-
2562,2647,102.89535006524879,-,-,-,-
2563,2648,102.89535006524879,-,-,-,-
2564,2649,102.89535006524879,-,-,-,-
2565,2650,102.89535006524879,-,-,-,-
2566,2651,102.89535006524879,-,-,-,-
2567,2652,102.89535006524879,-,-,-,-
2568,2653,102.89535006524879,-,-,-,-
2569,2654,102.89535006524879,-,-,-,-
2570,2655,102.89535006524879,-,-,-,-
2571,2656,102.89535006524879,-,-,-,-
2572,2657,102.89535006524879,-,-,-,-
2573,2658,102.89535006524879,-,-,-,-
2574,2659,102.89535006524879,-,-,-,-
2575,2660,16.459779562708036,-,-,-,-
2576,2661,16.459779562708036,-,-,-,-
2577,2662,16.459779562708036,-,-,-,-
2578,2663,16.459779562708036,-,-,-,-
2579,2664,16.459779562708036,-,-,-,-
2580,2665,16.459779562708036,-,-,-,-
2581,2666,16.459779562708036,-,-,-,-
2582,2667,14.88973749754187,-,-,-,-
2583,2667,0.6241697822684665,-,-,-,-
2584,2667,0.6241697822684665,-,-,-,-
2585,2667,0.6241697822684665,-,-,-,-
2586,2667,0.6241697822684665,-,-,-,-
2587,2667,0.6241697822684665,-,-,-,-
2588,2667,0.6241697822684665,-,-,-,-
2589,2667,0.6241697822684665,-,-,-,-
2590,2667,0.6241697822684665,-,-,-,-
2591,2667,0.6241697822684665,-,-,-,-
2592,2667,0.6241697822684665,-,-,-,-
2593,2667,0.6241697822684665,-,-,-,-
2594,2667,0.6241697822684665,-,-,-,-
2595,2667,0.6241697822684665,-,-,-,-
2596,2667,0.6241697822684665,-,-,-,-
2597,2667,0.6241697822684665,-,-,-,-
2598,2667,0.6241697822684665,-,-,-,-
2599,2667,0.6241697822684665,-,-,-,-
2600,2667,0.6241697822684665,-,-,-,-
2601,2667,0.6241697822684665,-,-,-,-
2602,2667,0.6241697822684665,-,-,-,-
2603,2667,0.6241697822684665,-,-,-,-
2604,2667,0.6241697822684665,-,-,-,-
2605,2667,0.6241697822684665,-,-,-,-
2606,2667,0.6241697822684665,-,-,-,-
2607,2667,0.6241697822684665,-,-,-,-
2608,2667,0.6241697822684665,-,-,-,-
2609,2667,0.6241697822684665,-,-,-,-
2610,2667,0.6241697822684665,-,-,-,-
2611,2667,0.6241697822684665,-,-,-,-
2612,2667,0.6241697822684665,-,-,-,-
2613,2668,2.3644593458717096,-,-,-,-
2614,2669,10.171379487762268,-,-,-,-
2615,2670,14.029881056480274,-,-,-,-
2616,2670,14.029881056480274,-,-,-,-
2617,2670,14.029881056480274,-,-,-,-
2618,2670,14.029881056480274,-,-,-,-
2619,2670,14.029881056480274,-,-,-,-
2620,2670,14.029881056480274,-,-,-,-
2621,2670,14.029881056480274,-,-,-,-
2622,2670,14.029881056480274,-,-,-,-
2623,2671,22.739395684609228,-,-,-,-
2624,2671,22.739395684609228,-,-,-,-
2625,2671,22.739395684609228,-,-,-,-
2626,2671,22.739395684609228,-,-,-,-
2627,2671,22.739395684609228,-,-,-,-
2628,2671,22.739395684609228,-,-,-,-
2629,2671,22.739395684609228,-,-,-,-
2630,2671,22.739395684609228,-,-,-,-
2631,2671,22.739395684609228,-,-,-,-
2632,2671,22.739395684609228,-,-,-,-
2633,2671,22.739395684609228,-,-,-,-
2634,2671,22.739395684609228,-,-,-,-
2635,2671,22.739395684609228,-,-,-,-
2636,2671,22.739395684609228,-,-,-,-
2637,2671,22.739395684609228,-,-,-,-
2638,2671,22.739395684609228,-,-,-,-
2639,2671,22.739395684609228,-,-,-,-
2640,2671,22.739395684609228,-,-,-,-
2641,2671,22.739395684609228,-,-,-,-
2642,2671,22.739395684609228,-,-,-,-
2643,2671,22.739395684609228,-,-,-,-
2644,2671,22.739395684609228,-,-,-,-
2645,2671,22.739395684609228,-,-,-,-
2646,2671,22.739395684609228,-,-,-,-
2647,2671,22.739395684609228,-,-,-,-
2648,2671,22.739395684609228,-,-,-,-
2649,2671,37.43097380518861,-,-,-,-
2650,2671,37.43097380518861,-,-,-,-
2651,2671,37.43097380518861,-,-,-,-
2652,2671,37.43097380518861,-,-,-,-
2653,2671,37.43097380518861,-,-,-,-
2654,2671,37.43097380518861,-,-,-,-
2655,2671,74.67882954533725,-,-,-,-
2656,2671,74.67882954533725,-,-,-,-
2657,2671,74.67882954533725,-,-,-,-
2658,2671,74.67882954533725,-,-,-,-
2659,2671,74.67882954533725,-,-,-,-
2660,2671,74.67882954533725,-,-,-,-
2661,2671,74.67882954533725,-,-,-,-
2662,2671,74.67882954533725,-,-,-,-
2663,2671,74.67882954533725,-,-,-,-
2664,2671,74.67882954533725,-,-,-,-
2665,2671,74.67882954533725,-,-,-,-
2666,2671,74.67882954533725,-,-,-,-
2667,2671,74.67882954533725,-,-,-,-
2668,2671,74.67882954533725,-,-,-,-
2669,2671,74.67882954533725,-,-,-,-
2670,2671,74.67882954533725,-,-,-,-
2671,2671,74.67882954533725,-,-,-,-
2672,2671,74.67882954533725,-,-,-,-
2673,2671,74.67882954533725,-,-,-,-
2674,2672,74.67882954533725,-,-,-,-
2675,2673,74.67882954533725,-,-,-,-
2676,2674,74.67882954533725,-,-,-,-
2677,2675,74.67882954533725,-,-,-,-
2678,2676,74.67882954533725,-,-,-,-
2679,2677,74.67882954533725,-,-,-,-
2680,2678,74.67882954533725,-,-,-,-
2681,2679,74.67882954533725,-,-,-,-
2682,2680,74.67882954533725,-,-,-,-
2683,2681,74.67882954533725,-,-,-,-
2684,2682,74.67882954533725,-,-,-,-
2685,2683,74.67882954533725,-,-,-,-
2686,2684,74.67882954533725,-,-,-,-
2687,2685,55.56116441025349,-,-,-,-
2688,2686,55.56116441025349,-,-,-,-
2689,2687,55.56116441025349,-,-,-,-
2690,2688,55.56116441025349,-,-,-,-
2691,2689,55.56116441025349,-,-,-,-
2692,2690,55.56116441025349,-,-,-,-
2693,2691,55.56116441025349,-,-,-,-
2694,2692,55.56116441025349,-,-,-,-
2695,2693,38.97099100580752,-,-,-,-
2696,2694,38.97099100580752,-,-,-,-
2697,2695,38.97099100580752,-,-,-,-
2698,2696,38.97099100580752,-,-,-,-
2699,2697,38.97099100580752,-,-,-,-
2700,2698,38.97099100580752,-,-,-,-
2701,2699,38.97099100580752,-,-,-,-
2702,2700,38.97099100580752,-,-,-,-
2703,2701,38.97099100580752,-,-,-,-
2704,2702,38.97099100580752,-,-,-,-
2705,2703,38.97099100580752,-,-,-,-
2706,2704,38.97099100580752,-,-,-,-
2707,2705,38.97099100580752,-,-,-,-
2708,2706,38.97099100580752,-,-,-,-
2709,2707,38.97099100580752,-,-,-,-
2710,2708,38.97099100580752,-,-,-,-
2711,2709,38.97099100580752,-,-,-,-
2712,2710,38.97099100580752,-,-,-,-
2713,2711,38.97099100580752,-,-,-,-
2714,2712,38.97099100580752,-,-,-,-
2715,2713,38.97099100580752,-,-,-,-
2716,2714,38.97099100580752,-,-,-,-
2717,2715,38.97099100580752,-,-,-,-
2718,2716,38.97099100580752,-,-,-,-
2719,2717,38.97099100580752,-,-,-,-
2720,2718,38.97099100580752,-,-,-,-
2721,2719,38.97099100580752,-,-,-,-
2722,2720,38.97099100580752,-,-,-,-
2723,2721,38.97099100580752,-,-,-,-
2724,2722,38.97099100580752,-,-,-,-
2725,2723,38.97099100580752,-,-,-,-
2726,2724,38.97099100580752,-,-,-,-
2727,2725,38.97099100580752,-,-,-,-
2728,2726,38.97099100580752,-,-,-,-
2729,2727,38.97099100580752,-,-,-,-
2730,2728,38.97099100580752,-,-,-,-
2731,2729,38.97099100580752,-,-,-,-
2732,2730,38.97099100580752,-,-,-,-
2733,2731,38.97099100580752,-,-,-,-
2734,2732,38.97099100580752,-,-,-,-
2735,2733,0.02986984880698404,-,-,-,-
2736,2734,0.02986984880698404,-,-,-,-
2737,2735,0.02986984880698404,-,-,-,-
2738,2736,0.02986984880698404,-,-,-,-
2739,2737,0.02986984880698404,-,-,-,-
2740,2738,0.02986984880698404,-,-,-,-
2741,2739,0.02986984880698404,-,-,-,-
2742,2740,0.02986984880698404,-,-,-,-
2743,2741,133.32536071900486,-,-,-,-
2744,2742,133.32536071900486,-,-,-,-
2745,2743,133.32536071900486,-,-,-,-
2746,2744,133.32536071900486,-,-,-,-
2747,2745,133.32536071900486,-,-,-,-
2748,2746,133.32536071900486,-,-,-,-
2749,2747,133.32536071900486,-,-,-,-
2750,2748,133.32536071900486,-,-,-,-
2751,2749,133.32536071900486,-,-,-,-
2752,2750,133.32536071900486,-,-,-,-
2753,2751,133.32536071900486,-,-,-,-
2754,2752,133.32536071900486,-,-,-,-
2755,2753,133.32536071900486,-,-,-,-
2756,2754,133.32536071900486,-,-,-,-
2757,2755,133.32536071900486,-,-,-,-
2758,2756,133.32536071900486,-,-,-,-
2759,2757,133.32536071900486,-,-,-,-
2760,2758,133.32536071900486,-,-,-,-
2761,2759,133.32536071900486,-,-,-,-
2762,2760,133.32536071900486,-,-,-,-
2763,2761,133.32536071900486,-,-,-,-
2764,2762,133.32536071900486,-,-,-,-
2765,2763,133.32536071900486,-,-,-,-
2766,2764,133.32536071900486,-,-,-,-
2767,2765,42.80835558339759,-,-,-,-
2768,2766,42.80835558339759,-,-,-,-
2769,2767,42.80835558339759,-,-,-,-
2770,2768,42.80835558339759,-,-,-,-
2771,2769,42.80835558339759,-,-,-,-
2772,2770,42.80835558339759,-,-,-,-
2773,2771,42.80835558339759,-,-,-,-
2774,2772,42.80835558339759,-,-,-,-
2775,2773,42.80835558339759,-,-,-,-
2776,2774,42.80835558339759,-,-,-,-
2777,2775,42.80835558339759,-,-,-,-
2778,2776,42.80835558339759,-,-,-,-
2779,2777,42.80835558339759,-,-,-,-
2780,2778,42.80835558339759,-,-,-,-
2781,2779,42.80835558339759,-,-,-,-
2782,2780,42.80835558339759,-,-,-,-
2783,2781,42.80835558339759,-,-,-,-
2784,2782,42.80835558339759,-,-,-,-
2785,2783,42.80835558339759,-,-,-,-
2786,2784,42.80835558339759,-,-,-,-
2787,2785,42.80835558339759,-,-,-,-
2788,2786,42.80835558339759,-,-,-,-
2789,2787,42.80835558339759,-,-,-,-
2790,2788,42.80835558339759,-,-,-,-
2791,2789,42.80835558339759,-,-,-,-
2792,2790,42.80835558339759,-,-,-,-
2793,2791,42.80835558339759,-,-,-,-
2794,2792,42.80835558339759,-,-,-,-
2795,2793,42.80835558339759,-,-,-,-
2796,2794,42.80835558339759,-,-,-,-
2797,2795,42.80835558339759,-,-,-,-
2798,2796,42.80835558339759,-,-,-,-
2799,2797,42.73464302835271,-,-,-,-
2800,2798,42.73464302835271,-,-,-,-
2801,2799,42.73464302835271,-,-,-,-
2802,2800,42.73464302835271,-,-,-,-
2803,2801,42.73464302835271,-,-,-,-
2804,2802,42.73464302835271,-,-,-,-
2805,2803,42.73464302835271,-,-,-,-
2806,2804,42.73464302835271,-,-,-,-
2807,2805,42.73464302835271,-,-,-,-
2808,2806,42.73464302835271,-,-,-,-
2809,2807,42.73464302835271,-,-,-,-
2810,2808,42.73464302835271,-,-,-,-
2811,2809,42.73464302835271,-,-,-,-
2812,2810,42.73464302835271,-,-,-,-
2813,2811,42.73464302835271,-,-,-,-
2814,2812,42.73464302835271,-,-,-,-
2815,2813,76.6654781567604,-,-,-,-
2816,2814,76.6654781567604,-,-,-,-
2817,2815,76.6654781567604,-,-,-,-
2818,2816,76.6654781567604,-,-,-,-
2819,2817,76.6654781567604,-,-,-,-
2820,2818,76.6654781567604,-,-,-,-
2821,2819,76.6654781567604,-,-,-,-
2822,2820,139.98883328589986,-,-,-,-
2823,2821,53.62915841864891,-,-,-,-
2824,2822,45.01426548869741,-,-,-,-
2825,2823,42.15223533679173,-,-,-,-
2826,2824,42.15223533679173,-,-,-,-
2827,2825,42.15223533679173,-,-,-,-
2828,2826,42.15223533679173,-,-,-,-
2829,2827,42.15223533679173,-,-,-,-
2830,2828,42.15223533679173,-,-,-,-
2831,2829,48.678494206899266,-,-,-,-
2832,2830,48.678494206899266,-,-,-,-
2833,2831,48.678494206899266,-,-,-,-
2834,2832,48.678494206899266,-,-,-,-
2835,2833,48.678494206899266,-,-,-,-
2836,2834,48.678494206899266,-,-,-,-
2837,2835,48.678494206899266,-,-,-,-
2838,2836,48.678494206899266,-,-,-,-
2839,2837,51.643481484223294,-,-,-,-
2840,2838,51.77628185848436,-,-,-,-
2841,2839,51.90822918231344,-,-,-,-
2842,2840,52.03933026267515,-,-,-,-
2843,2841,52.169591854947825,-,-,-,-
2844,2842,52.29902066298709,-,-,-,-
2845,2843,52.4276233392033,-,-,-,-
2846,2844,52.555406484651925,-,-,-,-
2847,2845,52.682376649137225,-,-,-,-
2848,2846,52.80854033132724,-,-,-,-
2849,2847,52.933903978880664,-,-,-,-
2850,2848,53.058473988585305,-,-,-,-
2851,2849,53.182256706506315,-,-,-,-
2852,2850,53.30525842814544,-,-,-,-
2853,2851,53.42748539860918,-,-,-,-
2854,2852,53.42748539860918,-,-,-,-
2855,2853,53.42748539860918,-,-,-,-
2856,2854,53.42748539860918,-,-,-,-
2857,2855,53.42748539860918,-,-,-,-
2858,2856,53.42748539860918,-,-,-,-
2859,2857,53.42748539860918,-,-,-,-
2860,2858,53.42748539860918,-,-,-,-
2861,2859,53.42748539860918,-,-,-,-
2862,2860,53.42748539860918,-,-,-,-
2863,2861,53.42748539860918,-,-,-,-
2864,2862,52.93549780400828,-,-,-,-
2865,2863,52.4518100728473,-,-,-,-
2866,2864,51.976281154309014,-,-,-,-
2867,2865,51.50877021859714,-,-,-,-
2868,2866,51.049136873067,-,-,-,-
2869,2866,51.049136873067,-,-,-,-
2870,2866,51.049136873067,-,-,-,-
2871,2866,51.049136873067,-,-,-,-
2872,2866,51.049136873067,-,-,-,-
2873,2866,51.049136873067,-,-,-,-
2874,2866,51.049136873067,-,-,-,-
2875,2866,51.049136873067,-,-,-,-
2876,2866,51.049136873067,-,-,-,-
2877,2866,51.049136873067,-,-,-,-
2878,2866,51.049136873067,-,-,-,-
2879,2866,51.049136873067,-,-,-,-
2880,2866,51.049136873067,-,-,-,-
2881,2866,51.049136873067,-,-,-,-
2882,2866,51.049136873067,-,-,-,-
2883,2866,51.049136873067,-,-,-,-
2884,2866,51.049136873067,-,-,-,-
2885,2866,51.049136873067,-,-,-,-
2886,2866,51.049136873067,-,-,-,-
2887,2866,51.049136873067,-,-,-,-
2888,2866,51.049136873067,-,-,-,-
2889,2866,51.049136873067,-,-,-,-
2890,2866,51.049136873067,-,-,-,-
2891,2866,51.049136873067,-,-,-,-
2892,2866,51.049136873067,-,-,-,-
2893,2866,51.049136873067,-,-,-,-
2894,2866,51.049136873067,-,-,-,-
2895,2866,51.049136873067,-,-,-,-
2896,2866,51.049136873067,-,-,-,-
2897,2866,51.049136873067,-,-,-,-
2898,2866,51.049136873067,-,-,-,-
2899,2866,51.049136873067,-,-,-,-
2900,2866,51.049136873067,-,-,-,-
2901,2866,51.049136873067,-,-,-,-
2902,2866,51.049136873067,-,-,-,-
2903,2866,47.55680156904279,-,-,-,-
2904,2866,47.55680156904279,-,-,-,-
2905,2867,47.55680156904279,-,-,-,-
2906,2868,47.55680156904279,-,-,-,-
2907,2869,47.55680156904279,-,-,-,-
2908,2870,47.55680156904279,-,-,-,-
2909,2871,47.55680156904279,-,-,-,-
2910,2872,47.55680156904279,-,-,-,-
2911,2873,24.945809806804935,-,-,-,-
2912,2874,24.945809806804935,-,-,-,-
2913,2875,24.945809806804935,-,-,-,-
2914,2876,24.945809806804935,-,-,-,-
2915,2877,24.945809806804935,-,-,-,-
2916,2878,24.945809806804935,-,-,-,-
2917,2879,24.945809806804935,-,-,-,-
2918,2880,24.945809806804935,-,-,-,-
2919,2881,24.945809806804935,-,-,-,-
2920,2882,24.945809806804935,-,-,-,-
2921,2883,24.945809806804935,-,-,-,-
2922,2884,24.945809806804935,-,-,-,-
2923,2885,24.945809806804935,-,-,-,-
2924,2886,24.945809806804935,-,-,-,-
2925,2887,24.945809806804935,-,-,-,-
2926,2888,24.945809806804935,-,-,-,-
2927,2889,24.945809806804935,-,-,-,-
2928,2890,24.945809806804935,-,-,-,-
2929,2891,24.945809806804935,-,-,-,-
2930,2892,24.945809806804935,-,-,-,-
2931,2893,24.945809806804935,-,-,-,-
2932,2894,24.945809806804935,-,-,-,-
2933,2895,24.945809806804935,-,-,-,-
2934,2896,24.945809806804935,-,-,-,-
2935,2897,24.945809806804935,-,-,-,-
2936,2898,24.945809806804935,-,-,-,-
2937,2899,24.945809806804935,-,-,-,-
2938,2900,24.945809806804935,-,-,-,-
2939,2901,25.53345998158269,-,-,-,-
2940,2902,26.114725456202,-,-,-,-
2941,2903,26.689592256723923,-,-,-,-
2942,2904,27.258052289915213,-,-,-,-
2943,2905,1.8631472991045699,-,-,-,-
2943,2906,1.307991091389894,-,-,-,-
2943,2907,0.7591733776174254,-,-,-,-
2943,2908,0.21668823896464892,-,-,-,-
2943,2909,0.3194751114675364,-,-,-,-
2943,2910,0.8493320530233648,-,-,-,-
2943,2911,0.8493320530233648,-,-,-,-
2943,2912,0.8493320530233648,-,-,-,-
2943,2913,0.8493320530233648,-,-,-,-
2943,2914,0.8493320530233648,-,-,-,-
2943,2915,0.8493320530233648,-,-,-,-
2943,2916,0.8493320530233648,-,-,-,-
2943,2917,0.8493320530233648,-,-,-,-
2943,2918,0.8493320530233648,-,-,-,-
2943,2919,0.8493320530233648,-,-,-,-
2943,2920,0.8493320530233648,-,-,-,-
2943,2921,0.8493320530233648,-,-,-,-
2943,2922,0.8493320530233648,-,-,-,-
2943,2923,0.8493320530233648,-,-,-,-
2943,2924,0.8493320530233648,-,-,-,-
2943,2925,0.8493320530233648,-,-,-,-
2943,2926,0.8493320530233648,-,-,-,-
2943,2927,0.8493320530233648,-,-,-,-
2943,2928,0.8493320530233648,-,-,-,-
2943,2929,0.8493320530233648,-,-,-,-
2943,2930,0.8493320530233648,-,-,-,-
2943,2931,0.8493320530233648,-,-,-,-
2943,2932,0.8228674887071346,-,-,-,-
2943,2933,0.7967384458448327,-,-,-,-
2943,2934,0.770938818475893,-,-,-,-
2943,2935,0.7454626108765486,-,-,-,-
2943,2936,0.7203039413604779,-,-,-,-
2943,2937,0.6954570447312797,-,-,-,-
2943,2938,0.6709162736372616,-,-,-,-
2943,2939,0.6709162736372616,-,-,-,-
2943,2940,0.6709162736372616,-,-,-,-
2943,2941,0.6709162736372616,-,-,-,-
2943,2942,0.6709162736372616,-,-,-,-
2943,2943,0.6709162736372616,-,-,-,-
2943,2944,0.6709162736372616,-,-,-,-
2943,2945,0.6709162736372616,-,-,-,-
2943,2946,0.6709162736372616,-,-,-,-
2943,2947,0.6709162736372616,-,-,-,-
2943,2948,0.6709162736372616,-,-,-,-
2943,2949,0.6709162736372616,-,-,-,-
2943,2950,0.6709162736372616,-,-,-,-
2943,2951,0.6709162736372616,-,-,-,-
2943,2952,0.6709162736372616,-,-,-,-
2943,2953,0.6709162736372616,-,-,-,-
2944,2954,0.6709162736372616,-,-,-,-
2945,2955,0.6709162736372616,-,-,-,-
2946,2956,1.1872308527600421,-,-,-,-
2947,2957,1.7107804993193552,-,-,-,-
2948,2958,2.2416277983977664,-,-,-,-
2949,2959,2.7798317662521814,-,-,-,-
2950,2960,3.3254474998127987,-,-,-,-
2951,2961,6.0269586537054565,-,-,-,-
2952,2962,5.4662974916327,-,-,-,-
2953,2963,5.4662974916327,-,-,-,-
2954,2964,5.4662974916327,-,-,-,-
2955,2965,5.4662974916327,-,-,-,-
2956,2966,5.4662974916327,-,-,-,-
2957,2967,5.4662974916327,-,-,-,-
2958,2968,5.4662974916327,-,-,-,-
2959,2969,5.4662974916327,-,-,-,-
2960,2970,5.4662974916327,-,-,-,-
2961,2971,5.4662974916327,-,-,-,-
2962,2972,5.4662974916327,-,-,-,-
2963,2973,5.411657778035636,-,-,-,-
2964,2974,5.358591274429737,-,-,-,-
2965,2975,5.3070310875194915,-,-,-,-
2966,2976,5.2569140586808105,-,-,-,-
2967,2977,5.20818050723531,-,-,-,-
2968,2978,5.20818050723531,-,-,-,-
2969,2979,5.20818050723531,-,-,-,-
2970,2980,5.20818050723531,-,-,-,-
2971,2981,5.20818050723531,-,-,-,-
2972,2982,5.20818050723531,-,-,-,-
2973,2983,5.20818050723531,-,-,-,-
2974,2984,5.20818050723531,-,-,-,-
2975,2985,5.20818050723531,-,-,-,-
2976,2986,5.20818050723531,-,-,-,-
2977,2987,5.20818050723531,-,-,-,-
2978,2988,5.20818050723531,-,-,-,-
2979,2989,5.20818050723531,-,-,-,-
2980,2990,5.20818050723531,-,-,-,-
2981,2991,5.20818050723531,-,-,-,-
2982,2992,2.987396113965003,-,-,-,-
2983,2993,8.007289468518637,-,-,-,-
2984,2993,8.007289468518637,-,-,-,-
2985,2993,8.007289468518637,-,-,-,-
2986,2993,8.007289468518637,-,-,-,-
2987,2993,8.007289468518637,-,-,-,-
2988,2993,8.007289468518637,-,-,-,-
2989,2993,8.007289468518637,-,-,-,-
2990,2993,8.007289468518637,-,-,-,-
2991,2993,8.007289468518637,-,-,-,-
2992,2993,8.007289468518637,-,-,-,-
2993,2993,8.007289468518637,-,-,-,-
2994,2994,112.15593432803796,-,-,-,-
2995,2995,148.73952941004413,-,-,-,-
2996,2996,148.73952941004413,-,-,-,-
2997,2997,148.73952941004413,-,-,-,-
2998,2998,148.73952941004413,-,-,-,-
2999,2999,148.73952941004413,-,-,-,-
3000,3000,148.73952941004413,-,-,-,-
3001,3001,148.73952941004413,-,-,-,-
3002,3002,148.73952941004413,-,-,-,-
3003,3003,148.73952941004413,-,-,-,-
3004,3004,148.73952941004413,-,-,-,-
3005,3005,148.73952941004413,-,-,-,-
3006,3006,148.73952941004413,-,-,-,-
3007,3007,148.73952941004413,-,-,-,-
3008,3008,148.73952941004413,-,-,-,-
3009,3009,148.73952941004413,-,-,-,-
3010,3010,148.73952941004413,-,-,-,-
3011,3011,148.73952941004413,-,-,-,-
3012,3012,148.73952941004413,-,-,-,-
3013,3013,148.73952941004413,-,-,-,-
3014,3014,148.73952941004413,-,-,-,-
3015,3015,161.3170894990594,-,-,-,-
3016,3016,161.3170894990594,-,-,-,-
3017,3017,161.3170894990594,-,-,-,-
3018,3018,161.3170894990594,-,-,-,-
3019,3019,161.3170894990594,-,-,-,-
3020,3020,161.3170894990594,-,-,-,-
3021,3021,161.3170894990594,-,-,-,-
3022,3022,161.3170894990594,-,-,-,-
3023,3023,161.3170894990594,-,-,-,-
3024,3024,161.3170894990594,-,-,-,-
3025,3025,161.3170894990594,-,-,-,-
3026,3026,161.3170894990594,-,-,-,-
3027,3027,161.3170894990594,-,-,-,-
3028,3028,161.3170894990594,-,-,-,-
3029,3029,161.3170894990594,-,-,-,-
3030,3030,161.3170894990594,-,-,-,-
3031,3031,161.3170894990594,-,-,-,-
3032,3032,161.3170894990594,-,-,-,-
3033,3033,161.3170894990594,-,-,-,-
3034,3034,161.3170894990594,-,-,-,-
3035,3035,161.3170894990594,-,-,-,-
3036,3036,161.3170894990594,-,-,-,-
3037,3037,161.3170894990594,-,-,-,-
3038,3038,161.3170894990594,-,-,-,-
3039,3039,161.3170894990594,-,-,-,-
3040,3040,161.3170894990594,-,-,-,-
3041,3041,161.3170894990594,-,-,-,-
3042,3042,161.3170894990594,-,-,-,-
3043,3043,161.3170894990594,-,-,-,-
3044,3044,161.3170894990594,-,-,-,-
3045,3045,161.3170894990594,-,-,-,-
3046,3046,161.3170894990594,-,-,-,-
3047,3047,161.3170894990594,-,-,-,-
3048,3048,161.3170894990594,-,-,-,-
3049,3049,161.3170894990594,-,-,-,-
3050,3050,161.3170894990594,-,-,-,-
3051,3051,161.3170894990594,-,-,-,-
3052,3052,161.3170894990594,-,-,-,-
3053,3053,161.3170894990594,-,-,-,-
