path_ref,path_query,path_distance,ref_x,ref_y,query_x,query_y
0,0,121.11103058170627,834.9083112003631,544.5147956209106,963.4,545.2
1,1,121.11103058170627,834.9083112003631,544.5147956209106,963.4,545.2
2,2,121.11103058170627,834.9083112003631,544.5147956209106,963.4,545.2
3,3,121.11103058170627,834.9083112003631,544.5147956209106,963.4,545.2
4,4,121.11103058170627,834.9083112003631,544.5147956209106,963.4,545.2
5,5,121.11103058170627,834.9083112003631,544.5147956209106,963.4,545.2
6,6,121.11103058170627,834.9083112003631,544.5147956209106,963.4,545.2
7,7,121.11103058170627,834.9083112003631,544.5147956209106,963.4,545.2
8,8,121.11103058170627,834.9083112003631,544.5147956209106,963.4,545.2
9,9,121.11103058170627,834.9083112003631,544.5147956209106,963.4,545.2
10,10,121.11103058170627,834.9083112003631,544.5147956209106,963.4,545.2
11,11,121.11103058170627,834.9083112003631,544.5147956209106,963.4,545.2
12,12,121.11103058170627,834.9083112003631,544.5147956209106,963.4,545.2
13,13,121.11103058170627,834.9083112003631,544.5147956209106,963.4,545.2
14,14,121.11103058170627,834.9083112003631,544.5147956209106,963.4,545.2
15,15,121.27055302259821,837.6052808973328,544.0754016815166,963.4,545.2
16,16,121.43695519177841,840.3022505943024,543.6360077421227,963.4,545.2
17,17,121.61042195538089,842.9992202912722,543.1966138027287,963.4,545.2
18,18,121.79090903838043,845.6961899882418,542.7572198633349,963.4,545.2
19,19,121.97790719951934,848.3931596852116,542.3178259239409,963.4,545.2
20,20,122.16999653753987,851.0901293821812,541.878431984547,963.4,545.2
21,21,122.36400800357214,853.787099079151,541.439038045153,963.4,545.2
22,22,122.55345170322609,856.4840687761207,540.9996441057591,963.4,545.2
23,23,122.72558194776413,859.1810384730903,540.5602501663651,963.4,545.2
24,24,122.85594441321433,861.8780081700601,540.1208562269712,963.4,545.2
25,25,122.89832797308311,864.5749778670297,539.6814622875772,963.4,545.2
26,26,122.76651510373965,867.2719475639994,539.2420683481834,963.4,545.2
27,27,122.30202079573937,869.9689172609691,538.8026744087894,963.4,545.2
28,28,121.21999223131799,872.6658869579388,538.3632804693955,963.4,545.2
29,29,119.02799116683748,875.3628566549086,537.9238865300015,963.4,545.2
30,30,114.98104382519601,878.0598263518782,537.4844925906076,962.8648648648649,544.372972972973
31,31,107.93710209184547,880.756796048848,537.0450986512136,962.3297297297297,543.545945945946
32,32,96.75518924426623,883.4537657458176,536.6057047118197,961.7945945945946,542.7189189189189
33,33,81.0913395368369,886.1507354427873,536.1663107724257,961.2594594594594,541.891891891892
34,34,62.47981741745429,888.847705139757,535.7269168330319,960.7243243243244,541.064864864865
35,35,45.10897836834164,891.5446748367267,535.2875228936379,960.1891891891892,540.2378378378379
36,36,12.009860755419332,894.2416445336964,534.848128954244,959.6540540540541,539.4108108108109
37,37,6.9434215601646745,896.9386142306661,534.40873501485,959.1189189189189,538.5837837837838
38,38,3.921835939203499,899.6355839276358,533.9693410754561,958.5837837837838,537.7567567567568
39,39,2.166053192257293,902.3325536246055,533.5299471360621,958.0486486486486,536.9297297297297
40,40,1.180226327733566,905.0295233215752,533.0905531966682,957.5135135135135,536.1027027027027
41,41,0.6383373323995954,907.7264930185449,532.6511592572742,956.9783783783784,535.2756756756758
42,42,0.3439770705939411,910.4234627155146,532.2117653178803,956.4432432432433,534.4486486486487
43,43,0.18506495817537025,913.1204324124843,531.7723713784864,955.9081081081081,533.6216216216217
44,44,0.09952991709988344,915.817402109454,531.3329774390925,955.372972972973,532.7945945945946
45,45,0.05354345837098942,918.5143718064237,530.8935834996985,954.8378378378378,531.9675675675676
46,46,0.028822614773620345,921.2113415033933,530.4541895603046,954.3027027027027,531.1405405405405
47,47,0.015527066693884524,923.9083112003631,530.0147956209106,953.7675675675675,530.3135135135135
48,48,0.008370234575748273,926.6052808973327,529.5754016815166,953.2324324324325,529.4864864864866
49,49,0.004513524053035186,929.3022505943024,529.1360077421227,952.6972972972973,528.6594594594595
50,50,0.0024324711056775234,931.9992202912722,528.6966138027287,952.1621621621622,527.8324324324325
51,51,0.0013078282953254978,934.6961899882418,528.2572198633349,951.627027027027,527.0054054054054
52,52,0.0006988990758980566,937.3931596852116,527.8178259239409,951.0918918918919,526.1783783783784
53,53,0.00036831129760355743,940.0901293821812,527.378431984547,950.5567567567567,525.3513513513514
54,54,0.0001879799509445362,942.787099079151,526.939038045153,950.0216216216216,524.5243243243243
55,54,8.861942921825276e-05,945.4840687761207,526.4996441057591,949.4864864864865,523.6972972972974
56,54,3.350323670836558e-05,948.1810384730903,526.0602501663651,948.9513513513514,522.8702702702703
57,55,2.4043121655146165e-06,950.8780081700601,525.6208562269712,948.4162162162162,522.0432432432433
57,56,3.0520492125721326e-06,953.5749778670297,525.1814622875772,947.8810810810811,521.2162162162163
57,57,3.870448445251222e-06,956.2719475639994,524.7420683481834,947.3459459459459,520.3891891891892
57,58,4.904131727063934e-06,958.9689172609691,524.3026744087894,946.8108108108108,519.5621621621622
57,59,6.209328789375105e-06,961.6658869579388,523.8632804693955,946.2756756756756,518.7351351351351
57,60,7.856888295562779e-06,964.3628566549085,523.4238865300015,945.7405405405406,517.9081081081081
57,61,9.936068122848809e-06,967.0598263518782,522.9844925906076,945.2054054054054,517.0810810810812
57,62,1.2559306150342388e-05,969.756796048848,522.5450986512136,944.6702702702703,516.2540540540541
57,63,1.586822471949848e-05,972.4537657458176,522.1057047118197,944.1351351351352,515.4270270270271
57,64,2.004118713508425e-05,975.1507354427873,521.6663107724257,943.6,514.6
57,65,2.530280650359271e-05,977.847705139757,521.2269168330319,943.6,514.6
57,66,3.193591011769264e-05,980.5446748367267,520.7875228936379,943.6,514.6
57,67,3.193591011769264e-05,983.2416445336964,520.348128954244,943.6,514.6
57,68,3.193591011769264e-05,985.9386142306661,519.90873501485,943.6,514.6
57,69,3.193591011769264e-05,988.6355839276358,519.4693410754561,943.6,514.6
57,70,3.193591011769264e-05,991.3325536246055,519.0299471360621,943.6,514.6
57,71,3.193591011769264e-05,994.0295233215752,518.5905531966682,943.6,514.6
57,72,3.193591011769264e-05,996.7264930185449,518.1511592572742,943.6,514.6
57,73,3.193591011769264e-05,999.4234627155146,517.7117653178803,943.6,514.6
57,74,3.193591011769264e-05,1002.1204324124842,517.2723713784864,943.6,514.6
57,75,3.193591011769264e-05,1004.817402109454,516.8329774390925,943.6,514.6
57,76,3.193591011769264e-05,1007.5143718064237,516.3935834996985,943.6,514.6
57,77,3.193591011769264e-05,1010.2113415033933,515.9541895603046,943.6,514.6
57,78,3.193591011769264e-05,1012.9083112003631,515.5147956209106,943.6,514.6
57,79,3.193591011769264e-05,1012.9083112003631,515.5147956209106,943.6,514.6
57,80,3.193591011769264e-05,1012.9083112003631,515.5147956209106,943.6,514.6
57,81,3.193591011769264e-05,1012.9083112003631,515.5147956209106,943.6,514.6
57,82,3.193591011769264e-05,1012.9083112003631,515.5147956209106,943.6,514.6
57,83,3.193591011769264e-05,1012.9083112003631,515.5147956209106,943.6,514.6
57,84,3.193591011769264e-05,1012.9083112003631,515.5147956209106,943.6,514.6
57,85,3.193591011769264e-05,1012.9083112003631,515.5147956209106,943.6,514.6
57,86,3.193591011769264e-05,1012.9083112003631,515.5147956209106,943.6,514.6
57,87,3.193591011769264e-05,1012.9083112003631,515.5147956209106,943.6,514.6
57,88,3.193591011769264e-05,1012.9083112003631,515.5147956209106,943.6,514.6
57,89,3.193591011769264e-05,1012.9083112003631,515.5147956209106,943.6,514.6
57,90,3.193591011769264e-05,1012.9083112003631,515.5147956209106,943.6,514.6
57,91,3.193591011769264e-05,1012.9083112003631,515.5147956209106,943.6,514.6
57,92,3.193591011769264e-05,1012.9083112003631,515.5147956209106,943.6,514.6
57,93,3.193591011769264e-05,1012.9083112003631,515.5147956209106,943.6,514.6
57,94,3.193591011769264e-05,991.9083112003631,565.5147956209106,943.6,514.6
57,95,3.193591011769264e-05,991.9083112003631,565.5147956209106,943.6,514.6
57,96,3.193591011769264e-05,991.9083112003631,565.5147956209106,943.6,514.6
57,97,3.193591011769264e-05,991.9083112003631,565.5147956209106,943.6,514.6
57,98,3.193591011769264e-05,991.9083112003631,565.5147956209106,943.6,514.6
57,99,3.193591011769264e-05,991.9083112003631,565.5147956209106,943.6,514.6
57,100,3.193591011769264e-05,991.9083112003631,565.5147956209106,943.6,514.6
57,101,3.193591011769264e-05,991.9083112003631,565.5147956209106,943.6,514.6
57,102,3.193591011769264e-05,991.9083112003631,565.5147956209106,943.6,514.6
57,103,3.193591011769264e-05,991.9083112003631,565.5147956209106,943.6,514.6
57,104,3.193591011769264e-05,991.9083112003631,565.5147956209106,943.6,514.6
57,105,3.193591011769264e-05,991.9083112003631,565.5147956209106,943.6,514.6
57,106,3.193591011769264e-05,991.9083112003631,565.5147956209106,943.6,514.6
57,107,3.193591011769264e-05,991.9083112003631,565.5147956209106,943.6189655172413,514.1810344827586
57,108,3.193591011769264e-05,991.9083112003631,565.5147956209106,943.6379310344828,513.7620689655173
57,109,2.0632583946936932e-07,991.9083112003631,565.5147956209106,943.6568965517241,513.3431034482759
57,110,3.6185015368378696e-05,991.9083112003631,565.5147956209106,943.6758620689656,512.9241379310345
57,111,7.77999210663247e-05,991.9083112003631,565.5147956209106,943.6948275862069,512.5051724137932
57,112,0.00012526274589966173,991.9083112003631,565.5147956209106,943.7137931034483,512.0862068965517
57,113,0.0001792671324269522,991.9083112003631,565.5147956209106,943.7327586206897,511.6672413793104
57,114,0.00024058346395943933,991.9083112003631,565.5147956209106,943.7517241379311,511.24827586206897
57,115,0.0003100671035792682,991.9083112003631,565.5147956209106,943.7706896551724,510.8293103448276
57,116,0.00038866750131127796,991.9083112003631,565.5147956209106,943.7896551724139,510.41034482758624
57,117,0.0004774382598543763,991.9083112003631,565.5147956209106,943.8086206896552,509.9913793103448
57,118,0.0005775482585896715,991.9083112003631,565.5147956209106,943.8275862068966,509.57241379310346
57,119,0.0006902939458373052,991.9083112003631,565.5147956209106,943.846551724138,509.1534482758621
57,120,0.0008171129206310861,991.9083112003631,565.5147956209106,943.8655172413794,508.7344827586207
58,121,0.0008481570792066046,991.9083112003631,565.5147956209106,943.8844827586207,508.3155172413793
58,122,0.0008471518655319996,991.9083112003631,565.5147956209106,943.903448275862,507.89655172413796
58,123,0.0008413385516170752,991.9083112003631,565.5147956209106,943.9224137931035,507.47758620689655
58,124,0.0008299179033812257,991.9083112003631,565.5147956209106,943.9413793103448,507.0586206896552
58,125,0.0008119877113241683,991.9083112003631,565.5147956209106,943.9603448275863,506.6396551724138
58,126,0.000786530712330835,991.9083112003631,565.5147956209106,943.9793103448276,506.2206896551724
58,127,0.000752401162680883,991.9083112003631,565.5147956209106,943.998275862069,505.80172413793105
58,128,0.0007083099163113787,991.9083112003631,565.5147956209106,944.0172413793103,505.3827586206897
58,129,0.000652807847006059,991.9083112003631,565.5147956209106,944.0362068965518,504.96379310344827
58,130,0.0005842674362653993,991.9083112003631,565.5147956209106,944.0551724137931,504.5448275862069
58,131,0.0005008623299548778,991.9083112003631,565.5147956209106,944.0741379310346,504.12586206896555
58,132,0.0004005446463246036,991.9083112003631,565.5147956209106,944.0931034482759,503.7068965517242
58,133,0.00028101979540794657,991.9083112003631,565.5147956209106,944.1120689655173,503.28793103448277
58,134,0.000139718545018457,991.9083112003631,565.5147956209106,944.1310344827587,502.8689655172414
58,135,2.6233958713307504e-05,991.9083112003631,565.5147956209106,944.1500000000001,502.45000000000005
58,136,0.00022005253817908857,991.9083112003631,565.5147956209106,944.1689655172414,502.0310344827586
58,137,0.0004453300533033349,991.9083112003631,565.5147956209106,944.1879310344827,501.61206896551727
58,138,0.0007060795833369283,991.9083112003631,565.5147956209106,944.2068965517242,501.1931034482759
58,139,0.0010067811514732534,991.9083112003631,565.5147956209106,944.2258620689655,500.7741379310345
58,140,0.0013524334652155045,991.9083112003631,565.5147956209106,944.244827586207,500.3551724137931
58,141,0.0017486111923712187,991.9083112003631,565.5147956209106,944.2637931034483,499.93620689655177
58,142,0.0022015283436942513,991.9083112003631,565.5147956209106,944.2827586206897,499.51724137931035
58,143,0.0027181083887698088,991.9083112003631,565.5147956209106,944.301724137931,499.098275862069
58,144,0.0033060617922305666,991.9083112003631,565.5147956209106,944.3206896551725,498.6793103448276
59,145,0.011817846177189098,991.9083112003631,565.5147956209106,944.3396551724138,498.2603448275862
60,146,0.030263347425560694,991.9083112003631,565.5147956209106,944.3586206896553,497.84137931034485
61,147,0.05143800965495074,991.9083112003631,565.5147956209106,944.3775862068966,497.4224137931035
62,148,0.07461974853613507,991.9083112003631,565.5147956209106,944.396551724138,497.00344827586207
63,149,0.09923506889462654,991.9083112003631,565.5147956209106,944.4155172413793,496.5844827586207
64,150,0.12498791472579861,991.9083112003631,565.5147956209106,944.4344827586207,496.16551724137935
65,151,0.1518386636556544,991.9083112003631,565.5147956209106,944.4534482758621,495.74655172413793
66,152,0.17992322955947782,991.9083112003631,565.5147956209106,944.4724137931034,495.32758620689657
67,153,0.20947847269344563,991.9083112003631,565.5147956209106,944.4913793103449,494.9086206896552
68,154,0.24079400170184867,991.9083112003631,565.5147956209106,944.5103448275862,494.4896551724138
69,155,0.27418695828789363,991.9083112003631,565.5147956209106,944.5293103448276,494.07068965517243
70,156,0.3099913905964622,991.9083112003631,565.5147956209106,944.548275862069,493.65172413793107
71,157,0.34855558643248,991.5817805881181,565.7392854168289,944.5672413793104,493.23275862068965
72,158,0.390243355137156,991.2552499758733,565.9637752127474,944.5862068965517,492.8137931034483
73,159,0.43543712136860035,990.9287193636284,566.1882650086657,944.6051724137932,492.39482758620693
74,160,0.4845417843290753,990.6021887513834,566.4127548045841,944.6241379310345,491.9758620689655
75,161,0.5379888704656549,990.2756581391386,566.6372446005024,944.643103448276,491.55689655172415
76,162,0.5962407923753057,989.9491275268937,566.8617343964208,944.6620689655173,491.1379310344828
77,163,0.6597951603842763,989.6225969146487,567.0862241923392,944.6810344827587,490.7189655172414
78,164,1.1131240570051693,989.2960663024039,567.3107139882576,944.7,490.3
79,165,2.037021867412753,988.969535690159,567.5352037841759,944.7,490.3
80,166,3.6988012593932074,988.643005077914,567.7596935800942,944.7,490.3
81,167,3.6988012593932074,988.3164744656692,567.9841833760127,944.7,490.3
82,168,3.6988012593932074,987.9899438534243,568.208673171931,944.7,490.3
83,169,3.6988012593932074,987.6634132411795,568.4331629678494,944.7,490.3
84,170,3.6988012593932074,987.3368826289345,568.6576527637677,944.7,490.3
85,171,3.6988012593932074,987.0103520166896,568.8821425596861,944.7,490.3
86,172,3.6988012593932074,986.6838214044448,569.1066323556045,944.7,490.3
87,173,3.6988012593932074,986.3572907921998,569.3311221515229,944.7,490.3
88,174,3.6988012593932074,986.0307601799549,569.5556119474412,944.7,490.3
89,175,3.6988012593932074,985.7042295677101,569.7801017433596,944.7,490.3
90,176,3.6988012593932074,985.3776989554651,570.004591539278,944.7926829268293,491.48536585365855
91,177,3.6988012593932074,985.0511683432202,570.2290813351963,944.8853658536585,492.6707317073171
92,178,3.7119824812799522,984.7246377309754,570.4535711311147,944.9780487804878,493.8560975609756
93,179,3.72577857214173,984.3981071187304,570.678060927033,945.0707317073171,495.04146341463417
94,180,3.7402327323736873,984.0715765064855,570.9025507229514,945.1634146341464,496.2268292682927
95,181,3.7553922177786094,983.7450458942407,571.1270405188698,945.2560975609756,497.41219512195124
96,182,0.4187148249209632,983.4185152819957,571.3515303147882,945.3487804878049,498.5975609756098
97,183,0.3215188837022654,983.0919846697508,571.5760201107065,945.4414634146342,499.7829268292683
98,184,0.24699188252457474,982.765454057506,571.8005099066249,945.5341463414635,500.96829268292686
99,185,0.18983806464612646,982.438923445261,572.0249997025433,945.6268292682927,502.1536585365854
100,186,0.14599671494749175,982.1123928330161,572.2494894984616,945.719512195122,503.33902439024394
101,187,0.12246647242090218,981.7858622207713,572.47397929438,945.8121951219513,504.5243902439025
102,188,0.12286531413070667,981.4593316085263,572.6984690902983,945.9048780487806,505.709756097561
103,189,0.12328791785642594,981.1328009962814,572.9229588862167,945.9975609756098,506.8951219512195
104,190,0.12373639729994804,980.8062703840366,573.1474486821351,946.090243902439,508.0804878048781
105,191,0.12421311414751358,980.4797397717916,573.3719384780535,946.1829268292684,509.26585365853657
106,192,0.12472071367252517,980.1532091595468,573.5964282739718,946.2756097560975,510.4512195121951
107,193,0.1252621662327804,979.8266785473019,573.8209180698902,946.3682926829268,511.63658536585365
108,194,0.12584081571581196,979.5001479350569,574.0454078658086,946.4609756097561,512.8219512195122
109,195,0.12646043616670116,979.1736173228121,574.269897661727,946.5536585365854,514.0073170731707
110,196,0.12712529803157466,978.8470867105672,574.4943874576453,946.6463414634146,515.1926829268293
111,197,0.12784024565858862,978.5205560983222,574.7188772535636,946.7390243902439,516.3780487804878
112,198,0.12861078789880573,978.1940254860774,574.943367049482,946.8317073170732,517.5634146341464
113,199,0.12944320380830363,977.8674948738325,575.1678568454004,946.9243902439025,518.7487804878049
114,200,0.13034466551000992,977.5409642615875,575.3923466413188,947.0170731707317,519.9341463414635
115,201,0.13132338012560457,977.2144336493427,575.6168364372371,947.109756097561,521.119512195122
116,202,0.13238875216097054,976.8879030370978,575.8413262331555,947.2024390243903,522.3048780487804
117,203,0.1335515665388958,976.5613724248528,576.0658160290739,947.2951219512195,523.490243902439
118,204,0.1348241901641941,976.234841812608,576.2903058249923,947.3878048780488,524.6756097560976
119,205,0.13622078576492325,975.9083112003631,576.5147956209106,947.4804878048781,525.8609756097561
120,206,0.13775752469333832,975.9083112003631,576.5147956209106,947.5731707317074,527.0463414634146
121,207,0.13945277381020926,975.9083112003631,576.5147956209106,947.6658536585365,528.2317073170732
122,208,0.141327213362276,975.9083112003631,576.5147956209106,947.7585365853658,529.4170731707317
123,209,0.14340381529569587,975.9083112003631,576.5147956209106,947.8512195121951,530.6024390243903
124,210,0.14570757236568346,975.9083112003631,576.5147956209106,947.9439024390244,531.7878048780487
125,211,0.1467512832490055,975.9083112003631,576.5147956209106,948.0365853658536,532.9731707317073
126,212,0.14391418449820292,975.9083112003631,576.5147956209106,948.1292682926829,534.1585365853658
127,213,0.1407730274976857,975.9083112003631,576.5147956209106,948.2219512195122,535.3439024390244
128,214,0.13730909026758772,975.9083112003631,576.5147956209106,948.3146341463415,536.5292682926829
129,215,0.1335136729490218,975.9083112003631,576.5147956209106,948.4073170731707,537.7146341463415
130,216,0.1293935652478624,975.9083112003631,576.5147956209106,948.5,538.9
131,217,0.12497650758208388,975.9083112003631,576.5147956209106,948.5926829268293,540.0853658536586
132,218,0.12031495369844308,975.9083112003631,576.5147956209106,948.6853658536585,541.270731707317
133,219,0.11548602875872246,975.9083112003631,576.5147956209106,948.7780487804878,542.4560975609756
134,220,0.1105861381736937,975.9083112003631,576.5147956209106,948.8707317073171,543.6414634146341
135,221,0.10572047160389503,975.9083112003631,576.5147956209106,948.9634146341464,544.8268292682927
136,222,0.10098993639904238,975.9083112003631,576.5147956209106,949.0560975609756,546.0121951219512
137,223,0.0964793626142251,975.9083112003631,576.5147956209106,949.1487804878049,547.1975609756098
138,224,0.09225016333121275,975.9083112003631,576.5147956209106,949.2414634146342,548.3829268292683
139,225,0.08833851465691535,975.9083112003631,576.5147956209106,949.3341463414635,549.5682926829269
140,226,0.0847580147853271,975.9083112003631,576.5147956209106,949.4268292682926,550.7536585365854
141,227,0.08150477426761345,975.9083112003631,576.5147956209106,949.5195121951219,551.939024390244
142,228,0.07856302759116755,975.9083112003631,576.5147956209106,949.6121951219512,553.1243902439024
143,229,0.0759100608156751,975.9083112003631,576.5147956209106,949.7048780487805,554.3097560975609
144,230,0.073519966302256,975.9083112003631,576.5147956209106,949.7975609756097,555.4951219512195
145,231,0.07136621049857161,975.9083112003631,576.5147956209106,949.890243902439,556.6804878048781
146,232,0.06942322331097317,975.9083112003631,576.5147956209106,949.9829268292683,557.8658536585366
147,233,0.06766727221672432,975.9083112003631,576.5147956209106,950.0756097560975,559.0512195121951
148,234,0.0660768563986736,975.9083112003631,576.5147956209106,950.1682926829268,560.2365853658537
149,235,0.06463280139712509,975.9083112003631,576.5147956209106,950.2609756097561,561.4219512195123
150,236,0.06331818064220816,975.9083112003631,576.5147956209106,950.3536585365854,562.6073170731707
151,237,0.062118146792930574,975.9083112003631,576.5147956209106,950.4463414634146,563.7926829268292
152,238,0.06101972446350045,975.9083112003631,576.5147956209106,950.5390243902439,564.9780487804878
153,239,0.060011594748432096,975.9083112003631,576.5147956209106,950.6317073170732,566.1634146341463
154,240,0.0590838883266715,975.9083112003631,576.5147956209106,950.7243902439025,567.3487804878049
155,241,0.058227995487624654,975.9083112003631,576.5147956209106,950.8170731707316,568.5341463414634
156,242,0.05743639639826494,975.9083112003631,576.5147956209106,950.909756097561,569.719512195122
157,243,0.056702512073662385,975.9083112003631,576.5147956209106,951.0024390243902,570.9048780487805
158,244,0.056020574992225965,975.9083112003631,576.5147956209106,951.0951219512194,572.090243902439
159,245,0.05352601656953207,975.9083112003631,576.5147956209106,951.1878048780487,573.2756097560975
160,246,0.05120316720232243,975.9083112003631,576.5147956209106,951.280487804878,574.4609756097561
161,247,0.049037301993534586,975.9083112003631,576.5147956209106,951.3731707317073,575.6463414634146
162,248,0.047015294121157535,975.9083112003631,576.5147956209106,951.4658536585365,576.8317073170732
163,249,0.045125404544406264,975.9083112003631,576.5147956209106,951.5585365853658,578.0170731707317
164,250,0.04335710375889511,975.9083112003631,576.5147956209106,951.6512195121951,579.2024390243903
165,251,0.04170092020748296,975.9083112003631,576.5147956209106,951.7439024390244,580.3878048780488
166,251,0.040486087938046235,975.9083112003631,576.5147956209106,951.8365853658536,581.5731707317074
167,251,0.03933576008174381,975.9083112003631,576.5147956209106,951.9292682926829,582.7585365853658
168,251,0.03824658749051646,975.9083112003631,576.5147956209106,952.0219512195122,583.9439024390244
169,251,0.037215428191044786,975.9083112003631,576.5147956209106,952.1146341463415,585.1292682926829
170,251,0.03623933442854351,975.9083112003631,576.5147956209106,952.2073170731707,586.3146341463415
171,251,0.035315540585243645,975.9083112003631,576.5147956209106,952.3,587.5
172,251,0.034441451913362904,975.9083112003631,576.5147956209106,952.3,587.5
173,251,0.03361463402671492,975.9083112003631,576.5147956209106,952.3,587.5
174,251,0.032832803098993626,975.9083112003631,576.5147956209106,952.3,587.5
175,251,0.03209381672051083,975.9083112003631,576.5147956209106,952.3,587.5
176,251,0.031395665368536003,975.9083112003631,576.5147956209106,952.3,587.5
177,251,0.030736464449571656,975.9083112003631,576.5147956209106,952.3,587.5
178,251,0.030114446874812052,975.9083112003631,576.5147956209106,952.3,587.5
179,251,0.02952795613279003,975.9083112003631,576.5147956209106,952.3,587.5
180,251,0.028975439825693183,975.9083112003631,576.5147956209106,962.0999999999999,536.0428571428572
181,251,0.02845544363820584,975.9083112003631,576.5147956209106,971.9,484.5857142857143
182,251,0.027966605709904613,975.9083112003631,576.5147956209106,981.6999999999999,433.12857142857143
183,251,0.027507651384210956,1010.9083112003631,665.5147956209106,991.5,381.6714285714286
184,251,0.02707738830881686,1010.9083112003631,665.5147956209106,1001.3,330.2142857142857
185,251,0.026674701864191817,1010.9083112003631,665.5147956209106,1011.0999999999999,278.75714285714287
186,251,0.026298550898400847,1010.9083112003631,665.5147956209106,1020.9,227.3
187,251,0.025947963747926316,1010.9083112003631,665.5147956209106,1020.9,227.3
188,251,0.02562203452559186,1010.9083112003631,665.5147956209106,1020.9,227.3
189,251,0.025319919657911315,1010.9083112003631,665.5147956209106,1020.9,227.3
190,251,0.025040834655393703,1010.9083112003631,665.5147956209106,1020.9,227.3
191,251,0.024784051100414844,1010.9083112003631,665.5147956209106,1020.9,227.3
192,251,0.024548893838238016,1010.9083112003631,665.5147956209106,1020.9,227.3
193,251,0.02433473835772632,1010.9083112003631,665.5147956209106,1020.9,227.3
194,251,0.024141008349104206,1010.9083112003631,665.5147956209106,1020.9,227.3
195,251,0.023967173426920695,1010.9083112003631,665.5147956209106,1020.9,227.3
196,251,0.023812747007067793,1010.9083112003631,665.5147956209106,1020.9,227.3
197,251,0.023677284327367275,1010.9083112003631,665.5147956209106,1020.9,227.3
198,251,0.023560380601809157,1010.9083112003631,665.5147956209106,1020.9,227.3
199,251,0.023461669299092002,1010.9083112003631,665.5147956209106,1020.9,227.3
200,251,0.023380820536553933,1010.9083112003631,665.5147956209106,1020.9,227.3
201,251,0.023317539581040495,1010.9083112003631,665.5147956209106,1020.9,227.3
202,251,0.023271565448633093,1010.9083112003631,665.5147956209106,1020.9,227.3
203,251,0.023242669595462714,1010.9083112003631,665.5147956209106,1020.9,227.3
204,251,0.02323065469215442,1010.9083112003631,665.5147956209106,1020.9,227.3
205,251,0.023235353474651128,1010.9083112003631,665.5147956209106,1020.9,227.3
206,251,0.023256627664377524,1010.9083112003631,665.5147956209106,1020.9,227.3
207,251,0.023294366950826078,1010.9083112003631,665.5147956209106,1020.9,227.3
208,251,0.023294366950826078,1010.9083112003631,665.5147956209106,1020.9,227.3
209,251,0.023294366950826078,1010.9083112003631,665.5147956209106,1020.9,227.3
210,251,0.023294366950826078,1010.9083112003631,665.5147956209106,1020.9,227.3
211,251,0.023294366950826078,1010.9083112003631,665.5147956209106,1020.9,227.3
212,251,0.023294366950826078,1010.9083112003631,665.5147956209106,1020.9,227.3
213,251,0.023294366950826078,1010.9083112003631,665.5147956209106,1020.9,227.3
214,251,0.023294366950826078,1010.9083112003631,665.5147956209106,1020.9,227.3
215,251,0.023294366950826078,1017.4965464944808,643.6912662091459,1007.25,238.375
216,251,0.023294366950826078,1024.0847817885983,621.8677367973812,993.5999999999999,249.45000000000002
217,251,0.023294366950826078,1030.6730170827161,600.0442073856165,979.9499999999999,260.52500000000003
218,251,0.023294366950826078,1037.2612523768337,578.2206779738518,966.3,271.6
219,251,0.023294366950826078,1043.8494876709512,556.3971485620871,966.3,271.6
220,251,0.023294366950826078,1050.437722965069,534.5736191503224,966.3,271.6
221,251,0.023294366950826078,1057.0259582591866,512.7500897385577,966.3,271.6
222,251,0.023294366950826078,1063.6141935533044,490.9265603267929,966.3,271.6
223,251,0.023294366950826078,1070.202428847422,469.1030309150283,966.3,271.6
224,251,0.023294366950826078,1076.7906641415395,447.27950150326353,966.3,271.6
225,251,0.023294366950826078,1083.3788994356573,425.45597209149884,966.3,271.6
226,251,0.023294366950826078,1089.967134729775,403.63244267973414,966.3,271.6
227,251,0.023294366950826078,1096.5553700238925,381.80891326796944,966.3,271.6
228,251,0.023294366950826078,1103.1436053180103,359.9853838562047,966.3,271.6
229,251,0.023294366950826078,1109.7318406121278,338.16185444444,966.3,271.6
230,251,0.023294366950826078,1116.3200759062456,316.3383250326753,966.3,271.6
231,251,0.023294366950826078,1122.9083112003632,294.5147956209106,960.7199999999999,338.20000000000005
232,251,0.023294366950826078,1122.9083112003632,294.5147956209106,955.14,404.8
233,251,0.023294366950826078,1122.9083112003632,294.5147956209106,949.56,471.4
234,251,0.023294366950826078,1122.9083112003632,294.5147956209106,943.98,538.0
235,251,0.023294366950826078,1122.9083112003632,294.5147956209106,938.4,604.6
236,251,0.023294366950826078,1122.9083112003632,294.5147956209106,938.4,604.6
237,251,0.023294366950826078,1122.9083112003632,294.5147956209106,938.4,604.6
238,251,0.023294366950826078,1122.9083112003632,294.5147956209106,938.4,604.6
239,251,0.023294366950826078,1122.9083112003632,294.5147956209106,938.4,604.6
240,251,0.023294366950826078,1122.9083112003632,294.5147956209106,938.4,604.6
241,251,0.023294366950826078,1122.9083112003632,294.5147956209106,938.4,604.6
242,251,0.023294366950826078,1122.9083112003632,294.5147956209106,938.4,604.6
243,251,0.023294366950826078,1122.9083112003632,294.5147956209106,938.4,604.6
244,251,0.023294366950826078,1122.9083112003632,294.5147956209106,938.4,604.6
245,251,0.023294366950826078,1122.9083112003632,294.5147956209106,938.4,604.6
246,251,0.023294366950826078,1122.9083112003632,294.5147956209106,938.4,604.6
247,251,0.023294366950826078,1122.9083112003632,294.5147956209106,938.4,604.6
248,251,0.023294366950826078,1122.9083112003632,294.5147956209106,938.4,604.6
249,251,0.023294366950826078,1122.9083112003632,294.5147956209106,938.4,604.6
250,251,0.023294366950826078,1122.9083112003632,294.5147956209106,938.4,604.6
251,251,0.023294366950826078,1122.9083112003632,294.5147956209106,938.4,604.6
252,251,0.023294366950826078,1122.9083112003632,294.5147956209106,938.4,604.6
253,251,0.023294366950826078,1122.9083112003632,294.5147956209106,938.4,604.6
254,251,0.023294366950826078,1122.9083112003632,294.5147956209106,938.4,604.6
255,251,0.023294366950826078,1122.9083112003632,294.5147956209106,938.4,604.6
256,251,0.023294366950826078,1122.9083112003632,294.5147956209106,938.4,604.6
257,251,0.023294366950826078,1122.9083112003632,294.5147956209106,938.4,604.6
258,251,0.023294366950826078,1122.9083112003632,294.5147956209106,938.4,604.6
259,251,0.023294366950826078,1122.9083112003632,294.5147956209106,938.4,604.6
260,251,0.023294366950826078,1122.9083112003632,294.5147956209106,938.4,604.6
261,251,0.023294366950826078,1122.9083112003632,294.5147956209106,938.4,604.6
262,251,0.023294366950826078,1122.9083112003632,294.5147956209106,938.4,604.6
263,251,0.023294366950826078,1012.9083112003631,290.5147956209106,938.4,604.6
264,252,0.02435613918653701,1012.9083112003631,290.5147956209106,938.4,604.6
265,253,0.031321314411937064,1012.9083112003631,290.5147956209106,938.4,604.6
266,254,0.04032248036442443,1012.9083112003631,290.5147956209106,938.4,604.6
267,255,0.051962072416371415,1012.9083112003631,290.5147956209106,941.7166666666667,558.2166666666667
268,256,0.06702154820516398,1012.9083112003631,290.5147956209106,945.0333333333333,511.83333333333337
269,257,0.08651420475330508,1012.9083112003631,290.5147956209106,948.3499999999999,465.45000000000005
270,258,0.111753104870088,1012.9083112003631,290.5147956209106,951.6666666666666,419.0666666666667
271,259,31.285121432373867,1012.9083112003631,290.5147956209106,954.9833333333333,372.6833333333334
272,259,31.285121432373867,1012.9083112003631,290.5147956209106,958.3,326.3
273,259,31.285121432373867,1012.9083112003631,290.5147956209106,958.3,326.3
274,259,31.285121432373867,1012.9083112003631,290.5147956209106,958.3,326.3
275,259,31.285121432373867,1012.9083112003631,290.5147956209106,958.3,326.3
276,259,31.285121432373867,1012.9083112003631,290.5147956209106,958.3,326.3
277,259,31.285121432373867,1012.9083112003631,290.5147956209106,958.3,326.3
278,259,31.285121432373867,1012.9083112003631,290.5147956209106,958.3,326.3
279,259,31.285121432373867,1012.9083112003631,290.5147956209106,958.3,326.3
280,259,31.285121432373867,1012.9083112003631,290.5147956209106,958.3,326.3
281,259,31.285121432373867,1012.9083112003631,290.5147956209106,958.3,326.3
282,259,31.285121432373867,1012.9083112003631,290.5147956209106,958.3,326.3
283,259,31.285121432373867,1012.9083112003631,290.5147956209106,958.3,326.3
284,259,31.285121432373867,1012.9083112003631,290.5147956209106,958.3,326.3
285,259,31.285121432373867,1012.9083112003631,290.5147956209106,958.3,326.3
286,259,31.285121432373867,1012.9083112003631,290.5147956209106,958.3,326.3
287,259,31.285121432373867,1012.9083112003631,290.5147956209106,958.3,326.3
288,259,31.285121432373867,1012.9083112003631,290.5147956209106,958.3,326.3
289,259,31.285121432373867,1012.9083112003631,290.5147956209106,958.3,326.3
290,259,31.285121432373867,1012.9083112003631,290.5147956209106,958.3,326.3
291,259,31.285121432373867,1012.9083112003631,290.5147956209106,958.3,326.3
292,259,31.285121432373867,1012.9083112003631,290.5147956209106,958.3,326.3
293,259,31.285121432373867,1012.9083112003631,290.5147956209106,958.3,326.3
294,259,31.285121432373867,1012.9083112003631,290.5147956209106,958.3,326.3
295,259,31.285121432373867,1012.9083112003631,290.5147956209106,958.3,326.3
296,259,31.285121432373867,1012.9083112003631,290.5147956209106,958.3,326.3
297,259,31.285121432373867,1012.9083112003631,290.5147956209106,952.0,293.45
298,259,31.285121432373867,1012.9083112003631,290.5147956209106,945.7,260.6
299,260,31.285121432373867,1012.9083112003631,290.5147956209106,939.4,227.75
300,261,31.285121432373867,1012.9083112003631,290.5147956209106,933.1,194.9
301,262,31.285121432373867,1012.9083112003631,290.5147956209106,933.1,194.9
302,263,31.285121432373867,1012.9083112003631,290.5147956209106,933.1,194.9
303,264,38.215427477851215,1012.9083112003631,290.5147956209106,933.1,194.9
304,265,47.236191695276815,1012.9083112003631,290.5147956209106,933.1,194.9
305,266,58.4378750848582,1012.9083112003631,290.5147956209106,933.1,194.9
306,267,70.5800739811095,1012.9083112003631,290.5147956209106,933.1,194.9
307,268,70.36705478070226,1012.9083112003631,290.5147956209106,933.1,194.9
308,268,57.9307857078828,1012.9083112003631,290.5147956209106,933.1,194.9
309,268,46.307001119500526,1012.9083112003631,290.5147956209106,933.1,194.9
310,268,36.70108480309493,1012.9083112003631,290.5147956209106,933.1,194.9
311,268,29.291153889267186,1012.9083112003631,290.5147956209106,933.1,194.9
312,268,23.59955852269089,1012.9083112003631,290.5147956209106,979.5,200.34285714285716
313,268,19.172343389905777,1012.9083112003631,290.5147956209106,1025.9,205.78571428571428
314,268,15.669098513139604,1012.9083112003631,290.5147956209106,1072.3000000000002,211.22857142857143
315,268,12.847498576790333,1012.9083112003631,290.5147956209106,1118.7,216.67142857142858
316,268,10.536674010461958,1012.9083112003631,290.5147956209106,1165.1000000000001,222.11428571428573
317,268,8.615281729213539,1012.9083112003631,290.5147956209106,1211.5,227.55714285714285
318,268,6.995941086340294,1012.9083112003631,290.5147956209106,1257.9,233.0
319,268,5.614690673439026,1012.9083112003631,290.5147956209106,1257.9,233.0
320,268,5.614690673439026,1012.9083112003631,290.5147956209106,1257.9,233.0
321,268,5.614690673439026,1012.9083112003631,290.5147956209106,1257.9,233.0
322,268,5.614690673439026,1012.9083112003631,290.5147956209106,1257.9,233.0
323,268,5.614690673439026,1012.9083112003631,290.5147956209106,1257.9,233.0
324,268,5.614690673439026,1012.9083112003631,290.5147956209106,1257.9,233.0
325,268,5.614690673439026,1012.9083112003631,290.5147956209106,1257.9,233.0
326,268,5.614690673439026,1012.9083112003631,290.5147956209106,1257.9,233.0
327,268,5.614690673439026,1012.9083112003631,290.5147956209106,1257.9,233.0
328,268,5.614690673439026,1012.9083112003631,290.5147956209106,1257.9,233.0
329,268,5.614690673439026,1012.9083112003631,290.5147956209106,1257.9,233.0
330,268,5.614690673439026,1012.9083112003631,290.5147956209106,1257.9,233.0
331,268,5.614690673439026,1012.9083112003631,290.5147956209106,1257.9,233.0
332,268,5.614690673439026,1012.9083112003631,290.5147956209106,1257.9,233.0
333,268,5.614690673439026,1012.9083112003631,290.5147956209106,1202.15,297.1166666666667
334,268,5.614690673439026,1012.9083112003631,290.5147956209106,1146.4,361.23333333333335
335,268,5.614690673439026,1012.9083112003631,290.5147956209106,1090.65,425.35
336,268,5.614690673439026,1012.9083112003631,290.5147956209106,1034.9,489.4666666666667
337,268,5.614690673439026,1012.9083112003631,290.5147956209106,979.15,553.5833333333334
338,268,5.614690673439026,1012.9083112003631,290.5147956209106,923.4,617.7
339,268,5.614690673439026,1012.9083112003631,290.5147956209106,923.4,617.7
340,268,5.614690673439026,1012.9083112003631,290.5147956209106,923.4,617.7
341,268,5.614690673439026,1012.9083112003631,290.5147956209106,923.4,617.7
342,268,5.614690673439026,1012.9083112003631,290.5147956209106,923.4,617.7
343,268,5.614690673439026,1012.9083112003631,290.5147956209106,923.4,617.7
344,268,5.614690673439026,1012.9083112003631,290.5147956209106,923.4,617.7
345,268,5.614690673439026,1012.9083112003631,290.5147956209106,923.4,617.7
346,268,5.614690673439026,1012.9083112003631,290.5147956209106,923.4,617.7
347,268,5.614690673439026,1012.9083112003631,290.5147956209106,923.4,617.7
348,268,5.614690673439026,1012.9083112003631,290.5147956209106,923.4,617.7
349,268,5.614690673439026,1012.9083112003631,290.5147956209106,923.4,617.7
350,268,5.614690673439026,1012.9083112003631,290.5147956209106,923.4,617.7
351,269,0.14665208608085162,1012.9083112003631,290.5147956209106,923.4,617.7
352,269,0.14665208608085162,1012.9083112003631,290.5147956209106,923.4,617.7
353,269,0.14665208608085162,1012.9083112003631,290.5147956209106,923.4,617.7
354,269,0.14665208608085162,1012.9083112003631,290.5147956209106,923.4,617.7
355,269,0.14665208608085162,1012.9083112003631,290.5147956209106,923.4,617.7
356,269,0.14665208608085162,1012.9083112003631,290.5147956209106,923.4,617.7
357,269,0.14665208608085162,1012.9083112003631,290.5147956209106,923.4,617.7
358,269,0.14665208608085162,1012.9083112003631,290.5147956209106,923.4,617.7
359,269,0.14665208608085162,994.6141935533043,315.1030309150282,923.4,617.7
360,269,0.14665208608085162,976.3200759062454,339.6912662091459,923.4,617.7
361,269,0.14665208608085162,958.0259582591866,364.27950150326353,923.4,617.7
362,269,0.14665208608085162,939.7318406121278,388.8677367973812,923.4,617.7
363,269,0.14665208608085162,921.4377229650689,413.45597209149884,923.4,617.7
364,269,0.14665208608085162,903.1436053180101,438.04420738561646,923.4,617.7
365,269,0.14665208608085162,884.8494876709512,462.63244267973414,923.4,617.7
366,269,0.14665208608085162,866.5553700238925,487.2206779738518,923.4,617.7
367,269,0.14665208608085162,848.2612523768337,511.80891326796944,923.4,617.7
368,269,0.14665208608085162,829.9671347297749,536.3971485620871,923.4,617.7
369,269,0.14665208608085162,811.673017082716,560.9853838562047,923.4,617.7
370,269,0.14665208608085162,793.3788994356572,585.5736191503224,874.3,628.35
371,269,0.14665208608085162,775.0847817885983,610.16185444444,825.2,639.0
372,269,0.14665208608085162,756.7906641415395,634.7500897385577,776.1,649.65
373,269,0.14665208608085162,738.4965464944808,659.3383250326754,727.0,660.3
374,269,0.14665208608085162,720.202428847422,683.9265603267929,727.0,660.3
375,269,0.14665208608085162,701.9083112003631,708.5147956209106,727.0,660.3
376,269,0.14665208608085162,701.9083112003631,708.5147956209106,727.0,660.3
377,269,0.14665208608085162,701.9083112003631,708.5147956209106,727.0,660.3
378,269,0.14665208608085162,701.9083112003631,708.5147956209106,727.0,660.3
379,269,0.14665208608085162,701.9083112003631,708.5147956209106,727.0,660.3
380,269,0.14665208608085162,701.9083112003631,708.5147956209106,727.0,660.3
381,269,0.14665208608085162,701.9083112003631,708.5147956209106,727.0,660.3
382,269,0.14665208608085162,701.9083112003631,708.5147956209106,727.0,660.3
383,269,0.14665208608085162,701.9083112003631,708.5147956209106,727.0,660.3
384,269,0.14665208608085162,701.9083112003631,708.5147956209106,727.0,660.3
385,269,0.14665208608085162,701.9083112003631,708.5147956209106,727.0,660.3
386,269,0.14665208608085162,701.9083112003631,708.5147956209106,734.0428571428572,646.3892857142856
387,269,0.14665208608085162,701.9083112003631,708.5147956209106,741.0857142857143,632.4785714285714
388,269,0.14665208608085162,701.9083112003631,708.5147956209106,748.1285714285714,618.5678571428571
389,269,0.14665208608085162,701.9083112003631,708.5147956209106,755.1714285714286,604.6571428571428
390,269,0.14665208608085162,701.9083112003631,708.5147956209106,762.2142857142858,590.7464285714285
391,269,0.14665208608085162,701.9083112003631,708.5147956209106,769.2571428571429,576.8357142857143
392,269,0.14665208608085162,701.9083112003631,708.5147956209106,776.3,562.925
393,269,0.14665208608085162,701.9083112003631,708.5147956209106,783.3428571428572,549.0142857142857
394,269,0.14665208608085162,701.9083112003631,708.5147956209106,790.3857142857144,535.1035714285714
395,269,0.14665208608085162,701.9083112003631,708.5147956209106,797.4285714285714,521.1928571428571
396,269,0.14665208608085162,701.9083112003631,708.5147956209106,804.4714285714285,507.28214285714284
397,269,0.14665208608085162,701.9083112003631,708.5147956209106,811.5142857142857,493.37142857142857
398,269,0.14665208608085162,701.9083112003631,708.5147956209106,818.5571428571429,479.4607142857143
399,269,0.14665208608085162,701.9083112003631,708.5147956209106,825.6,465.54999999999995
400,269,0.14665208608085162,701.9083112003631,708.5147956209106,832.6428571428571,451.63928571428573
401,269,0.14665208608085162,701.9083112003631,708.5147956209106,839.6857142857143,437.7285714285714
402,269,0.14665208608085162,701.9083112003631,708.5147956209106,846.7285714285715,423.8178571428572
403,269,0.14665208608085162,701.9083112003631,708.5147956209106,853.7714285714286,409.90714285714284
404,269,0.14665208608085162,701.9083112003631,708.5147956209106,860.8142857142857,395.99642857142857
405,269,0.14665208608085162,701.9083112003631,708.5147956209106,867.8571428571429,382.0857142857143
406,269,0.14665208608085162,701.9083112003631,708.5147956209106,874.9000000000001,368.175
407,269,0.14665208608085162,701.9083112003631,708.5147956209106,881.9428571428572,354.26428571428573
408,269,0.14665208608085162,701.9083112003631,708.5147956209106,888.9857142857143,340.35357142857146
409,269,0.14665208608085162,701.9083112003631,708.5147956209106,896.0285714285715,326.4428571428572
410,269,0.14665208608085162,701.9083112003631,708.5147956209106,903.0714285714287,312.5321428571429
411,269,0.14665208608085162,701.9083112003631,708.5147956209106,910.1142857142858,298.6214285714286
412,269,0.14665208608085162,701.9083112003631,708.5147956209106,917.1571428571428,284.7107142857143
413,269,0.14665208608085162,701.9083112003631,708.5147956209106,924.2,270.8
414,269,0.14665208608085162,701.9083112003631,708.5147956209106,924.2,270.8
415,269,0.14665208608085162,701.9083112003631,708.5147956209106,924.2,270.8
416,269,0.14665208608085162,701.9083112003631,708.5147956209106,924.2,270.8
417,269,0.14665208608085162,701.9083112003631,708.5147956209106,924.2,270.8
418,269,0.14665208608085162,701.9083112003631,708.5147956209106,924.2,270.8
419,269,0.14665208608085162,701.9083112003631,708.5147956209106,924.2,270.8
420,269,0.14665208608085162,701.9083112003631,708.5147956209106,924.2,270.8
421,270,0.49558200882139397,701.9083112003631,708.5147956209106,924.2,270.8
422,271,0.7210621301987986,701.9083112003631,708.5147956209106,924.2,270.8
423,272,0.8360651343792448,701.9083112003631,708.5147956209106,924.2,270.8
424,273,0.9058080545690541,701.9083112003631,708.5147956209106,924.2,270.8
425,274,0.9526161624617453,701.9083112003631,708.5147956209106,924.2,270.8
426,275,0.9526161624617453,701.9083112003631,708.5147956209106,924.2,270.8
427,276,0.9526161624617453,701.9083112003631,708.5147956209106,924.2,270.8
428,277,0.9526161624617453,701.9083112003631,708.5147956209106,924.2,270.8
429,278,0.9526161624617453,701.9083112003631,708.5147956209106,924.2,270.8
430,279,0.9526161624617453,701.9083112003631,708.5147956209106,924.2,270.8
431,280,0.9526161624617453,701.9083112003631,708.5147956209106,924.2,270.8
432,281,0.9526161624617453,701.9083112003631,708.5147956209106,924.2,270.8
433,282,0.9526161624617453,701.9083112003631,708.5147956209106,924.2,270.8
434,283,0.9526161624617453,701.9083112003631,708.5147956209106,924.2,270.8
435,284,0.9526161624617453,701.9083112003631,708.5147956209106,924.2,270.8
436,285,0.9526161624617453,701.9083112003631,708.5147956209106,924.2,270.8
437,286,0.9526161624617453,701.9083112003631,708.5147956209106,924.2,270.8
438,287,0.9526161624617453,701.9083112003631,708.5147956209106,924.2,270.8
439,288,0.9526161624617453,701.9083112003631,708.5147956209106,924.2,270.8
440,289,0.9526161624617453,942.9083112003631,319.5147956209106,924.2,270.8
441,290,0.9526161624617453,942.9083112003631,319.5147956209106,924.2,270.8
442,291,0.9526161624617453,942.9083112003631,319.5147956209106,924.2,270.8
443,292,0.9526161624617453,942.9083112003631,319.5147956209106,924.2,270.8
444,293,0.9526161624617453,942.9083112003631,319.5147956209106,924.2,270.8
444,294,0.9526161624617453,942.9083112003631,319.5147956209106,924.2,270.8
444,295,0.9526161624617453,942.9083112003631,319.5147956209106,924.2,270.8
444,296,0.9526161624617453,942.9083112003631,319.5147956209106,924.2,270.8
444,297,0.9526161624617453,942.9083112003631,319.5147956209106,924.2,270.8
444,298,0.9526161624617453,942.9083112003631,319.5147956209106,924.2,270.8
444,299,0.9526161624617453,942.9083112003631,319.5147956209106,924.2,270.8
444,300,0.9526161624617453,942.9083112003631,319.5147956209106,924.2,270.8
445,301,0.9526161624617453,942.9083112003631,319.5147956209106,924.2,270.8
446,302,0.9526161624617453,942.9083112003631,319.5147956209106,924.2,270.8
447,303,0.15330149384117983,942.9083112003631,319.5147956209106,924.2,270.8
448,304,1.9386767488652934,942.9083112003631,319.5147956209106,924.2,270.8
448,305,0.5747958545015046,942.9083112003631,319.5147956209106,924.2,270.8
449,306,1.988257171665881,942.9083112003631,319.5147956209106,924.2,270.8
449,307,1.988257171665881,942.9083112003631,319.5147956209106,924.2,270.8
449,308,1.988257171665881,942.9083112003631,319.5147956209106,924.2,270.8
449,309,1.988257171665881,942.9083112003631,319.5147956209106,924.2,270.8
449,310,1.988257171665881,942.9083112003631,319.5147956209106,924.2,270.8
449,311,1.988257171665881,942.9083112003631,319.5147956209106,924.2,270.8
449,312,1.988257171665881,942.9083112003631,319.5147956209106,924.2,270.8
449,313,1.988257171665881,942.9083112003631,319.5147956209106,937.0333333333334,273.9666666666667
449,314,1.988257171665881,942.9083112003631,319.5147956209106,949.8666666666667,277.1333333333333
450,315,8.982915395071476,942.9083112003631,319.5147956209106,962.7,280.3
451,316,18.292389323829582,942.9083112003631,319.5147956209106,962.7,280.3
452,317,30.49116723515073,942.9083112003631,319.5147956209106,962.7,280.3
453,318,45.511815524381255,942.9083112003631,319.5147956209106,962.7,280.3
454,319,60.745828434276305,942.9083112003631,319.5147956209106,962.7,280.3
455,320,73.78134674672367,942.9083112003631,319.5147956209106,962.7,280.3
456,320,86.35415622532872,942.9083112003631,319.5147956209106,962.7,280.3
457,320,95.99408068666116,942.9083112003631,319.5147956209106,962.7,280.3
458,320,103.23848834486361,942.9083112003631,319.5147956209106,962.7,280.3
459,320,108.7193948021047,942.9083112003631,319.5147956209106,962.7,280.3
460,320,112.93944150996603,942.9083112003631,319.5147956209106,962.7,280.3
461,320,116.25552603137506,942.9083112003631,319.5147956209106,962.7,280.3
462,320,118.91348146813313,942.9083112003631,319.5147956209106,962.7,280.3
463,320,121.08285710905952,942.9083112003631,319.5147956209106,962.7,280.3
464,320,121.08285710905952,942.9083112003631,319.5147956209106,962.7,280.3
465,320,121.08285710905952,942.9083112003631,319.5147956209106,962.7,280.3
466,320,121.08285710905952,942.9083112003631,319.5147956209106,955.34,342.32
467,320,121.08285710905952,942.9083112003631,319.5147956209106,947.98,404.34000000000003
468,320,121.08285710905952,942.9083112003631,319.5147956209106,940.62,466.36
469,320,121.08285710905952,942.9083112003631,319.5147956209106,933.26,528.38
470,320,121.08285710905952,942.9083112003631,319.5147956209106,925.9,590.4
471,320,121.08285710905952,942.9083112003631,319.5147956209106,925.9,590.4
472,320,121.08285710905952,998.9083112003631,280.5147956209106,925.9,590.4
473,320,121.08285710905952,998.9083112003631,280.5147956209106,925.9,590.4
474,320,121.08285710905952,998.9083112003631,280.5147956209106,925.9,590.4
475,320,121.08285710905952,998.9083112003631,280.5147956209106,925.9,590.4
476,320,121.08285710905952,998.9083112003631,280.5147956209106,925.9,590.4
477,320,121.08285710905952,998.9083112003631,280.5147956209106,925.9,590.4
478,320,121.08285710905952,998.9083112003631,280.5147956209106,925.9,590.4
479,320,121.08285710905952,998.9083112003631,280.5147956209106,925.9,590.4
480,320,121.08285710905952,998.9083112003631,280.5147956209106,925.9,590.4
481,320,121.08285710905952,998.9083112003631,280.5147956209106,925.9,590.4
482,320,121.08285710905952,998.9083112003631,280.5147956209106,925.9,590.4
483,320,121.08285710905952,998.9083112003631,280.5147956209106,925.9,590.4
484,320,121.08285710905952,998.9083112003631,280.5147956209106,925.9,590.4
485,320,121.08285710905952,998.9083112003631,280.5147956209106,925.9,590.4
486,320,121.08285710905952,998.9083112003631,280.5147956209106,925.9,590.4
487,320,121.08285710905952,998.9083112003631,280.5147956209106,925.9,590.4
488,320,121.08285710905952,998.9083112003631,280.5147956209106,925.9,590.4
489,320,121.08285710905952,998.9083112003631,280.5147956209106,925.9,590.4
490,320,121.08285710905952,998.9083112003631,280.5147956209106,925.9,590.4
491,320,121.08285710905952,998.9083112003631,280.5147956209106,925.9,590.4
492,320,121.08285710905952,998.9083112003631,280.5147956209106,925.9,590.4
493,320,121.08285710905952,998.9083112003631,280.5147956209106,925.9,590.4
494,320,121.08285710905952,998.9083112003631,280.5147956209106,925.9,590.4
495,320,121.08285710905952,998.9083112003631,280.5147956209106,925.9,590.4
496,320,121.08285710905952,998.9083112003631,280.5147956209106,925.9,590.4
497,320,121.08285710905952,998.9083112003631,280.5147956209106,925.9,590.4
498,320,121.08285710905952,998.9083112003631,280.5147956209106,925.9,590.4
499,320,121.08285710905952,998.9083112003631,280.5147956209106,925.9,590.4
500,320,121.08285710905952,998.9083112003631,280.5147956209106,925.9,590.4
501,320,121.08285710905952,998.9083112003631,280.5147956209106,925.9,590.4
502,320,121.08285710905952,998.9083112003631,280.5147956209106,925.9,590.4
503,320,121.08285710905952,998.9083112003631,280.5147956209106,925.9,590.4
504,320,121.08285710905952,998.9083112003631,280.5147956209106,925.9,590.4
505,320,121.08285710905952,998.9083112003631,280.5147956209106,925.9,590.4
506,320,121.08285710905952,998.9083112003631,280.5147956209106,925.9,590.4
507,320,121.08285710905952,998.9083112003631,280.5147956209106,925.9,590.4
508,320,121.08285710905952,998.9083112003631,280.5147956209106,925.9,590.4
509,320,121.08285710905952,998.9083112003631,280.5147956209106,925.9,590.4
510,320,121.08285710905952,998.9083112003631,280.5147956209106,925.9,590.4
511,320,121.08285710905952,998.9083112003631,280.5147956209106,925.9,590.4
512,320,121.08285710905952,998.9083112003631,280.5147956209106,925.9,590.4
513,320,121.08285710905952,998.9083112003631,280.5147956209106,925.9,590.4
514,320,121.08285710905952,998.9083112003631,280.5147956209106,925.9,590.4
515,320,121.08285710905952,998.9083112003631,280.5147956209106,925.9,590.4
516,320,121.08285710905952,998.9083112003631,280.5147956209106,925.9,590.4
517,320,121.08285710905952,998.9083112003631,280.5147956209106,925.9,590.4
518,320,121.08285710905952,998.9083112003631,280.5147956209106,936.0666666666666,597.0
519,320,121.08285710905952,998.9083112003631,280.5147956209106,946.2333333333333,603.6
520,320,121.08285710905952,998.9083112003631,280.5147956209106,956.4,610.2
521,320,121.08285710905952,998.9083112003631,280.5147956209106,956.4,610.2
522,320,121.08285710905952,998.9083112003631,280.5147956209106,956.4,610.2
523,320,121.08285710905952,998.9083112003631,280.5147956209106,956.4,610.2
524,320,121.08285710905952,998.9083112003631,280.5147956209106,956.4,610.2
525,320,121.08285710905952,998.9083112003631,280.5147956209106,956.4,610.2
526,320,121.08285710905952,998.9083112003631,280.5147956209106,956.4,610.2
527,320,121.08285710905952,998.9083112003631,280.5147956209106,956.4,610.2
528,320,2.37390965358075,998.9083112003631,280.5147956209106,956.4,610.2
529,320,2.37390965358075,998.9083112003631,280.5147956209106,956.4,610.2
530,320,2.37390965358075,998.9083112003631,280.5147956209106,956.4,610.2
531,320,2.37390965358075,998.9083112003631,280.5147956209106,956.4,610.2
532,320,2.37390965358075,998.9083112003631,280.5147956209106,956.4,610.2
533,320,2.37390965358075,998.9083112003631,280.5147956209106,956.4,610.2
534,320,2.37390965358075,998.9083112003631,280.5147956209106,956.4,610.2
535,320,2.37390965358075,998.7906641415395,303.04420738561646,956.4,610.2
536,320,2.37390965358075,998.673017082716,325.5736191503224,956.4,610.2
537,320,2.37390965358075,998.5553700238925,348.1030309150283,956.4,610.2
538,320,2.37390965358075,998.4377229650689,370.63244267973414,956.4,610.2
539,320,2.37390965358075,998.3200759062454,393.16185444444,956.4,610.2
540,320,2.37390965358075,998.2024288474219,415.6912662091459,956.4,610.2
541,320,2.37390965358075,998.0847817885983,438.2206779738518,956.4,610.2
542,320,2.37390965358075,997.9671347297748,460.7500897385577,956.4,610.2
543,320,2.37390965358075,997.8494876709514,483.27950150326353,956.4,610.2
544,320,2.37390965358075,997.7318406121278,505.80891326796944,956.4,610.2
545,320,2.37390965358075,997.6141935533043,528.3383250326754,956.4,610.2
546,320,2.37390965358075,997.4965464944808,550.8677367973812,956.4,610.2
547,320,2.37390965358075,997.3788994356572,573.3971485620871,956.4,610.2
548,320,2.37390965358075,997.2612523768337,595.9265603267929,956.4,610.2
549,320,2.37390965358075,997.1436053180101,618.4559720914989,956.4,610.2
550,320,2.37390965358075,997.0259582591866,640.9853838562047,956.4,610.2
551,320,2.37390965358075,996.9083112003631,663.5147956209106,956.4,610.2
552,320,2.37390965358075,996.9083112003631,663.5147956209106,956.4,610.2
553,320,2.37390965358075,996.9083112003631,663.5147956209106,956.4,610.2
554,320,2.37390965358075,996.9083112003631,663.5147956209106,956.4,610.2
555,320,2.37390965358075,996.9083112003631,663.5147956209106,956.4,610.2
556,320,2.37390965358075,996.9083112003631,663.5147956209106,956.4,610.2
557,320,2.37390965358075,996.9083112003631,663.5147956209106,956.4,610.2
558,320,2.37390965358075,996.9083112003631,663.5147956209106,956.4,610.2
559,320,2.37390965358075,996.9083112003631,663.5147956209106,956.4,610.2
560,320,2.37390965358075,996.9083112003631,663.5147956209106,956.4,610.2
561,320,2.37390965358075,996.9083112003631,663.5147956209106,956.4,610.2
562,320,2.37390965358075,996.9083112003631,663.5147956209106,956.4,610.2
563,320,2.37390965358075,996.9083112003631,663.5147956209106,956.4,610.2
564,320,2.37390965358075,996.9083112003631,663.5147956209106,956.4,610.2
565,320,2.37390965358075,996.9083112003631,663.5147956209106,956.4,610.2
566,320,2.37390965358075,996.9083112003631,663.5147956209106,956.4,610.2
567,320,2.37390965358075,996.9083112003631,663.5147956209106,956.4,610.2
568,320,2.37390965358075,996.9083112003631,663.5147956209106,956.4,610.2
569,320,2.37390965358075,996.9083112003631,663.5147956209106,956.4,610.2
570,320,2.37390965358075,996.9083112003631,663.5147956209106,956.4,610.2
571,320,2.37390965358075,996.9083112003631,663.5147956209106,956.4,610.2
572,320,2.37390965358075,996.9083112003631,663.5147956209106,956.4,610.2
573,320,2.37390965358075,996.9083112003631,663.5147956209106,956.4,610.2
574,320,2.37390965358075,996.9083112003631,663.5147956209106,956.4,610.2
575,320,2.37390965358075,996.9083112003631,663.5147956209106,956.4,610.2
576,320,10.5863513316753,996.9083112003631,663.5147956209106,956.4,610.2
577,320,10.5863513316753,996.9083112003631,663.5147956209106,956.4,610.2
578,320,10.5863513316753,996.9083112003631,663.5147956209106,956.4,610.2
579,320,10.5863513316753,996.9083112003631,663.5147956209106,956.4,610.2
580,320,10.5863513316753,996.9083112003631,663.5147956209106,956.4,610.2
581,320,10.5863513316753,996.9083112003631,663.5147956209106,956.4,610.2
582,320,10.5863513316753,996.9083112003631,663.5147956209106,956.4,610.2
583,320,10.5863513316753,996.9083112003631,663.5147956209106,956.4,610.2
584,320,10.5863513316753,996.9083112003631,663.5147956209106,956.4,610.2
585,320,10.5863513316753,996.9083112003631,663.5147956209106,956.4,610.2
586,320,10.5863513316753,996.9083112003631,663.5147956209106,956.4,610.2
587,320,10.5863513316753,996.9083112003631,663.5147956209106,956.4,610.2
588,320,10.5863513316753,996.9083112003631,663.5147956209106,956.4,610.2
589,320,10.5863513316753,996.9083112003631,663.5147956209106,956.4,610.2
590,320,10.5863513316753,996.9083112003631,663.5147956209106,956.4,610.2
591,320,10.5863513316753,996.9083112003631,663.5147956209106,956.4,610.2
592,320,10.5863513316753,996.9083112003631,663.5147956209106,956.4,610.2
593,320,10.5863513316753,996.9083112003631,663.5147956209106,956.4,610.2
594,320,10.5863513316753,996.9083112003631,663.5147956209106,956.4,610.2
595,320,10.5863513316753,996.9083112003631,663.5147956209106,956.4,610.2
596,320,10.5863513316753,996.9083112003631,663.5147956209106,956.4,610.2
597,320,10.5863513316753,996.9083112003631,663.5147956209106,956.4,610.2
598,320,10.5863513316753,996.9083112003631,663.5147956209106,956.4,610.2
599,320,10.5863513316753,1008.9083112003631,700.5147956209106,956.4,610.2
600,320,10.5863513316753,1008.9083112003631,700.5147956209106,956.4,610.2
601,320,10.5863513316753,1008.9083112003631,700.5147956209106,956.4,610.2
602,320,10.5863513316753,1008.9083112003631,700.5147956209106,956.4,610.2
603,320,10.5863513316753,1008.9083112003631,700.5147956209106,956.4,610.2
604,320,10.5863513316753,1008.9083112003631,700.5147956209106,956.4,610.2
605,320,10.5863513316753,1008.9083112003631,700.5147956209106,956.4,610.2
606,320,10.5863513316753,1008.9083112003631,700.5147956209106,956.4,610.2
607,320,10.5863513316753,1008.9083112003631,700.5147956209106,956.4,610.2
608,320,10.5863513316753,1008.9083112003631,700.5147956209106,956.4,610.2
609,320,10.5863513316753,1008.9083112003631,700.5147956209106,956.4,610.2
610,320,10.5863513316753,1008.9083112003631,700.5147956209106,956.4,610.2
611,320,10.5863513316753,1008.9083112003631,700.5147956209106,956.4,610.2
612,320,10.5863513316753,1008.9083112003631,700.5147956209106,956.4,610.2
613,320,10.5863513316753,1008.9083112003631,700.5147956209106,956.4,610.2
614,320,10.5863513316753,1008.9083112003631,700.5147956209106,956.4,610.2
615,320,10.5863513316753,1008.9083112003631,700.5147956209106,956.4,610.2
616,320,10.5863513316753,1008.9083112003631,700.5147956209106,956.4,610.2
617,320,10.5863513316753,1008.9083112003631,700.5147956209106,956.4,610.2
618,320,10.5863513316753,1008.9083112003631,700.5147956209106,956.4,610.2
619,320,10.5863513316753,1008.9083112003631,700.5147956209106,956.4,610.2
620,320,10.5863513316753,1008.9083112003631,700.5147956209106,956.4,610.2
621,320,10.5863513316753,1008.9083112003631,700.5147956209106,977.275,609.575
622,320,10.5863513316753,1008.9083112003631,700.5147956209106,998.15,608.95
623,320,10.5863513316753,1008.9083112003631,700.5147956209106,1019.025,608.325
624,320,10.5863513316753,1008.9083112003631,700.5147956209106,1039.9,607.7
625,320,10.5863513316753,1008.9083112003631,700.5147956209106,1060.775,607.075
626,320,10.5863513316753,1008.9083112003631,700.5147956209106,1081.65,606.45
627,320,10.5863513316753,1008.9083112003631,700.5147956209106,1102.525,605.825
628,320,10.5863513316753,1008.9083112003631,700.5147956209106,1123.4,605.2
629,320,10.5863513316753,1008.9083112003631,700.5147956209106,1144.275,604.575
630,320,10.5863513316753,1008.9083112003631,700.5147956209106,1165.15,603.95
631,320,10.5863513316753,1008.9083112003631,700.5147956209106,1186.025,603.325
632,320,10.5863513316753,1008.9083112003631,700.5147956209106,1206.9,602.7
633,320,10.5863513316753,1008.9083112003631,700.5147956209106,1206.9,602.7
634,320,10.5863513316753,1008.9083112003631,700.5147956209106,1206.9,602.7
635,320,10.5863513316753,1008.9083112003631,700.5147956209106,1206.9,602.7
636,320,10.5863513316753,1008.9083112003631,700.5147956209106,1206.9,602.7
637,320,10.5863513316753,1008.9083112003631,700.5147956209106,1196.45,585.1437500000001
638,320,10.5863513316753,1008.9083112003631,700.5147956209106,1186.0,567.5875000000001
639,320,11.355805651691398,1008.9083112003631,700.5147956209106,1175.5500000000002,550.03125
640,320,12.28242263328878,1008.9083112003631,700.5147956209106,1165.1000000000001,532.475
641,320,13.419155303928765,1008.9083112003631,700.5147956209106,1154.65,514.91875
642,320,14.845313951286418,1008.9083112003631,700.5147956209106,1144.2,497.36250000000007
643,320,16.684871493749824,1008.9083112003631,700.5147956209106,1133.75,479.80625000000003
644,320,19.141888262653104,1008.9083112003631,700.5147956209106,1123.3000000000002,462.25
645,320,22.574037411138264,1008.9083112003631,700.5147956209106,1112.8500000000001,444.69375
646,320,27.656900813555474,1008.9083112003631,700.5147956209106,1102.4,427.13750000000005
647,321,16.18284012108926,1008.9083112003631,700.5147956209106,1091.95,409.58125
648,322,1.099527069117372,1008.9083112003631,700.5147956209106,1081.5,392.02500000000003
649,322,0.0906002294826507,1008.9083112003631,700.5147956209106,1071.0500000000002,374.46875
650,322,0.09193743890058426,1008.9083112003631,700.5147956209106,1060.6000000000001,356.9125
651,322,1.018387249638066,1008.9083112003631,700.5147956209106,1050.15,339.35625
652,323,16.4278811480964,1008.9083112003631,700.5147956209106,1039.7,321.8
653,323,42.612821997003266,1008.9083112003631,700.5147956209106,1039.7,321.8
654,323,38.61458766791671,1008.9083112003631,700.5147956209106,1039.7,321.8
655,323,35.125127229695714,1008.9083112003631,700.5147956209106,1039.7,321.8
656,323,35.125127229695714,1008.9083112003631,700.5147956209106,1039.7,321.8
657,323,35.125127229695714,1008.9083112003631,700.5147956209106,1039.7,321.8
658,323,35.125127229695714,1008.9083112003631,700.5147956209106,1039.7,321.8
659,323,35.125127229695714,1008.9083112003631,700.5147956209106,1039.7,321.8
660,323,35.125127229695714,1008.9083112003631,700.5147956209106,1039.7,321.8
661,323,35.125127229695714,1008.9083112003631,700.5147956209106,1039.7,321.8
662,323,35.125127229695714,1008.9083112003631,700.5147956209106,1039.7,321.8
663,323,35.125127229695714,1008.9083112003631,700.5147956209106,1039.7,321.8
664,323,35.125127229695714,1008.9083112003631,700.5147956209106,1039.7,321.8
665,323,35.125127229695714,1024.2416445336964,698.7814622875773,1039.7,321.8
666,323,35.125127229695714,1039.5749778670297,697.0481289542439,1039.7,321.8
667,323,35.125127229695714,1054.9083112003632,695.3147956209106,1039.7,321.8
668,323,35.125127229695714,1070.2416445336964,693.5814622875773,1039.7,321.8
669,323,35.125127229695714,1085.5749778670297,691.848128954244,1039.7,321.8
670,323,35.125127229695714,1100.9083112003632,690.1147956209106,1039.7,321.8
671,323,35.125127229695714,1116.2416445336964,688.3814622875773,1039.7,321.8
672,323,35.125127229695714,1131.5749778670297,686.6481289542439,1084.5,302.15
673,323,35.125127229695714,1146.9083112003632,684.9147956209106,1129.3000000000002,282.5
674,323,35.125127229695714,1162.2416445336964,683.1814622875772,1174.1000000000001,262.85
675,323,35.125127229695714,1177.5749778670297,681.4481289542439,1218.9,243.2
676,323,35.125127229695714,1192.9083112003632,679.7147956209106,1218.9,243.2
677,323,35.125127229695714,1208.2416445336964,677.9814622875773,1218.9,243.2
678,323,35.125127229695714,1223.57497786703,676.248128954244,1218.9,243.2
679,323,35.125127229695714,1238.9083112003632,674.5147956209106,1218.9,243.2
680,323,35.125127229695714,1238.9083112003632,674.5147956209106,1218.9,243.2
681,323,35.125127229695714,1238.9083112003632,674.5147956209106,1218.9,243.2
682,323,35.125127229695714,1238.9083112003632,674.5147956209106,1218.9,243.2
683,323,35.125127229695714,1238.9083112003632,674.5147956209106,1218.9,243.2
684,323,35.125127229695714,1238.9083112003632,674.5147956209106,1218.9,243.2
685,323,35.125127229695714,1238.9083112003632,674.5147956209106,1218.9,243.2
686,323,35.125127229695714,1238.9083112003632,674.5147956209106,1218.9,243.2
687,323,35.125127229695714,1238.9083112003632,674.5147956209106,1218.9,243.2
688,323,35.125127229695714,1238.9083112003632,674.5147956209106,1218.9,243.2
689,323,35.125127229695714,1238.9083112003632,674.5147956209106,1218.9,243.2
690,323,35.125127229695714,1238.9083112003632,674.5147956209106,1218.9,243.2
691,323,35.125127229695714,1238.9083112003632,674.5147956209106,1218.9,243.2
692,323,35.125127229695714,1238.9083112003632,674.5147956209106,1218.9,243.2
693,323,35.125127229695714,1238.9083112003632,674.5147956209106,1218.9,243.2
694,323,35.125127229695714,1238.9083112003632,674.5147956209106,1218.9,243.2
695,323,35.125127229695714,1238.9083112003632,674.5147956209106,1218.9,243.2
696,323,35.125127229695714,1238.9083112003632,674.5147956209106,1218.9,243.2
697,323,35.125127229695714,1238.9083112003632,674.5147956209106,1171.9,238.0
698,323,35.125127229695714,1238.9083112003632,674.5147956209106,1124.9,232.79999999999998
699,323,35.125127229695714,1238.9083112003632,674.5147956209106,1077.9,227.6
700,323,35.125127229695714,1238.9083112003632,674.5147956209106,1030.9,222.39999999999998
701,323,35.125127229695714,1238.9083112003632,674.5147956209106,983.9,217.2
702,323,35.125127229695714,1238.9083112003632,674.5147956209106,983.9,217.2
703,323,35.43394828461234,1238.9083112003632,674.5147956209106,983.9,217.2
704,323,35.43394828461234,1238.9083112003632,674.5147956209106,983.9,217.2
705,323,35.43394828461234,1238.9083112003632,674.5147956209106,983.9,217.2
706,323,35.43394828461234,1238.9083112003632,674.5147956209106,983.9,217.2
707,323,35.43394828461234,1238.9083112003632,674.5147956209106,983.9,217.2
708,323,35.43394828461234,1238.9083112003632,674.5147956209106,983.9,217.2
709,323,35.43394828461234,1238.9083112003632,674.5147956209106,983.9,217.2
710,323,35.43394828461234,1238.9083112003632,674.5147956209106,983.9,217.2
711,323,35.43394828461234,1240.9083112003632,651.2206779738518,983.9,217.2
712,323,35.43394828461234,1242.9083112003632,627.9265603267929,983.9,217.2
713,323,35.43394828461234,1244.9083112003632,604.6324426797341,983.9,217.2
714,323,35.43394828461234,1246.9083112003632,581.3383250326754,983.9,217.2
715,323,35.43394828461234,1248.9083112003632,558.0442073856165,983.9,217.2
716,323,35.43394828461234,1250.9083112003632,534.7500897385577,983.9,217.2
717,323,35.43394828461234,1252.9083112003632,511.45597209149884,983.9,217.2
718,323,35.43394828461234,1254.9083112003632,488.16185444444,983.9,217.2
719,323,35.43394828461234,1256.9083112003632,464.8677367973812,983.9,217.2
720,323,35.43394828461234,1258.9083112003632,441.5736191503224,983.9,217.2
721,323,35.43394828461234,1260.9083112003632,418.27950150326353,983.9,217.2
722,323,35.43394828461234,1262.9083112003632,394.98538385620475,983.9,217.2
723,323,35.43394828461234,1264.9083112003632,371.6912662091459,983.9,217.2
724,323,35.43394828461234,1266.9083112003632,348.39714856208707,983.9,217.2
725,323,35.43394828461234,1268.9083112003632,325.1030309150283,983.9,217.2
726,323,35.43394828461234,1270.9083112003632,301.80891326796944,983.9,217.2
727,323,35.43394828461234,1272.9083112003632,278.5147956209106,983.9,217.2
728,323,35.43394828461234,1272.9083112003632,278.5147956209106,983.9,217.2
729,323,35.43394828461234,1272.9083112003632,278.5147956209106,983.9,217.2
730,323,35.43394828461234,1272.9083112003632,278.5147956209106,983.9,217.2
731,323,35.43394828461234,1272.9083112003632,278.5147956209106,983.9,217.2
732,323,35.43394828461234,1272.9083112003632,278.5147956209106,983.9,217.2
733,323,35.43394828461234,1272.9083112003632,278.5147956209106,983.9,217.2
734,323,35.43394828461234,1272.9083112003632,278.5147956209106,983.9,217.2
735,323,35.43394828461234,1272.9083112003632,278.5147956209106,983.9,217.2
736,323,35.43394828461234,1272.9083112003632,278.5147956209106,983.9,217.2
737,323,35.43394828461234,1272.9083112003632,278.5147956209106,983.9,217.2
738,323,35.43394828461234,1272.9083112003632,278.5147956209106,983.9,217.2
739,323,35.43394828461234,1272.9083112003632,278.5147956209106,983.9,217.2
740,323,35.43394828461234,1272.9083112003632,278.5147956209106,983.9,217.2
741,323,35.43394828461234,1272.9083112003632,278.5147956209106,983.9,217.2
742,323,35.43394828461234,1272.9083112003632,278.5147956209106,983.9,217.2
743,323,35.43394828461234,1272.9083112003632,278.5147956209106,983.9,217.2
744,323,35.43394828461234,1272.9083112003632,278.5147956209106,983.9,217.2
745,323,35.43394828461234,1272.9083112003632,278.5147956209106,983.9,217.2
746,323,35.43394828461234,1272.9083112003632,278.5147956209106,983.9,217.2
747,323,35.43394828461234,1272.9083112003632,278.5147956209106,983.9,217.2
748,323,35.43394828461234,1272.9083112003632,278.5147956209106,983.9,217.2
749,323,35.43394828461234,1272.9083112003632,278.5147956209106,983.9,217.2
750,323,35.43394828461234,1272.9083112003632,278.5147956209106,983.9,217.2
751,323,35.43394828461234,1272.9083112003632,278.5147956209106,983.9,217.2
752,323,35.43394828461234,1272.9083112003632,278.5147956209106,983.9,217.2
753,323,35.43394828461234,1272.9083112003632,278.5147956209106,983.9,217.2
754,323,35.43394828461234,1272.9083112003632,278.5147956209106,983.9,217.2
755,323,35.43394828461234,1272.9083112003632,278.5147956209106,983.9,217.2
756,323,35.43394828461234,1272.9083112003632,278.5147956209106,983.9,217.2
757,323,35.43394828461234,1272.9083112003632,278.5147956209106,983.9,217.2
758,323,35.43394828461234,1272.9083112003632,278.5147956209106,983.9,217.2
759,323,35.43394828461234,1045.9083112003632,266.5147956209106,983.9,217.2
760,323,35.43394828461234,1045.9083112003632,266.5147956209106,983.9,217.2
761,323,35.43394828461234,1045.9083112003632,266.5147956209106,984.2099999999999,216.99666666666667
762,323,35.43394828461234,1045.9083112003632,266.5147956209106,984.52,216.79333333333332
763,323,35.43394828461234,1045.9083112003632,266.5147956209106,984.8299999999999,216.58999999999997
764,323,35.43394828461234,1045.9083112003632,266.5147956209106,985.14,216.38666666666666
765,323,35.43394828461234,1045.9083112003632,266.5147956209106,985.4499999999999,216.18333333333334
766,323,35.43394828461234,1045.9083112003632,266.5147956209106,985.76,215.98
767,323,35.43394828461234,1045.9083112003632,266.5147956209106,986.0699999999999,215.77666666666664
768,323,35.43394828461234,1045.9083112003632,266.5147956209106,986.38,215.57333333333332
769,323,40.51599010468044,1045.9083112003632,266.5147956209106,986.6899999999999,215.37
770,323,45.35910100377268,1045.9083112003632,266.5147956209106,987.0,215.16666666666666
771,323,49.91602540637349,1045.9083112003632,266.5147956209106,987.31,214.9633333333333
772,323,54.15914778846514,1045.9083112003632,266.5147956209106,987.62,214.76
773,323,58.07812908150032,1045.9083112003632,266.5147956209106,987.93,214.55666666666667
774,323,61.67620674292871,1045.9083112003632,266.5147956209106,988.24,214.35333333333332
775,323,64.96622179475048,1045.9083112003632,266.5147956209106,988.55,214.14999999999998
776,323,67.96705896479733,1045.9083112003632,266.5147956209106,988.86,213.94666666666666
777,323,70.70081118079884,1045.9083112003632,266.5147956209106,989.17,213.74333333333334
778,323,73.19071541709027,1045.9083112003632,266.5147956209106,989.48,213.54
779,323,75.45976512793958,1045.9083112003632,266.5147956209106,989.79,213.33666666666664
780,323,77.52985308075166,1045.9083112003632,266.5147956209106,990.1,213.13333333333333
781,323,79.42129881806011,1045.9083112003632,266.5147956209106,990.41,212.93
782,323,81.15263826605675,1045.9083112003632,266.5147956209106,990.72,212.72666666666666
783,323,82.74058205920227,1045.9083112003632,266.5147956209106,991.03,212.5233333333333
784,323,82.74058205920227,1045.9083112003632,266.5147956209106,991.34,212.32
785,323,82.74058205920227,1045.9083112003632,266.5147956209106,991.65,212.11666666666667
786,324,82.74058205920227,1045.9083112003632,266.5147956209106,991.96,211.91333333333333
787,325,82.74058205920227,1045.9083112003632,266.5147956209106,992.27,211.70999999999998
788,326,82.74058205920227,1045.9083112003632,266.5147956209106,992.58,211.50666666666666
789,327,82.74058205920227,1045.9083112003632,266.5147956209106,992.89,211.30333333333334
790,328,82.74058205920227,1045.9083112003632,266.5147956209106,993.2,211.1
791,329,82.74058205920227,1045.9083112003632,266.5147956209106,993.51,210.89666666666665
792,330,82.74058205920227,1045.9083112003632,266.5147956209106,993.8199999999999,210.69333333333333
793,331,82.74058205920227,1045.9083112003632,266.5147956209106,994.13,210.49
794,332,82.74058205920227,1045.9083112003632,266.5147956209106,994.4399999999999,210.28666666666666
795,333,82.74058205920227,1045.9083112003632,266.5147956209106,994.75,210.08333333333331
796,334,82.74058205920227,1045.9083112003632,266.5147956209106,995.06,209.88
797,335,82.74058205920227,1045.9083112003632,266.5147956209106,995.37,209.67666666666668
798,336,82.74058205920227,1045.9083112003632,266.5147956209106,995.68,209.47333333333333
799,337,82.74058205920227,1045.9083112003632,266.5147956209106,995.99,209.26999999999998
800,338,82.74058205920227,1045.9083112003632,266.5147956209106,996.3,209.06666666666666
801,339,82.74058205920227,1045.9083112003632,266.5147956209106,996.61,208.86333333333334
802,340,82.74058205920227,1045.9083112003632,266.5147956209106,996.92,208.66
803,341,82.74058205920227,1045.9083112003632,266.5147956209106,997.23,208.45666666666665
804,342,82.74058205920227,1045.9083112003632,266.5147956209106,997.54,208.25333333333333
805,343,82.74058205920227,1045.9083112003632,266.5147956209106,997.85,208.05
806,344,82.74058205920227,1045.9083112003632,266.5147956209106,998.16,207.84666666666666
807,345,82.74058205920227,1045.9083112003632,266.5147956209106,998.47,207.64333333333332
808,346,82.74058205920227,1045.9083112003632,266.5147956209106,998.78,207.44
809,347,82.74058205920227,1045.9083112003632,266.5147956209106,999.09,207.23666666666668
810,348,82.74058205920227,1045.9083112003632,266.5147956209106,999.4,207.03333333333333
811,349,82.74058205920227,1045.9083112003632,266.5147956209106,999.71,206.82999999999998
812,350,82.74058205920227,1045.9083112003632,266.5147956209106,1000.02,206.62666666666667
813,351,82.74058205920227,1045.9083112003632,266.5147956209106,1000.33,206.42333333333335
814,352,82.74058205920227,1045.9083112003632,266.5147956209106,1000.64,206.22
815,353,86.88793493691996,1045.9083112003632,266.5147956209106,1000.95,206.01666666666665
816,354,91.22315157925303,1045.9083112003632,266.5147956209106,1001.26,205.81333333333333
817,355,122.32322683989355,1045.9083112003632,266.5147956209106,1001.57,205.61
818,356,126.18329820291038,1045.9083112003632,266.5147956209106,1001.88,205.40666666666667
819,357,102.45568417057312,1045.9083112003632,266.5147956209106,1002.19,205.20333333333332
820,358,92.90805159689252,1045.9083112003632,266.5147956209106,1002.5,205.0
821,359,86.15146748454438,1045.9083112003632,266.5147956209106,1002.5,205.0
822,360,80.4863380692466,1045.9083112003632,266.5147956209106,1002.5,205.0
823,360,76.25525489092199,1045.9083112003632,266.5147956209106,1002.5,205.0
824,360,72.22978216207278,1045.9083112003632,266.5147956209106,1002.5,205.0
825,360,68.43194553549934,1045.9083112003632,266.5147956209106,1002.5,205.0
826,360,64.87343508564012,1045.9083112003632,266.5147956209106,1002.5,205.0
827,360,61.557179326746855,1045.9083112003632,266.5147956209106,1002.5,205.0
828,360,58.47925059625495,1045.9083112003632,266.5147956209106,1002.5,205.0
829,360,55.630764762391856,1045.9083112003632,266.5147956209106,1002.5,205.0
830,360,52.9995660646191,1045.9083112003632,266.5147956209106,1002.5,205.0
831,360,50.57160151340702,1045.9083112003632,266.5147956209106,1002.5,205.0
832,360,50.57160151340702,1045.9083112003632,266.5147956209106,1002.5,205.0
833,360,50.57160151340702,1045.9083112003632,266.5147956209106,1002.5,205.0
834,360,50.57160151340702,1045.9083112003632,266.5147956209106,1002.5,205.0
835,360,50.57160151340702,1045.9083112003632,266.5147956209106,1002.5,205.0
836,360,50.57160151340702,1045.9083112003632,266.5147956209106,1002.5,205.0
837,360,50.57160151340702,1045.9083112003632,266.5147956209106,1002.5,205.0
838,360,50.57160151340702,1045.9083112003632,266.5147956209106,1002.5,205.0
839,360,50.57160151340702,1045.9083112003632,266.5147956209106,1002.5,205.0
840,360,50.57160151340702,1045.9083112003632,266.5147956209106,1002.5,205.0
841,360,50.57160151340702,1045.9083112003632,266.5147956209106,1002.5,205.0
842,360,50.57160151340702,1045.9083112003632,266.5147956209106,1002.5,205.0
843,360,50.57160151340702,1045.9083112003632,266.5147956209106,1002.5,205.0
844,360,50.57160151340702,1045.9083112003632,266.5147956209106,1002.5,205.0
845,360,50.57160151340702,1045.9083112003632,266.5147956209106,1002.5,205.0
846,360,50.57160151340702,1045.9083112003632,266.5147956209106,1002.5,205.0
847,360,50.57160151340702,1045.9083112003632,266.5147956209106,1002.5,205.0
848,360,50.57160151340702,1045.9083112003632,266.5147956209106,1002.5,205.0
849,360,50.57160151340702,1045.9083112003632,266.5147956209106,1002.5,205.0
850,360,50.57160151340702,1045.9083112003632,266.5147956209106,1002.5,205.0
851,360,50.57160151340702,1045.9083112003632,266.5147956209106,1002.5,205.0
852,360,50.57160151340702,1045.9083112003632,266.5147956209106,1002.5,205.0
853,360,50.57160151340702,1045.9083112003632,266.5147956209106,1002.5,205.0
854,360,50.57160151340702,1045.9083112003632,266.5147956209106,1002.5,205.0
855,360,50.57160151340702,1045.9083112003632,266.5147956209106,1002.5,205.0
856,360,50.57160151340702,1045.9083112003632,266.5147956209106,1002.5,205.0
857,360,50.57160151340702,1045.9083112003632,266.5147956209106,1002.5,205.0
858,360,50.57160151340702,1045.9083112003632,266.5147956209106,1002.5,205.0
859,360,50.57160151340702,1045.9083112003632,266.5147956209106,1002.5,205.0
860,360,50.57160151340702,1045.9083112003632,266.5147956209106,1002.5,205.0
861,360,50.57160151340702,1045.9083112003632,266.5147956209106,1002.5,205.0
862,360,50.57160151340702,1045.9083112003632,266.5147956209106,1002.5,205.0
863,360,17.89454671240829,1045.9083112003632,266.5147956209106,1002.5,205.0
864,360,17.89454671240829,1045.9083112003632,266.5147956209106,1002.5,205.0
865,360,17.89454671240829,1045.9083112003632,266.5147956209106,1002.5,205.0
866,360,17.89454671240829,1045.9083112003632,266.5147956209106,1002.5,205.0
867,360,17.89454671240829,1045.9083112003632,266.5147956209106,1002.5,205.0
868,360,17.89454671240829,1045.9083112003632,266.5147956209106,1002.5,205.0
869,360,17.89454671240829,1045.9083112003632,266.5147956209106,1002.5,205.0
870,360,17.89454671240829,1045.9083112003632,266.5147956209106,1002.5,205.0
871,360,17.89454671240829,972.9083112003631,271.5147956209106,992.525,244.85
872,360,17.89454671240829,972.9083112003631,271.5147956209106,982.55,284.7
873,360,17.89454671240829,972.9083112003631,271.5147956209106,972.575,324.54999999999995
874,360,17.89454671240829,972.9083112003631,271.5147956209106,962.6,364.4
875,360,17.89454671240829,972.9083112003631,271.5147956209106,962.6,364.4
876,360,17.89454671240829,972.9083112003631,271.5147956209106,962.6,364.4
877,360,17.89454671240829,972.9083112003631,271.5147956209106,962.6,364.4
878,360,17.89454671240829,972.9083112003631,271.5147956209106,962.6,364.4
879,360,17.89454671240829,972.9083112003631,271.5147956209106,962.6,364.4
880,360,17.89454671240829,972.9083112003631,271.5147956209106,962.6,364.4
881,360,17.89454671240829,972.9083112003631,271.5147956209106,962.6,364.4
882,360,17.89454671240829,972.9083112003631,271.5147956209106,962.6,364.4
883,360,17.89454671240829,972.9083112003631,271.5147956209106,962.6,364.4
884,360,17.89454671240829,972.9083112003631,271.5147956209106,962.6,364.4
885,360,17.89454671240829,972.9083112003631,271.5147956209106,962.6,364.4
886,360,17.89454671240829,972.9083112003631,271.5147956209106,962.6,364.4
887,360,17.89454671240829,972.9083112003631,271.5147956209106,962.6,364.4
888,360,17.89454671240829,972.9083112003631,271.5147956209106,962.6,364.4
889,360,17.89454671240829,972.9083112003631,271.5147956209106,962.6,364.4
890,360,17.89454671240829,972.9083112003631,271.5147956209106,962.6,364.4
891,360,17.89454671240829,972.9083112003631,271.5147956209106,962.6,364.4
892,360,17.89454671240829,972.9083112003631,271.5147956209106,962.6,364.4
893,360,17.89454671240829,972.9083112003631,271.5147956209106,962.6,364.4
894,360,17.89454671240829,972.9083112003631,271.5147956209106,962.6,364.4
895,360,17.89454671240829,972.9083112003631,271.5147956209106,962.6,364.4
896,360,17.89454671240829,972.9083112003631,271.5147956209106,962.6,364.4
897,360,17.89454671240829,972.9083112003631,271.5147956209106,962.6,364.4
898,360,17.89454671240829,972.9083112003631,271.5147956209106,962.6,364.4
899,360,17.89454671240829,972.9083112003631,271.5147956209106,962.6,364.4
900,360,17.89454671240829,972.9083112003631,271.5147956209106,962.6,364.4
901,360,17.89454671240829,972.9083112003631,271.5147956209106,962.6,364.4
902,360,17.89454671240829,972.9083112003631,271.5147956209106,962.6,364.4
903,360,17.89454671240829,972.9083112003631,271.5147956209106,962.6,364.4
904,360,17.89454671240829,972.9083112003631,271.5147956209106,1019.6600000000001,334.85999999999996
905,360,17.89454671240829,972.9083112003631,271.5147956209106,1076.72,305.32
906,360,17.89454671240829,972.9083112003631,271.5147956209106,1133.7800000000002,275.78
907,360,17.89454671240829,972.9083112003631,271.5147956209106,1190.8400000000001,246.23999999999998
908,360,17.89454671240829,972.9083112003631,271.5147956209106,1247.9,216.7
909,360,17.89454671240829,972.9083112003631,271.5147956209106,1247.9,216.7
910,360,17.89454671240829,972.9083112003631,271.5147956209106,1247.9,216.7
911,360,17.89454671240829,972.9083112003631,271.5147956209106,1247.9,216.7
912,360,17.89454671240829,972.9083112003631,271.5147956209106,1247.9,216.7
913,360,17.89454671240829,972.9083112003631,271.5147956209106,1247.9,216.7
914,360,17.89454671240829,972.9083112003631,271.5147956209106,1247.9,216.7
915,360,17.89454671240829,972.9083112003631,271.5147956209106,1247.9,216.7
916,360,17.89454671240829,972.9083112003631,271.5147956209106,1247.9,216.7
917,360,17.89454671240829,972.9083112003631,271.5147956209106,1247.9,216.7
918,360,17.89454671240829,972.9083112003631,271.5147956209106,1247.9,216.7
919,360,17.89454671240829,972.9083112003631,271.5147956209106,1247.9,216.7
920,360,17.89454671240829,972.9083112003631,271.5147956209106,1247.9,216.7
921,360,17.89454671240829,972.9083112003631,271.5147956209106,1247.9,216.7
922,360,17.89454671240829,972.9083112003631,271.5147956209106,1247.9,216.7
923,360,17.89454671240829,972.9083112003631,271.5147956209106,1247.9,216.7
924,360,17.89454671240829,972.9083112003631,271.5147956209106,1247.9,216.7
925,360,17.89454671240829,972.9083112003631,271.5147956209106,1247.9,216.7
926,360,17.89454671240829,972.9083112003631,271.5147956209106,1247.9,216.7
927,360,17.89454671240829,972.9083112003631,271.5147956209106,1247.9,216.7
928,360,17.89454671240829,972.9083112003631,271.5147956209106,1247.9,216.7
929,360,17.89454671240829,972.9083112003631,271.5147956209106,1247.9,216.7
930,360,17.89454671240829,972.9083112003631,271.5147956209106,1247.9,216.7
931,360,17.89454671240829,972.9083112003631,271.5147956209106,1247.9,216.7
932,360,17.89454671240829,972.9083112003631,271.5147956209106,1200.257142857143,268.0571428571429
933,360,17.89454671240829,972.9083112003631,271.5147956209106,1152.6142857142859,319.4142857142857
934,360,17.89454671240829,972.9083112003631,271.5147956209106,1104.9714285714285,370.7714285714286
935,360,17.89454671240829,972.9083112003631,271.5147956209106,1057.3285714285714,422.1285714285715
936,360,17.89454671240829,972.9083112003631,271.5147956209106,1009.6857142857143,473.4857142857143
937,360,17.89454671240829,972.9083112003631,271.5147956209106,962.0428571428572,524.8428571428572
938,360,17.89454671240829,972.9083112003631,271.5147956209106,914.4,576.2
939,360,17.89454671240829,972.9083112003631,271.5147956209106,914.4,576.2
940,360,17.89454671240829,972.9083112003631,271.5147956209106,914.4,576.2
941,360,17.89454671240829,972.9083112003631,271.5147956209106,914.4,576.2
942,360,17.89454671240829,972.9083112003631,271.5147956209106,914.4,576.2
943,360,17.89454671240829,972.9083112003631,271.5147956209106,914.4,576.2
944,360,17.89454671240829,972.9083112003631,271.5147956209106,914.4,576.2
945,360,17.89454671240829,972.9083112003631,271.5147956209106,914.4,576.2
946,360,17.89454671240829,972.9083112003631,271.5147956209106,914.4,576.2
947,360,17.89454671240829,972.9083112003631,271.5147956209106,914.4,576.2
948,360,17.89454671240829,972.9083112003631,271.5147956209106,914.4,576.2
949,360,17.89454671240829,972.9083112003631,271.5147956209106,914.4,576.2
950,360,17.89454671240829,972.9083112003631,271.5147956209106,914.4,576.2
951,360,17.89454671240829,972.9083112003631,271.5147956209106,914.4,576.2
952,360,17.89454671240829,972.9083112003631,271.5147956209106,914.4,576.2
953,360,17.89454671240829,972.9083112003631,271.5147956209106,914.4,576.2
954,360,17.89454671240829,972.9083112003631,271.5147956209106,914.4,576.2
955,360,17.89454671240829,972.9083112003631,271.5147956209106,914.4,576.2
956,360,17.89454671240829,972.9083112003631,271.5147956209106,914.4,576.2
957,360,17.89454671240829,972.9083112003631,271.5147956209106,914.4,576.2
958,360,17.89454671240829,972.9083112003631,271.5147956209106,914.4,576.2
959,360,17.89454671240829,972.9083112003631,271.5147956209106,914.4,576.2
960,360,17.89454671240829,972.9083112003631,271.5147956209106,914.4,576.2
961,360,17.89454671240829,972.9083112003631,271.5147956209106,914.4,576.2
962,360,17.89454671240829,972.9083112003631,271.5147956209106,914.4,576.2
963,360,17.89454671240829,972.9083112003631,271.5147956209106,914.4,576.2
964,360,17.89454671240829,972.9083112003631,271.5147956209106,914.4,576.2
965,360,17.89454671240829,972.9083112003631,271.5147956209106,914.4,576.2
966,360,17.89454671240829,972.9083112003631,271.5147956209106,926.6,512.6666666666667
967,360,17.89454671240829,971.9671347297748,291.5736191503224,938.8,449.1333333333334
968,360,17.89454671240829,971.0259582591866,311.63244267973414,951.0,385.6
969,360,17.89454671240829,970.0847817885983,331.6912662091459,963.2,322.0666666666667
970,360,17.89454671240829,969.1436053180101,351.7500897385577,975.4,258.53333333333336
971,360,17.89454671240829,968.2024288474219,371.80891326796944,987.6,195.0
972,360,17.89454671240829,967.2612523768337,391.8677367973812,987.6,195.0
973,360,17.89454671240829,966.3200759062454,411.9265603267929,987.6,195.0
974,360,17.89454671240829,965.3788994356572,431.98538385620475,987.6,195.0
975,360,3.2083466326031513,964.4377229650689,452.04420738561646,987.6,195.0
976,360,3.2083466326031513,963.4965464944808,472.1030309150283,987.6,195.0
977,360,3.2083466326031513,962.5553700238925,492.16185444444,987.6,195.0
978,360,3.2083466326031513,961.6141935533043,512.2206779738517,987.6,195.0
979,360,3.2083466326031513,960.673017082716,532.2795015032635,987.6,195.0
980,360,3.2083466326031513,959.7318406121278,552.3383250326754,987.6,195.0
981,360,3.2083466326031513,958.7906641415395,572.3971485620871,987.6,195.0
982,360,3.2083466326031513,957.8494876709514,592.4559720914988,987.6,195.0
983,360,3.2083466326031513,956.9083112003631,612.5147956209106,987.6,195.0
984,360,3.2083466326031513,956.9083112003631,612.5147956209106,987.6,195.0
985,360,3.2083466326031513,956.9083112003631,612.5147956209106,987.6,195.0
986,360,3.2083466326031513,956.9083112003631,612.5147956209106,987.6,195.0
987,360,3.2083466326031513,956.9083112003631,612.5147956209106,987.6,195.0
988,360,3.2083466326031513,956.9083112003631,612.5147956209106,987.6,195.0
989,360,3.2083466326031513,956.9083112003631,612.5147956209106,987.6,195.0
990,360,3.2083466326031513,956.9083112003631,612.5147956209106,987.6,195.0
991,360,3.2083466326031513,956.9083112003631,612.5147956209106,987.6,195.0
992,360,3.2083466326031513,956.9083112003631,612.5147956209106,987.6,195.0
993,360,3.2083466326031513,956.9083112003631,612.5147956209106,987.6,195.0
994,360,3.2083466326031513,956.9083112003631,612.5147956209106,987.6,195.0
995,360,3.2083466326031513,956.9083112003631,612.5147956209106,987.6,195.0
996,360,3.2083466326031513,956.9083112003631,612.5147956209106,987.6,195.0
997,360,3.2083466326031513,956.9083112003631,612.5147956209106,987.6,195.0
998,360,3.2083466326031513,956.9083112003631,612.5147956209106,987.6,195.0
999,360,3.2083466326031513,956.9083112003631,612.5147956209106,987.6,195.0
1000,360,3.2083466326031513,956.9083112003631,612.5147956209106,987.6,195.0
1001,360,3.2083466326031513,956.9083112003631,612.5147956209106,987.6,195.0
1002,360,3.2083466326031513,956.9083112003631,612.5147956209106,987.6,195.0
1003,360,3.2083466326031513,956.9083112003631,612.5147956209106,987.6,195.0
1004,360,3.2083466326031513,956.9083112003631,612.5147956209106,968.9714285714286,254.02857142857144
1005,360,3.2083466326031513,956.9083112003631,612.5147956209106,950.3428571428572,313.0571428571429
1006,360,3.2083466326031513,956.9083112003631,612.5147956209106,931.7142857142858,372.0857142857143
1007,360,3.2083466326031513,956.9083112003631,612.5147956209106,913.0857142857143,431.11428571428576
1008,360,3.2083466326031513,956.9083112003631,612.5147956209106,894.4571428571429,490.14285714285717
1009,360,3.2083466326031513,956.9083112003631,612.5147956209106,875.8285714285714,549.1714285714286
1010,360,3.2083466326031513,956.9083112003631,612.5147956209106,857.2,608.2
1011,360,3.2083466326031513,956.9083112003631,612.5147956209106,857.2,608.2
1012,360,3.2083466326031513,956.9083112003631,612.5147956209106,857.2,608.2
1013,360,3.2083466326031513,956.9083112003631,612.5147956209106,857.2,608.2
1014,361,3.2083466326031513,956.9083112003631,612.5147956209106,857.2,608.2
1015,362,3.2083466326031513,956.9083112003631,612.5147956209106,857.2,608.2
1016,363,3.2083466326031513,956.9083112003631,612.5147956209106,857.2,608.2
1017,364,3.2083466326031513,956.9083112003631,612.5147956209106,857.2,608.2
1018,365,3.2083466326031513,956.9083112003631,612.5147956209106,857.2,608.2
1019,366,3.2083466326031513,956.9083112003631,612.5147956209106,857.2,608.2
1020,367,3.2083466326031513,956.9083112003631,612.5147956209106,857.2,608.2
1021,368,3.2083466326031513,956.9083112003631,612.5147956209106,857.2,608.2
1022,369,3.2083466326031513,956.9083112003631,612.5147956209106,857.2,608.2
1023,370,3.2083466326031513,956.9083112003631,612.5147956209106,857.2,608.2
1024,371,3.2083466326031513,956.9083112003631,612.5147956209106,857.2,608.2
1025,372,3.2083466326031513,956.9083112003631,612.5147956209106,857.2,608.2
1026,373,3.2083466326031513,956.9083112003631,612.5147956209106,857.2,608.2
1027,374,3.2083466326031513,956.9083112003631,612.5147956209106,857.2,608.2
1028,375,3.2083466326031513,956.9083112003631,612.5147956209106,857.2,608.2
1029,376,3.2083466326031513,956.9083112003631,612.5147956209106,857.2,608.2
1030,377,3.2083466326031513,956.9083112003631,612.5147956209106,857.2,608.2
1031,378,3.2083466326031513,720.9083112003631,691.5147956209106,818.2166666666667,609.2833333333334
1032,379,3.2083466326031513,720.9083112003631,691.5147956209106,779.2333333333333,610.3666666666667
1033,380,3.2083466326031513,720.9083112003631,691.5147956209106,740.25,611.45
1034,381,3.2083466326031513,720.9083112003631,691.5147956209106,701.2666666666667,612.5333333333334
1035,382,3.2083466326031513,720.9083112003631,691.5147956209106,662.2833333333333,613.6166666666667
1036,383,3.2083466326031513,720.9083112003631,691.5147956209106,623.3,614.7
1037,384,3.2083466326031513,720.9083112003631,691.5147956209106,623.3,614.7
1038,385,4.611032656854047,720.9083112003631,691.5147956209106,623.3,614.7
1039,386,5.682468537628636,720.9083112003631,691.5147956209106,623.3,614.7
1040,387,6.527055950735364,720.9083112003631,691.5147956209106,623.3,614.7
1041,388,7.209666950874449,720.9083112003631,691.5147956209106,623.3,614.7
1042,389,7.209666950874449,720.9083112003631,691.5147956209106,623.3,614.7
1043,390,7.209666950874449,720.9083112003631,691.5147956209106,623.3,614.7
1044,391,7.209666950874449,720.9083112003631,691.5147956209106,623.3,614.7
1045,392,7.209666950874449,720.9083112003631,691.5147956209106,623.3,614.7
1046,393,7.209666950874449,720.9083112003631,691.5147956209106,623.3,614.7
1047,394,7.209666950874449,720.9083112003631,691.5147956209106,623.3,614.7
1048,395,7.209666950874449,720.9083112003631,691.5147956209106,623.3,614.7
1049,396,7.209666950874449,720.9083112003631,691.5147956209106,623.3,614.7
1050,397,7.209666950874449,720.9083112003631,691.5147956209106,623.3,614.7
1051,398,7.209666950874449,720.9083112003631,691.5147956209106,669.4285714285714,556.0285714285715
1052,399,7.209666950874449,720.9083112003631,691.5147956209106,715.5571428571428,497.3571428571429
1053,400,0.5332277889686375,720.9083112003631,691.5147956209106,761.6857142857143,438.6857142857143
1054,400,0.5332277889686375,720.9083112003631,691.5147956209106,807.8142857142857,380.01428571428573
1055,400,0.5332277889686375,720.9083112003631,691.5147956209106,853.9428571428572,321.34285714285716
1056,400,0.5332277889686375,720.9083112003631,691.5147956209106,900.0714285714287,262.6714285714286
1057,400,0.5332277889686375,720.9083112003631,691.5147956209106,946.2,204.0
1058,400,0.5332277889686375,720.9083112003631,691.5147956209106,946.2,204.0
1059,400,0.5332277889686375,720.9083112003631,691.5147956209106,946.2,204.0
1060,400,0.5332277889686375,720.9083112003631,691.5147956209106,946.2,204.0
1061,401,8.40186342177664,720.9083112003631,691.5147956209106,946.2,204.0
1062,402,16.10630471644467,720.9083112003631,691.5147956209106,946.2,204.0
1063,403,23.390716654735705,948.9083112003631,551.5147956209106,946.2,204.0
1064,404,30.07756137653657,948.9083112003631,551.5147956209106,946.2,204.0
1065,405,36.079665011486604,948.9083112003631,551.5147956209106,946.2,204.0
1066,406,41.385554360891106,948.9083112003631,551.5147956209106,946.2,204.0
1067,407,41.385554360891106,948.9083112003631,551.5147956209106,946.2,204.0
1068,408,41.385554360891106,948.9083112003631,551.5147956209106,946.2,204.0
1069,409,41.385554360891106,948.9083112003631,551.5147956209106,946.2,204.0
1070,410,41.385554360891106,948.9083112003631,551.5147956209106,946.2,204.0
1071,411,41.38021194880196,948.9083112003631,551.5147956209106,946.2,204.0
1072,412,41.37393108912158,948.9083112003631,551.5147956209106,946.2,204.0
1073,413,41.366440701652174,948.9083112003631,551.5147956209106,946.2,204.0
1074,414,41.35735417659937,948.9083112003631,551.5147956209106,946.2,204.0
1075,415,41.34610048938526,948.9083112003631,551.5147956209106,946.2,204.0
1076,416,41.331799354269044,948.9083112003631,551.5147956209106,946.2,204.0
1077,417,41.31301907202607,948.9083112003631,551.5147956209106,946.2,204.0
1078,418,41.28726460453894,948.9083112003631,551.5147956209106,946.2,204.0
1079,419,41.24976529314361,948.9083112003631,551.5147956209106,946.2,204.0
1080,420,41.19011423079356,953.9083112003631,303.5147956209106,946.2,204.0
1081,421,41.85571081802261,953.9083112003631,303.5147956209106,946.2,204.0
1082,422,42.87193068462216,953.9083112003631,303.5147956209106,946.2,204.0
1083,423,43.74986614587068,953.9083112003631,303.5147956209106,946.2,204.0
1083,424,50.383765628562394,953.9083112003631,303.5147956209106,946.2,204.0
1084,425,0.0008113366672944559,953.9083112003631,303.5147956209106,946.2,204.0
1085,425,0.0065702949908951445,953.9083112003631,303.5147956209106,946.2,204.0
1086,425,0.6896169826685026,953.9083112003631,303.5147956209106,946.2,204.0
1087,426,22.00829537870109,953.9083112003631,303.5147956209106,943.7666666666667,280.5833333333333
1088,426,22.00829537870109,953.9083112003631,303.5147956209106,941.3333333333334,357.16666666666663
1089,426,22.00829537870109,953.9083112003631,303.5147956209106,938.9000000000001,433.75
1090,426,22.00829537870109,953.9083112003631,303.5147956209106,936.4666666666667,510.3333333333333
1091,426,22.00829537870109,953.9083112003631,303.5147956209106,934.0333333333333,586.9166666666666
1092,426,22.00829537870109,953.9083112003631,303.5147956209106,931.6,663.5
1093,426,22.00829537870109,953.9083112003631,303.5147956209106,931.6,663.5
1094,426,22.00829537870109,953.9083112003631,303.5147956209106,931.6,663.5
1095,426,22.00829537870109,953.9083112003631,303.5147956209106,931.6,663.5
1096,426,22.00829537870109,953.9083112003631,303.5147956209106,931.6,663.5
1097,426,22.00829537870109,953.9083112003631,303.5147956209106,931.6,663.5
1098,426,22.00829537870109,953.9083112003631,303.5147956209106,931.6,663.5
1099,426,22.00829537870109,953.9083112003631,303.5147956209106,931.6,663.5
1100,426,22.00829537870109,953.9083112003631,303.5147956209106,931.6,663.5
1101,426,22.00829537870109,953.9083112003631,303.5147956209106,931.6,663.5
1102,426,22.00829537870109,953.9083112003631,303.5147956209106,931.6,663.5
1103,426,22.00829537870109,953.9083112003631,303.5147956209106,931.6,663.5
1104,426,22.00829537870109,953.9083112003631,303.5147956209106,931.6,663.5
1105,426,22.00829537870109,953.9083112003631,303.5147956209106,931.6,663.5
1106,426,22.00829537870109,953.9083112003631,303.5147956209106,931.6,663.5
1107,426,22.00829537870109,953.9083112003631,303.5147956209106,931.6,663.5
1108,426,22.00829537870109,953.9083112003631,303.5147956209106,931.6,663.5
1109,426,22.00829537870109,953.9083112003631,303.5147956209106,931.6,663.5
1110,426,22.00829537870109,974.9083112003631,241.5147956209106,931.6,663.5
1111,426,22.00829537870109,974.9083112003631,241.5147956209106,931.6,663.5
1112,426,22.00829537870109,974.9083112003631,241.5147956209106,931.6,663.5
1113,426,22.00829537870109,974.9083112003631,241.5147956209106,931.6,663.5
1114,426,22.00829537870109,974.9083112003631,241.5147956209106,931.6,663.5
1115,426,22.00829537870109,974.9083112003631,241.5147956209106,931.6,663.5
1116,426,22.00829537870109,974.9083112003631,241.5147956209106,927.7428571428571,588.8571428571429
1117,426,22.00829537870109,974.9083112003631,241.5147956209106,923.8857142857144,514.2142857142858
1118,426,22.00829537870109,974.9083112003631,241.5147956209106,920.0285714285715,439.57142857142856
1119,426,22.00829537870109,974.9083112003631,241.5147956209106,916.1714285714286,364.92857142857144
1120,426,22.00829537870109,974.9083112003631,241.5147956209106,912.3142857142857,290.28571428571433
1121,426,22.00829537870109,974.9083112003631,241.5147956209106,908.4571428571429,215.64285714285717
1122,427,22.00829537870109,974.9083112003631,241.5147956209106,904.6,141.0
1123,428,22.00829537870109,974.9083112003631,241.5147956209106,904.6,141.0
1124,429,22.00829537870109,974.9083112003631,241.5147956209106,904.6,141.0
1125,430,22.00829537870109,974.9083112003631,241.5147956209106,904.6,141.0
1126,431,22.00829537870109,974.9083112003631,241.5147956209106,904.6,141.0
1127,432,22.00829537870109,974.9083112003631,241.5147956209106,904.6,141.0
1128,433,22.00829537870109,974.9083112003631,241.5147956209106,904.6,141.0
1129,434,22.00829537870109,974.9083112003631,241.5147956209106,904.6,141.0
1130,435,22.00829537870109,974.9083112003631,241.5147956209106,904.6,141.0
1131,436,22.00829537870109,974.9083112003631,241.5147956209106,904.6,141.0
1132,437,22.00829537870109,974.9083112003631,241.5147956209106,904.6,141.0
1132,438,22.00829537870109,974.9083112003631,241.5147956209106,904.6,141.0
1132,439,22.00829537870109,974.9083112003631,241.5147956209106,904.6,141.0
1132,440,22.00829537870109,974.9083112003631,241.5147956209106,904.6,141.0
1132,441,22.00829537870109,974.9083112003631,241.5147956209106,904.6,141.0
1132,442,22.00829537870109,974.9083112003631,241.5147956209106,904.6,141.0
1132,443,22.00829537870109,974.9083112003631,241.5147956209106,904.6,141.0
1132,444,22.00829537870109,974.9083112003631,241.5147956209106,904.6,141.0
1132,445,22.00829537870109,974.9083112003631,241.5147956209106,904.6,141.0
1132,446,22.00829537870109,974.9083112003631,241.5147956209106,904.6,141.0
1132,447,22.00829537870109,994.2612523768337,242.3383250326753,904.6,141.0
1132,448,22.00829537870109,1013.6141935533043,243.16185444444002,904.6,141.0
1132,449,22.00829537870109,1032.967134729775,243.98538385620472,904.6,141.0
1132,450,22.00829537870109,1052.3200759062454,244.80891326796942,904.6,141.0
1132,451,22.00829537870109,1071.6730170827161,245.63244267973414,904.6,141.0
1132,452,22.00829537870109,1091.0259582591866,246.45597209149884,904.6,141.0
1132,453,22.00829537870109,1110.3788994356573,247.27950150326353,904.6,141.0
1132,454,22.00829537870109,1129.7318406121278,248.10303091502826,904.6,141.0
1132,455,22.00829537870109,1149.0847817885983,248.92656032679295,904.6,141.0
1133,456,22.00829537870109,1168.437722965069,249.75008973855768,918.75,147.45
1134,457,22.00829537870109,1187.7906641415395,250.57361915032237,932.9000000000001,153.9
1135,458,13.50944585552455,1207.1436053180103,251.39714856208707,947.0500000000001,160.35000000000002
1136,459,3.9315112751484023,1226.4965464944808,252.2206779738518,961.2,166.8
1137,460,1.55741995270685,1245.8494876709515,253.0442073856165,961.2,166.8
1138,460,1.55741995270685,1265.202428847422,253.86773679738118,961.2,166.8
1139,460,1.55741995270685,1284.5553700238925,254.6912662091459,961.2,166.8
1140,460,1.55741995270685,1303.9083112003632,255.5147956209106,961.2,166.8
1141,460,1.55741995270685,1303.9083112003632,255.5147956209106,961.2,166.8
1142,460,1.55741995270685,1303.9083112003632,255.5147956209106,961.2,166.8
1143,460,1.55741995270685,1303.9083112003632,255.5147956209106,961.2,166.8
1144,460,1.55741995270685,1303.9083112003632,255.5147956209106,961.2,166.8
1145,460,1.55741995270685,1303.9083112003632,255.5147956209106,961.2,166.8
1146,460,1.55741995270685,1303.9083112003632,255.5147956209106,961.2,166.8
1147,460,1.55741995270685,1303.9083112003632,255.5147956209106,961.2,166.8
1148,460,1.55741995270685,1303.9083112003632,255.5147956209106,961.2,166.8
1149,460,1.55741995270685,1303.9083112003632,255.5147956209106,961.2,166.8
1150,460,1.55741995270685,1303.9083112003632,255.5147956209106,961.2,166.8
1151,460,1.55741995270685,1303.9083112003632,255.5147956209106,961.2,166.8
1152,460,1.55741995270685,1303.9083112003632,255.5147956209106,954.12,260.48
1153,460,1.55741995270685,1303.9083112003632,255.5147956209106,947.04,354.16
1154,460,1.55741995270685,1303.9083112003632,255.5147956209106,939.96,447.84000000000003
1155,460,1.55741995270685,1303.9083112003632,255.5147956209106,932.88,541.52
1156,460,1.55741995270685,1303.9083112003632,255.5147956209106,925.8,635.2
1157,460,1.55741995270685,1303.9083112003632,255.5147956209106,925.8,635.2
1158,461,5.055129650857686,1303.9083112003632,255.5147956209106,925.8,635.2
1159,462,5.055129650857686,1303.9083112003632,255.5147956209106,925.8,635.2
1160,463,5.055129650857686,1303.9083112003632,255.5147956209106,925.8,635.2
1161,464,5.055129650857686,1303.9083112003632,255.5147956209106,925.8,635.2
1162,465,5.055129650857686,1303.9083112003632,255.5147956209106,925.8,635.2
1163,466,5.055129650857686,1303.9083112003632,255.5147956209106,925.8,635.2
1164,467,5.055129650857686,1303.9083112003632,255.5147956209106,925.8,635.2
1165,468,5.055129650857686,1303.9083112003632,255.5147956209106,925.8,635.2
1166,469,5.055129650857686,1303.9083112003632,255.5147956209106,925.8,635.2
1167,470,18.764517849069865,1303.9083112003632,255.5147956209106,925.8,635.2
1168,471,18.764517849069865,1303.9083112003632,255.5147956209106,926.2578125,626.9046875
1169,472,18.764517849069865,1303.9083112003632,255.5147956209106,926.7156249999999,618.609375
1170,473,18.764517849069865,1303.9083112003632,255.5147956209106,927.1734375,610.3140625000001
1171,474,20.859378077022875,1303.9083112003632,255.5147956209106,927.6312499999999,602.0187500000001
1172,475,23.170998292518043,1303.9083112003632,255.5147956209106,928.0890625,593.7234375
1173,476,25.726041870851613,1303.9083112003632,255.5147956209106,928.546875,585.428125
1174,477,28.55316669705854,1303.9083112003632,255.5147956209106,929.0046874999999,577.1328125
1175,478,31.682101232000907,1303.9083112003632,255.5147956209106,929.4625,568.8375000000001
1176,479,35.141988344960495,1303.9083112003632,255.5147956209106,929.9203124999999,560.5421875000001
1177,480,38.95873259954564,1303.9083112003632,255.5147956209106,930.378125,552.246875
1178,481,43.151133631011184,1303.9083112003632,255.5147956209106,930.8359375,543.9515625
1179,482,47.7257888626156,1303.9083112003632,255.5147956209106,931.2937499999999,535.65625
1180,483,52.671184443859055,1303.9083112003632,255.5147956209106,931.7515625,527.3609375000001
1181,484,57.9520710890975,1303.9083112003632,255.5147956209106,932.209375,519.0656250000001
1182,485,63.505945802183305,1303.9083112003632,255.5147956209106,932.6671875,510.77031250000005
1183,486,69.24375351176138,1303.9083112003632,255.5147956209106,933.125,502.475
1184,487,59.540454543283246,1303.9083112003632,255.5147956209106,933.5828124999999,494.1796875
1184,488,53.7714152923052,1303.9083112003632,255.5147956209106,934.040625,485.88437500000003
1184,489,48.158706813974604,1303.9083112003632,255.5147956209106,934.4984375,477.5890625
1184,490,42.79764634765314,1303.9083112003632,255.5147956209106,934.95625,469.29375000000005
1184,491,37.75811509538696,1287.437722965069,256.7500897385577,935.4140625,460.9984375
1184,492,33.082434113071166,1270.967134729775,257.98538385620475,935.8718749999999,452.703125
1184,493,28.78795494251323,1254.4965464944808,259.22067797385176,936.3296875,444.4078125
1184,494,24.87232443396129,1238.0259582591866,260.45597209149884,936.7875,436.1125
1184,495,21.319457000427494,1221.5553700238925,261.6912662091459,937.2453125,427.81718750000005
1184,496,18.104913961724684,1205.0847817885985,262.926560326793,937.703125,419.521875
1184,497,15.200110456159551,1188.6141935533044,264.16185444444,938.1609374999999,411.2265625
1184,498,12.575275876079928,1172.1436053180103,265.39714856208707,938.61875,402.93125
1184,499,10.201350348385244,1155.6730170827161,266.63244267973414,939.0765625,394.6359375
1184,500,8.05107921568128,1139.202428847422,267.8677367973812,939.534375,386.340625
1184,501,6.099552891916939,1122.7318406121278,269.1030309150282,939.9921875,378.0453125
1184,502,6.099552891916939,1106.2612523768337,270.3383250326753,940.45,369.75
1184,503,6.099552891916939,1089.7906641415395,271.5736191503224,940.9078125,361.4546875
1184,504,6.099552891916939,1073.3200759062454,272.80891326796944,941.365625,353.159375
1184,505,6.099552891916939,1056.8494876709512,274.04420738561646,941.8234375,344.8640625
1184,506,6.099552891916939,1040.3788994356573,275.27950150326353,942.28125,336.56875
1184,507,6.099552891916939,1023.9083112003631,276.5147956209106,942.7390625,328.2734375
1184,508,6.099552891916939,1023.9083112003631,276.5147956209106,943.196875,319.978125
1184,509,6.099552891916939,1023.9083112003631,276.5147956209106,943.6546875,311.6828125
1184,510,6.099552891916939,1023.9083112003631,276.5147956209106,944.1125,303.3875
1184,511,6.099552891916939,1023.9083112003631,276.5147956209106,944.5703125,295.09218749999997
1184,512,6.099552891916939,1023.9083112003631,276.5147956209106,945.028125,286.796875
1184,513,6.099552891916939,1023.9083112003631,276.5147956209106,945.4859375,278.5015625
1184,514,6.099552891916939,1023.9083112003631,276.5147956209106,945.94375,270.20624999999995
1184,515,6.099552891916939,1023.9083112003631,276.5147956209106,946.4015625,261.9109375
1184,516,6.099552891916939,1023.9083112003631,276.5147956209106,946.859375,253.61562499999997
1184,517,6.099552891916939,1023.9083112003631,276.5147956209106,947.3171875,245.3203125
1184,518,6.099552891916939,1023.9083112003631,276.5147956209106,947.775,237.02499999999998
1184,519,6.099552891916939,1023.9083112003631,276.5147956209106,948.2328125,228.72968749999995
1184,520,6.099552891916939,1023.9083112003631,276.5147956209106,948.690625,220.434375
1184,521,6.099552891916939,1023.9083112003631,276.5147956209106,949.1484375,212.13906249999997
1184,522,6.099552891916939,1023.9083112003631,276.5147956209106,949.60625,203.84375
1184,523,6.099552891916939,1023.9083112003631,276.5147956209106,950.0640625,195.54843749999998
1185,524,6.099552891916939,1023.9083112003631,276.5147956209106,950.521875,187.25312499999995
1186,525,6.099552891916939,1023.9083112003631,276.5147956209106,950.9796875,178.9578125
1187,526,6.099552891916939,1023.9083112003631,276.5147956209106,951.4375,170.66249999999997
1188,527,6.099552891916939,1023.9083112003631,276.5147956209106,951.8953125,162.36718749999994
1189,528,6.099552891916939,1023.9083112003631,276.5147956209106,952.353125,154.07187499999998
1190,529,6.099552891916939,1023.9083112003631,276.5147956209106,952.8109375,145.77656249999995
1191,530,6.099552891916939,1023.9083112003631,276.5147956209106,953.2687500000001,137.48124999999993
1192,531,6.099552891916939,1023.9083112003631,276.5147956209106,953.7265625,129.18593749999997
1193,532,6.099552891916939,1023.9083112003631,276.5147956209106,954.184375,120.890625
1194,533,6.099552891916939,1023.9083112003631,276.5147956209106,954.6421875,112.59531249999998
1195,534,6.099552891916939,1023.9083112003631,276.5147956209106,955.1,104.3
1196,535,6.099552891916939,1023.9083112003631,276.5147956209106,955.1,104.3
1197,536,6.099552891916939,1023.9083112003631,276.5147956209106,955.1,104.3
1198,537,6.099552891916939,1023.9083112003631,276.5147956209106,955.1,104.3
1199,538,6.099552891916939,1023.9083112003631,276.5147956209106,955.1,104.3
1200,539,6.099552891916939,1021.2612523768337,297.80891326796944,955.1,104.3
1201,540,6.099552891916939,1018.6141935533043,319.1030309150282,955.1,104.3
1202,541,6.099552891916939,1015.9671347297748,340.39714856208707,955.1,104.3
1203,542,6.099552891916939,1013.3200759062454,361.6912662091459,955.1,104.3
1204,543,6.099552891916939,1010.673017082716,382.98538385620475,955.1,104.3
1205,544,6.099552891916939,1008.0259582591866,404.27950150326353,955.1,104.3
1206,545,6.099552891916939,1005.3788994356572,425.5736191503224,955.1,104.3
1207,546,6.099552891916939,1002.7318406121278,446.8677367973812,955.1,104.3
1208,547,6.099552891916939,1000.0847817885983,468.16185444444,955.1,104.3
1209,548,6.099552891916939,997.4377229650689,489.45597209149884,955.1,104.3
1210,549,6.099552891916939,994.7906641415395,510.7500897385577,955.1,104.3
1211,550,6.099552891916939,992.1436053180101,532.0442073856165,955.1,104.3
1212,551,6.099552891916939,989.4965464944808,553.3383250326754,955.1,104.3
1213,552,3.458541307736237,986.8494876709514,574.6324426797341,955.1,104.3
1214,553,0.7320489133955875,984.2024288474219,595.9265603267929,955.1,104.3
1215,554,2.2636908581767057,981.5553700238925,617.2206779738517,955.1,104.3
1216,554,2.2636908581767057,978.9083112003631,638.5147956209106,955.1,104.3
1217,554,2.2636908581767057,978.9083112003631,638.5147956209106,955.1,104.3
1218,554,2.2636908581767057,978.9083112003631,638.5147956209106,955.1,104.3
1219,554,2.2636908581767057,978.9083112003631,638.5147956209106,955.1,104.3
1220,554,2.2636908581767057,978.9083112003631,638.5147956209106,955.1,104.3
1221,554,2.2636908581767057,978.9083112003631,638.5147956209106,955.1,104.3
1222,554,2.2636908581767057,978.9083112003631,638.5147956209106,955.1,104.3
1223,554,2.2636908581767057,978.9083112003631,638.5147956209106,955.1,104.3
1224,554,2.2636908581767057,978.9083112003631,638.5147956209106,955.1,104.3
1225,554,2.2636908581767057,978.9083112003631,638.5147956209106,955.1,104.3
1226,554,2.2636908581767057,978.9083112003631,638.5147956209106,955.1,104.3
1227,554,2.2636908581767057,978.9083112003631,638.5147956209106,955.1,104.3
1228,554,2.2636908581767057,978.9083112003631,638.5147956209106,955.1,104.3
1229,554,2.2636908581767057,978.9083112003631,638.5147956209106,955.1,104.3
1230,554,2.2636908581767057,978.9083112003631,638.5147956209106,955.1,104.3
1231,554,2.2636908581767057,978.9083112003631,638.5147956209106,955.1,104.3
1232,554,2.2636908581767057,978.9083112003631,638.5147956209106,955.1,104.3
1233,554,2.2636908581767057,978.9083112003631,638.5147956209106,955.1,104.3
1234,554,2.2636908581767057,978.9083112003631,638.5147956209106,955.1,104.3
1235,554,2.2636908581767057,978.9083112003631,638.5147956209106,955.1,104.3
1236,554,2.2636908581767057,978.9083112003631,638.5147956209106,955.1,104.3
1237,554,2.2636908581767057,978.9083112003631,638.5147956209106,955.1,104.3
1238,554,2.2636908581767057,978.9083112003631,638.5147956209106,955.1,104.3
1239,554,2.2636908581767057,978.9083112003631,638.5147956209106,955.1,104.3
1240,554,2.2636908581767057,978.9083112003631,638.5147956209106,955.1,104.3
1241,554,2.2636908581767057,978.9083112003631,638.5147956209106,955.1,104.3
1242,554,2.2636908581767057,978.9083112003631,638.5147956209106,955.1,104.3
1243,554,2.2636908581767057,978.9083112003631,638.5147956209106,955.1,104.3
1244,554,2.2636908581767057,978.9083112003631,638.5147956209106,955.1,104.3
1245,554,2.2636908581767057,978.9083112003631,638.5147956209106,955.1,104.3
1246,554,2.2636908581767057,978.9083112003631,638.5147956209106,955.1,104.3
1247,554,5.970265401610638,978.9083112003631,638.5147956209106,963.28,194.44
1248,554,9.642584902937838,978.9083112003631,638.5147956209106,971.46,284.58
1249,554,13.251603632542025,978.9083112003631,638.5147956209106,979.64,374.72
1250,554,16.771247210748236,978.9083112003631,638.5147956209106,987.82,464.86
1251,554,20.179377484984506,978.9083112003631,638.5147956209106,996.0,555.0
1252,554,23.458355286081947,978.9083112003631,638.5147956209106,996.0,555.0
1253,554,26.595202891535916,978.9083112003631,638.5147956209106,996.0,555.0
1254,554,29.58142427959936,978.9083112003631,638.5147956209106,996.0,555.0
1255,554,32.4125739115526,978.9083112003631,638.5147956209106,996.0,555.0
1256,554,35.08767327284021,978.9083112003631,638.5147956209106,996.0,555.0
1257,554,37.60856453737177,978.9083112003631,638.5147956209106,996.0,555.0
1258,554,39.979270667080506,978.9083112003631,638.5147956209106,996.0,555.0
1259,554,42.20540837970082,978.9083112003631,638.5147956209106,996.0,555.0
1260,554,44.29367968902624,978.9083112003631,638.5147956209106,996.0,555.0
1261,554,46.25145158158383,978.9083112003631,638.5147956209106,996.0,555.0
1262,554,48.086422352538676,978.9083112003631,638.5147956209106,996.0,555.0
1263,554,49.80636656989548,978.9083112003631,638.5147956209106,996.0,555.0
1264,554,49.80636656989548,978.9083112003631,638.5147956209106,996.0,555.0
1265,554,49.80636656989548,978.9083112003631,638.5147956209106,996.0,555.0
1266,554,49.80636656989548,978.9083112003631,638.5147956209106,1001.034,548.042
1267,554,49.80636656989548,978.9083112003631,638.5147956209106,1006.068,541.084
1268,554,49.80636656989548,978.9083112003631,638.5147956209106,1011.102,534.126
1269,554,49.80636656989548,978.9083112003631,638.5147956209106,1016.136,527.168
1270,554,49.80636656989548,978.9083112003631,638.5147956209106,1021.17,520.21
1271,554,49.80636656989548,978.9083112003631,638.5147956209106,1026.204,513.252
1272,554,49.80636656989548,978.9083112003631,638.5147956209106,1031.238,506.294
1273,554,49.80636656989548,978.9083112003631,638.5147956209106,1036.272,499.336
1274,554,49.80636656989548,978.9083112003631,638.5147956209106,1041.306,492.378
1275,554,49.80636656989548,978.9083112003631,638.5147956209106,1046.34,485.42
1276,554,49.80636656989548,978.9083112003631,638.5147956209106,1051.374,478.462
1277,554,49.80636656989548,978.9083112003631,638.5147956209106,1056.408,471.504
1278,554,49.80636656989548,978.9083112003631,638.5147956209106,1061.442,464.546
1279,554,49.80636656989548,978.9083112003631,638.5147956209106,1066.476,457.588
1280,554,49.80636656989548,978.9083112003631,638.5147956209106,1071.51,450.63
1281,554,49.80636656989548,978.9083112003631,638.5147956209106,1076.544,443.672
1282,554,49.80636656989548,978.9083112003631,638.5147956209106,1081.578,436.714
1283,554,49.80636656989548,978.9083112003631,638.5147956209106,1086.612,429.75600000000003
1284,554,49.80636656989548,978.9083112003631,638.5147956209106,1091.646,422.798
1285,554,49.80636656989548,978.9083112003631,638.5147956209106,1096.68,415.84000000000003
1286,554,49.80636656989548,978.9083112003631,638.5147956209106,1101.714,408.882
1287,554,49.80636656989548,978.9083112003631,638.5147956209106,1106.748,401.924
1288,554,49.80636656989548,978.9083112003631,638.5147956209106,1111.782,394.966
1289,554,49.80636656989548,978.9083112003631,638.5147956209106,1116.816,388.00800000000004
1290,554,49.80636656989548,978.9083112003631,638.5147956209106,1121.85,381.05
1291,554,49.80636656989548,978.9083112003631,638.5147956209106,1126.884,374.092
1292,554,49.80636656989548,978.9083112003631,638.5147956209106,1131.9180000000001,367.134
1293,554,49.80636656989548,978.9083112003631,638.5147956209106,1136.952,360.17600000000004
1294,554,49.80636656989548,978.9083112003631,638.5147956209106,1141.986,353.218
1295,554,49.80636656989548,978.9083112003631,638.5147956209106,1147.02,346.26
1296,554,49.80636656989548,978.9083112003631,638.5147956209106,1152.054,339.302
1297,554,49.80636656989548,978.9083112003631,638.5147956209106,1157.088,332.34400000000005
1298,554,49.80636656989548,978.9083112003631,638.5147956209106,1162.122,325.386
1299,554,49.80636656989548,978.9083112003631,638.5147956209106,1167.156,318.428
1300,554,49.80636656989548,978.9083112003631,638.5147956209106,1172.19,311.47
1301,554,49.80636656989548,978.9083112003631,638.5147956209106,1177.224,304.51200000000006
1302,554,49.80636656989548,978.9083112003631,638.5147956209106,1182.258,297.55400000000003
1303,554,49.80636656989548,978.9083112003631,638.5147956209106,1187.292,290.596
1304,554,49.80636656989548,978.9083112003631,638.5147956209106,1192.326,283.63800000000003
1305,554,49.80636656989548,978.9083112003631,638.5147956209106,1197.3600000000001,276.68
1306,554,49.80636656989548,978.9083112003631,638.5147956209106,1202.394,269.72200000000004
1307,554,49.80636656989548,978.9083112003631,638.5147956209106,1207.428,262.764
1308,554,49.80636656989548,978.9083112003631,638.5147956209106,1212.462,255.80600000000004
1309,554,49.80636656989548,978.9083112003631,638.5147956209106,1217.496,248.848
1310,554,49.80636656989548,978.9083112003631,638.5147956209106,1222.53,241.89000000000004
1311,554,48.54290463356613,978.9083112003631,638.5147956209106,1227.564,234.93200000000002
1312,554,47.19960396321992,978.9083112003631,638.5147956209106,1232.598,227.97400000000005
1313,554,45.770275759838896,978.9083112003631,638.5147956209106,1237.632,221.01600000000002
1314,554,44.248343356147636,978.9083112003631,638.5147956209106,1242.666,214.05800000000005
1315,554,42.62687536925895,978.9083112003631,638.5147956209106,1247.7,207.1
1316,554,40.89864474747043,978.9083112003631,638.5147956209106,1247.7,207.1
1317,554,39.056221922171844,978.9083112003631,638.5147956209106,1247.7,207.1
1318,554,37.092111681235956,978.9083112003631,638.5147956209106,1247.7,207.1
1319,554,34.99894444798124,978.9083112003631,638.5147956209106,1247.7,207.1
1320,554,32.76973293060221,978.9083112003631,638.5147956209106,1247.7,207.1
1321,554,30.398203946017667,978.9083112003631,638.5147956209106,1179.0833333333335,270.8666666666667
1322,554,27.879211757698254,978.9083112003631,638.5147956209106,1110.4666666666667,334.6333333333333
1323,554,25.209232509426514,978.9083112003631,638.5147956209106,1041.85,398.4
1324,554,22.38692838668461,978.9083112003631,638.5147956209106,973.2333333333333,462.1666666666667
1325,554,19.41375459920105,978.9083112003631,638.5147956209106,904.6166666666667,525.9333333333334
1326,554,16.29456287575005,978.9083112003631,638.5147956209106,836.0,589.7
1327,554,13.038134433520938,978.9083112003631,638.5147956209106,836.0,589.7
1328,554,13.038134433520938,973.7450458942407,639.0658160290739,836.0,589.7
1329,554,13.038134433520938,968.5817805881181,639.6168364372371,836.0,589.7
1330,554,13.038134433520938,963.4185152819957,640.1678568454004,836.0,589.7
1331,554,13.038134433520938,958.2552499758733,640.7188772535636,836.0,589.7
1332,554,13.038134433520938,953.0919846697508,641.269897661727,836.0,589.7
1333,554,13.038134433520938,947.9287193636284,641.8209180698902,836.0,589.7
1334,554,13.038134433520938,942.765454057506,642.3719384780535,836.0,589.7
1335,554,13.038134433520938,937.6021887513834,642.9229588862167,836.0,589.7
1336,554,13.038134433520938,932.438923445261,643.47397929438,836.0,589.7
1337,554,13.038134433520938,927.2756581391386,644.0249997025433,836.0,589.7
1338,554,13.038134433520938,922.1123928330161,644.5760201107065,836.0,589.7
1339,554,13.038134433520938,916.9491275268937,645.1270405188698,836.0,589.7
1340,554,13.038134433520938,911.7858622207713,645.678060927033,836.0,589.7
1341,554,13.038134433520938,906.6225969146487,646.2290813351963,836.0,589.7
1342,554,13.038134433520938,901.4593316085263,646.7801017433596,836.0,589.7
1343,554,13.038134433520938,896.2960663024039,647.3311221515229,862.28,593.34
1344,554,13.038134433520938,891.1328009962814,647.8821425596861,888.56,596.98
1345,554,13.038134433520938,885.969535690159,648.4331629678494,914.8399999999999,600.62
1346,554,13.038134433520938,880.8062703840366,648.9841833760127,941.12,604.26
1347,554,13.038134433520938,875.643005077914,649.5352037841759,967.4,607.9
1348,554,13.038134433520938,870.4797397717916,650.0862241923392,967.4,607.9
1349,554,13.038134433520938,865.3164744656692,650.6372446005024,967.4,607.9
1350,555,13.038134433520938,860.1532091595468,651.1882650086657,967.4,607.9
1351,556,13.038134433520938,854.9899438534243,651.7392854168289,967.4,607.9
1352,557,13.038134433520938,849.8266785473019,652.2903058249923,967.4,607.9
1353,558,13.038134433520938,844.6634132411793,652.8413262331555,967.4,607.9
1354,559,13.038134433520938,839.5001479350569,653.3923466413188,967.4,607.9
1355,560,13.038134433520938,834.3368826289345,653.943367049482,967.4,607.9
1356,561,13.038134433520938,829.1736173228121,654.4943874576453,967.4,607.9
1357,562,13.038134433520938,824.0103520166896,655.0454078658086,967.4,607.9
1358,563,13.038134433520938,818.8470867105672,655.5964282739718,967.4,607.9
1359,564,13.599333696077531,813.6838214044446,656.1474486821351,967.4,607.9
1360,565,14.265104586266565,808.5205560983222,656.6984690902983,967.4,607.9
1361,566,15.067435425875201,803.3572907921998,657.2494894984616,967.4,607.9
1362,567,16.052704623434,798.1940254860774,657.8005099066249,967.4,607.9
1363,568,17.290684174714258,793.0307601799549,658.3515303147882,967.4,607.9
1364,569,18.89113760091133,787.8674948738325,658.9025507229514,967.2351766513057,607.8988479262673
1365,570,22.982559814157742,782.70422956771,659.4535711311147,967.0703533026114,607.8976958525345
1366,571,29.710454796012638,777.5409642615875,660.004591539278,966.905529953917,607.8965437788019
1367,572,40.59885887813726,772.3776989554651,660.5556119474412,966.7407066052227,607.8953917050691
1368,573,12.410731812103514,767.2144336493427,661.1066323556045,966.5758832565284,607.8942396313364
1369,573,0.2770704611565065,762.0511683432202,661.6576527637677,966.4110599078341,607.8930875576036
1370,573,0.019382889953420385,756.8879030370978,662.208673171931,966.2462365591398,607.891935483871
1371,573,0.020500047964169578,751.7246377309752,662.7596935800942,966.0814132104455,607.8907834101382
1372,573,0.24661209503922155,746.5613724248528,663.3107139882576,965.9165898617512,607.8896313364055
1373,574,4.594589508260112,741.3981071187304,663.8617343964208,965.7517665130569,607.8884792626728
1373,575,4.594589508260112,736.234841812608,664.4127548045841,965.5869431643625,607.88732718894
1373,576,4.594589508260112,731.0715765064855,664.9637752127474,965.4221198156682,607.8861751152074
1373,577,4.594589508260112,725.9083112003631,665.5147956209106,965.2572964669739,607.8850230414746
1373,578,4.594589508260112,725.9083112003631,665.5147956209106,965.0924731182796,607.8838709677419
1373,579,4.594589508260112,725.9083112003631,665.5147956209106,964.9276497695853,607.8827188940091
1373,580,4.594589508260112,725.9083112003631,665.5147956209106,964.7628264208909,607.8815668202765
1373,581,4.594589508260112,725.9083112003631,665.5147956209106,964.5980030721965,607.8804147465438
1373,582,4.594589508260112,725.9083112003631,665.5147956209106,964.4331797235022,607.879262672811
1373,583,4.594589508260112,725.9083112003631,665.5147956209106,964.2683563748079,607.8781105990784
1373,584,4.594589508260112,725.9083112003631,665.5147956209106,964.1035330261136,607.8769585253456
1373,585,4.594589508260112,725.9083112003631,665.5147956209106,963.9387096774193,607.8758064516129
1373,586,4.594589508260112,725.9083112003631,665.5147956209106,963.773886328725,607.8746543778801
1373,587,4.594589508260112,725.9083112003631,665.5147956209106,963.6090629800307,607.8735023041475
1373,588,4.594589508260112,725.9083112003631,665.5147956209106,963.4442396313364,607.8723502304147
1373,589,4.594589508260112,725.9083112003631,665.5147956209106,963.279416282642,607.871198156682
1373,590,4.594589508260112,725.9083112003631,665.5147956209106,963.1145929339477,607.8700460829493
1373,591,4.594589508260112,725.9083112003631,665.5147956209106,962.9497695852534,607.8688940092165
1373,592,4.594589508260112,725.9083112003631,665.5147956209106,962.7849462365591,607.8677419354839
1373,593,4.594589508260112,740.6141935533043,665.8677367973812,962.6201228878648,607.8665898617511
1373,594,4.594589508260112,755.3200759062454,666.2206779738518,962.4552995391705,607.8654377880184
1373,595,4.594589508260112,770.0259582591866,666.5736191503223,962.2904761904762,607.8642857142856
1373,596,4.594589508260112,784.7318406121278,666.9265603267929,962.1256528417819,607.863133640553
1373,597,4.594589508260112,799.4377229650689,667.2795015032635,961.9608294930875,607.8619815668203
1373,598,4.594589508260112,814.1436053180101,667.6324426797341,961.7960061443932,607.8608294930875
1373,599,4.594589508260112,828.8494876709512,667.9853838562047,961.6311827956989,607.8596774193549
1373,600,4.594589508260112,843.5553700238925,668.3383250326754,961.4663594470046,607.8585253456221
1373,601,4.594589508260112,858.2612523768337,668.6912662091459,961.3015360983103,607.8573732718894
1373,602,4.594589508260112,872.9671347297749,669.0442073856165,961.136712749616,607.8562211981566
1373,603,4.594589508260112,887.673017082716,669.3971485620871,960.9718894009217,607.855069124424
1373,604,4.594589508260112,902.3788994356572,669.7500897385577,960.8070660522274,607.8539170506912
1373,605,4.594589508260112,917.0847817885983,670.1030309150283,960.642242703533,607.8527649769585
1373,606,4.594589508260112,931.7906641415395,670.4559720914989,960.4774193548387,607.8516129032258
1373,607,4.594589508260112,946.4965464944808,670.8089132679694,960.3125960061444,607.850460829493
1373,608,4.594589508260112,961.2024288474219,671.16185444444,960.1477726574501,607.8493087557604
1373,609,4.594589508260112,975.9083112003631,671.5147956209106,959.9829493087558,607.8481566820276
1373,610,4.594589508260112,975.9083112003631,671.5147956209106,959.8181259600614,607.8470046082949
1373,611,4.594589508260112,975.9083112003631,671.5147956209106,959.653302611367,607.8458525345621
1373,612,4.594589508260112,975.9083112003631,671.5147956209106,959.4884792626727,607.8447004608295
1373,613,4.594589508260112,975.9083112003631,671.5147956209106,959.3236559139784,607.8435483870968
1373,614,4.594589508260112,975.9083112003631,671.5147956209106,959.1588325652841,607.842396313364
1373,615,4.594589508260112,975.9083112003631,671.5147956209106,958.9940092165898,607.8412442396314
1373,616,4.594589508260112,975.9083112003631,671.5147956209106,958.8291858678955,607.8400921658986
1373,617,4.594589508260112,975.9083112003631,671.5147956209106,958.6643625192012,607.8389400921659
1373,618,4.594589508260112,975.9083112003631,671.5147956209106,958.4995391705069,607.8377880184331
1374,619,43.871068648754054,975.9083112003631,671.5147956209106,958.3347158218126,607.8366359447004
1375,620,44.891277741556344,975.9083112003631,671.5147956209106,958.1698924731182,607.8354838709677
1376,621,44.891277741556344,975.9083112003631,671.5147956209106,958.0050691244239,607.834331797235
1377,622,33.60013024955095,975.9083112003631,671.5147956209106,957.8402457757296,607.8331797235023
1378,623,23.050082423356447,975.9083112003631,671.5147956209106,957.6754224270353,607.8320276497695
1379,624,13.783535918916993,975.9083112003631,671.5147956209106,957.510599078341,607.8308755760369
1380,624,13.783535918916993,975.9083112003631,671.5147956209106,957.3457757296467,607.8297235023041
1381,624,13.783535918916993,975.9083112003631,671.5147956209106,957.1809523809524,607.8285714285714
1382,624,13.783535918916993,975.9083112003631,671.5147956209106,957.016129032258,607.8274193548386
1383,624,13.783535918916993,975.9083112003631,671.5147956209106,956.8513056835637,607.826267281106
1384,624,13.783535918916993,975.9083112003631,671.5147956209106,956.6864823348694,607.8251152073733
1385,624,13.783535918916993,975.9083112003631,671.5147956209106,956.5216589861751,607.8239631336405
1386,624,13.783535918916993,975.9083112003631,671.5147956209106,956.3568356374808,607.8228110599078
1387,624,13.783535918916993,975.9083112003631,671.5147956209106,956.1920122887865,607.8216589861751
1388,624,13.783535918916993,975.9083112003631,671.5147956209106,956.0271889400922,607.8205069124424
1389,624,13.783535918916993,975.9083112003631,671.5147956209106,955.8623655913979,607.8193548387096
1390,624,13.783535918916993,975.9083112003631,671.5147956209106,955.6975422427035,607.818202764977
1391,624,13.783535918916993,975.9083112003631,671.5147956209106,955.5327188940092,607.8170506912442
1392,624,13.783535918916993,975.9083112003631,671.5147956209106,955.3678955453149,607.8158986175115
1393,624,13.783535918916993,975.9083112003631,671.5147956209106,955.2030721966206,607.8147465437788
1394,624,13.783535918916993,975.9083112003631,671.5147956209106,955.0382488479263,607.813594470046
1395,624,13.783535918916993,975.9083112003631,671.5147956209106,954.8734254992319,607.8124423963134
1396,624,13.783535918916993,975.9083112003631,671.5147956209106,954.7086021505376,607.8112903225806
1397,624,13.783535918916993,975.9083112003631,671.5147956209106,954.5437788018432,607.8101382488479
1398,624,13.783535918916993,975.9083112003631,671.5147956209106,954.3789554531489,607.8089861751151
1399,624,13.783535918916993,975.9083112003631,671.5147956209106,954.2141321044546,607.8078341013825
1400,624,13.783535918916993,975.9083112003631,671.5147956209106,954.0493087557603,607.8066820276498
1401,624,13.783535918916993,975.9083112003631,671.5147956209106,953.884485407066,607.805529953917
1402,624,13.783535918916993,975.9083112003631,671.5147956209106,953.7196620583717,607.8043778801843
1403,624,13.783535918916993,975.9083112003631,671.5147956209106,953.5548387096774,607.8032258064516
1404,624,13.783535918916993,975.9083112003631,671.5147956209106,953.390015360983,607.8020737327189
1405,624,13.783535918916993,975.9083112003631,671.5147956209106,953.2251920122887,607.8009216589861
1406,624,13.783535918916993,975.9083112003631,671.5147956209106,953.0603686635944,607.7997695852534
1407,624,13.783535918916993,975.9083112003631,671.5147956209106,952.8955453149001,607.7986175115207
1408,624,13.783535918916993,975.9083112003631,671.5147956209106,952.7307219662058,607.797465437788
1409,624,13.783535918916993,975.9083112003631,671.5147956209106,952.5658986175115,607.7963133640553
1410,624,13.783535918916993,975.9083112003631,671.5147956209106,952.4010752688172,607.7951612903225
1411,624,13.783535918916993,975.9083112003631,671.5147956209106,952.2362519201229,607.7940092165899
1412,624,13.783535918916993,975.9083112003631,671.5147956209106,952.0714285714286,607.7928571428571
1413,624,13.783535918916993,975.9083112003631,671.5147956209106,951.9066052227342,607.7917050691244
1414,624,13.783535918916993,975.9083112003631,671.5147956209106,951.7417818740399,607.7905529953916
1415,624,13.783535918916993,975.9083112003631,671.5147956209106,951.5769585253456,607.789400921659
1416,624,13.783535918916993,975.9083112003631,671.5147956209106,951.4121351766513,607.7882488479263
1417,624,13.783535918916993,975.9083112003631,671.5147956209106,951.247311827957,607.7870967741935
1418,624,13.783535918916993,975.9083112003631,671.5147956209106,951.0824884792627,607.7859447004608
1419,624,13.783535918916993,975.9083112003631,671.5147956209106,950.9176651305684,607.7847926267281
1420,624,13.783535918916993,975.9083112003631,671.5147956209106,950.752841781874,607.7836405529954
1421,624,13.783535918916993,975.9083112003631,671.5147956209106,950.5880184331797,607.7824884792626
1422,624,13.783535918916993,975.9083112003631,671.5147956209106,950.4231950844854,607.7813364055299
1423,624,13.783535918916993,975.9083112003631,671.5147956209106,950.2583717357911,607.7801843317972
1424,624,13.783535918916993,975.9083112003631,671.5147956209106,950.0935483870968,607.7790322580645
1425,624,13.783535918916993,975.9083112003631,671.5147956209106,949.9287250384025,607.7778801843318
1426,624,13.783535918916993,975.9083112003631,671.5147956209106,949.7639016897081,607.776728110599
1427,624,13.783535918916993,975.9083112003631,671.5147956209106,949.5990783410138,607.7755760368664
1428,624,13.783535918916993,975.9083112003631,671.5147956209106,949.4342549923194,607.7744239631336
1429,624,13.783535918916993,975.9083112003631,671.5147956209106,949.2694316436251,607.7732718894009
1430,624,13.783535918916993,975.9083112003631,671.5147956209106,949.1046082949308,607.7721198156681
1431,624,13.783535918916993,975.9083112003631,671.5147956209106,948.9397849462365,607.7709677419355
1432,624,13.783535918916993,975.9083112003631,671.5147956209106,948.7749615975422,607.7698156682028
1433,624,13.783535918916993,975.9083112003631,671.5147956209106,948.6101382488479,607.76866359447
1434,624,13.783535918916993,975.9083112003631,671.5147956209106,948.4453149001536,607.7675115207373
1435,624,13.783535918916993,975.9083112003631,671.5147956209106,948.2804915514592,607.7663594470046
1436,624,13.783535918916993,975.9083112003631,671.5147956209106,948.1156682027649,607.7652073732719
1437,624,13.783535918916993,975.9083112003631,671.5147956209106,947.9508448540706,607.7640552995391
1438,624,13.783535918916993,975.9083112003631,671.5147956209106,947.7860215053763,607.7629032258064
1439,624,13.783535918916993,975.9083112003631,671.5147956209106,947.621198156682,607.7617511520737
1440,624,13.783535918916993,975.9083112003631,671.5147956209106,947.4563748079877,607.760599078341
1441,624,13.783535918916993,975.9083112003631,671.5147956209106,947.2915514592934,607.7594470046083
1442,624,13.783535918916993,975.9083112003631,671.5147956209106,947.1267281105991,607.7582949308755
1443,624,13.783535918916993,975.9083112003631,671.5147956209106,946.9619047619047,607.7571428571429
1444,624,13.783535918916993,975.9083112003631,671.5147956209106,946.7970814132104,607.7559907834101
1445,624,13.783535918916993,975.9083112003631,671.5147956209106,946.6322580645161,607.7548387096774
1446,624,13.783535918916993,975.9083112003631,671.5147956209106,946.4674347158218,607.7536866359446
1447,624,13.783535918916993,975.9083112003631,671.5147956209106,946.3026113671275,607.752534562212
1448,624,13.783535918916993,975.9083112003631,671.5147956209106,946.1377880184332,607.7513824884793
1449,624,13.783535918916993,975.9083112003631,671.5147956209106,945.9729646697389,607.7502304147465
1450,624,13.783535918916993,975.9083112003631,671.5147956209106,945.8081413210446,607.7490783410138
1451,624,13.783535918916993,975.9083112003631,671.5147956209106,945.6433179723502,607.7479262672811
1452,624,13.783535918916993,975.9083112003631,671.5147956209106,945.4784946236559,607.7467741935484
1453,624,13.783535918916993,975.9083112003631,671.5147956209106,945.3136712749616,607.7456221198156
1454,624,13.783535918916993,975.9083112003631,671.5147956209106,945.1488479262673,607.7444700460829
1455,624,13.783535918916993,975.9083112003631,671.5147956209106,944.984024577573,607.7433179723502
1456,624,13.783535918916993,975.9083112003631,671.5147956209106,944.8192012288787,607.7421658986175
1457,624,13.783535918916993,975.9083112003631,671.5147956209106,944.6543778801843,607.7410138248848
1458,624,13.783535918916993,975.9083112003631,671.5147956209106,944.48955453149,607.739861751152
1459,624,13.783535918916993,975.9083112003631,671.5147956209106,944.3247311827956,607.7387096774194
1460,624,13.783535918916993,973.9083112003631,297.5147956209106,944.1599078341013,607.7375576036866
1461,624,13.783535918916993,973.9083112003631,297.5147956209106,943.995084485407,607.7364055299539
1462,624,13.783535918916993,973.9083112003631,297.5147956209106,943.8302611367127,607.7352534562211
1463,624,13.783535918916993,973.9083112003631,297.5147956209106,943.6654377880184,607.7341013824885
1464,624,13.783535918916993,973.9083112003631,297.5147956209106,943.5006144393241,607.7329493087558
1465,624,13.783535918916993,973.9083112003631,297.5147956209106,943.3357910906298,607.731797235023
1466,624,13.783535918916993,973.9083112003631,297.5147956209106,943.1709677419354,607.7306451612903
1467,624,13.783535918916993,973.9083112003631,297.5147956209106,943.0061443932411,607.7294930875576
1468,624,13.783535918916993,973.9083112003631,297.5147956209106,942.8413210445468,607.7283410138249
1469,624,13.783535918916993,973.9083112003631,297.5147956209106,942.6764976958525,607.7271889400921
1470,624,13.783535918916993,973.9083112003631,297.5147956209106,942.5116743471582,607.7260368663594
1471,624,13.783535918916993,973.9083112003631,297.5147956209106,942.3468509984639,607.7248847926267
1472,624,13.783535918916993,973.9083112003631,297.5147956209106,942.1820276497696,607.723732718894
1473,624,13.783535918916993,973.9083112003631,297.5147956209106,942.0172043010753,607.7225806451613
1474,624,13.783535918916993,973.9083112003631,297.5147956209106,941.8523809523809,607.7214285714285
1475,624,13.783535918916993,973.9083112003631,297.5147956209106,941.6875576036866,607.7202764976959
1476,624,13.783535918916993,973.9083112003631,297.5147956209106,941.5227342549923,607.7191244239631
1477,624,13.783535918916993,973.9083112003631,297.5147956209106,941.357910906298,607.7179723502304
1478,624,13.783535918916993,973.9083112003631,297.5147956209106,941.1930875576037,607.7168202764976
1479,624,13.783535918916993,973.9083112003631,297.5147956209106,941.0282642089094,607.715668202765
1480,624,13.783535918916993,973.9083112003631,297.5147956209106,940.8634408602151,607.7145161290323
1481,624,13.783535918916993,973.9083112003631,297.5147956209106,940.6986175115208,607.7133640552995
1482,624,13.783535918916993,973.9083112003631,297.5147956209106,940.5337941628264,607.7122119815668
1483,624,13.783535918916993,973.9083112003631,297.5147956209106,940.3689708141321,607.711059907834
1484,624,13.783535918916993,973.9083112003631,297.5147956209106,940.2041474654378,607.7099078341014
1485,624,13.783535918916993,973.9083112003631,297.5147956209106,940.0393241167435,607.7087557603686
1486,624,13.783535918916993,973.9083112003631,297.5147956209106,939.8745007680491,607.7076036866359
1487,624,10.820535861501511,973.9083112003631,297.5147956209106,939.7096774193548,607.7064516129032
1488,624,7.8489830025051415,973.9083112003631,297.5147956209106,939.5448540706604,607.7052995391705
1489,624,4.884150964804702,973.9083112003631,297.5147956209106,939.3800307219661,607.7041474654378
1490,624,1.9410685544927166,973.9083112003631,297.5147956209106,939.2152073732718,607.702995391705
1491,624,0.9657471934294084,973.9083112003631,297.5147956209106,939.0503840245775,607.7018433179724
1492,624,3.8225991724776867,973.9083112003631,297.5147956209106,938.8855606758832,607.7006912442396
1493,624,6.616967913352984,973.9083112003631,297.5147956209106,938.7207373271889,607.6995391705069
1494,624,9.337869534809732,973.9083112003631,297.5147956209106,938.5559139784946,607.6983870967741
1495,624,11.976139107830278,973.9083112003631,297.5147956209106,938.3910906298003,607.6972350230415
1496,624,14.524582151521011,973.9083112003631,297.5147956209106,938.226267281106,607.6960829493088
1497,624,16.977978969055293,973.9083112003631,297.5147956209106,938.0614439324116,607.694930875576
1498,624,19.33296548882611,973.9083112003631,297.5147956209106,937.8966205837173,607.6937788018433
1499,624,21.58783375365564,973.9083112003631,297.5147956209106,937.731797235023,607.6926267281106
1500,624,23.742294899456457,973.9083112003631,297.5147956209106,937.5669738863287,607.6914746543779
1501,624,25.79723627659577,973.9083112003631,297.5147956209106,937.4021505376344,607.6903225806451
1502,624,27.754491431162297,973.9083112003631,297.5147956209106,937.2373271889401,607.6891705069124
1503,624,29.616631893678495,973.9083112003631,297.5147956209106,937.0725038402458,607.6880184331796
1504,624,31.386783984119656,973.9083112003631,297.5147956209106,936.9076804915514,607.686866359447
1505,624,33.068471012383775,973.9083112003631,297.5147956209106,936.7428571428571,607.6857142857143
1506,624,34.66547995520878,973.9083112003631,297.5147956209106,936.5780337941628,607.6845622119815
1507,624,36.18175102565054,973.9083112003631,297.5147956209106,936.4132104454685,607.6834101382489
1508,624,37.621288128792614,1011.9083112003631,266.5147956209106,936.2483870967742,607.6822580645161
1509,624,38.98808791694146,1011.9083112003631,266.5147956209106,936.0835637480799,607.6811059907834
1510,624,40.28608501703133,1011.9083112003631,266.5147956209106,935.9187403993856,607.6799539170506
1511,624,41.519111002643626,1011.9083112003631,266.5147956209106,935.7539170506913,607.678801843318
1512,624,42.690864801680235,1011.9083112003631,266.5147956209106,935.589093701997,607.6776497695853
1513,624,43.804892432668716,1011.9083112003631,266.5147956209106,935.4242703533026,607.6764976958525
1514,624,44.86457421049217,1011.9083112003631,266.5147956209106,935.2594470046083,607.6753456221198
1515,624,45.873117824946824,1011.9083112003631,266.5147956209106,935.094623655914,607.674193548387
1516,624,46.83355595104633,1011.9083112003631,266.5147956209106,934.9298003072197,607.6730414746544
1517,624,47.74874728511935,1011.9083112003631,266.5147956209106,934.7649769585253,607.6718894009216
1518,624,48.6213801088714,1011.9083112003631,266.5147956209106,934.600153609831,607.6707373271889
1519,624,49.4539776626541,1011.9083112003631,266.5147956209106,934.4353302611366,607.6695852534561
1520,624,50.248904759985166,1011.9083112003631,266.5147956209106,934.2705069124423,607.6684331797235
1521,624,51.00837520021995,1011.9083112003631,266.5147956209106,934.105683563748,607.6672811059908
1522,624,51.734459638235464,1011.9083112003631,266.5147956209106,933.9408602150537,607.666129032258
1523,624,52.42909365228077,1011.9083112003631,266.5147956209106,933.7760368663594,607.6649769585254
1524,624,53.09408581688125,1011.9083112003631,266.5147956209106,933.6112135176651,607.6638248847926
1525,624,53.73112563969321,1011.9083112003631,266.5147956209106,933.4463901689708,607.6626728110599
1526,624,54.34179126198208,1011.9083112003631,266.5147956209106,933.2815668202765,607.6615207373271
1527,624,54.92755685406741,1011.9083112003631,266.5147956209106,933.1167434715821,607.6603686635945
1528,624,55.489799661442724,1011.9083112003631,266.5147956209106,932.9519201228878,607.6592165898618
1529,624,56.02980667581314,1011.9083112003631,266.5147956209106,932.7870967741935,607.658064516129
1530,624,56.54878091922344,1011.9083112003631,266.5147956209106,932.6222734254992,607.6569124423963
1531,624,57.04784733975465,1011.9083112003631,266.5147956209106,932.4574500768049,607.6557603686636
1532,624,57.52805832474794,1011.9083112003631,266.5147956209106,932.2926267281106,607.6546082949309
1533,624,57.990398842801184,1011.9083112003631,266.5147956209106,932.1278033794163,607.6534562211981
1534,624,58.43579122938829,1011.9083112003631,266.5147956209106,931.962980030722,607.6523041474654
1535,624,58.8650996332665,1011.9083112003631,266.5147956209106,931.7981566820276,607.6511520737326
1536,624,58.8650996332665,1011.9083112003631,266.5147956209106,931.6333333333333,607.65
1537,624,58.8650996332665,1011.9083112003631,266.5147956209106,931.468509984639,607.6488479262673
1538,624,58.8650996332665,1011.9083112003631,266.5147956209106,931.3036866359447,607.6476958525345
1539,624,58.8650996332665,1011.9083112003631,266.5147956209106,931.1388632872504,607.6465437788019
1540,624,58.8650996332665,1010.8494876709514,290.1030309150282,930.9740399385561,607.6453917050691
1541,624,58.8650996332665,1009.7906641415395,313.6912662091459,930.8092165898618,607.6442396313364
1542,624,58.8650996332665,1008.7318406121278,337.27950150326353,930.6443932411674,607.6430875576036
1543,624,58.8650996332665,1007.673017082716,360.8677367973812,930.4795698924731,607.641935483871
1544,624,58.8650996332665,1006.6141935533043,384.45597209149884,930.3147465437788,607.6407834101382
1545,624,58.8650996332665,1005.5553700238925,408.04420738561646,930.1499231950845,607.6396313364055
1546,624,58.8650996332665,1004.4965464944808,431.63244267973414,929.9850998463901,607.6384792626728
1547,624,58.8650996332665,1003.4377229650689,455.2206779738518,929.8202764976959,607.63732718894
1548,624,58.8650996332665,1002.3788994356572,478.80891326796944,929.6554531490015,607.6361751152074
1549,624,58.8650996332665,1001.3200759062454,502.39714856208707,929.4906298003071,607.6350230414746
1550,624,58.8650996332665,1000.2612523768337,525.9853838562047,929.3258064516128,607.6338709677419
1551,624,57.22023473008396,999.2024288474219,549.5736191503224,929.1609831029185,607.6327188940091
1552,624,55.40329326346007,998.1436053180101,573.16185444444,928.9961597542242,607.6315668202765
1553,624,53.390076761557474,997.0847817885983,596.7500897385577,928.8313364055299,607.6304147465438
1554,624,51.152836866083646,996.0259582591866,620.3383250326754,928.6665130568356,607.629262672811
1555,624,48.66007305575895,994.9671347297748,643.9265603267929,928.5016897081413,607.6281105990784
1556,624,45.87659991077371,993.9083112003631,667.5147956209106,928.336866359447,607.6269585253456
1557,624,42.76411183350287,993.9083112003631,667.5147956209106,928.1720430107526,607.6258064516129
1558,624,39.28258461774019,993.9083112003631,667.5147956209106,928.0072196620583,607.6246543778801
1559,624,35.39297163996484,993.9083112003631,667.5147956209106,927.842396313364,607.6235023041475
1560,624,31.061716718129706,993.9083112003631,667.5147956209106,927.6775729646697,607.6223502304147
1561,624,26.267484391732165,993.9083112003631,667.5147956209106,927.5127496159754,607.621198156682
1562,624,21.009994638950694,993.9083112003631,667.5147956209106,927.3479262672811,607.6200460829493
1563,624,15.31975332969447,993.9083112003631,667.5147956209106,927.1831029185868,607.6188940092165
1564,624,9.265897445968452,993.9083112003631,667.5147956209106,927.0182795698925,607.6177419354839
1565,624,2.958112316475734,993.9083112003631,667.5147956209106,926.8534562211981,607.6165898617511
1566,624,3.4609155975121055,993.9083112003631,667.5147956209106,926.6886328725038,607.6154377880184
1567,624,9.832777764483103,993.9083112003631,667.5147956209106,926.5238095238095,607.6142857142856
1568,624,9.832777764483103,993.9083112003631,667.5147956209106,926.3589861751152,607.613133640553
1569,624,9.832777764483103,993.9083112003631,667.5147956209106,926.1941628264209,607.6119815668203
1570,624,9.832777764483103,993.9083112003631,667.5147956209106,926.0293394777266,607.6108294930875
1571,624,9.832777764483103,993.9083112003631,667.5147956209106,925.8645161290323,607.6096774193549
1572,624,9.832777764483103,993.9083112003631,667.5147956209106,925.699692780338,607.6085253456221
1573,624,9.832777764483103,993.9083112003631,667.5147956209106,925.5348694316436,607.6073732718894
1574,624,9.832777764483103,993.9083112003631,667.5147956209106,925.3700460829493,607.6062211981566
1575,624,9.832777764483103,993.9083112003631,667.5147956209106,925.205222734255,607.605069124424
1576,624,9.832777764483103,993.9083112003631,667.5147956209106,925.0403993855607,607.6039170506912
1577,624,9.832777764483103,993.9083112003631,667.5147956209106,924.8755760368663,607.6027649769585
1578,624,9.832777764483103,993.9083112003631,667.5147956209106,924.710752688172,607.6016129032258
1579,624,9.832777764483103,993.9083112003631,667.5147956209106,924.5459293394777,607.600460829493
1580,624,9.832777764483103,993.9083112003631,667.5147956209106,924.3811059907833,607.5993087557604
1581,624,9.832777764483103,993.9083112003631,667.5147956209106,924.216282642089,607.5981566820276
1582,624,9.832777764483103,993.9083112003631,667.5147956209106,924.0514592933947,607.5970046082949
1583,624,9.832777764483103,993.9083112003631,667.5147956209106,923.8866359447004,607.5958525345621
1584,624,9.832777764483103,993.9083112003631,667.5147956209106,923.7218125960061,607.5947004608295
1585,624,9.832777764483103,993.9083112003631,667.5147956209106,923.5569892473118,607.5935483870968
1586,624,9.832777764483103,993.9083112003631,667.5147956209106,923.3921658986175,607.592396313364
1587,624,9.832777764483103,993.9083112003631,667.5147956209106,923.2273425499232,607.5912442396314
1588,624,9.832777764483103,993.9083112003631,667.5147956209106,923.0625192012288,607.5900921658986
1589,624,9.832777764483103,993.9083112003631,667.5147956209106,922.8976958525345,607.5889400921659
1590,624,9.832777764483103,993.9083112003631,667.5147956209106,922.7328725038402,607.5877880184331
1591,624,9.832777764483103,993.9083112003631,667.5147956209106,922.5680491551459,607.5866359447004
1592,624,9.832777764483103,993.9083112003631,667.5147956209106,922.4032258064516,607.5854838709677
1593,624,9.832777764483103,993.9083112003631,667.5147956209106,922.2384024577573,607.584331797235
1594,624,9.832777764483103,993.9083112003631,667.5147956209106,922.073579109063,607.5831797235023
1595,624,9.832777764483103,993.9083112003631,667.5147956209106,921.9087557603686,607.5820276497695
1596,624,9.832777764483103,993.9083112003631,667.5147956209106,921.7439324116743,607.5808755760369
1597,624,9.832777764483103,993.9083112003631,667.5147956209106,921.57910906298,607.5797235023041
1598,624,9.832777764483103,993.9083112003631,667.5147956209106,921.4142857142857,607.5785714285714
1599,624,9.832777764483103,993.9083112003631,667.5147956209106,921.2494623655914,607.5774193548386
1600,624,9.832777764483103,993.9083112003631,667.5147956209106,921.0846390168971,607.576267281106
1601,624,9.832777764483103,993.9083112003631,667.5147956209106,920.9198156682028,607.5751152073733
1602,624,9.832777764483103,993.9083112003631,667.5147956209106,920.7549923195085,607.5739631336405
1603,624,9.832777764483103,993.9083112003631,667.5147956209106,920.5901689708141,607.5728110599078
1604,624,9.832777764483103,998.9083112003631,645.9265603267929,920.4253456221198,607.5716589861751
1605,624,9.832777764483103,1003.9083112003631,624.3383250326754,920.2605222734255,607.5705069124424
1606,624,9.832777764483103,1008.9083112003631,602.7500897385577,920.0956989247312,607.5693548387096
1607,624,9.832777764483103,1013.9083112003631,581.16185444444,919.9308755760369,607.568202764977
1608,624,9.832777764483103,1018.9083112003631,559.5736191503223,919.7660522273425,607.5670506912442
1609,624,9.832777764483103,1023.9083112003631,537.9853838562047,919.6012288786482,607.5658986175115
1610,624,9.832777764483103,1028.9083112003632,516.3971485620871,919.4364055299538,607.5647465437788
1611,624,9.832777764483103,1033.9083112003632,494.8089132679694,919.2715821812595,607.563594470046
1612,624,9.832777764483103,1038.9083112003632,473.22067797385176,919.1067588325652,607.5624423963134
1613,624,9.832777764483103,1043.9083112003632,451.63244267973414,918.9419354838709,607.5612903225806
1614,624,9.832777764483103,1048.9083112003632,430.04420738561646,918.7771121351766,607.5601382488479
1615,624,9.832777764483103,1053.9083112003632,408.45597209149884,918.6122887864823,607.5589861751151
1616,624,9.832777764483103,1058.9083112003632,386.86773679738116,918.447465437788,607.5578341013825
1617,624,9.832777764483103,1063.9083112003632,365.27950150326353,918.2826420890937,607.5566820276498
1618,624,9.832777764483103,1068.9083112003632,343.69126620914585,918.1178187403993,607.555529953917
1619,624,9.832777764483103,1073.9083112003632,322.1030309150282,917.952995391705,607.5543778801843
1620,624,9.832777764483103,1078.9083112003632,300.5147956209106,917.7881720430107,607.5532258064516
1621,624,9.832777764483103,1078.9083112003632,300.5147956209106,917.6233486943164,607.5520737327189
1622,624,9.832777764483103,1078.9083112003632,300.5147956209106,917.4585253456221,607.5509216589861
1623,624,9.832777764483103,1078.9083112003632,300.5147956209106,917.2937019969278,607.5497695852534
1624,624,9.832777764483103,1078.9083112003632,300.5147956209106,917.1288786482335,607.5486175115207
1625,624,9.832777764483103,1078.9083112003632,300.5147956209106,916.9640552995392,607.547465437788
1626,624,9.832777764483103,1078.9083112003632,300.5147956209106,916.7992319508448,607.5463133640553
1627,624,9.832777764483103,1078.9083112003632,300.5147956209106,916.6344086021505,607.5451612903225
1628,624,9.832777764483103,1078.9083112003632,300.5147956209106,916.4695852534562,607.5440092165899
1629,624,9.832777764483103,1078.9083112003632,300.5147956209106,916.3047619047619,607.5428571428571
1630,624,9.832777764483103,1078.9083112003632,300.5147956209106,916.1399385560676,607.5417050691244
1631,624,9.832777764483103,1078.9083112003632,300.5147956209106,915.9751152073733,607.5405529953916
1632,624,9.832777764483103,1078.9083112003632,300.5147956209106,915.810291858679,607.539400921659
1633,624,9.832777764483103,1078.9083112003632,300.5147956209106,915.6454685099847,607.5382488479263
1634,624,9.832777764483103,1078.9083112003632,300.5147956209106,915.4806451612903,607.5370967741935
1635,624,9.832777764483103,1078.9083112003632,300.5147956209106,915.315821812596,607.5359447004608
1636,624,9.832777764483103,1078.9083112003632,300.5147956209106,915.1509984639017,607.5347926267281
1637,624,9.832777764483103,1078.9083112003632,300.5147956209106,914.9861751152073,607.5336405529954
1638,624,9.832777764483103,1078.9083112003632,300.5147956209106,914.8213517665131,607.5324884792626
1639,624,9.832777764483103,1078.9083112003632,300.5147956209106,914.6565284178187,607.5313364055299
1640,624,9.832777764483103,1078.9083112003632,300.5147956209106,914.4917050691244,607.5301843317972
1641,624,9.832777764483103,1078.9083112003632,300.5147956209106,914.32688172043,607.5290322580645
1642,624,9.832777764483103,1078.9083112003632,300.5147956209106,914.1620583717357,607.5278801843318
1643,624,9.832777764483103,1078.9083112003632,300.5147956209106,913.9972350230414,607.526728110599
1644,624,9.832777764483103,1078.9083112003632,300.5147956209106,913.8324116743471,607.5255760368664
1645,624,9.832777764483103,1078.9083112003632,300.5147956209106,913.6675883256528,607.5244239631336
1646,624,9.832777764483103,1078.9083112003632,300.5147956209106,913.5027649769585,607.5232718894009
1647,624,9.832777764483103,1078.9083112003632,300.5147956209106,913.3379416282642,607.5221198156681
1648,624,9.832777764483103,1078.9083112003632,300.5147956209106,913.1731182795698,607.5209677419355
1649,624,9.832777764483103,1078.9083112003632,300.5147956209106,913.0082949308755,607.5198156682028
1650,624,9.832777764483103,1078.9083112003632,300.5147956209106,912.8434715821812,607.51866359447
1651,624,9.832777764483103,1078.9083112003632,300.5147956209106,912.6786482334869,607.5175115207373
1652,624,9.832777764483103,1091.8494876709515,299.39714856208707,912.5138248847926,607.5163594470046
1653,624,9.832777764483103,1104.7906641415398,298.27950150326353,912.3490015360983,607.5152073732719
1654,624,9.832777764483103,1117.7318406121278,297.16185444444,912.184178187404,607.5140552995391
1655,624,9.832777764483103,1130.6730170827161,296.04420738561646,912.0193548387097,607.5129032258064
1656,624,9.832777764483103,1143.6141935533044,294.926560326793,911.8545314900153,607.5117511520737
1657,624,9.832777764483103,1156.5553700238927,293.80891326796944,911.689708141321,607.510599078341
1658,624,9.832777764483103,1169.4965464944808,292.6912662091459,911.5248847926267,607.5094470046083
1659,624,9.832777764483103,1182.437722965069,291.5736191503224,911.3600614439324,607.5082949308755
1660,624,9.832777764483103,1195.3788994356573,290.45597209149884,911.1952380952381,607.5071428571429
1661,624,9.832777764483103,1208.3200759062456,289.3383250326753,911.0304147465438,607.5059907834101
1662,624,9.832777764483103,1221.2612523768337,288.22067797385176,910.8655913978495,607.5048387096774
1663,624,179.6529355560559,1234.202428847422,287.1030309150282,910.7007680491552,607.5036866359446
1664,624,179.6529355560559,1247.1436053180103,285.98538385620475,910.5359447004608,607.502534562212
1665,624,179.6529355560559,1260.0847817885985,284.8677367973812,910.3711213517665,607.5013824884793
1666,624,179.6529355560559,1273.0259582591866,283.7500897385577,910.2062980030722,607.5002304147465
1667,624,179.6529355560559,1285.967134729775,282.63244267973414,910.0414746543779,607.4990783410138
1668,624,179.6529355560559,1298.9083112003632,281.5147956209106,909.8766513056835,607.4979262672811
1669,624,179.6529355560559,1298.9083112003632,281.5147956209106,909.7118279569892,607.4967741935484
1670,624,179.6529355560559,1298.9083112003632,281.5147956209106,909.5470046082949,607.4956221198156
1671,624,179.6529355560559,1298.9083112003632,281.5147956209106,909.3821812596005,607.4944700460829
1672,624,179.6529355560559,1298.9083112003632,281.5147956209106,909.2173579109062,607.4933179723502
1673,624,179.6529355560559,1298.9083112003632,281.5147956209106,909.0525345622119,607.4921658986175
1674,624,179.6529355560559,1298.9083112003632,281.5147956209106,908.8877112135176,607.4910138248848
1675,624,179.6529355560559,1298.9083112003632,281.5147956209106,908.7228878648233,607.489861751152
1676,624,179.6529355560559,1298.9083112003632,281.5147956209106,908.558064516129,607.4887096774194
1677,624,179.6529355560559,1298.9083112003632,281.5147956209106,908.3932411674347,607.4875576036866
1678,624,179.6529355560559,1298.9083112003632,281.5147956209106,908.2284178187404,607.4864055299539
1679,624,179.6529355560559,1298.9083112003632,281.5147956209106,908.063594470046,607.4852534562211
1680,624,179.6529355560559,1298.9083112003632,281.5147956209106,907.8987711213517,607.4841013824885
1681,624,179.6529355560559,1298.9083112003632,281.5147956209106,907.7339477726574,607.4829493087558
1682,624,179.6529355560559,1298.9083112003632,281.5147956209106,907.5691244239631,607.481797235023
1683,624,179.6529355560559,1298.9083112003632,281.5147956209106,907.4043010752688,607.4806451612903
1684,624,179.6529355560559,1283.3788994356573,302.63244267973414,907.2394777265745,607.4794930875576
1685,624,179.6529355560559,1267.8494876709515,323.7500897385577,907.0746543778802,607.4783410138249
1686,624,179.6529355560559,1252.3200759062456,344.8677367973812,906.9098310291859,607.4771889400921
1687,624,179.6529355560559,1236.7906641415398,365.98538385620475,906.7450076804915,607.4760368663594
1688,624,179.6529355560559,1221.2612523768337,387.1030309150283,906.5801843317972,607.4748847926267
1689,624,179.6529355560559,1205.7318406121278,408.22067797385176,906.4153609831029,607.473732718894
1690,624,179.6529355560559,1190.202428847422,429.3383250326753,906.2505376344086,607.4725806451613
1691,624,179.6529355560559,1174.6730170827161,450.45597209149884,906.0857142857143,607.4714285714285
1692,624,179.6529355560559,1159.1436053180103,471.5736191503224,905.92089093702,607.4702764976959
1693,624,179.6529355560559,1143.6141935533044,492.6912662091459,905.7560675883257,607.4691244239631
1694,624,179.6529355560559,1128.0847817885985,513.8089132679694,905.5912442396314,607.4679723502304
1695,624,179.6529355560559,1112.5553700238927,534.9265603267929,905.426420890937,607.4668202764976
1696,624,179.6529355560559,1097.0259582591866,556.0442073856165,905.2615975422427,607.465668202765
1697,624,179.6529355560559,1081.4965464944808,577.16185444444,905.0967741935484,607.4645161290323
1698,624,179.6529355560559,1065.967134729775,598.2795015032635,904.9319508448541,607.4633640552995
1699,624,179.6529355560559,1050.437722965069,619.3971485620871,904.7671274961597,607.4622119815668
1700,624,179.6529355560559,1034.9083112003632,640.5147956209106,904.6023041474654,607.461059907834
1701,624,179.6529355560559,1034.9083112003632,640.5147956209106,904.437480798771,607.4599078341014
1702,624,179.6529355560559,1034.9083112003632,640.5147956209106,904.2726574500767,607.4587557603686
1703,624,179.6529355560559,1034.9083112003632,640.5147956209106,904.1078341013824,607.4576036866359
1704,624,179.6529355560559,1034.9083112003632,640.5147956209106,903.9430107526881,607.4564516129032
1705,624,179.6529355560559,1034.9083112003632,640.5147956209106,903.7781874039938,607.4552995391705
1706,624,179.6529355560559,1034.9083112003632,640.5147956209106,903.6133640552995,607.4541474654378
1707,624,179.6529355560559,1034.9083112003632,640.5147956209106,903.4485407066052,607.452995391705
1708,624,179.6529355560559,1034.9083112003632,640.5147956209106,903.2837173579109,607.4518433179724
1709,624,179.6529355560559,1034.9083112003632,640.5147956209106,903.1188940092165,607.4506912442396
1710,624,179.6529355560559,1034.9083112003632,640.5147956209106,902.9540706605222,607.4495391705069
1711,624,172.18860095840216,1034.9083112003632,640.5147956209106,902.7892473118279,607.4483870967741
1712,624,172.18860095840216,1034.9083112003632,640.5147956209106,902.6244239631336,607.4472350230415
1713,624,172.18860095840216,1034.9083112003632,640.5147956209106,902.4596006144393,607.4460829493088
1714,624,172.18860095840216,1034.9083112003632,640.5147956209106,902.294777265745,607.444930875576
1715,624,172.18860095840216,1034.9083112003632,640.5147956209106,902.1299539170507,607.4437788018433
1716,624,172.18860095840216,1034.9083112003632,640.5147956209106,901.9651305683564,607.4426267281106
1717,624,172.18860095840216,1034.9083112003632,640.5147956209106,901.800307219662,607.4414746543779
1718,624,172.18860095840216,1034.9083112003632,640.5147956209106,901.6354838709677,607.4403225806451
1719,624,172.18860095840216,1034.9083112003632,640.5147956209106,901.4706605222734,607.4391705069124
1720,624,172.18860095840216,1034.9083112003632,640.5147956209106,901.3058371735791,607.4380184331796
1721,624,172.18860095840216,1034.9083112003632,640.5147956209106,901.1410138248848,607.436866359447
1722,624,172.18860095840216,1034.9083112003632,640.5147956209106,900.9761904761905,607.4357142857143
1723,624,172.18860095840216,1034.9083112003632,640.5147956209106,900.8113671274962,607.4345622119815
1724,624,172.18860095840216,1034.9083112003632,640.5147956209106,900.6465437788019,607.4334101382489
1725,624,172.18860095840216,1034.9083112003632,640.5147956209106,900.4817204301075,607.4322580645161
1726,624,172.18860095840216,1034.9083112003632,640.5147956209106,900.3168970814132,607.4311059907834
1727,624,172.18860095840216,1034.9083112003632,640.5147956209106,900.1520737327189,607.4299539170506
1728,624,172.18860095840216,1034.9083112003632,640.5147956209106,899.9872503840245,607.428801843318
1729,624,172.18860095840216,1034.9083112003632,640.5147956209106,899.8224270353303,607.4276497695853
1730,624,172.18860095840216,1034.9083112003632,640.5147956209106,899.6576036866359,607.4264976958525
1731,624,172.18860095840216,1034.9083112003632,640.5147956209106,899.4927803379416,607.4253456221198
1732,624,172.18860095840216,1034.9083112003632,640.5147956209106,899.3279569892472,607.424193548387
1733,624,172.18860095840216,1034.9083112003632,640.5147956209106,899.1631336405529,607.4230414746544
1734,624,172.18860095840216,1034.9083112003632,640.5147956209106,898.9983102918586,607.4218894009216
1735,624,172.18860095840216,1034.9083112003632,640.5147956209106,898.8334869431643,607.4207373271889
1736,624,172.18860095840216,1034.9083112003632,640.5147956209106,898.66866359447,607.4195852534561
1737,624,172.18860095840216,1034.9083112003632,640.5147956209106,898.5038402457757,607.4184331797235
1738,624,172.18860095840216,1034.9083112003632,640.5147956209106,898.3390168970814,607.4172811059908
1739,624,172.18860095840216,1034.9083112003632,640.5147956209106,898.174193548387,607.416129032258
1740,624,172.18860095840216,1034.9083112003632,640.5147956209106,898.0093701996927,607.4149769585254
1741,624,172.18860095840216,1034.9083112003632,640.5147956209106,897.8445468509984,607.4138248847926
1742,624,172.18860095840216,1034.9083112003632,640.5147956209106,897.6797235023041,607.4126728110599
1743,624,171.434049811377,1034.9083112003632,640.5147956209106,897.5149001536098,607.4115207373271
1744,624,170.52759259164893,1034.9083112003632,640.5147956209106,897.3500768049155,607.4103686635945
1745,624,169.41885108877662,1034.9083112003632,640.5147956209106,897.1852534562212,607.4092165898618
1746,624,168.03280377789804,1034.9083112003632,640.5147956209106,897.0204301075269,607.408064516129
1747,624,166.25299472530727,1034.9083112003632,640.5147956209106,896.8556067588326,607.4069124423963
1748,624,163.8893360409791,1001.9083112003631,690.5147956209106,896.6907834101382,607.4057603686636
1749,624,160.60826938061678,1001.9083112003631,690.5147956209106,896.5259600614439,607.4046082949309
1750,624,155.18807875615636,1001.9083112003631,690.5147956209106,896.3611367127496,607.4034562211981
1751,624,98.70536982882321,1001.9083112003631,690.5147956209106,896.1963133640553,607.4023041474654
1752,624,58.48771682393073,1001.9083112003631,690.5147956209106,896.031490015361,607.4011520737326
1753,624,48.492838821572924,1001.9083112003631,690.5147956209106,895.8666666666667,607.4
1754,624,34.257366016637555,1001.9083112003631,690.5147956209106,895.7018433179724,607.3988479262673
1755,624,22.45943156582598,1001.9083112003631,690.5147956209106,895.537019969278,607.3976958525345
1756,624,15.612097360580668,1001.9083112003631,690.5147956209106,895.3721966205837,607.3965437788019
1757,624,26.524088182413493,1001.9083112003631,690.5147956209106,895.2073732718894,607.3953917050691
1758,624,21.52866553908876,1001.9083112003631,690.5147956209106,895.0425499231951,607.3942396313364
1759,624,17.826950748365054,1001.9083112003631,690.5147956209106,894.8777265745007,607.3930875576036
1760,624,17.826950748365054,1001.9083112003631,690.5147956209106,894.7129032258065,607.391935483871
1761,624,17.826950748365054,1001.9083112003631,690.5147956209106,894.5480798771121,607.3907834101382
1762,624,17.826950748365054,1001.9083112003631,690.5147956209106,894.3832565284177,607.3896313364055
1763,624,17.826950748365054,1001.9083112003631,690.5147956209106,894.2184331797234,607.3884792626728
1764,624,17.826950748365054,1001.9083112003631,690.5147956209106,894.0536098310291,607.38732718894
1765,624,17.826950748365054,1001.9083112003631,690.5147956209106,893.8887864823348,607.3861751152074
1766,624,17.826950748365054,1001.9083112003631,690.5147956209106,893.7239631336405,607.3850230414746
1767,624,17.826950748365054,1001.9083112003631,690.5147956209106,893.5591397849462,607.3838709677419
1768,624,17.826950748365054,1001.9083112003631,690.5147956209106,893.3943164362519,607.3827188940091
1769,624,17.826950748365054,1001.9083112003631,690.5147956209106,893.2294930875576,607.3815668202765
1770,624,17.826950748365054,1001.9083112003631,690.5147956209106,893.0646697388632,607.3804147465438
1771,624,17.826950748365054,1001.9083112003631,690.5147956209106,892.8998463901689,607.379262672811
1772,624,17.826950748365054,1001.9083112003631,690.5147956209106,892.7350230414746,607.3781105990784
1773,624,17.826950748365054,1001.9083112003631,690.5147956209106,892.5701996927803,607.3769585253456
1774,624,17.826950748365054,1001.9083112003631,690.5147956209106,892.405376344086,607.3758064516129
1775,624,17.826950748365054,1001.9083112003631,690.5147956209106,892.2405529953917,607.3746543778801
1776,624,17.826950748365054,1001.9083112003631,690.5147956209106,892.0757296466974,607.3735023041475
1777,624,17.826950748365054,1001.9083112003631,690.5147956209106,891.910906298003,607.3723502304147
1778,624,17.826950748365054,1001.9083112003631,690.5147956209106,891.7460829493087,607.371198156682
1779,624,17.826950748365054,1001.9083112003631,690.5147956209106,891.5812596006144,607.3700460829493
1780,624,17.826950748365054,1002.2024288474219,668.2795015032635,891.4164362519201,607.3688940092165
1781,624,17.826950748365054,1002.4965464944808,646.0442073856165,891.2516129032258,607.3677419354839
1782,624,17.826950748365054,1002.7906641415395,623.8089132679694,891.0867895545315,607.3665898617511
1783,624,17.826950748365054,1003.0847817885983,601.5736191503224,890.9219662058372,607.3654377880184
1784,624,17.826950748365054,1003.3788994356572,579.3383250326754,890.7571428571429,607.3642857142856
1785,624,17.826950748365054,1003.673017082716,557.1030309150283,890.5923195084486,607.363133640553
1786,624,17.826950748365054,1003.9671347297748,534.8677367973812,890.4274961597542,607.3619815668203
1787,624,17.826950748365054,1004.2612523768337,512.6324426797341,890.2626728110599,607.3608294930875
1788,624,17.826950748365054,1004.5553700238925,490.39714856208707,890.0978494623655,607.3596774193549
1789,624,17.826950748365054,1004.8494876709514,468.16185444444,889.9330261136713,607.3585253456221
1790,624,17.826950748365054,1005.1436053180101,445.926560326793,889.7682027649769,607.3573732718894
1791,624,17.826950748365054,1005.4377229650689,423.6912662091459,889.6033794162827,607.3562211981566
1792,624,17.826950748365054,1005.7318406121278,401.45597209149884,889.4385560675883,607.355069124424
1793,624,17.826950748365054,1006.0259582591866,379.2206779738518,889.2737327188939,607.3539170506912
1794,624,17.826950748365054,1006.3200759062454,356.98538385620475,889.1089093701996,607.3527649769585
1795,624,17.826950748365054,1006.6141935533043,334.7500897385577,888.9440860215053,607.3516129032258
1796,624,17.826950748365054,1006.9083112003631,312.5147956209106,888.779262672811,607.350460829493
1797,624,17.826950748365054,1006.9083112003631,312.5147956209106,888.6144393241167,607.3493087557604
1798,624,17.826950748365054,1006.9083112003631,312.5147956209106,888.4496159754224,607.3481566820276
1799,624,17.826950748365054,1006.9083112003631,312.5147956209106,888.2847926267281,607.3470046082949
1800,624,17.826950748365054,1006.9083112003631,312.5147956209106,888.1199692780338,607.3458525345621
1801,624,17.826950748365054,1006.9083112003631,312.5147956209106,887.9551459293394,607.3447004608295
1802,624,17.826950748365054,1006.9083112003631,312.5147956209106,887.7903225806451,607.3435483870968
1803,624,17.826950748365054,1006.9083112003631,312.5147956209106,887.6254992319508,607.342396313364
1804,624,17.826950748365054,1006.9083112003631,312.5147956209106,887.4606758832565,607.3412442396314
1805,625,17.826950748365054,1006.9083112003631,312.5147956209106,887.2958525345622,607.3400921658986
1806,626,17.826950748365054,1006.9083112003631,312.5147956209106,887.1310291858679,607.3389400921659
1807,627,23.103112655501292,1006.9083112003631,312.5147956209106,886.9662058371736,607.3377880184331
1808,628,30.312223772720195,1006.9083112003631,312.5147956209106,886.8013824884792,607.3366359447004
1809,629,35.456572670506915,1006.9083112003631,312.5147956209106,886.6365591397849,607.3354838709677
1810,630,24.033591912377325,1006.9083112003631,312.5147956209106,886.4717357910906,607.334331797235
1811,631,32.243474118153394,1006.9083112003631,312.5147956209106,886.3069124423963,607.3331797235023
1812,632,40.97335903969671,1006.9083112003631,312.5147956209106,886.142089093702,607.3320276497695
1813,633,64.77721170258967,1006.9083112003631,312.5147956209106,885.9772657450077,607.3308755760369
1814,634,120.80768765441343,1006.9083112003631,312.5147956209106,885.8124423963134,607.3297235023041
1815,635,133.0959108255988,1006.9083112003631,312.5147956209106,885.6476190476191,607.3285714285714
1816,636,139.41724922207678,1006.9083112003631,312.5147956209106,885.4827956989247,607.3274193548386
1817,637,143.97726893589055,1006.9083112003631,312.5147956209106,885.3179723502304,607.326267281106
1818,638,147.41291181414985,1006.9083112003631,312.5147956209106,885.1531490015361,607.3251152073733
1819,639,150.07720797496208,1006.9083112003631,312.5147956209106,884.9883256528417,607.3239631336405
1820,640,152.19523216722317,1006.9083112003631,312.5147956209106,884.8235023041475,607.3228110599078
1821,641,153.91500249081136,1006.9083112003631,312.5147956209106,884.6586789554531,607.3216589861751
1822,642,155.33680334476014,1006.9083112003631,312.5147956209106,884.4938556067588,607.3205069124424
1823,642,156.53052502843525,1006.9083112003631,312.5147956209106,884.3290322580644,607.3193548387096
1824,642,156.53052502843525,1006.9083112003631,312.5147956209106,884.1642089093701,607.318202764977
1825,642,156.53052502843525,1006.9083112003631,312.5147956209106,883.9993855606758,607.3170506912442
1826,642,156.53052502843525,1006.9083112003631,312.5147956209106,883.8345622119815,607.3158986175115
1827,642,156.53052502843525,1006.9083112003631,312.5147956209106,883.6697388632872,607.3147465437788
1828,642,156.53052502843525,1006.9083112003631,312.5147956209106,883.5049155145929,607.313594470046
1829,642,156.53052502843525,1006.9083112003631,312.5147956209106,883.3400921658986,607.3124423963134
1830,642,156.53052502843525,1006.9083112003631,312.5147956209106,883.1752688172043,607.3112903225806
1831,642,156.53052502843525,1006.9083112003631,312.5147956209106,883.0104454685099,607.3101382488479
1832,642,156.53052502843525,1006.9083112003631,312.5147956209106,882.8456221198156,607.3089861751151
1833,642,156.53052502843525,1006.9083112003631,312.5147956209106,882.6807987711213,607.3078341013825
1834,642,156.53052502843525,1006.9083112003631,312.5147956209106,882.515975422427,607.3066820276498
1835,642,156.53052502843525,1006.9083112003631,312.5147956209106,882.3511520737327,607.305529953917
1836,642,156.53052502843525,1006.9083112003631,312.5147956209106,882.1863287250384,607.3043778801843
1837,642,156.53052502843525,1006.9083112003631,312.5147956209106,882.0215053763441,607.3032258064516
1838,642,156.53052502843525,1006.9083112003631,312.5147956209106,881.8566820276498,607.3020737327189
1839,642,156.53052502843525,1006.9083112003631,312.5147956209106,881.6918586789554,607.3009216589861
1840,642,156.53052502843525,1006.9083112003631,312.5147956209106,881.5270353302611,607.2997695852534
1841,642,156.53052502843525,1006.9083112003631,312.5147956209106,881.3622119815668,607.2986175115207
1842,642,156.53052502843525,1006.9083112003631,312.5147956209106,881.1973886328725,607.297465437788
1843,642,156.53052502843525,1006.9083112003631,312.5147956209106,881.0325652841782,607.2963133640553
1844,642,156.53052502843525,1006.9083112003631,312.5147956209106,880.8677419354839,607.2951612903225
1845,642,156.53052502843525,1006.9083112003631,312.5147956209106,880.7029185867896,607.2940092165899
1846,642,156.53052502843525,1006.9083112003631,312.5147956209106,880.5380952380953,607.2928571428571
1847,642,156.53052502843525,1006.9083112003631,312.5147956209106,880.3732718894009,607.2917050691244
1848,642,156.53052502843525,1006.9083112003631,312.5147956209106,880.2084485407066,607.2905529953916
1849,642,156.53052502843525,1006.9083112003631,312.5147956209106,880.0436251920123,607.289400921659
1850,642,156.53052502843525,1006.9083112003631,312.5147956209106,879.8788018433179,607.2882488479263
1851,642,156.53052502843525,1006.9083112003631,312.5147956209106,879.7139784946237,607.2870967741935
1852,642,156.53052502843525,1006.9083112003631,312.5147956209106,879.5491551459293,607.2859447004608
1853,642,156.53052502843525,1006.9083112003631,312.5147956209106,879.384331797235,607.2847926267281
1854,642,156.53052502843525,1006.9083112003631,312.5147956209106,879.2195084485406,607.2836405529954
1855,642,154.21309239167164,1006.9083112003631,312.5147956209106,879.0546850998463,607.2824884792626
1856,642,152.01404982883315,1006.9083112003631,312.5147956209106,878.889861751152,607.2813364055299
1857,642,149.93054493161293,1006.9083112003631,312.5147956209106,878.7250384024577,607.2801843317972
1858,642,147.95879400216535,1006.9083112003631,312.5147956209106,878.5602150537634,607.2790322580645
1859,642,146.09434797284246,1006.9083112003631,312.5147956209106,878.3953917050691,607.2778801843318
1860,642,144.33231792154177,999.3200759062454,333.22067797385176,878.2305683563748,607.276728110599
1861,642,142.66756037255072,991.7318406121278,353.926560326793,878.0657450076804,607.2755760368664
1862,642,141.09482514837964,984.1436053180101,374.63244267973414,877.9009216589861,607.2744239631336
1863,642,139.60886996219463,976.5553700238925,395.3383250326753,877.7360983102918,607.2732718894009
1864,642,138.20454652332378,968.9671347297749,416.04420738561646,877.5712749615975,607.2721198156681
1865,642,136.87686294761042,961.3788994356572,436.7500897385577,877.4064516129032,607.2709677419355
1866,642,135.62102694206746,953.7906641415395,457.45597209149884,877.2416282642089,607.2698156682028
1867,642,134.43247373234206,946.2024288474219,478.16185444444,877.0768049155146,607.26866359447
1868,642,133.30688213298828,938.6141935533043,498.8677367973812,876.9119815668203,607.2675115207373
1869,642,132.2401815944804,931.0259582591866,519.5736191503224,876.747158218126,607.2663594470046
1870,642,131.22855253727622,923.4377229650689,540.2795015032635,876.5823348694316,607.2652073732719
1871,642,130.268421821481,915.8494876709512,560.9853838562047,876.4175115207373,607.2640552995391
1872,642,130.268421821481,908.2612523768337,581.6912662091459,876.252688172043,607.2629032258064
1873,642,130.268421821481,900.673017082716,602.3971485620871,876.0878648233487,607.2617511520737
1874,642,130.268421821481,893.0847817885983,623.1030309150283,875.9230414746544,607.260599078341
1875,642,130.268421821481,885.4965464944808,643.8089132679695,875.7582181259601,607.2594470046083
1876,642,130.268421821481,877.9083112003631,664.5147956209106,875.5933947772658,607.2582949308755
1877,642,130.268421821481,877.9083112003631,664.5147956209106,875.4285714285714,607.2571428571429
1878,642,130.268421821481,877.9083112003631,664.5147956209106,875.2637480798771,607.2559907834101
1879,642,130.268421821481,877.9083112003631,664.5147956209106,875.0989247311827,607.2548387096774
1880,642,130.268421821481,877.9083112003631,664.5147956209106,874.9341013824885,607.2536866359446
1881,642,130.268421821481,877.9083112003631,664.5147956209106,874.7692780337941,607.252534562212
1882,642,130.268421821481,877.9083112003631,664.5147956209106,874.6044546850999,607.2513824884793
1883,642,130.268421821481,877.9083112003631,664.5147956209106,874.4396313364055,607.2502304147465
1884,642,130.268421821481,877.9083112003631,664.5147956209106,874.2748079877111,607.2490783410138
1885,642,130.268421821481,877.9083112003631,664.5147956209106,874.1099846390168,607.2479262672811
1886,642,130.268421821481,877.9083112003631,664.5147956209106,873.9451612903225,607.2467741935484
1887,642,129.2151997516524,877.9083112003631,664.5147956209106,873.7803379416282,607.2456221198156
1888,642,128.02192574270182,877.9083112003631,664.5147956209106,873.6155145929339,607.2444700460829
1889,642,126.65995127882186,877.9083112003631,664.5147956209106,873.4506912442396,607.2433179723502
1890,642,125.09270347745952,877.9083112003631,664.5147956209106,873.2858678955453,607.2421658986175
1891,642,123.27296884552914,877.9083112003631,664.5147956209106,873.121044546851,607.2410138248848
1892,642,121.13912598254258,877.9083112003631,664.5147956209106,872.9562211981566,607.239861751152
1893,642,118.60994792859765,877.9083112003631,664.5147956209106,872.7913978494623,607.2387096774194
1894,642,115.57757998566885,877.9083112003631,664.5147956209106,872.626574500768,607.2375576036866
1895,642,111.89855895182527,877.9083112003631,664.5147956209106,872.4617511520737,607.2364055299539
1896,642,107.38385530198427,877.9083112003631,664.5147956209106,872.2969278033794,607.2352534562211
1897,642,101.79231959838202,877.9083112003631,664.5147956209106,872.1321044546851,607.2341013824885
1898,642,94.8404211597106,877.9083112003631,664.5147956209106,871.9672811059908,607.2329493087558
1899,642,86.2573698972858,877.9083112003631,664.5147956209106,871.8024577572965,607.231797235023
1900,642,75.92831206477256,877.9083112003631,664.5147956209106,871.6376344086021,607.2306451612903
1901,642,64.12522660596287,877.9083112003631,664.5147956209106,871.4728110599078,607.2294930875576
1902,642,51.65449801666635,877.9083112003631,664.5147956209106,871.3079877112135,607.2283410138249
1903,642,39.630723872854134,877.9083112003631,664.5147956209106,871.1431643625192,607.2271889400921
1904,642,39.630723872854134,877.9083112003631,664.5147956209106,870.9783410138249,607.2260368663594
1905,642,39.630723872854134,877.9083112003631,664.5147956209106,870.8135176651306,607.2248847926267
1906,642,39.630723872854134,877.9083112003631,664.5147956209106,870.6486943164363,607.223732718894
1907,642,39.630723872854134,877.9083112003631,664.5147956209106,870.483870967742,607.2225806451613
1908,642,39.630723872854134,877.9083112003631,664.5147956209106,870.3190476190476,607.2214285714285
1909,642,39.630723872854134,877.9083112003631,664.5147956209106,870.1542242703533,607.2202764976959
1910,642,39.630723872854134,877.9083112003631,664.5147956209106,869.9894009216589,607.2191244239631
1911,642,39.630723872854134,877.9083112003631,664.5147956209106,869.8245775729647,607.2179723502304
1912,642,39.630723872854134,877.9083112003631,664.5147956209106,869.6597542242703,607.2168202764976
1913,642,39.630723872854134,877.9083112003631,664.5147956209106,869.494930875576,607.215668202765
1914,642,39.630723872854134,877.9083112003631,664.5147956209106,869.3301075268816,607.2145161290323
1915,642,39.630723872854134,877.9083112003631,664.5147956209106,869.1652841781873,607.2133640552995
1916,642,39.630723872854134,877.9083112003631,664.5147956209106,869.000460829493,607.2122119815668
1917,642,39.630723872854134,877.9083112003631,664.5147956209106,868.8356374807987,607.211059907834
1918,642,39.630723872854134,877.9083112003631,664.5147956209106,868.6708141321044,607.2099078341014
1919,642,39.630723872854134,877.9083112003631,664.5147956209106,868.5059907834101,607.2087557603686
1920,642,39.630723872854134,877.9083112003631,664.5147956209106,868.3411674347158,607.2076036866359
1921,642,39.630723872854134,877.9083112003631,664.5147956209106,868.1763440860215,607.2064516129032
1922,642,39.630723872854134,877.9083112003631,664.5147956209106,868.0115207373271,607.2052995391705
1923,642,39.630723872854134,877.9083112003631,664.5147956209106,867.8466973886328,607.2041474654378
1924,642,39.630723872854134,974.9083112003631,671.5147956209106,867.6818740399385,607.202995391705
1925,642,39.630723872854134,974.9083112003631,671.5147956209106,867.5170506912442,607.2018433179724
1926,642,39.630723872854134,974.9083112003631,671.5147956209106,867.3522273425499,607.2006912442396
1927,642,39.630723872854134,974.9083112003631,671.5147956209106,867.1874039938556,607.1995391705069
1928,642,39.630723872854134,974.9083112003631,671.5147956209106,867.0225806451613,607.1983870967741
1929,642,39.630723872854134,974.9083112003631,671.5147956209106,866.857757296467,607.1972350230415
1930,642,39.630723872854134,974.9083112003631,671.5147956209106,866.6929339477726,607.1960829493088
1931,642,39.630723872854134,974.9083112003631,671.5147956209106,866.5281105990783,607.194930875576
1932,642,39.630723872854134,974.9083112003631,671.5147956209106,866.363287250384,607.1937788018433
1933,642,39.630723872854134,974.9083112003631,671.5147956209106,866.1984639016897,607.1926267281106
1934,642,39.630723872854134,974.9083112003631,671.5147956209106,866.0336405529954,607.1914746543779
1935,642,39.630723872854134,974.9083112003631,671.5147956209106,865.8688172043011,607.1903225806451
1936,642,39.630723872854134,974.9083112003631,671.5147956209106,865.7039938556068,607.1891705069124
1937,642,39.630723872854134,974.9083112003631,671.5147956209106,865.5391705069125,607.1880184331796
1938,642,39.630723872854134,974.9083112003631,671.5147956209106,865.3743471582181,607.186866359447
1939,642,39.630723872854134,974.9083112003631,671.5147956209106,865.2095238095238,607.1857142857143
1940,642,39.630723872854134,974.9083112003631,671.5147956209106,865.0447004608295,607.1845622119815
1941,642,39.630723872854134,974.9083112003631,671.5147956209106,864.8798771121351,607.1834101382489
1942,642,39.630723872854134,974.9083112003631,671.5147956209106,864.7150537634409,607.1822580645161
1943,642,39.630723872854134,974.9083112003631,671.5147956209106,864.5502304147465,607.1811059907834
1944,642,39.630723872854134,974.9083112003631,671.5147956209106,864.3854070660522,607.1799539170506
1945,642,39.630723872854134,974.9083112003631,671.5147956209106,864.2205837173578,607.178801843318
1946,642,39.630723872854134,974.9083112003631,671.5147956209106,864.0557603686635,607.1776497695853
1947,642,39.630723872854134,974.9083112003631,671.5147956209106,863.8909370199692,607.1764976958525
1948,642,39.630723872854134,974.9083112003631,671.5147956209106,863.7261136712749,607.1753456221198
1949,642,39.630723872854134,974.9083112003631,671.5147956209106,863.5612903225806,607.174193548387
1950,642,39.630723872854134,974.9083112003631,671.5147956209106,863.3964669738863,607.1730414746544
1951,642,18.494639620882005,974.9083112003631,671.5147956209106,863.231643625192,607.1718894009216
1952,642,18.494639620882005,974.9083112003631,671.5147956209106,863.0668202764977,607.1707373271889
1953,642,18.494639620882005,974.9083112003631,671.5147956209106,862.9019969278033,607.1695852534561
1954,642,18.494639620882005,974.9083112003631,671.5147956209106,862.737173579109,607.1684331797235
1955,642,18.494639620882005,974.9083112003631,671.5147956209106,862.5723502304147,607.1672811059908
1956,642,18.494639620882005,974.9083112003631,671.5147956209106,862.4075268817204,607.166129032258
1957,642,18.494639620882005,974.9083112003631,671.5147956209106,862.2427035330261,607.1649769585254
1958,642,18.494639620882005,974.9083112003631,671.5147956209106,862.0778801843318,607.1638248847926
1959,642,18.494639620882005,974.9083112003631,671.5147956209106,861.9130568356375,607.1626728110599
1960,642,18.494639620882005,974.9083112003631,671.5147956209106,861.7482334869431,607.1615207373271
1961,642,18.494639620882005,974.9083112003631,671.5147956209106,861.5834101382488,607.1603686635945
1962,642,18.494639620882005,974.9083112003631,671.5147956209106,861.4185867895545,607.1592165898618
1963,642,18.494639620882005,974.9083112003631,671.5147956209106,861.2537634408602,607.158064516129
1964,642,18.494639620882005,974.9083112003631,671.5147956209106,861.0889400921659,607.1569124423963
1965,642,18.494639620882005,974.9083112003631,671.5147956209106,860.9241167434716,607.1557603686636
1966,642,18.494639620882005,974.9083112003631,671.5147956209106,860.7592933947773,607.1546082949309
1967,642,18.494639620882005,974.9083112003631,671.5147956209106,860.594470046083,607.1534562211981
1968,642,18.494639620882005,974.9083112003631,671.5147956209106,860.4296466973886,607.1523041474654
1969,642,18.494639620882005,974.9083112003631,671.5147956209106,860.2648233486943,607.1511520737326
1970,642,18.494639620882005,974.9083112003631,671.5147956209106,860.0999999999999,607.15
1971,642,18.494639620882005,974.9083112003631,671.5147956209106,859.9351766513057,607.1488479262673
1972,642,18.494639620882005,974.9083112003631,671.5147956209106,859.7703533026113,607.1476958525345
1973,642,18.494639620882005,974.9083112003631,671.5147956209106,859.6055299539171,607.1465437788019
1974,642,18.494639620882005,974.9083112003631,671.5147956209106,859.4407066052227,607.1453917050691
1975,642,18.494639620882005,974.9083112003631,671.5147956209106,859.2758832565283,607.1442396313364
1976,642,18.494639620882005,974.9083112003631,671.5147956209106,859.111059907834,607.1430875576036
1977,642,18.494639620882005,974.9083112003631,671.5147956209106,858.9462365591397,607.141935483871
1978,642,18.494639620882005,974.9083112003631,671.5147956209106,858.7814132104454,607.1407834101382
1979,642,18.494639620882005,974.9083112003631,671.5147956209106,858.6165898617511,607.1396313364055
1980,642,18.494639620882005,974.9083112003631,671.5147956209106,858.4517665130568,607.1384792626728
1981,642,18.494639620882005,974.9083112003631,671.5147956209106,858.2869431643625,607.13732718894
1982,642,18.494639620882005,974.9083112003631,671.5147956209106,858.1221198156682,607.1361751152074
1983,642,21.146255305517233,974.9083112003631,671.5147956209106,857.9572964669738,607.1350230414746
1984,642,24.772602410894933,974.9083112003631,671.5147956209106,857.7924731182795,607.1338709677419
1985,642,29.827734359674036,974.9083112003631,671.5147956209106,857.6276497695852,607.1327188940091
1986,642,26.61265336698154,974.9083112003631,671.5147956209106,857.4628264208909,607.1315668202765
1987,642,21.940499614856865,974.9083112003631,671.5147956209106,857.2980030721966,607.1304147465438
1988,642,30.94351600207397,974.9083112003631,671.5147956209106,857.1331797235023,607.129262672811
1989,642,43.0719126671127,974.9083112003631,671.5147956209106,856.968356374808,607.1281105990784
1990,642,53.914658487163585,974.9083112003631,671.5147956209106,856.8035330261137,607.1269585253456
1991,642,60.98098171690663,974.9083112003631,671.5147956209106,856.6387096774193,607.1258064516129
1992,642,144.26579658218995,974.9083112003631,671.5147956209106,856.473886328725,607.1246543778801
1993,642,157.22437694468601,974.9083112003631,671.5147956209106,856.3090629800307,607.1235023041475
1994,642,161.59617179519003,974.9083112003631,671.5147956209106,856.1442396313364,607.1223502304147
1995,642,164.66818702713667,974.9083112003631,671.5147956209106,855.9794162826421,607.121198156682
1996,642,166.96095618585662,974.9083112003631,671.5147956209106,855.8145929339478,607.1200460829493
1997,642,168.73265512899698,974.9083112003631,671.5147956209106,855.6497695852535,607.1188940092165
1998,642,170.14030348953727,974.9083112003631,671.5147956209106,855.4849462365592,607.1177419354839
1999,642,171.2843725162799,974.9083112003631,671.5147956209106,855.3201228878648,607.1165898617511
2000,642,171.2843725162799,974.9083112003631,671.5147956209106,855.1552995391705,607.1154377880184
2001,642,171.2843725162799,974.9083112003631,671.5147956209106,854.9904761904761,607.1142857142856
2002,642,171.2843725162799,974.9083112003631,671.5147956209106,854.8256528417819,607.113133640553
2003,642,171.2843725162799,974.9083112003631,671.5147956209106,854.6608294930875,607.1119815668203
2004,642,171.2843725162799,974.9083112003631,671.5147956209106,854.4960061443932,607.1108294930875
2005,642,171.2843725162799,974.9083112003631,671.5147956209106,854.3311827956989,607.1096774193549
2006,642,171.2843725162799,974.9083112003631,671.5147956209106,854.1663594470045,607.1085253456221
2007,642,171.2843725162799,974.9083112003631,671.5147956209106,854.0015360983102,607.1073732718894
2008,642,171.2843725162799,974.9083112003631,671.5147956209106,853.8367127496159,607.1062211981566
2009,642,171.2843725162799,974.9083112003631,671.5147956209106,853.6718894009216,607.105069124424
2010,642,171.2843725162799,974.9083112003631,671.5147956209106,853.5070660522273,607.1039170506912
2011,642,171.2843725162799,974.9083112003631,671.5147956209106,853.342242703533,607.1027649769585
2012,642,171.2843725162799,974.9083112003631,671.5147956209106,853.1774193548387,607.1016129032258
2013,642,171.2843725162799,974.9083112003631,671.5147956209106,853.0125960061443,607.100460829493
2014,642,171.2843725162799,974.9083112003631,671.5147956209106,852.84777265745,607.0993087557604
2015,642,171.2843725162799,974.9083112003631,671.5147956209106,852.6829493087557,607.0981566820276
2016,642,171.2843725162799,974.9083112003631,671.5147956209106,852.5181259600614,607.0970046082949
2017,642,171.2843725162799,974.9083112003631,671.5147956209106,852.3533026113671,607.0958525345621
2018,642,171.2843725162799,974.9083112003631,671.5147956209106,852.1884792626728,607.0947004608295
2019,642,171.2843725162799,974.9083112003631,671.5147956209106,852.0236559139785,607.0935483870968
2020,642,171.2843725162799,974.9083112003631,671.5147956209106,851.8588325652842,607.092396313364
2021,642,171.2843725162799,974.9083112003631,671.5147956209106,851.6940092165898,607.0912442396314
2022,642,171.2843725162799,974.9083112003631,671.5147956209106,851.5291858678955,607.0900921658986
2023,642,171.2843725162799,974.9083112003631,671.5147956209106,851.3643625192012,607.0889400921659
2024,642,171.2843725162799,974.9083112003631,671.5147956209106,851.1995391705069,607.0877880184331
2025,642,171.2843725162799,974.9083112003631,671.5147956209106,851.0347158218126,607.0866359447004
2026,642,171.2843725162799,974.9083112003631,671.5147956209106,850.8698924731183,607.0854838709677
2027,642,171.2843725162799,974.9083112003631,671.5147956209106,850.705069124424,607.084331797235
2028,642,171.2843725162799,974.9083112003631,671.5147956209106,850.5402457757297,607.0831797235023
2029,642,171.2843725162799,974.9083112003631,671.5147956209106,850.3754224270353,607.0820276497695
2030,642,171.2843725162799,974.9083112003631,671.5147956209106,850.210599078341,607.0808755760369
2031,642,171.2843725162799,974.9083112003631,671.5147956209106,850.0457757296467,607.0797235023041
2032,642,171.2843725162799,974.9083112003631,671.5147956209106,849.8809523809523,607.0785714285714
2033,642,171.2843725162799,974.9083112003631,671.5147956209106,849.7161290322581,607.0774193548386
2034,642,171.2843725162799,974.9083112003631,671.5147956209106,849.5513056835637,607.076267281106
2035,642,171.2843725162799,974.9083112003631,671.5147956209106,849.3864823348694,607.0751152073733
2036,642,171.2843725162799,974.9083112003631,671.5147956209106,849.221658986175,607.0739631336405
2037,642,171.2843725162799,974.9083112003631,671.5147956209106,849.0568356374807,607.0728110599078
2038,642,171.2843725162799,974.9083112003631,671.5147956209106,848.8920122887864,607.0716589861751
2039,642,171.2843725162799,974.9083112003631,671.5147956209106,848.7271889400921,607.0705069124424
2040,642,171.2843725162799,974.9083112003631,671.5147956209106,848.5623655913978,607.0693548387096
2041,642,171.2843725162799,974.9083112003631,671.5147956209106,848.3975422427035,607.068202764977
2042,642,171.2843725162799,974.9083112003631,671.5147956209106,848.2327188940092,607.0670506912442
2043,642,171.2843725162799,974.9083112003631,671.5147956209106,848.0678955453149,607.0658986175115
2044,642,171.2843725162799,974.9083112003631,671.5147956209106,847.9030721966205,607.0647465437788
2045,642,171.2843725162799,974.9083112003631,671.5147956209106,847.7382488479262,607.063594470046
2046,642,171.2843725162799,974.9083112003631,671.5147956209106,847.5734254992319,607.0624423963134
2047,642,171.2843725162799,974.9083112003631,671.5147956209106,847.4086021505376,607.0612903225806
2048,642,171.2843725162799,974.9083112003631,671.5147956209106,847.2437788018433,607.0601382488479
2049,642,171.2843725162799,974.9083112003631,671.5147956209106,847.078955453149,607.0589861751151
2050,642,171.2843725162799,974.9083112003631,671.5147956209106,846.9141321044547,607.0578341013825
2051,642,171.2843725162799,974.9083112003631,671.5147956209106,846.7493087557604,607.0566820276498
2052,642,171.2843725162799,974.9083112003631,671.5147956209106,846.584485407066,607.055529953917
2053,642,171.2843725162799,974.9083112003631,671.5147956209106,846.4196620583717,607.0543778801843
2054,642,171.2843725162799,974.9083112003631,671.5147956209106,846.2548387096774,607.0532258064516
2055,642,171.2843725162799,974.9083112003631,671.5147956209106,846.0900153609831,607.0520737327189
2056,642,171.2843725162799,974.9083112003631,671.5147956209106,845.9251920122888,607.0509216589861
2057,642,171.2843725162799,974.9083112003631,671.5147956209106,845.7603686635945,607.0497695852534
2058,642,171.2843725162799,974.9083112003631,671.5147956209106,845.5955453149002,607.0486175115207
2059,642,171.2843725162799,974.9083112003631,671.5147956209106,845.4307219662059,607.047465437788
2060,642,171.2843725162799,974.9083112003631,671.5147956209106,845.2658986175115,607.0463133640553
2061,642,171.2843725162799,974.9083112003631,671.5147956209106,845.1010752688171,607.0451612903225
2062,642,171.2843725162799,974.9083112003631,671.5147956209106,844.9362519201229,607.0440092165899
2063,642,172.16914750495047,974.9083112003631,671.5147956209106,844.7714285714285,607.0428571428571
2064,642,173.2578963954656,974.9083112003631,671.5147956209106,844.6066052227343,607.0417050691244
2065,642,174.62919791556317,974.9083112003631,671.5147956209106,844.4417818740399,607.0405529953916
2066,642,176.40702742888217,974.9083112003631,671.5147956209106,844.2769585253455,607.039400921659
2067,642,178.79717955272426,974.9083112003631,671.5147956209106,844.1121351766512,607.0382488479263
2068,642,177.71885979512544,975.0307601799549,671.6984690902983,843.9473118279569,607.0370967741935
2069,642,161.1126869153816,975.1532091595467,671.8821425596861,843.7824884792626,607.0359447004608
2070,642,71.13645453048647,975.2756581391386,672.0658160290739,843.6176651305683,607.0347926267281
2071,642,64.69552061847608,975.3981071187304,672.2494894984616,843.452841781874,607.0336405529954
2072,642,52.869273953795556,975.5205560983222,672.4331629678494,843.2880184331797,607.0324884792626
2073,642,37.46385318332304,975.643005077914,672.6168364372371,843.1231950844854,607.0313364055299
2074,642,26.65867332527988,975.765454057506,672.8005099066249,842.958371735791,607.0301843317972
2075,642,20.846376979979514,975.8879030370978,672.9841833760127,842.7935483870967,607.0290322580645
2076,642,39.30525536563379,976.0103520166896,673.1678568454004,842.6287250384024,607.0278801843318
2077,642,35.895557356317795,976.1328009962814,673.3515303147882,842.4639016897081,607.026728110599
2078,642,32.73118736165844,976.2552499758733,673.5352037841759,842.2990783410138,607.0255760368664
2079,642,30.460897036680073,976.3776989554651,673.7188772535636,842.1342549923195,607.0244239631336
2080,642,30.460897036680073,976.5001479350569,673.9025507229514,841.9694316436252,607.0232718894009
2081,642,30.460897036680073,976.6225969146487,674.0862241923392,841.8046082949309,607.0221198156681
2082,642,30.460897036680073,976.7450458942407,674.269897661727,841.6397849462365,607.0209677419355
2083,642,30.460897036680073,976.8674948738325,674.4535711311147,841.4749615975422,607.0198156682028
2084,642,30.460897036680073,976.9899438534243,674.6372446005024,841.3101382488479,607.01866359447
2085,642,30.460897036680073,977.1123928330161,674.8209180698902,841.1453149001536,607.0175115207373
2086,642,30.460897036680073,977.234841812608,675.004591539278,840.9804915514593,607.0163594470046
2087,642,30.460897036680073,977.3572907921998,675.1882650086657,840.815668202765,607.0152073732719
2088,642,30.460897036680073,977.4797397717916,675.3719384780535,840.6508448540707,607.0140552995391
2089,642,30.460897036680073,977.6021887513834,675.5556119474412,840.4860215053764,607.0129032258064
2090,642,30.460897036680073,977.7246377309754,675.7392854168289,840.321198156682,607.0117511520737
2091,642,30.460897036680073,977.8470867105672,675.9229588862167,840.1563748079877,607.010599078341
2092,642,30.460897036680073,977.969535690159,676.1066323556045,839.9915514592933,607.0094470046083
2093,642,30.460897036680073,978.0919846697508,676.2903058249923,839.8267281105991,607.0082949308755
2094,642,30.460897036680073,978.2144336493427,676.47397929438,839.6619047619047,607.0071428571429
2095,642,30.460897036680073,978.3368826289345,676.6576527637677,839.4970814132104,607.0059907834101
2096,642,30.460897036680073,978.4593316085263,676.8413262331555,839.332258064516,607.0048387096774
2097,642,30.460897036680073,978.5817805881181,677.0249997025433,839.1674347158217,607.0036866359446
2098,642,30.460897036680073,978.7042295677101,677.208673171931,839.0026113671274,607.002534562212
2099,642,30.460897036680073,978.8266785473019,677.3923466413188,838.8377880184331,607.0013824884793
2100,642,30.460897036680073,978.9491275268937,677.5760201107065,838.6729646697388,607.0002304147465
2101,642,30.460897036680073,979.0715765064855,677.7596935800942,838.5081413210445,606.9990783410138
2102,642,30.460897036680073,979.1940254860774,677.943367049482,838.3433179723502,606.9979262672811
2103,642,30.460897036680073,979.3164744656692,678.1270405188698,838.1784946236559,606.9967741935484
2104,642,30.460897036680073,979.438923445261,678.3107139882576,838.0136712749616,606.9956221198156
2105,642,30.460897036680073,979.5613724248528,678.4943874576453,837.8488479262672,606.9944700460829
2106,642,30.460897036680073,979.6838214044448,678.678060927033,837.6840245775729,606.9933179723502
2107,642,30.460897036680073,979.8062703840366,678.8617343964208,837.5192012288786,606.9921658986175
2108,642,30.460897036680073,979.9287193636284,679.0454078658086,837.3543778801843,606.9910138248848
2109,642,30.460897036680073,980.0511683432202,679.2290813351963,837.18955453149,606.989861751152
2110,642,30.460897036680073,980.1736173228121,679.4127548045841,837.0247311827957,606.9887096774194
2111,642,30.460897036680073,980.2960663024039,679.5964282739718,836.8599078341014,606.9875576036866
2112,642,30.460897036680073,980.4185152819957,679.7801017433596,836.695084485407,606.9864055299539
2113,642,30.460897036680073,980.5409642615875,679.9637752127474,836.5302611367127,606.9852534562211
2114,642,30.460897036680073,980.6634132411795,680.1474486821351,836.3654377880184,606.9841013824885
2115,642,30.460897036680073,980.7858622207713,680.3311221515229,836.2006144393241,606.9829493087558
2116,642,30.460897036680073,980.9083112003631,680.5147956209106,836.0357910906298,606.981797235023
2117,642,30.460897036680073,980.9083112003631,680.5147956209106,835.8709677419355,606.9806451612903
2118,642,30.460897036680073,980.9083112003631,680.5147956209106,835.7061443932412,606.9794930875576
2119,642,30.460897036680073,980.9083112003631,680.5147956209106,835.5413210445469,606.9783410138249
2120,642,30.460897036680073,980.9083112003631,680.5147956209106,835.3764976958525,606.9771889400921
2121,642,30.460897036680073,980.9083112003631,680.5147956209106,835.2116743471581,606.9760368663594
2122,642,30.460897036680073,980.9083112003631,680.5147956209106,835.0468509984639,606.9748847926267
2123,642,30.460897036680073,980.9083112003631,680.5147956209106,834.8820276497695,606.973732718894
2124,642,30.460897036680073,980.9083112003631,680.5147956209106,834.7172043010753,606.9725806451613
2125,642,30.460897036680073,980.9083112003631,680.5147956209106,834.5523809523809,606.9714285714285
2126,642,30.460897036680073,980.9083112003631,680.5147956209106,834.3875576036867,606.9702764976959
2127,642,9.40301861723245,980.9083112003631,680.5147956209106,834.2227342549922,606.9691244239631
2128,642,9.40301861723245,980.9083112003631,680.5147956209106,834.0579109062979,606.9679723502304
2129,642,9.40301861723245,980.9083112003631,680.5147956209106,833.8930875576036,606.9668202764976
2130,642,9.40301861723245,980.9083112003631,680.5147956209106,833.7282642089093,606.965668202765
2131,642,9.40301861723245,980.9083112003631,680.5147956209106,833.563440860215,606.9645161290323
2132,642,9.40301861723245,980.9083112003631,680.5147956209106,833.3986175115207,606.9633640552995
2133,642,9.40301861723245,980.9083112003631,680.5147956209106,833.2337941628264,606.9622119815668
2134,642,9.40301861723245,980.9083112003631,680.5147956209106,833.0689708141321,606.961059907834
2135,642,9.40301861723245,980.9083112003631,680.5147956209106,832.9041474654377,606.9599078341014
2136,642,9.40301861723245,980.9083112003631,680.5147956209106,832.7393241167434,606.9587557603686
2137,642,9.40301861723245,980.9083112003631,680.5147956209106,832.5745007680491,606.9576036866359
2138,642,9.40301861723245,980.9083112003631,680.5147956209106,832.4096774193548,606.9564516129032
2139,642,9.40301861723245,980.9083112003631,680.5147956209106,832.2448540706605,606.9552995391705
2140,642,9.40301861723245,980.9083112003631,680.5147956209106,832.0800307219662,606.9541474654378
2141,642,9.40301861723245,980.9083112003631,680.5147956209106,831.9152073732719,606.952995391705
2142,642,9.40301861723245,980.9083112003631,680.5147956209106,831.7503840245776,606.9518433179724
2143,642,9.40301861723245,980.9083112003631,680.5147956209106,831.5855606758832,606.9506912442396
2144,642,9.40301861723245,980.9083112003631,680.5147956209106,831.4207373271889,606.9495391705069
2145,642,9.40301861723245,980.9083112003631,680.5147956209106,831.2559139784946,606.9483870967741
2146,642,9.40301861723245,980.9083112003631,680.5147956209106,831.0910906298003,606.9472350230415
2147,642,9.40301861723245,980.9083112003631,680.5147956209106,830.926267281106,606.9460829493088
2148,642,9.40301861723245,980.0847817885983,657.8089132679694,830.7614439324117,606.944930875576
2149,642,9.40301861723245,979.2612523768337,635.1030309150283,830.5966205837174,606.9437788018433
2150,642,9.40301861723245,978.4377229650689,612.3971485620871,830.4317972350229,606.9426267281106
2151,642,9.40301861723245,977.6141935533043,589.6912662091459,830.2669738863287,606.9414746543779
2152,642,9.40301861723245,976.7906641415395,566.9853838562047,830.1021505376343,606.9403225806451
2153,642,9.40301861723245,975.9671347297748,544.2795015032635,829.9373271889401,606.9391705069124
2154,642,9.40301861723245,975.1436053180101,521.5736191503224,829.7725038402457,606.9380184331796
2155,642,9.40301861723245,974.3200759062454,498.8677367973812,829.6076804915515,606.936866359447
2156,642,9.40301861723245,973.4965464944808,476.16185444444,829.4428571428571,606.9357142857143
2157,642,9.40301861723245,972.673017082716,453.45597209149884,829.2780337941629,606.9345622119815
2158,642,9.40301861723245,971.8494876709514,430.7500897385577,829.1132104454684,606.9334101382489
2159,642,9.40301861723245,971.0259582591866,408.04420738561646,828.9483870967741,606.9322580645161
2160,642,9.40301861723245,970.2024288474219,385.3383250326753,828.7835637480798,606.9311059907834
2161,642,9.40301861723245,969.3788994356572,362.63244267973414,828.6187403993855,606.9299539170506
2162,642,9.40301861723245,968.5553700238925,339.9265603267929,828.4539170506912,606.928801843318
2163,642,9.40301861723245,967.7318406121278,317.22067797385176,828.2890937019969,606.9276497695853
2164,642,9.40301861723245,966.9083112003631,294.5147956209106,828.1242703533026,606.9264976958525
2165,642,9.40301861723245,966.9083112003631,294.5147956209106,827.9594470046083,606.9253456221198
2166,642,9.40301861723245,966.9083112003631,294.5147956209106,827.7946236559139,606.924193548387
2167,642,9.40301861723245,966.9083112003631,294.5147956209106,827.6298003072196,606.9230414746544
2168,642,9.40301861723245,966.9083112003631,294.5147956209106,827.4649769585253,606.9218894009216
2169,642,9.40301861723245,966.9083112003631,294.5147956209106,827.300153609831,606.9207373271889
2170,642,9.40301861723245,966.9083112003631,294.5147956209106,827.1353302611367,606.9195852534561
2171,642,9.40301861723245,966.9083112003631,294.5147956209106,826.9705069124424,606.9184331797235
2172,642,9.40301861723245,966.9083112003631,294.5147956209106,826.8056835637481,606.9172811059908
2173,642,9.40301861723245,966.9083112003631,294.5147956209106,826.6408602150537,606.916129032258
2174,642,9.40301861723245,966.9083112003631,294.5147956209106,826.4760368663594,606.9149769585254
2175,642,9.40301861723245,966.9083112003631,294.5147956209106,826.3112135176651,606.9138248847926
2176,642,9.40301861723245,966.9083112003631,294.5147956209106,826.1463901689708,606.9126728110599
2177,642,9.40301861723245,966.9083112003631,294.5147956209106,825.9815668202765,606.9115207373271
2178,642,9.40301861723245,966.9083112003631,294.5147956209106,825.8167434715822,606.9103686635945
2179,642,9.40301861723245,966.9083112003631,294.5147956209106,825.6519201228879,606.9092165898618
2180,642,9.40301861723245,966.9083112003631,294.5147956209106,825.4870967741936,606.908064516129
2181,642,9.40301861723245,966.9083112003631,294.5147956209106,825.3222734254991,606.9069124423963
2182,642,9.40301861723245,966.9083112003631,294.5147956209106,825.1574500768049,606.9057603686636
2183,642,9.40301861723245,966.9083112003631,294.5147956209106,824.9926267281105,606.9046082949309
2184,642,9.40301861723245,966.9083112003631,294.5147956209106,824.8278033794163,606.9034562211981
2185,642,9.40301861723245,966.9083112003631,294.5147956209106,824.6629800307219,606.9023041474654
2186,642,9.40301861723245,966.9083112003631,294.5147956209106,824.4981566820277,606.9011520737326
2187,642,9.40301861723245,966.9083112003631,294.5147956209106,824.3333333333333,606.9
2188,642,9.40301861723245,966.9083112003631,294.5147956209106,824.168509984639,606.8988479262673
2189,642,9.40301861723245,966.9083112003631,294.5147956209106,824.0036866359446,606.8976958525345
2190,642,9.40301861723245,966.9083112003631,294.5147956209106,823.8388632872503,606.8965437788019
2191,642,9.40301861723245,966.9083112003631,294.5147956209106,823.674039938556,606.8953917050691
2192,642,9.40301861723245,966.9083112003631,294.5147956209106,823.5092165898617,606.8942396313364
2193,642,9.40301861723245,966.9083112003631,294.5147956209106,823.3443932411674,606.8930875576036
2194,642,9.40301861723245,966.9083112003631,294.5147956209106,823.1795698924731,606.891935483871
2195,642,9.40301861723245,966.9083112003631,294.5147956209106,823.0147465437788,606.8907834101382
2196,642,9.40301861723245,968.9671347297748,291.8677367973812,822.8499231950844,606.8896313364055
2197,642,9.40301861723245,971.0259582591866,289.22067797385176,822.6850998463901,606.8884792626728
2198,642,9.40301861723245,973.0847817885983,286.5736191503224,822.5202764976958,606.88732718894
2199,642,9.40301861723245,975.1436053180101,283.926560326793,822.3554531490015,606.8861751152074
2200,642,9.40301861723245,977.2024288474219,281.27950150326353,822.1906298003072,606.8850230414746
2201,642,9.40301861723245,979.2612523768337,278.63244267973414,822.0258064516129,606.8838709677419
2202,642,9.40301861723245,981.3200759062454,275.98538385620475,821.8609831029186,606.8827188940091
2203,642,9.40301861723245,983.3788994356572,273.3383250326753,821.6961597542243,606.8815668202765
2204,642,9.40301861723245,985.4377229650689,270.6912662091459,821.5313364055299,606.8804147465438
2205,642,9.40301861723245,987.4965464944808,268.04420738561646,821.3665130568356,606.879262672811
2206,642,9.40301861723245,989.5553700238925,265.39714856208707,821.2016897081413,606.8781105990784
2207,642,9.40301861723245,991.6141935533043,262.7500897385577,821.036866359447,606.8769585253456
2208,642,9.40301861723245,993.673017082716,260.1030309150282,820.8720430107527,606.8758064516129
2209,642,9.40301861723245,995.7318406121278,257.45597209149884,820.7072196620584,606.8746543778801
2210,642,9.40301861723245,997.7906641415395,254.80891326796944,820.5423963133641,606.8735023041475
2211,642,9.40301861723245,999.8494876709512,252.16185444444002,820.3775729646698,606.8723502304147
2212,642,9.40301861723245,1001.9083112003631,249.5147956209106,820.2127496159753,606.871198156682
2213,642,9.40301861723245,1001.9083112003631,249.5147956209106,820.0479262672811,606.8700460829493
2214,642,9.40301861723245,1001.9083112003631,249.5147956209106,819.8831029185867,606.8688940092165
2215,642,9.40301861723245,1001.9083112003631,249.5147956209106,819.7182795698925,606.8677419354839
2216,642,9.40301861723245,1001.9083112003631,249.5147956209106,819.5534562211981,606.8665898617511
2217,642,9.40301861723245,1001.9083112003631,249.5147956209106,819.3886328725039,606.8654377880184
2218,642,9.40301861723245,1001.9083112003631,249.5147956209106,819.2238095238095,606.8642857142856
2219,642,9.40301861723245,1001.9083112003631,249.5147956209106,819.0589861751151,606.863133640553
2220,642,9.40301861723245,1001.9083112003631,249.5147956209106,818.8941628264208,606.8619815668203
2221,642,9.40301861723245,1001.9083112003631,249.5147956209106,818.7293394777265,606.8608294930875
2222,642,9.40301861723245,1001.9083112003631,249.5147956209106,818.5645161290322,606.8596774193549
2223,642,9.40301861723245,1001.9083112003631,249.5147956209106,818.3996927803379,606.8585253456221
2224,642,9.40301861723245,1001.9083112003631,249.5147956209106,818.2348694316436,606.8573732718894
2225,642,9.40301861723245,1001.9083112003631,249.5147956209106,818.0700460829493,606.8562211981566
2226,642,9.40301861723245,1001.9083112003631,249.5147956209106,817.905222734255,606.855069124424
2227,642,9.40301861723245,1001.9083112003631,249.5147956209106,817.7403993855606,606.8539170506912
2228,642,9.40301861723245,1284.9083112003632,270.5147956209106,817.5755760368663,606.8527649769585
2229,642,9.40301861723245,1284.9083112003632,270.5147956209106,817.410752688172,606.8516129032258
2230,642,9.40301861723245,1284.9083112003632,270.5147956209106,817.2459293394777,606.850460829493
2231,642,9.40301861723245,1284.9083112003632,270.5147956209106,817.0811059907834,606.8493087557604
2232,642,9.40301861723245,1284.9083112003632,270.5147956209106,816.9162826420891,606.8481566820276
2233,642,9.40301861723245,1284.9083112003632,270.5147956209106,816.7514592933948,606.8470046082949
2234,642,9.40301861723245,1284.9083112003632,270.5147956209106,816.5866359447004,606.8458525345621
2235,642,9.40301861723245,1284.9083112003632,270.5147956209106,816.4218125960061,606.8447004608295
2236,642,9.40301861723245,1284.9083112003632,270.5147956209106,816.2569892473118,606.8435483870968
2237,642,9.40301861723245,1284.9083112003632,270.5147956209106,816.0921658986175,606.842396313364
2238,642,9.40301861723245,1284.9083112003632,270.5147956209106,815.9273425499232,606.8412442396314
2239,642,9.40301861723245,1284.9083112003632,270.5147956209106,815.7625192012289,606.8400921658986
2240,642,9.40301861723245,1284.9083112003632,270.5147956209106,815.5976958525346,606.8389400921659
2241,642,9.40301861723245,1284.9083112003632,270.5147956209106,815.4328725038401,606.8377880184331
2242,642,9.40301861723245,1284.9083112003632,270.5147956209106,815.268049155146,606.8366359447004
2243,642,9.40301861723245,1284.9083112003632,270.5147956209106,815.1032258064515,606.8354838709677
2244,642,9.40301861723245,1284.9083112003632,270.5147956209106,814.9384024577573,606.834331797235
2245,642,9.40301861723245,1284.9083112003632,270.5147956209106,814.7735791090629,606.8331797235023
2246,643,9.40301861723245,1284.9083112003632,270.5147956209106,814.6087557603687,606.8320276497695
2247,644,9.40301861723245,1284.9083112003632,270.5147956209106,814.4439324116743,606.8308755760369
2248,645,9.40301861723245,1284.9083112003632,270.5147956209106,814.2791090629801,606.8297235023041
2249,646,9.40301861723245,1284.9083112003632,270.5147956209106,814.1142857142856,606.8285714285714
2250,647,9.40301861723245,1284.9083112003632,270.5147956209106,813.9494623655913,606.8274193548386
2251,648,9.40301861723245,1284.9083112003632,270.5147956209106,813.784639016897,606.826267281106
2252,649,9.40301861723245,1284.9083112003632,270.5147956209106,813.6198156682027,606.8251152073733
2253,650,9.40301861723245,1284.9083112003632,270.5147956209106,813.4549923195084,606.8239631336405
2254,651,9.40301861723245,1284.9083112003632,270.5147956209106,813.2901689708141,606.8228110599078
2255,652,9.40301861723245,1284.9083112003632,270.5147956209106,813.1253456221198,606.8216589861751
2256,653,9.40301861723245,1284.9083112003632,270.5147956209106,812.9605222734255,606.8205069124424
2257,654,9.40301861723245,1284.9083112003632,270.5147956209106,812.7956989247311,606.8193548387096
2258,655,9.40301861723245,1284.9083112003632,270.5147956209106,812.6308755760368,606.818202764977
2259,656,9.40301861723245,1284.9083112003632,270.5147956209106,812.4660522273425,606.8170506912442
2260,657,9.40301861723245,1284.9083112003632,270.5147956209106,812.3012288786482,606.8158986175115
2261,658,9.40301861723245,1284.9083112003632,270.5147956209106,812.1364055299539,606.8147465437788
2262,659,9.40301861723245,1284.9083112003632,270.5147956209106,811.9715821812596,606.813594470046
2263,660,9.40301861723245,1284.9083112003632,270.5147956209106,811.8067588325653,606.8124423963134
2264,661,9.40301861723245,1284.9083112003632,270.5147956209106,811.641935483871,606.8112903225806
2265,662,9.40301861723245,1284.9083112003632,270.5147956209106,811.4771121351766,606.8101382488479
2266,663,9.40301861723245,1284.9083112003632,270.5147956209106,811.3122887864823,606.8089861751151
2267,664,9.40301861723245,1284.9083112003632,270.5147956209106,811.147465437788,606.8078341013825
2268,665,9.40301861723245,1284.9083112003632,270.5147956209106,810.9826420890937,606.8066820276498
2269,666,9.40301861723245,1284.9083112003632,270.5147956209106,810.8178187403994,606.805529953917
2270,667,9.40301861723245,1284.9083112003632,270.5147956209106,810.6529953917051,606.8043778801843
2271,668,9.446667728705128,1284.9083112003632,270.5147956209106,810.4881720430108,606.8032258064516
2272,669,9.490187692113215,1284.9083112003632,270.5147956209106,810.3233486943163,606.8020737327189
2273,670,9.53357903010333,1284.9083112003632,270.5147956209106,810.1585253456221,606.8009216589861
2274,671,9.576842262816069,1284.9083112003632,270.5147956209106,809.9937019969277,606.7997695852534
2275,672,9.619977907898647,1284.9083112003632,270.5147956209106,809.8288786482335,606.7986175115207
2276,673,9.662986480517336,1284.9083112003632,270.5147956209106,809.6640552995391,606.797465437788
2277,674,9.705868493369897,1284.9083112003632,270.5147956209106,809.4992319508449,606.7963133640553
2278,675,9.748624456698346,1284.9083112003632,270.5147956209106,809.3344086021505,606.7951612903225
2279,676,9.79125487830124,1284.9083112003632,270.5147956209106,809.1695852534561,606.7940092165899
2280,677,9.833760263546031,1284.9083112003632,270.5147956209106,809.0047619047618,606.7928571428571
2281,678,9.876141115381243,1284.9083112003632,270.5147956209106,808.8399385560675,606.7917050691244
2282,679,9.918397934349182,1284.9083112003632,270.5147956209106,808.6751152073732,606.7905529953916
2283,680,9.960531218597188,1284.9083112003632,270.5147956209106,808.5102918586789,606.789400921659
2284,681,10.002541463891136,1284.9083112003632,270.5147956209106,808.3454685099846,606.7882488479263
2285,682,10.04442916362642,1284.9083112003632,270.5147956209106,808.1806451612903,606.7870967741935
2286,683,10.086194808840222,1284.9083112003632,270.5147956209106,808.015821812596,606.7859447004608
2287,684,10.127838888223973,1284.9083112003632,270.5147956209106,807.8509984639016,606.7847926267281
2288,685,10.16936188813457,1284.9083112003632,270.5147956209106,807.6861751152073,606.7836405529954
2289,686,10.210764292607088,1284.9083112003632,270.5147956209106,807.521351766513,606.7824884792626
2290,687,10.25204658336542,1284.9083112003632,270.5147956209106,807.3565284178187,606.7813364055299
2291,688,10.293209239835562,1284.9083112003632,270.5147956209106,807.1917050691244,606.7801843317972
2292,689,10.334252739155675,1272.5398901477315,290.93584825248956,807.0268817204301,606.7790322580645
2293,690,10.375177556189165,1260.1714690951,311.3569008840685,806.8620583717358,606.7778801843318
2294,691,10.415984163535455,1247.8030480424684,331.7779535156475,806.6972350230415,606.776728110599
2295,692,10.456673031541508,1235.434626989837,352.1990061472264,806.5324116743471,606.7755760368664
2296,693,10.497244628314006,1223.0662059372053,372.62005877880534,806.3675883256528,606.7744239631336
2297,694,10.537699419729947,1210.6977848845736,393.0411114103843,806.2027649769585,606.7732718894009
2298,695,10.578037869448625,1198.3293638319421,413.4621640419632,806.0379416282642,606.7721198156681
2299,696,10.618260438922585,1185.9609427793105,433.88321667354217,805.8731182795699,606.7709677419355
2300,697,10.658367587409048,1173.592521726679,454.3042693051211,805.7082949308756,606.7698156682028
2301,698,10.69835977198132,1161.2241006740473,474.7253219367001,805.5434715821813,606.76866359447
2302,699,10.738237447539673,1148.855679621416,495.14637456827904,805.378648233487,606.7675115207373
2303,700,10.7780010668225,1136.4872585687842,515.567427199858,805.2138248847925,606.7663594470046
2304,701,10.817651080417557,1124.1188375161528,535.988479831437,805.0490015360983,606.7652073732719
2305,702,10.857187936772695,1111.750416463521,556.4095324630159,804.8841781874039,606.7640552995391
2306,703,10.896612082207,1099.3819954108894,576.8305850945949,804.7193548387097,606.7629032258064
2307,704,10.935923960921942,1087.013574358258,597.2516377261738,804.5545314900153,606.7617511520737
2308,705,10.975124015011575,1074.6451533056263,617.6726903577528,804.3897081413211,606.760599078341
2309,706,11.014212684474014,1062.2767322529949,638.0937429893318,804.2248847926267,606.7594470046083
2310,707,11.053190407221695,1049.9083112003632,658.5147956209106,804.0600614439323,606.7582949308755
2311,708,11.092057619092293,1049.9083112003632,658.5147956209106,803.895238095238,606.7571428571429
2312,709,11.130814753859381,1049.9083112003632,658.5147956209106,803.7304147465437,606.7559907834101
2313,710,11.169462243243027,1049.9083112003632,658.5147956209106,803.5655913978494,606.7548387096774
2314,711,11.208000516920153,1049.9083112003632,658.5147956209106,803.4007680491551,606.7536866359446
2315,712,11.246430002535265,1049.9083112003632,658.5147956209106,803.2359447004608,606.752534562212
2316,713,11.284751125710587,1049.9083112003632,658.5147956209106,803.0711213517665,606.7513824884793
2317,714,11.322964310057177,1049.9083112003632,658.5147956209106,802.9062980030722,606.7502304147465
2318,715,11.36106997718381,1049.9083112003632,658.5147956209106,802.7414746543778,606.7490783410138
2319,716,11.399068546709026,1049.9083112003632,658.5147956209106,802.5766513056835,606.7479262672811
2320,717,11.399068546709026,1049.9083112003632,658.5147956209106,802.4118279569892,606.7467741935484
2321,718,11.399068546709026,1049.9083112003632,658.5147956209106,802.2470046082949,606.7456221198156
2322,719,11.399068546709026,1049.9083112003632,658.5147956209106,802.0821812596006,606.7444700460829
2323,720,11.399068546709026,1049.9083112003632,658.5147956209106,801.9173579109063,606.7433179723502
2324,721,11.399068546709026,1049.9083112003632,658.5147956209106,801.752534562212,606.7421658986175
2325,722,11.399068546709026,1049.9083112003632,658.5147956209106,801.5877112135177,606.7410138248848
2326,723,11.399068546709026,1049.9083112003632,658.5147956209106,801.4228878648233,606.739861751152
2327,724,11.399068546709026,1049.9083112003632,658.5147956209106,801.258064516129,606.7387096774194
2328,725,5.480770716457568,1049.9083112003632,658.5147956209106,801.0932411674347,606.7375576036866
2329,725,5.480770716457568,1049.9083112003632,658.5147956209106,800.9284178187404,606.7364055299539
2330,725,5.480770716457568,1049.9083112003632,658.5147956209106,800.7635944700461,606.7352534562211
2331,725,5.480770716457568,1049.9083112003632,658.5147956209106,800.5987711213518,606.7341013824885
2332,725,5.480770716457568,1049.9083112003632,658.5147956209106,800.4339477726573,606.7329493087558
2333,725,5.480770716457568,1049.9083112003632,658.5147956209106,800.2691244239631,606.731797235023
2334,725,5.480770716457568,1049.9083112003632,658.5147956209106,800.1043010752687,606.7306451612903
2335,725,5.480770716457568,1049.9083112003632,658.5147956209106,799.9394777265745,606.7294930875576
2336,725,5.480770716457568,1049.9083112003632,658.5147956209106,799.7746543778801,606.7283410138249
2337,725,5.480770716457568,1049.9083112003632,658.5147956209106,799.6098310291859,606.7271889400921
2338,725,5.480770716457568,1049.9083112003632,658.5147956209106,799.4450076804915,606.7260368663594
2339,725,5.480770716457568,1049.9083112003632,658.5147956209106,799.2801843317973,606.7248847926267
2340,725,5.480770716457568,1049.9083112003632,658.5147956209106,799.1153609831028,606.723732718894
2341,725,5.480770716457568,1049.9083112003632,658.5147956209106,798.9505376344085,606.7225806451613
2342,725,5.480770716457568,1049.9083112003632,658.5147956209106,798.7857142857142,606.7214285714285
2343,725,5.480770716457568,1049.9083112003632,658.5147956209106,798.6208909370199,606.7202764976959
2344,725,5.480770716457568,1049.9083112003632,658.5147956209106,798.4560675883256,606.7191244239631
2345,725,5.480770716457568,1049.9083112003632,658.5147956209106,798.2912442396313,606.7179723502304
2346,725,5.480770716457568,1049.9083112003632,658.5147956209106,798.126420890937,606.7168202764976
2347,725,5.480770716457568,1049.9083112003632,658.5147956209106,797.9615975422427,606.715668202765
2348,725,5.480770716457568,1049.9083112003632,658.5147956209106,797.7967741935483,606.7145161290323
2349,725,5.480770716457568,1049.9083112003632,658.5147956209106,797.631950844854,606.7133640552995
2350,726,20.492335608133608,1049.9083112003632,658.5147956209106,797.4671274961597,606.7122119815668
2351,727,31.147712307746218,1049.9083112003632,658.5147956209106,797.3023041474654,606.711059907834
2352,728,38.258878288938625,1049.9083112003632,658.5147956209106,797.1374807987711,606.7099078341014
2353,729,42.064123990329946,1049.9083112003632,658.5147956209106,796.9726574500768,606.7087557603686
2354,730,41.836872194981,1049.9083112003632,658.5147956209106,796.8078341013825,606.7076036866359
2355,731,33.31978024735577,1049.9083112003632,658.5147956209106,796.6430107526882,606.7064516129032
2356,732,6.74927616685445,1043.030760179955,659.1270405188698,796.4781874039938,606.7052995391705
2356,733,4.308104723535831,1036.1532091595468,659.7392854168289,796.3133640552995,606.7041474654378
2356,734,2.309712515237802,1029.2756581391386,660.3515303147882,796.1485407066052,606.702995391705
2356,735,0.6474266615691351,1022.3981071187305,660.9637752127474,795.9837173579109,606.7018433179724
2356,736,0.754757241674922,1015.5205560983223,661.5760201107065,795.8188940092166,606.7006912442396
2356,737,0.754757241674922,1008.6430050779142,662.1882650086657,795.6540706605223,606.6995391705069
2356,738,0.754757241674922,1001.7654540575061,662.8005099066249,795.489247311828,606.6983870967741
2356,739,0.754757241674922,994.8879030370979,663.4127548045841,795.3244239631335,606.6972350230415
2356,740,0.754757241674922,988.0103520166897,664.0249997025433,795.1596006144393,606.6960829493088
2356,741,4.194750439376002,981.1328009962815,664.6372446005024,794.9947772657449,606.694930875576
2356,742,8.04416851406421,974.2552499758733,665.2494894984616,794.8299539170507,606.6937788018433
2356,743,12.33924754600253,967.3776989554652,665.8617343964208,794.6651305683563,606.6926267281106
2356,744,17.104958265269055,960.500147935057,666.47397929438,794.5003072196621,606.6914746543779
2356,745,22.346032364052032,953.6225969146489,667.0862241923392,794.3354838709677,606.6903225806451
2356,746,28.036698121052197,946.7450458942407,667.6984690902983,794.1706605222734,606.6891705069124
2357,747,31.477066535971648,939.8674948738326,668.3107139882576,794.005837173579,606.6880184331796
2357,748,25.125199322279602,932.9899438534244,668.9229588862167,793.8410138248847,606.686866359447
2357,749,18.640446196969403,926.1123928330162,669.5352037841759,793.6761904761904,606.6857142857143
2357,750,12.185719979156529,919.234841812608,670.1474486821351,793.5113671274961,606.6845622119815
2357,751,5.9195282142654495,912.3572907921998,670.7596935800943,793.3465437788018,606.6834101382489
2357,752,0.025968256163402186,905.4797397717917,671.3719384780535,793.1817204301075,606.6822580645161
2357,753,5.558373611082386,898.6021887513836,671.9841833760127,793.0168970814132,606.6811059907834
2357,754,10.62764792770031,891.7246377309754,672.5964282739718,792.8520737327188,606.6799539170506
2357,755,15.220295720689485,884.8470867105673,673.208673171931,792.6872503840245,606.678801843318
2357,756,19.349571849495128,877.9695356901591,673.8209180698902,792.5224270353302,606.6776497695853
2357,757,19.349571849495128,871.0919846697509,674.4331629678494,792.3576036866359,606.6764976958525
2357,758,19.349571849495128,864.2144336493427,675.0454078658086,792.1927803379416,606.6753456221198
2357,759,19.349571849495128,857.3368826289345,675.6576527637677,792.0279569892473,606.674193548387
2357,760,19.349571849495128,850.4593316085263,676.2698976617269,791.863133640553,606.6730414746544
2357,761,19.349571849495128,843.5817805881182,676.8821425596861,791.6983102918587,606.6718894009216
2357,762,19.349571849495128,836.7042295677101,677.4943874576453,791.5334869431643,606.6707373271889
2357,763,19.349571849495128,829.8266785473019,678.1066323556045,791.36866359447,606.6695852534561
2357,764,19.349571849495128,822.9491275268938,678.7188772535636,791.2038402457757,606.6684331797235
2357,765,19.349571849495128,816.0715765064856,679.3311221515229,791.0390168970814,606.6672811059908
2357,766,19.349571849495128,809.1940254860774,679.943367049482,790.8741935483871,606.666129032258
2357,767,19.349571849495128,802.3164744656692,680.5556119474412,790.7093701996928,606.6649769585254
2357,768,19.349571849495128,795.438923445261,681.1678568454004,790.5445468509985,606.6638248847926
2357,769,19.349571849495128,788.5613724248528,681.7801017433596,790.3797235023042,606.6626728110599
2357,770,19.349571849495128,781.6838214044448,682.3923466413188,790.2149001536097,606.6615207373271
2357,771,19.349571849495128,774.8062703840366,683.004591539278,790.0500768049155,606.6603686635945
2357,772,19.349571849495128,767.9287193636285,683.6168364372371,789.8852534562211,606.6592165898618
2357,773,19.349571849495128,761.0511683432203,684.2290813351963,789.7204301075269,606.658064516129
2357,774,19.349571849495128,754.1736173228121,684.8413262331555,789.5556067588325,606.6569124423963
2357,775,19.349571849495128,747.2960663024039,685.4535711311147,789.3907834101383,606.6557603686636
2357,776,11.785540035587442,740.4185152819957,686.0658160290739,789.2259600614439,606.6546082949309
2357,777,6.090911749068646,733.5409642615875,686.678060927033,789.0611367127495,606.6534562211981
2357,778,1.7285639527437313,726.6634132411793,687.2903058249923,788.8963133640552,606.6523041474654
2357,779,1.6834794603779915,719.7858622207713,687.9025507229514,788.7314900153609,606.6511520737326
2357,780,1.6834794603779915,712.9083112003631,688.5147956209106,788.5666666666666,606.65
2357,781,1.6834794603779915,712.9083112003631,688.5147956209106,788.4018433179723,606.6488479262673
2357,782,1.6834794603779915,712.9083112003631,688.5147956209106,788.237019969278,606.6476958525345
2357,783,1.6834794603779915,712.9083112003631,688.5147956209106,788.0721966205837,606.6465437788019
2357,784,1.6834794603779915,712.9083112003631,688.5147956209106,787.9073732718894,606.6453917050691
2357,785,1.6834794603779915,712.9083112003631,688.5147956209106,787.742549923195,606.6442396313364
2357,786,1.6834794603779915,712.9083112003631,688.5147956209106,787.5777265745007,606.6430875576036
2357,787,1.6834794603779915,712.9083112003631,688.5147956209106,787.4129032258064,606.641935483871
2357,788,1.6834794603779915,712.9083112003631,688.5147956209106,787.2480798771121,606.6407834101382
2357,789,1.6834794603779915,712.9083112003631,688.5147956209106,787.0832565284178,606.6396313364055
2357,790,1.6834794603779915,712.9083112003631,688.5147956209106,786.9184331797235,606.6384792626728
2357,791,1.6834794603779915,712.9083112003631,688.5147956209106,786.7536098310292,606.63732718894
2357,792,1.6834794603779915,712.9083112003631,688.5147956209106,786.5887864823349,606.6361751152074
2357,793,1.6834794603779915,712.9083112003631,688.5147956209106,786.4239631336405,606.6350230414746
2357,794,1.6834794603779915,712.9083112003631,688.5147956209106,786.2591397849462,606.6338709677419
2357,795,1.6834794603779915,712.9083112003631,688.5147956209106,786.0943164362519,606.6327188940091
2357,796,1.6834794603779915,712.9083112003631,688.5147956209106,785.9294930875576,606.6315668202765
2357,797,1.6834794603779915,712.9083112003631,688.5147956209106,785.7646697388633,606.6304147465438
2357,798,1.6834794603779915,712.9083112003631,688.5147956209106,785.599846390169,606.629262672811
2357,799,1.6834794603779915,712.9083112003631,688.5147956209106,785.4350230414746,606.6281105990784
2357,800,1.6834794603779915,712.9083112003631,688.5147956209106,785.2701996927804,606.6269585253456
2357,801,4.359225067484625,712.9083112003631,688.5147956209106,785.1053763440859,606.6258064516129
2358,802,9.030774010787967,712.9083112003631,688.5147956209106,784.9405529953917,606.6246543778801
2358,803,1.4811338719389875,712.9083112003631,688.5147956209106,784.7757296466973,606.6235023041475
2359,804,0.6466076632426151,712.9083112003631,688.5147956209106,784.6109062980031,606.6223502304147
2359,805,7.703148880596109,712.9083112003631,688.5147956209106,784.4460829493087,606.621198156682
2359,806,7.703148880596109,712.9083112003631,688.5147956209106,784.2812596006145,606.6200460829493
2359,807,7.703148880596109,712.9083112003631,688.5147956209106,784.11643625192,606.6188940092165
2359,808,7.703148880596109,712.9083112003631,688.5147956209106,783.9516129032257,606.6177419354839
2359,809,7.703148880596109,712.9083112003631,688.5147956209106,783.7867895545314,606.6165898617511
2359,810,7.703148880596109,712.9083112003631,688.5147956209106,783.6219662058371,606.6154377880184
2359,811,7.703148880596109,712.9083112003631,688.5147956209106,783.4571428571428,606.6142857142856
2359,812,7.703148880596109,712.9083112003631,688.5147956209106,783.2923195084485,606.613133640553
2359,813,7.703148880596109,712.9083112003631,688.5147956209106,783.1274961597542,606.6119815668203
2359,814,7.703148880596109,712.9083112003631,688.5147956209106,782.9626728110599,606.6108294930875
2359,815,7.703148880596109,712.9083112003631,688.5147956209106,782.7978494623655,606.6096774193549
2359,816,7.703148880596109,712.9083112003631,688.5147956209106,782.6330261136712,606.6085253456221
2359,817,7.703148880596109,712.9083112003631,688.5147956209106,782.4682027649769,606.6073732718894
2359,818,7.703148880596109,712.9083112003631,688.5147956209106,782.3033794162826,606.6062211981566
2359,819,7.703148880596109,712.9083112003631,688.5147956209106,782.1385560675883,606.605069124424
2359,820,7.703148880596109,712.9083112003631,688.5147956209106,781.973732718894,606.6039170506912
2359,821,7.703148880596109,712.9083112003631,688.5147956209106,781.8089093701997,606.6027649769585
2359,822,7.703148880596109,712.9083112003631,688.5147956209106,781.6440860215054,606.6016129032258
2359,823,7.703148880596109,712.9083112003631,688.5147956209106,781.479262672811,606.600460829493
2359,824,7.703148880596109,712.9083112003631,688.5147956209106,781.3144393241167,606.5993087557604
2359,825,7.703148880596109,712.9083112003631,688.5147956209106,781.1496159754224,606.5981566820276
2359,826,7.703148880596109,712.9083112003631,688.5147956209106,780.9847926267281,606.5970046082949
2359,827,7.703148880596109,712.9083112003631,688.5147956209106,780.8199692780338,606.5958525345621
2359,828,7.703148880596109,989.9083112003631,686.5147956209106,780.6551459293395,606.5947004608295
2359,829,7.703148880596109,989.9083112003631,686.5147956209106,780.4903225806452,606.5935483870968
2359,830,7.703148880596109,989.9083112003631,686.5147956209106,780.3254992319507,606.592396313364
2359,831,7.703148880596109,989.9083112003631,686.5147956209106,780.1606758832565,606.5912442396314
2359,832,7.703148880596109,989.9083112003631,686.5147956209106,779.9958525345621,606.5900921658986
2359,833,7.703148880596109,989.9083112003631,686.5147956209106,779.8310291858679,606.5889400921659
2359,834,7.703148880596109,989.9083112003631,686.5147956209106,779.6662058371735,606.5877880184331
2359,835,7.703148880596109,989.9083112003631,686.5147956209106,779.5013824884793,606.5866359447004
2359,836,7.703148880596109,989.9083112003631,686.5147956209106,779.3365591397849,606.5854838709677
2359,837,7.703148880596109,989.9083112003631,686.5147956209106,779.1717357910906,606.584331797235
2359,838,7.703148880596109,989.9083112003631,686.5147956209106,779.0069124423962,606.5831797235023
2359,839,7.703148880596109,989.9083112003631,686.5147956209106,778.8420890937019,606.5820276497695
2359,840,7.703148880596109,989.9083112003631,686.5147956209106,778.6772657450076,606.5808755760369
2359,841,7.703148880596109,989.9083112003631,686.5147956209106,778.5124423963133,606.5797235023041
2359,842,7.703148880596109,989.9083112003631,686.5147956209106,778.347619047619,606.5785714285714
2359,843,7.703148880596109,989.9083112003631,686.5147956209106,778.1827956989247,606.5774193548386
2359,844,7.703148880596109,989.9083112003631,686.5147956209106,778.0179723502304,606.576267281106
2359,845,7.703148880596109,989.9083112003631,686.5147956209106,777.853149001536,606.5751152073733
2359,846,7.703148880596109,989.9083112003631,686.5147956209106,777.6883256528417,606.5739631336405
2359,847,7.703148880596109,989.9083112003631,686.5147956209106,777.5235023041474,606.5728110599078
2359,848,7.703148880596109,989.9083112003631,686.5147956209106,777.3586789554531,606.5716589861751
2359,849,7.703148880596109,989.9083112003631,686.5147956209106,777.1938556067588,606.5705069124424
2359,850,7.703148880596109,989.9083112003631,686.5147956209106,777.0290322580645,606.5693548387096
2359,851,7.703148880596109,989.9083112003631,686.5147956209106,776.8642089093702,606.568202764977
2359,852,7.703148880596109,989.9083112003631,686.5147956209106,776.6993855606759,606.5670506912442
2359,853,7.703148880596109,989.9083112003631,686.5147956209106,776.5345622119816,606.5658986175115
2359,854,7.703148880596109,989.9083112003631,686.5147956209106,776.3697388632872,606.5647465437788
2359,855,7.703148880596109,989.9083112003631,686.5147956209106,776.2049155145929,606.563594470046
2359,856,7.703148880596109,989.9083112003631,686.5147956209106,776.0400921658986,606.5624423963134
2359,857,7.703148880596109,989.9083112003631,686.5147956209106,775.8752688172043,606.5612903225806
2359,858,7.703148880596109,989.9083112003631,686.5147956209106,775.71044546851,606.5601382488479
2359,859,7.703148880596109,989.9083112003631,686.5147956209106,775.5456221198157,606.5589861751151
2359,860,7.703148880596109,989.9083112003631,686.5147956209106,775.3807987711214,606.5578341013825
2359,861,7.703148880596109,989.9083112003631,686.5147956209106,775.2159754224269,606.5566820276498
2359,862,7.703148880596109,989.9083112003631,686.5147956209106,775.0511520737327,606.555529953917
2359,863,7.703148880596109,989.9083112003631,686.5147956209106,774.8863287250383,606.5543778801843
2359,864,7.703148880596109,989.9083112003631,686.5147956209106,774.7215053763441,606.5532258064516
2359,865,7.651118919585853,989.9083112003631,686.5147956209106,774.5566820276497,606.5520737327189
2359,866,7.599161492359101,989.9083112003631,686.5147956209106,774.3918586789555,606.5509216589861
2359,867,7.547276532619531,989.9083112003631,686.5147956209106,774.2270353302611,606.5497695852534
2359,868,7.49546397377987,989.9083112003631,686.5147956209106,774.0622119815667,606.5486175115207
2359,869,7.443723748965667,989.9083112003631,686.5147956209106,773.8973886328724,606.547465437788
2359,870,7.392055791016216,989.9083112003631,686.5147956209106,773.7325652841781,606.5463133640553
2359,871,7.340460032488928,989.9083112003631,686.5147956209106,773.5677419354838,606.5451612903225
2359,872,7.28893640566087,989.9083112003631,686.5147956209106,773.4029185867895,606.5440092165899
2359,873,7.237484842531573,989.9083112003631,686.5147956209106,773.2380952380952,606.5428571428571
2359,874,7.186105274825852,989.9083112003631,686.5147956209106,773.0732718894009,606.5417050691244
2359,875,7.134797633996493,989.9083112003631,686.5147956209106,772.9084485407066,606.5405529953916
2359,876,7.083561851226473,989.9083112003631,686.5147956209106,772.7436251920122,606.539400921659
2359,877,7.032397857431496,989.9083112003631,686.5147956209106,772.5788018433179,606.5382488479263
2359,878,6.981305583263178,989.9083112003631,686.5147956209106,772.4139784946236,606.5370967741935
2359,879,6.930284959110974,989.9083112003631,686.5147956209106,772.2491551459293,606.5359447004608
2359,880,6.879335915104637,989.9083112003631,686.5147956209106,772.084331797235,606.5347926267281
2359,881,6.828458381117749,989.9083112003631,686.5147956209106,771.9195084485407,606.5336405529954
2359,882,6.777652286768761,989.9083112003631,686.5147956209106,771.7546850998464,606.5324884792626
2359,883,6.726917561424729,989.9083112003631,686.5147956209106,771.5898617511521,606.5313364055299
2359,884,6.676254134203061,989.9083112003631,686.5147956209106,771.4250384024577,606.5301843317972
2359,885,6.6256619339745795,989.9083112003631,686.5147956209106,771.2602150537634,606.5290322580645
2359,886,6.575140889365221,989.9083112003631,686.5147956209106,771.0953917050691,606.5278801843318
2359,887,6.52469092875947,989.9083112003631,686.5147956209106,770.9305683563748,606.526728110599
2359,888,6.474311980302039,989.9083112003631,686.5147956209106,770.7657450076805,606.5255760368664
2359,889,6.424003971900382,989.9083112003631,686.5147956209106,770.6009216589862,606.5244239631336
2359,890,6.3737668312277505,989.9083112003631,686.5147956209106,770.4360983102918,606.5232718894009
2359,891,6.323600485724939,989.9083112003631,686.5147956209106,770.2712749615976,606.5221198156681
2359,892,6.273504862602741,989.9083112003631,686.5147956209106,770.1064516129031,606.5209677419355
2359,893,6.223479888844743,989.9083112003631,686.5147956209106,769.9416282642089,606.5198156682028
2359,894,6.173525491209684,989.9083112003631,686.5147956209106,769.7768049155145,606.51866359447
2359,895,6.123641596232989,989.9083112003631,686.5147956209106,769.6119815668203,606.5175115207373
2359,896,6.0738281302304316,989.9083112003631,686.5147956209106,769.4471582181259,606.5163594470046
2359,897,6.024085019299426,989.9083112003631,686.5147956209106,769.2823348694317,606.5152073732719
2359,898,5.9744121893220115,989.9083112003631,686.5147956209106,769.1175115207373,606.5140552995391
2359,899,5.924809565966419,989.9083112003631,686.5147956209106,768.9526881720429,606.5129032258064
2359,900,5.875277074690874,989.9083112003631,686.5147956209106,768.7878648233486,606.5117511520737
2359,901,5.825814640743799,989.9083112003631,686.5147956209106,768.6230414746543,606.510599078341
2359,902,5.776422189167993,989.9083112003631,686.5147956209106,768.45821812596,606.5094470046083
2359,903,5.727099644801945,989.9083112003631,686.5147956209106,768.2933947772657,606.5082949308755
2359,904,5.67784693228232,989.9083112003631,686.5147956209106,768.1285714285714,606.5071428571429
2359,905,5.628663976045743,989.9083112003631,686.5147956209106,767.9637480798771,606.5059907834101
2359,906,5.579550700332382,989.9083112003631,686.5147956209106,767.7989247311828,606.5048387096774
2359,907,5.5305070291869365,989.9083112003631,686.5147956209106,767.6341013824884,606.5036866359446
2359,908,5.4815328864610455,989.9083112003631,686.5147956209106,767.4692780337941,606.502534562212
2359,909,5.432628195816059,989.9083112003631,686.5147956209106,767.3044546850998,606.5013824884793
2359,910,5.3837928807244975,989.9083112003631,686.5147956209106,767.1396313364055,606.5002304147465
2359,911,5.335026864472885,989.9083112003631,686.5147956209106,766.9748079877112,606.4990783410138
2359,912,5.28633007016411,989.9083112003631,686.5147956209106,766.8099846390169,606.4979262672811
2359,913,5.23770242071818,989.9083112003631,686.5147956209106,766.6451612903226,606.4967741935484
2359,914,5.189143838876611,989.9083112003631,686.5147956209106,766.4803379416282,606.4956221198156
2359,915,5.140654247202294,989.9083112003631,686.5147956209106,766.3155145929339,606.4944700460829
2359,916,5.092233568083232,989.9083112003631,686.5147956209106,766.1506912442396,606.4933179723502
2359,917,5.043881723734017,989.9083112003631,686.5147956209106,765.9858678955453,606.4921658986175
2359,918,4.99559863619821,989.9083112003631,686.5147956209106,765.821044546851,606.4910138248848
2359,919,4.947384227349873,989.9083112003631,686.5147956209106,765.6562211981567,606.489861751152
2359,920,4.899238418897141,989.9083112003631,686.5147956209106,765.4913978494624,606.4887096774194
2359,921,4.851161132381633,989.9083112003631,686.5147956209106,765.326574500768,606.4875576036866
2359,922,4.803152289183886,989.9083112003631,686.5147956209106,765.1617511520737,606.4864055299539
2359,923,4.7552118105220655,989.9083112003631,686.5147956209106,764.9969278033793,606.4852534562211
2359,924,4.707339617457251,989.9083112003631,686.5147956209106,764.8321044546851,606.4841013824885
2359,925,4.707339617457251,989.9083112003631,686.5147956209106,764.6672811059907,606.4829493087558
2359,926,4.707339617457251,989.9083112003631,686.5147956209106,764.5024577572965,606.481797235023
2359,927,4.707339617457251,989.9083112003631,686.5147956209106,764.3376344086021,606.4806451612903
2359,928,4.707339617457251,989.9083112003631,686.5147956209106,764.1728110599078,606.4794930875576
2359,929,4.707339617457251,989.9083112003631,686.5147956209106,764.0079877112134,606.4783410138249
2359,930,4.707339617457251,989.9083112003631,686.5147956209106,763.8431643625191,606.4771889400921
2359,931,4.707339617457251,989.9083112003631,686.5147956209106,763.6783410138248,606.4760368663594
2359,932,4.707339617457251,989.9083112003631,686.5147956209106,763.5135176651305,606.4748847926267
2359,933,4.707339617457251,989.9083112003631,686.5147956209106,763.3486943164362,606.473732718894
2359,934,4.707339617457251,989.9083112003631,686.5147956209106,763.1838709677419,606.4725806451613
2359,935,4.707339617457251,989.9083112003631,686.5147956209106,763.0190476190476,606.4714285714285
2359,936,4.707339617457251,989.9083112003631,686.5147956209106,762.8542242703533,606.4702764976959
2359,937,4.707339617457251,989.9083112003631,686.5147956209106,762.689400921659,606.4691244239631
2359,938,4.707339617457251,989.9083112003631,686.5147956209106,762.5245775729646,606.4679723502304
2359,939,4.707339617457251,989.9083112003631,686.5147956209106,762.3597542242703,606.4668202764976
2359,940,4.707339617457251,989.9083112003631,686.5147956209106,762.194930875576,606.465668202765
2359,941,4.707339617457251,989.9083112003631,686.5147956209106,762.0301075268817,606.4645161290323
2359,942,4.707339617457251,989.9083112003631,686.5147956209106,761.8652841781874,606.4633640552995
2359,943,4.707339617457251,989.9083112003631,686.5147956209106,761.7004608294931,606.4622119815668
2359,944,4.707339617457251,989.9083112003631,686.5147956209106,761.5356374807988,606.461059907834
2359,945,4.707339617457251,989.9083112003631,686.5147956209106,761.3708141321044,606.4599078341014
2359,946,4.707339617457251,989.9083112003631,686.5147956209106,761.2059907834101,606.4587557603686
2359,947,4.707339617457251,989.9083112003631,686.5147956209106,761.0411674347158,606.4576036866359
2359,948,4.707339617457251,989.9083112003631,686.5147956209106,760.8763440860215,606.4564516129032
2359,949,4.707339617457251,989.9083112003631,686.5147956209106,760.7115207373272,606.4552995391705
2359,950,4.707339617457251,989.9083112003631,686.5147956209106,760.5466973886329,606.4541474654378
2359,951,4.707339617457251,989.9083112003631,686.5147956209106,760.3818740399386,606.452995391705
2359,952,4.707339617457251,989.9083112003631,686.5147956209106,760.2170506912441,606.4518433179724
2359,953,4.707339617457251,989.9083112003631,686.5147956209106,760.0522273425499,606.4506912442396
2359,954,4.707339617457251,989.9083112003631,686.5147956209106,759.8874039938555,606.4495391705069
2359,955,4.707339617457251,989.9083112003631,686.5147956209106,759.7225806451613,606.4483870967741
2359,956,4.707339617457251,989.9083112003631,686.5147956209106,759.5577572964669,606.4472350230415
2359,957,4.707339617457251,989.9083112003631,686.5147956209106,759.3929339477727,606.4460829493088
2359,958,4.707339617457251,989.9083112003631,686.5147956209106,759.2281105990783,606.444930875576
2359,959,4.707339617457251,989.9083112003631,686.5147956209106,759.063287250384,606.4437788018433
2359,960,4.707339617457251,989.9083112003631,686.5147956209106,758.8984639016896,606.4426267281106
2359,961,4.707339617457251,989.9083112003631,686.5147956209106,758.7336405529953,606.4414746543779
2359,962,4.707339617457251,989.9083112003631,686.5147956209106,758.568817204301,606.4403225806451
2359,963,4.707339617457251,989.9083112003631,686.5147956209106,758.4039938556067,606.4391705069124
2359,964,4.707339617457251,989.9083112003631,686.5147956209106,758.2391705069124,606.4380184331796
2359,965,4.707339617457251,989.9083112003631,686.5147956209106,758.0743471582181,606.436866359447
2359,966,4.707339617457251,989.9083112003631,686.5147956209106,757.9095238095238,606.4357142857143
2359,967,4.707339617457251,989.9083112003631,686.5147956209106,757.7447004608294,606.4345622119815
2359,968,4.707339617457251,989.9083112003631,686.5147956209106,757.5798771121351,606.4334101382489
2359,969,4.707339617457251,989.9083112003631,686.5147956209106,757.4150537634408,606.4322580645161
2359,970,4.707339617457251,989.9083112003631,686.5147956209106,757.2502304147465,606.4311059907834
2359,971,4.707339617457251,989.9083112003631,686.5147956209106,757.0854070660522,606.4299539170506
2359,972,4.707339617457251,989.9083112003631,686.5147956209106,756.9205837173579,606.428801843318
2359,973,4.707339617457251,989.9083112003631,686.5147956209106,756.7557603686636,606.4276497695853
2359,974,4.707339617457251,989.9083112003631,686.5147956209106,756.5909370199693,606.4264976958525
2359,975,5.649063506995892,989.9083112003631,686.5147956209106,756.426113671275,606.4253456221198
2359,976,6.889891428799061,989.9083112003631,686.5147956209106,756.2612903225806,606.424193548387
2359,977,8.597234395635105,989.9083112003631,686.5147956209106,756.0964669738863,606.4230414746544
2359,978,11.089301265108187,989.9083112003631,686.5147956209106,755.931643625192,606.4218894009216
2359,979,11.089301265108187,989.9083112003631,686.5147956209106,755.7668202764977,606.4207373271889
2359,980,11.089301265108187,989.9083112003631,686.5147956209106,755.6019969278034,606.4195852534561
2359,981,11.089301265108187,989.9083112003631,686.5147956209106,755.437173579109,606.4184331797235
2359,982,11.089301265108187,989.9083112003631,686.5147956209106,755.2723502304148,606.4172811059908
2359,983,11.089301265108187,989.9083112003631,686.5147956209106,755.1075268817203,606.416129032258
2359,984,11.089301265108187,989.9083112003631,686.5147956209106,754.9427035330261,606.4149769585254
2359,985,11.089301265108187,989.9083112003631,686.5147956209106,754.7778801843317,606.4138248847926
2359,986,11.089301265108187,989.9083112003631,686.5147956209106,754.6130568356375,606.4126728110599
2359,987,11.089301265108187,989.9083112003631,686.5147956209106,754.4482334869431,606.4115207373271
2359,988,11.089301265108187,989.9083112003631,686.5147956209106,754.2834101382489,606.4103686635945
2359,989,11.089301265108187,989.9083112003631,686.5147956209106,754.1185867895545,606.4092165898618
2359,990,11.089301265108187,989.9083112003631,686.5147956209106,753.9537634408601,606.408064516129
2359,991,11.089301265108187,989.9083112003631,686.5147956209106,753.7889400921658,606.4069124423963
2359,992,11.089301265108187,989.9083112003631,686.5147956209106,753.6241167434715,606.4057603686636
2359,993,11.089301265108187,989.9083112003631,686.5147956209106,753.4592933947772,606.4046082949309
2359,994,11.089301265108187,989.9083112003631,686.5147956209106,753.2944700460829,606.4034562211981
2359,995,11.089301265108187,989.9083112003631,686.5147956209106,753.1296466973886,606.4023041474654
2359,996,11.089301265108187,989.9083112003631,686.5147956209106,752.9648233486943,606.4011520737326
2359,997,11.089301265108187,989.9083112003631,686.5147956209106,752.8,606.4
2359,998,11.089301265108187,989.9083112003631,686.5147956209106,752.8,606.4
2359,999,11.089301265108187,989.9083112003631,686.5147956209106,752.8,606.4
2359,1000,11.089301265108187,989.9083112003631,686.5147956209106,752.8,606.4
2359,1001,11.089301265108187,989.9083112003631,686.5147956209106,752.8,606.4
2359,1002,11.089301265108187,989.9083112003631,686.5147956209106,752.8,606.4
2359,1003,11.089301265108187,989.9083112003631,686.5147956209106,752.8,606.4
2359,1004,11.089301265108187,989.9083112003631,686.5147956209106,752.8,606.4
2359,1005,11.089301265108187,989.9083112003631,686.5147956209106,752.8,606.4
2359,1006,11.089301265108187,989.9083112003631,686.5147956209106,746.9649999999999,606.3
2359,1007,11.089301265108187,989.9083112003631,686.5147956209106,741.13,606.1999999999999
2359,1008,4.278210287604028,989.9083112003631,686.5147956209106,735.295,606.1
2359,1009,14.506245434522501,989.9083112003631,686.5147956209106,729.4599999999999,606.0
2359,1010,21.39571659574754,989.9083112003631,686.5147956209106,723.625,605.9
2359,1011,26.223089719299036,989.9083112003631,686.5147956209106,717.79,605.8
2359,1012,29.747615483196114,989.9083112003631,686.5147956209106,711.9549999999999,605.6999999999999
2359,1013,29.747615483196114,989.9083112003631,686.5147956209106,706.12,605.6
2359,1014,29.747615483196114,989.9083112003631,686.5147956209106,700.285,605.5
2359,1015,29.747615483196114,989.9083112003631,686.5147956209106,694.45,605.4
2359,1016,29.747615483196114,989.9083112003631,686.5147956209106,688.615,605.3
2359,1017,29.747615483196114,989.9083112003631,686.5147956209106,682.78,605.1999999999999
2359,1018,29.747615483196114,989.9083112003631,686.5147956209106,676.945,605.1
2359,1019,29.747615483196114,989.9083112003631,686.5147956209106,671.11,605.0
2359,1020,29.747615483196114,989.9083112003631,686.5147956209106,665.275,604.9
2359,1021,29.747615483196114,989.9083112003631,686.5147956209106,659.44,604.8
2359,1022,29.747615483196114,989.9083112003631,686.5147956209106,653.605,604.6999999999999
2359,1023,29.747615483196114,989.9083112003631,686.5147956209106,647.77,604.6
2359,1024,29.747615483196114,989.9083112003631,686.5147956209106,641.9350000000001,604.5
2359,1025,29.747615483196114,989.9083112003631,686.5147956209106,636.1,604.4
2359,1026,29.747615483196114,989.9083112003631,686.5147956209106,636.1,604.4
2359,1027,29.747615483196114,989.9083112003631,686.5147956209106,636.1,604.4
2359,1028,29.747615483196114,989.9083112003631,686.5147956209106,636.1,604.4
2359,1029,29.747615483196114,989.9083112003631,686.5147956209106,636.1,604.4
2359,1030,29.747615483196114,989.9083112003631,686.5147956209106,636.1,604.4
2359,1031,29.747615483196114,989.9083112003631,686.5147956209106,648.7034482758621,590.8586206896551
2359,1032,29.747615483196114,989.9083112003631,686.5147956209106,661.3068965517242,577.3172413793103
2359,1033,29.747615483196114,989.9083112003631,686.5147956209106,673.9103448275862,563.7758620689655
2359,1034,29.747615483196114,989.9083112003631,686.5147956209106,686.5137931034483,550.2344827586206
2359,1035,29.747615483196114,989.9083112003631,686.5147956209106,699.1172413793104,536.6931034482759
2359,1036,29.52249751646732,974.0259582591866,688.3971485620871,711.7206896551725,523.1517241379311
2359,1037,29.18970855075465,958.1436053180101,690.2795015032635,724.3241379310346,509.6103448275862
2359,1038,28.647775867042583,942.2612523768337,692.16185444444,736.9275862068965,496.0689655172414
2359,1039,27.609521464452826,926.3788994356572,694.0442073856165,749.5310344827586,482.52758620689656
2359,1040,23.235003868746485,910.4965464944808,695.9265603267929,762.1344827586207,468.9862068965517
2359,1041,0.8146016019741336,894.6141935533043,697.8089132679694,774.7379310344828,455.4448275862069
2359,1042,26.833967576749558,878.7318406121278,699.6912662091459,787.3413793103448,441.90344827586205
2359,1043,26.833967576749558,862.8494876709512,701.5736191503223,799.9448275862069,428.3620689655172
2359,1044,26.833967576749558,846.9671347297749,703.4559720914989,812.548275862069,414.8206896551724
2359,1045,26.833967576749558,831.0847817885983,705.3383250326754,825.1517241379311,401.2793103448276
2359,1046,26.833967576749558,815.2024288474219,707.2206779738518,837.7551724137932,387.73793103448276
2359,1047,26.833967576749558,799.3200759062454,709.1030309150283,850.3586206896553,374.1965517241379
2359,1048,26.833967576749558,783.4377229650689,710.9853838562047,862.9620689655172,360.65517241379314
2359,1049,26.833967576749558,767.5553700238925,712.8677367973812,875.5655172413793,347.1137931034483
2359,1050,26.833967576749558,751.673017082716,714.7500897385577,888.1689655172414,333.57241379310346
2359,1051,26.833967576749558,735.7906641415395,716.6324426797341,900.7724137931034,320.0310344827586
2359,1052,26.833967576749558,719.9083112003631,718.5147956209106,913.3758620689655,306.4896551724138
2359,1053,26.833967576749558,719.9083112003631,718.5147956209106,925.9793103448276,292.94827586206895
2359,1054,26.833967576749558,719.9083112003631,718.5147956209106,938.5827586206897,279.4068965517241
2359,1055,26.833967576749558,719.9083112003631,718.5147956209106,951.1862068965518,265.86551724137934
2359,1056,26.833967576749558,719.9083112003631,718.5147956209106,963.7896551724139,252.3241379310345
2359,1057,26.833967576749558,719.9083112003631,718.5147956209106,976.393103448276,238.78275862068966
2359,1058,26.833967576749558,719.9083112003631,718.5147956209106,988.996551724138,225.24137931034483
2359,1059,26.833967576749558,719.9083112003631,718.5147956209106,1001.6,211.7
2359,1060,26.833967576749558,719.9083112003631,718.5147956209106,1001.6,211.7
2359,1061,26.833967576749558,719.9083112003631,718.5147956209106,1001.6,211.7
2359,1062,26.833967576749558,719.9083112003631,718.5147956209106,1001.6,211.7
2359,1063,26.833967576749558,719.9083112003631,718.5147956209106,1001.6,211.7
2359,1064,26.833967576749558,719.9083112003631,718.5147956209106,1001.6,211.7
2359,1065,26.833967576749558,719.9083112003631,718.5147956209106,1001.6,211.7
2359,1066,26.833967576749558,719.9083112003631,718.5147956209106,1001.6,211.7
2359,1067,26.833967576749558,719.9083112003631,718.5147956209106,1001.6,211.7
2359,1068,26.833967576749558,719.9083112003631,718.5147956209106,1001.6,211.7
2359,1069,26.833967576749558,719.9083112003631,718.5147956209106,1001.6,211.7
2359,1070,11.97396614260501,719.9083112003631,718.5147956209106,1001.6,211.7
2360,1071,21.329745898118606,719.9083112003631,718.5147956209106,1001.6,211.7
2361,1072,9.526233974786127,719.9083112003631,718.5147956209106,1001.6,211.7
2362,1073,3.9351876760608215,719.9083112003631,718.5147956209106,1001.6,211.7
2362,1074,1.6446987277525547,719.9083112003631,718.5147956209106,1001.6,211.7
2362,1075,0.20250220475251254,719.9083112003631,718.5147956209106,1001.6,211.7
2362,1076,0.20250220475251254,719.9083112003631,718.5147956209106,1001.6,211.7
2362,1077,0.20250220475251254,719.9083112003631,718.5147956209106,1001.6,211.7
2362,1078,0.20250220475251254,719.9083112003631,718.5147956209106,1001.6,211.7
2362,1079,0.20250220475251254,719.9083112003631,718.5147956209106,1001.6,211.7
2362,1080,0.20250220475251254,719.9083112003631,718.5147956209106,1001.6,211.7
2362,1081,0.20250220475251254,719.9083112003631,718.5147956209106,1001.6,211.7
2362,1082,0.20250220475251254,719.9083112003631,718.5147956209106,1001.6,211.7
2362,1083,0.20250220475251254,719.9083112003631,718.5147956209106,1001.6,211.7
2362,1084,0.20250220475251254,739.4377229650689,694.3383250326754,1001.6,211.7
2362,1085,0.20250220475251254,758.9671347297749,670.16185444444,1001.6,211.7
2362,1086,0.20250220475251254,778.4965464944808,645.9853838562047,1001.6,211.7
2362,1087,0.20250220475251254,798.0259582591866,621.8089132679694,1001.6,211.7
2362,1088,0.20250220475251254,817.5553700238925,597.6324426797341,1001.6,211.7
2362,1089,0.20250220475251254,837.0847817885984,573.4559720914988,1001.6,211.7
2362,1090,0.20250220475251254,856.6141935533043,549.2795015032635,1001.6,211.7
2362,1091,0.20250220475251254,876.1436053180101,525.1030309150283,1001.6,211.7
2362,1092,0.20250220475251254,895.6730170827161,500.9265603267929,1001.6,211.7
2362,1093,0.20250220475251254,915.202428847422,476.7500897385577,1001.6,211.7
2362,1094,0.20250220475251254,934.7318406121278,452.5736191503224,1001.6,211.7
2362,1095,0.20250220475251254,954.2612523768337,428.39714856208707,1001.6,211.7
2362,1096,0.20250220475251254,973.7906641415397,404.22067797385176,1001.6,211.7
2362,1097,0.20250220475251254,993.3200759062455,380.0442073856165,1001.6,211.7
2362,1098,0.20250220475251254,1012.8494876709514,355.8677367973812,1001.6,211.7
2362,1099,0.20250220475251254,1032.3788994356573,331.6912662091459,1001.6,211.7
2362,1100,0.20250220475251254,1051.9083112003632,307.5147956209106,1001.6,211.7
2362,1101,0.20250220475251254,1051.9083112003632,307.5147956209106,1001.6,211.7
2362,1102,0.20250220475251254,1051.9083112003632,307.5147956209106,1001.6,211.7
2362,1103,0.20250220475251254,1051.9083112003632,307.5147956209106,1001.6,211.7
2362,1104,0.20250220475251254,1051.9083112003632,307.5147956209106,1001.6,211.7
2362,1105,0.20250220475251254,1051.9083112003632,307.5147956209106,1001.6,211.7
2362,1106,0.20250220475251254,1051.9083112003632,307.5147956209106,999.04,279.62
2363,1107,0.7998096914501444,1051.9083112003632,307.5147956209106,996.48,347.53999999999996
2364,1108,1.2300053861457139,1051.9083112003632,307.5147956209106,993.92,415.4599999999999
2365,1108,0.6516612330601198,1051.9083112003632,307.5147956209106,991.36,483.37999999999994
2366,1108,0.19084487908130393,1051.9083112003632,307.5147956209106,988.8,551.3
2367,1109,4.048609497046869,1051.9083112003632,307.5147956209106,988.8,551.3
2367,1110,11.173853977834852,1051.9083112003632,307.5147956209106,988.8,551.3
2367,1111,24.921143739642286,1051.9083112003632,307.5147956209106,988.8,551.3
2367,1112,54.3524376353522,1051.9083112003632,307.5147956209106,988.8,551.3
2367,1113,97.83045169110979,1051.9083112003632,307.5147956209106,988.8,551.3
2367,1114,125.17321653929817,1051.9083112003632,307.5147956209106,988.8,551.3
2367,1115,125.17321653929817,1051.9083112003632,307.5147956209106,988.8,551.3
2367,1116,125.17321653929817,1051.9083112003632,307.5147956209106,988.8,551.3
2367,1117,125.17321653929817,1051.9083112003632,307.5147956209106,988.8,551.3
2367,1118,125.17321653929817,1051.9083112003632,307.5147956209106,988.8,551.3
2367,1119,125.17321653929817,1051.9083112003632,307.5147956209106,988.8,551.3
2367,1120,125.17321653929817,1051.9083112003632,307.5147956209106,988.8,551.3
2367,1121,125.17321653929817,1051.9083112003632,307.5147956209106,988.8,551.3
2367,1122,125.17321653929817,1051.9083112003632,307.5147956209106,988.8,551.3
2367,1123,125.17321653929817,1051.9083112003632,307.5147956209106,988.8,551.3
2367,1124,125.17321653929817,1051.9083112003632,307.5147956209106,988.8,551.3
2367,1125,125.17321653929817,1051.9083112003632,307.5147956209106,988.8,551.3
2367,1126,125.17321653929817,1051.9083112003632,307.5147956209106,988.8,551.3
2367,1127,125.17321653929817,1051.9083112003632,307.5147956209106,988.8,551.3
2367,1128,125.17321653929817,1051.9083112003632,307.5147956209106,988.8,551.3
2367,1129,125.17321653929817,1051.9083112003632,307.5147956209106,988.8,551.3
2367,1130,125.17321653929817,1051.9083112003632,307.5147956209106,988.8,551.3
2367,1131,125.17321653929817,1051.9083112003632,307.5147956209106,988.8,551.3
2367,1132,125.17321653929817,1051.9083112003632,307.5147956209106,988.8,551.3
2367,1133,125.17321653929817,1051.9083112003632,307.5147956209106,988.8,551.3
2367,1134,125.17321653929817,1051.9083112003632,307.5147956209106,988.8,551.3
2367,1135,117.65470459440301,1051.9083112003632,307.5147956209106,988.8,551.3
2367,1136,112.88132897734658,1051.9083112003632,307.5147956209106,988.8,551.3
2367,1137,109.623492012377,1051.9083112003632,307.5147956209106,988.8,551.3
2367,1138,107.27227673068914,1051.9083112003632,307.5147956209106,988.8,551.3
2367,1139,105.50094230001072,1051.9083112003632,307.5147956209106,988.8,551.3
2367,1140,104.12094779545755,1051.9083112003632,307.5147956209106,988.8,551.3
2367,1141,104.12094779545755,1051.9083112003632,307.5147956209106,988.8,551.3
2367,1142,104.12094779545755,1051.9083112003632,307.5147956209106,988.8,551.3
2367,1143,104.12094779545755,1051.9083112003632,307.5147956209106,988.8,551.3
2367,1144,104.12094779545755,1051.9083112003632,307.5147956209106,988.8,551.3
2367,1145,104.12094779545755,1051.9083112003632,307.5147956209106,988.8,551.3
2367,1146,104.12094779545755,1051.9083112003632,307.5147956209106,988.8,551.3
2367,1147,104.12094779545755,1051.9083112003632,307.5147956209106,988.8,551.3
2367,1148,104.12094779545755,1046.3083112003633,329.1814622875773,988.8,551.3
2367,1149,104.12094779545755,1040.7083112003631,350.8481289542439,988.8,551.3
2367,1150,104.12094779545755,1035.1083112003632,372.5147956209106,988.8,551.3
2367,1151,104.12094779545755,1029.508311200363,394.1814622875773,988.8,551.3
2367,1152,104.12094779545755,1023.9083112003632,415.848128954244,988.8,551.3
2367,1153,104.12094779545755,1018.3083112003632,437.5147956209106,988.8,551.3
2367,1154,104.12094779545755,1012.7083112003631,459.1814622875773,988.8,551.3
2367,1155,94.769325007792,1007.1083112003631,480.848128954244,988.8,551.3
2367,1156,81.71634020829948,1001.5083112003631,502.5147956209106,988.8,551.3
2367,1157,64.55049934177316,995.9083112003631,524.1814622875772,988.8,551.3
2367,1158,45.180651172766865,990.308311200363,545.848128954244,988.8,551.3
2367,1159,27.48713444677561,984.7083112003631,567.5147956209106,988.8,551.3
2367,1160,13.805647527135395,979.1083112003631,589.1814622875772,988.8,551.3
2367,1161,3.9638589178419723,973.5083112003631,610.848128954244,988.8,551.3
2367,1162,3.9638589178419723,967.9083112003631,632.5147956209106,988.8,551.3
2367,1163,3.9638589178419723,967.9083112003631,632.5147956209106,988.8,551.3
2367,1164,3.9638589178419723,967.9083112003631,632.5147956209106,988.8,551.3
2367,1165,3.9638589178419723,967.9083112003631,632.5147956209106,988.8,551.3
2367,1166,3.9638589178419723,967.9083112003631,632.5147956209106,988.8,551.3
2367,1167,3.9638589178419723,967.9083112003631,632.5147956209106,988.8,551.3
2367,1168,3.9638589178419723,967.9083112003631,632.5147956209106,988.8,551.3
2367,1169,3.9638589178419723,967.9083112003631,632.5147956209106,988.8,551.3
2367,1170,3.9638589178419723,967.9083112003631,632.5147956209106,988.8,551.3
2367,1171,3.9638589178419723,967.9083112003631,632.5147956209106,988.8,551.3
2367,1172,3.9638589178419723,967.9083112003631,632.5147956209106,988.8,551.3
2367,1173,3.9638589178419723,967.9083112003631,632.5147956209106,988.8,551.3
2367,1174,3.9638589178419723,967.9083112003631,632.5147956209106,988.8,551.3
2367,1175,3.9638589178419723,967.9083112003631,632.5147956209106,988.8,551.3
2367,1176,3.9638589178419723,967.9083112003631,632.5147956209106,988.8,551.3
2367,1177,3.9638589178419723,967.9083112003631,632.5147956209106,988.8,551.3
2367,1178,3.9638589178419723,967.9083112003631,632.5147956209106,988.8,551.3
2367,1179,3.9638589178419723,967.9083112003631,632.5147956209106,988.8,551.3
2367,1180,3.9638589178419723,967.9083112003631,632.5147956209106,988.8,551.3
2367,1181,3.9638589178419723,967.9083112003631,632.5147956209106,988.8,551.3
2367,1182,3.9638589178419723,967.9083112003631,632.5147956209106,988.8,551.3
2367,1183,3.9638589178419723,967.9083112003631,632.5147956209106,988.8,551.3
2367,1184,3.9638589178419723,967.9083112003631,632.5147956209106,988.8,551.3
2367,1185,3.9638589178419723,967.9083112003631,632.5147956209106,988.8,551.3
2367,1186,3.9638589178419723,967.9083112003631,632.5147956209106,988.8,551.3
2367,1187,3.9638589178419723,967.9083112003631,632.5147956209106,990.9547019867549,551.1731125827814
2367,1188,3.9638589178419723,967.9083112003631,632.5147956209106,993.1094039735099,551.0462251655629
2367,1189,3.9638589178419723,967.9083112003631,632.5147956209106,995.2641059602648,550.9193377483443
2367,1190,3.9638589178419723,967.9083112003631,632.5147956209106,997.4188079470198,550.7924503311258
2367,1191,3.9638589178419723,967.9083112003631,632.5147956209106,999.5735099337747,550.6655629139073
2367,1192,5.192649860631458,967.9083112003631,632.5147956209106,1001.7282119205297,550.5386754966887
2367,1193,7.441468034793247,967.9083112003631,632.5147956209106,1003.8829139072848,550.4117880794702
2367,1194,12.844095574124516,967.9083112003631,632.5147956209106,1006.0376158940397,550.2849006622516
2367,1195,40.035467106791856,967.9083112003631,632.5147956209106,1008.1923178807947,550.1580132450331
2367,1196,152.6490303201527,967.9083112003631,632.5147956209106,1010.3470198675496,550.0311258278145
2367,1197,168.66139987837573,967.9083112003631,632.5147956209106,1012.5017218543046,549.904238410596
2367,1198,168.66139987837573,967.9083112003631,632.5147956209106,1014.6564238410596,549.7773509933775
2367,1199,168.66139987837573,967.9083112003631,632.5147956209106,1016.8111258278145,549.6504635761589
2367,1200,168.66139987837573,967.9083112003631,632.5147956209106,1018.9658278145695,549.5235761589404
2367,1201,168.66139987837573,967.9083112003631,632.5147956209106,1021.1205298013244,549.3966887417218
2367,1202,168.66139987837573,967.9083112003631,632.5147956209106,1023.2752317880794,549.2698013245033
2367,1203,168.66139987837573,967.9083112003631,632.5147956209106,1025.4299337748344,549.1429139072848
2367,1204,168.66139987837573,967.9083112003631,632.5147956209106,1027.5846357615894,549.0160264900662
2367,1205,168.66139987837573,967.9083112003631,632.5147956209106,1029.7393377483443,548.8891390728477
2367,1206,168.66139987837573,967.9083112003631,632.5147956209106,1031.8940397350993,548.7622516556291
2367,1207,168.66139987837573,967.9083112003631,632.5147956209106,1034.0487417218542,548.6353642384106
2367,1208,168.66139987837573,967.9083112003631,632.5147956209106,1036.2034437086093,548.5084768211921
2367,1209,168.66139987837573,967.9083112003631,632.5147956209106,1038.358145695364,548.3815894039735
2367,1210,168.66139987837573,1002.9083112003631,683.5147956209106,1040.5128476821192,548.2547019867549
2367,1211,168.66139987837573,1002.9083112003631,683.5147956209106,1042.667549668874,548.1278145695363
2367,1212,168.66139987837573,1002.9083112003631,683.5147956209106,1044.822251655629,548.0009271523178
2367,1213,168.66139987837573,1002.9083112003631,683.5147956209106,1046.9769536423842,547.8740397350992
2367,1214,168.66139987837573,1002.9083112003631,683.5147956209106,1049.131655629139,547.7471523178807
2367,1215,168.66139987837573,1002.9083112003631,683.5147956209106,1051.286357615894,547.6202649006622
2367,1216,168.66139987837573,1002.9083112003631,683.5147956209106,1053.441059602649,547.4933774834436
2367,1217,168.66139987837573,1002.9083112003631,683.5147956209106,1055.595761589404,547.3664900662251
2367,1218,168.66139987837573,1002.9083112003631,683.5147956209106,1057.7504635761588,547.2396026490065
2367,1219,168.66139987837573,1002.9083112003631,683.5147956209106,1059.905165562914,547.112715231788
2367,1220,168.66139987837573,1002.9083112003631,683.5147956209106,1062.0598675496688,546.9858278145695
2367,1221,148.17781523882374,1002.9083112003631,683.5147956209106,1064.2145695364238,546.8589403973509
2367,1222,56.08500457252528,1002.9083112003631,683.5147956209106,1066.3692715231787,546.7320529801324
2367,1223,23.314938973465434,1002.9083112003631,683.5147956209106,1068.5239735099337,546.6051655629138
2367,1224,15.666904384442049,1002.9083112003631,683.5147956209106,1070.6786754966888,546.4782781456953
2367,1225,12.423067188647925,1002.9083112003631,683.5147956209106,1072.8333774834437,546.3513907284768
2367,1226,10.641207430319,1002.9083112003631,683.5147956209106,1074.9880794701987,546.2245033112582
2367,1227,9.51677592589579,1002.9083112003631,683.5147956209106,1077.1427814569536,546.0976158940397
2367,1228,9.51677592589579,1002.9083112003631,683.5147956209106,1079.2974834437086,545.9707284768211
2367,1229,9.51677592589579,1002.9083112003631,683.5147956209106,1081.4521854304635,545.8438410596026
2367,1230,9.51677592589579,1002.9083112003631,683.5147956209106,1083.6068874172186,545.716953642384
2367,1231,9.51677592589579,1002.9083112003631,683.5147956209106,1085.7615894039734,545.5900662251655
2367,1232,9.51677592589579,1002.9083112003631,683.5147956209106,1087.9162913907285,545.463178807947
2367,1233,9.51677592589579,1002.9083112003631,683.5147956209106,1090.0709933774833,545.3362913907284
2367,1234,9.51677592589579,1002.9083112003631,683.5147956209106,1092.2256953642384,545.2094039735099
2367,1235,9.51677592589579,1002.9083112003631,683.5147956209106,1094.3803973509932,545.0825165562914
2367,1236,9.51677592589579,1002.9083112003631,683.5147956209106,1096.5350993377483,544.9556291390728
2367,1237,9.51677592589579,1002.9083112003631,683.5147956209106,1098.6898013245032,544.8287417218543
2367,1238,9.51677592589579,1002.9083112003631,683.5147956209106,1100.8445033112582,544.7018543046357
2367,1239,9.51677592589579,1002.9083112003631,683.5147956209106,1102.9992052980133,544.5749668874172
2367,1240,9.51677592589579,1002.9083112003631,683.5147956209106,1105.1539072847681,544.4480794701986
2367,1241,9.51677592589579,1002.9083112003631,683.5147956209106,1107.3086092715232,544.3211920529801
2367,1242,9.51677592589579,1002.9083112003631,683.5147956209106,1109.463311258278,544.1943046357616
2367,1243,9.51677592589579,1002.9083112003631,683.5147956209106,1111.6180132450331,544.067417218543
2367,1244,9.51677592589579,1002.9083112003631,683.5147956209106,1113.772715231788,543.9405298013245
2367,1245,9.51677592589579,1002.9083112003631,683.5147956209106,1115.927417218543,543.813642384106
2367,1246,9.51677592589579,1002.9083112003631,683.5147956209106,1118.0821192052979,543.6867549668874
2367,1247,9.51677592589579,1002.9083112003631,683.5147956209106,1120.236821192053,543.5598675496689
2367,1248,9.51677592589579,1002.9083112003631,683.5147956209106,1122.3915231788078,543.4329801324503
2367,1249,9.51677592589579,1002.9083112003631,683.5147956209106,1124.5462251655629,543.3060927152318
2367,1250,9.51677592589579,1002.9083112003631,683.5147956209106,1126.700927152318,543.1792052980132
2367,1251,9.51677592589579,1002.9083112003631,683.5147956209106,1128.8556291390728,543.0523178807947
2367,1252,9.51677592589579,1002.9083112003631,683.5147956209106,1131.0103311258279,542.9254304635762
2367,1253,9.51677592589579,1002.9083112003631,683.5147956209106,1133.1650331125827,542.7985430463576
2367,1254,9.51677592589579,1002.9083112003631,683.5147956209106,1135.3197350993378,542.6716556291391
2367,1255,9.51677592589579,1002.9083112003631,683.5147956209106,1137.4744370860926,542.5447682119205
2367,1256,7.6107099720358535,1002.9083112003631,683.5147956209106,1139.6291390728477,542.417880794702
2367,1257,5.626914150211381,1002.9083112003631,683.5147956209106,1141.7838410596025,542.2909933774833
2367,1258,3.565583735447236,1002.9083112003631,683.5147956209106,1143.9385430463576,542.1641059602648
2367,1259,1.4277310828616074,1002.9083112003631,683.5147956209106,1146.0932450331125,542.0372185430463
2367,1260,1.4277310828616074,1002.9083112003631,683.5147956209106,1148.2479470198675,541.9103311258277
2367,1261,1.4277310828616074,1002.9083112003631,683.5147956209106,1150.4026490066224,541.7834437086092
2367,1262,1.4277310828616074,1002.9083112003631,683.5147956209106,1152.5573509933774,541.6565562913906
2367,1263,1.4277310828616074,1002.9083112003631,683.5147956209106,1154.7120529801323,541.5296688741721
2367,1264,1.4277310828616074,1002.9083112003631,683.5147956209106,1156.8667549668874,541.4027814569536
2367,1265,1.4277310828616074,1002.9083112003631,683.5147956209106,1159.0214569536424,541.275894039735
2367,1266,1.4277310828616074,1002.9083112003631,683.5147956209106,1161.1761589403973,541.1490066225165
2367,1267,1.4277310828616074,1002.9083112003631,683.5147956209106,1163.3308609271523,541.0221192052979
2367,1268,1.4277310828616074,1002.9083112003631,683.5147956209106,1165.4855629139072,540.8952317880794
2367,1269,1.4277310828616074,1002.9083112003631,683.5147956209106,1167.6402649006623,540.7683443708609
2367,1270,1.4277310828616074,1002.9083112003631,683.5147956209106,1169.794966887417,540.6414569536423
2367,1271,1.4277310828616074,1002.9083112003631,683.5147956209106,1171.9496688741722,540.5145695364238
2367,1272,1.4277310828616074,1002.9083112003631,683.5147956209106,1174.104370860927,540.3876821192052
2367,1273,1.4277310828616074,1002.9083112003631,683.5147956209106,1176.259072847682,540.2607947019867
2367,1274,1.4277310828616074,1002.9083112003631,683.5147956209106,1178.413774834437,540.1339072847682
2367,1275,2.8170610724758705,1002.9083112003631,683.5147956209106,1180.568476821192,540.0070198675496
2367,1276,5.601161896975446,1002.9083112003631,683.5147956209106,1182.723178807947,539.8801324503311
2367,1277,13.879832214707097,1002.9083112003631,683.5147956209106,1184.877880794702,539.7532450331125
2367,1278,94.81987294578717,1002.9083112003631,683.5147956209106,1187.032582781457,539.626357615894
2367,1279,161.85145545442353,1002.9083112003631,683.5147956209106,1189.1872847682118,539.4994701986755
2367,1280,161.85145545442353,1002.9083112003631,683.5147956209106,1191.341986754967,539.3725827814569
2367,1281,161.85145545442353,1002.9083112003631,683.5147956209106,1193.4966887417218,539.2456953642384
2367,1282,161.85145545442353,1002.9083112003631,683.5147956209106,1195.6513907284768,539.1188079470198
2367,1283,161.85145545442353,1002.9083112003631,683.5147956209106,1197.8060927152317,538.9919205298013
2367,1284,161.85145545442353,1002.9083112003631,683.5147956209106,1199.9607947019867,538.8650331125828
2367,1285,161.85145545442353,1002.9083112003631,683.5147956209106,1202.1154966887416,538.7381456953642
2367,1286,161.85145545442353,1002.9083112003631,683.5147956209106,1204.2701986754967,538.6112582781457
2367,1287,161.85145545442353,1002.9083112003631,683.5147956209106,1206.4249006622517,538.4843708609271
2367,1288,161.85145545442353,1002.9083112003631,683.5147956209106,1208.5796026490066,538.3574834437086
2367,1289,161.85145545442353,1002.9083112003631,683.5147956209106,1210.7343046357614,538.23059602649
2367,1290,161.85145545442353,1013.7318406121278,658.9853838562047,1212.8890066225165,538.1037086092715
2367,1291,160.3924329628536,1024.5553700238925,634.4559720914988,1215.0437086092716,537.976821192053
2367,1292,158.66344157678208,1035.378899435657,609.9265603267929,1217.1984105960264,537.8499337748344
2367,1293,156.58614664820627,1046.202428847422,585.3971485620871,1219.3531125827815,537.7230463576159
2367,1294,154.0510597526765,1057.0259582591866,560.8677367973812,1221.5078145695363,537.5961589403973
2367,1295,150.90226780878172,1067.8494876709512,536.3383250326754,1223.6625165562914,537.4692715231788
2367,1296,146.91434837361112,1078.6730170827161,511.8089132679694,1225.8172185430462,537.3423841059603
2367,1297,141.75970515718072,1089.4965464944808,487.27950150326353,1227.9719205298013,537.2154966887417
2367,1298,134.97194066292244,1100.3200759062454,462.7500897385577,1230.1266225165562,537.0886092715232
2367,1299,125.94212894216903,1111.1436053180103,438.22067797385176,1232.2813245033112,536.9617218543046
2367,1300,114.07413139625623,1121.967134729775,413.69126620914585,1234.436026490066,536.8348344370861
2367,1301,99.32821823742242,1132.7906641415395,389.16185444444,1236.5907284768211,536.7079470198676
2367,1302,83.00739942455105,1143.6141935533044,364.63244267973414,1238.7454304635762,536.581059602649
2367,1303,67.50701662809627,1154.437722965069,340.1030309150282,1240.900132450331,536.4541721854305
2367,1304,54.621644765672464,1165.2612523768337,315.5736191503223,1243.0548344370861,536.3272847682119
2367,1305,44.69121489799277,1176.0847817885985,291.04420738561646,1245.209536423841,536.2003973509933
2367,1306,37.22179084831416,1186.9083112003632,266.5147956209106,1247.364238410596,536.0735099337747
2367,1307,31.57707822321969,1186.9083112003632,266.5147956209106,1249.518940397351,535.9466225165562
2367,1308,27.239089811084796,1186.9083112003632,266.5147956209106,1251.673642384106,535.8197350993377
2367,1309,23.837242830687444,1186.9083112003632,266.5147956209106,1253.8283443708608,535.6928476821191
2367,1310,21.11581603446819,1186.9083112003632,266.5147956209106,1255.9830463576159,535.5659602649006
2367,1311,18.898533631129215,1186.9083112003632,266.5147956209106,1258.1377483443707,535.439072847682
2367,1312,17.06231429587849,1186.9083112003632,266.5147956209106,1260.2924503311258,535.3121854304635
2367,1313,15.519663423973551,1186.9083112003632,266.5147956209106,1262.4471523178809,535.185298013245
2367,1314,14.207177243378442,1186.9083112003632,266.5147956209106,1264.6018543046357,535.0584105960264
2367,1315,13.078036868243846,1186.9083112003632,266.5147956209106,1266.7565562913906,534.9315231788079
2367,1316,12.097051995435164,1186.9083112003632,266.5147956209106,1268.9112582781456,534.8046357615893
2367,1317,11.237335867062688,1186.9083112003632,266.5147956209106,1271.0659602649007,534.6777483443708
2367,1318,10.478035380337511,1186.9083112003632,266.5147956209106,1273.2206622516555,534.5508609271523
2367,1319,9.802754062564881,1186.9083112003632,266.5147956209106,1275.3753642384106,534.4239735099337
2367,1320,9.198437640614983,1186.9083112003632,266.5147956209106,1277.5300662251655,534.2970860927152
2367,1321,8.654573715647432,1186.9083112003632,266.5147956209106,1279.6847682119205,534.1701986754966
2367,1322,8.16260825743287,1186.9083112003632,266.5147956209106,1281.8394701986754,534.0433112582781
2367,1323,7.7155141391633855,1186.9083112003632,266.5147956209106,1283.9941721854304,533.9164238410596
2367,1324,7.3074678869951235,1186.9083112003632,266.5147956209106,1286.1488741721855,533.789536423841
2367,1325,6.933604536717735,1186.9083112003632,266.5147956209106,1288.3035761589404,533.6626490066225
2367,1326,6.589829610256889,1186.9083112003632,266.5147956209106,1290.4582781456952,533.5357615894039
2367,1327,6.272673379073604,1186.9083112003632,266.5147956209106,1292.6129801324503,533.4088741721854
2367,1328,5.979176794014081,1186.9083112003632,266.5147956209106,1294.7676821192053,533.2819867549669
2367,1329,5.706801383801721,1186.9083112003632,266.5147956209106,1296.9223841059602,533.1550993377483
2367,1330,5.453357478267592,1186.9083112003632,266.5147956209106,1299.077086092715,533.0282119205298
2367,1331,5.216946573406966,1186.9083112003632,266.5147956209106,1301.23178807947,532.9013245033112
2367,1332,4.995914706546331,1186.9083112003632,266.5147956209106,1303.3864900662252,532.7744370860927
2367,1333,4.788814474461337,1186.9083112003632,266.5147956209106,1305.54119205298,532.6475496688741
2367,1334,4.594373889050014,1186.9083112003632,266.5147956209106,1307.695894039735,532.5206622516556
2367,1335,4.411470681918055,1186.9083112003632,266.5147956209106,1309.85059602649,532.3937748344371
2367,1336,4.239110981234628,1186.9083112003632,266.5147956209106,1312.005298013245,532.2668874172185
2367,1337,4.076411519788049,1186.9083112003632,266.5147956209106,1314.1599999999999,532.14
2367,1338,3.9225847125275504,1175.5553700238927,266.1030309150282,1316.314701986755,532.0131125827814
2367,1339,3.776926079434635,1164.202428847422,265.6912662091459,1318.46940397351,531.8862251655629
2367,1340,3.6388035958962877,1152.8494876709515,265.27950150326353,1320.6241059602648,531.7593377483444
2367,1341,3.5076486354661123,1141.4965464944808,264.8677367973812,1322.7788079470197,531.6324503311258
2367,1342,3.3829482346964657,1130.1436053180103,264.45597209149884,1324.9335099337748,531.5055629139073
2367,1343,3.2642384607997155,1118.7906641415395,264.04420738561646,1327.0882119205298,531.3786754966887
2367,1344,3.151098703378041,1107.437722965069,263.63244267973414,1329.2429139072847,531.2517880794702
2367,1345,3.043146743760645,1096.0847817885983,263.22067797385176,1331.3976158940397,531.1249006622517
2367,1346,2.940034481367072,1084.7318406121278,262.80891326796944,1333.5523178807946,530.9980132450331
2367,1347,2.8414442173780365,1073.3788994356573,262.39714856208707,1335.7070198675497,530.8711258278146
2367,1348,2.7470854128960656,1062.0259582591866,261.98538385620475,1337.8617218543045,530.744238410596
2367,1349,2.656691852513093,1050.6730170827161,261.5736191503224,1340.0164238410596,530.6173509933775
2367,1350,2.570019155457226,1039.3200759062454,261.16185444444,1342.1711258278146,530.490463576159
2367,1351,2.48684258569963,1027.967134729775,260.7500897385577,1344.3258278145695,530.3635761589403
2367,1352,2.4069551200194277,1016.6141935533043,260.3383250326753,1346.4805298013243,530.2366887417218
2367,1353,2.3301657393113,1005.2612523768337,259.926560326793,1348.6352317880794,530.1098013245032
2367,1354,2.2562979136567396,993.9083112003631,259.5147956209106,1350.7899337748345,529.9829139072847
2367,1355,2.2562979136567396,993.9083112003631,259.5147956209106,1352.9446357615893,529.8560264900661
2367,1356,2.2562979136567396,993.9083112003631,259.5147956209106,1355.0993377483444,529.7291390728476
2368,1357,2.2562979136567396,993.9083112003631,259.5147956209106,1357.2540397350992,529.6022516556291
2369,1358,2.2562979136567396,993.9083112003631,259.5147956209106,1359.4087417218543,529.4753642384105
2370,1359,2.2562979136567396,993.9083112003631,259.5147956209106,1361.5634437086092,529.348476821192
2371,1360,2.2562979136567396,993.9083112003631,259.5147956209106,1363.7181456953642,529.2215894039734
2372,1361,2.2562979136567396,993.9083112003631,259.5147956209106,1365.872847682119,529.0947019867549
2373,1362,2.2562979136567396,993.9083112003631,259.5147956209106,1368.0275496688741,528.9678145695364
2374,1363,2.2562979136567396,993.9083112003631,259.5147956209106,1370.182251655629,528.8409271523178
2375,1364,2.2562979136567396,993.9083112003631,259.5147956209106,1372.336953642384,528.7140397350993
2376,1365,2.2562979136567396,993.9083112003631,259.5147956209106,1374.4916556291391,528.5871523178807
2377,1366,2.2562979136567396,993.9083112003631,259.5147956209106,1376.646357615894,528.4602649006622
2378,1367,2.2562979136567396,993.9083112003631,259.5147956209106,1378.8010596026488,528.3333774834437
2379,1368,2.2562979136567396,993.9083112003631,259.5147956209106,1380.955761589404,528.2064900662251
2380,1369,2.2562979136567396,993.9083112003631,259.5147956209106,1383.110463576159,528.0796026490066
2381,1370,2.2562979136567396,993.9083112003631,259.5147956209106,1385.2651655629138,527.952715231788
2382,1371,2.2562979136567396,993.9083112003631,259.5147956209106,1387.4198675496689,527.8258278145695
2383,1372,2.2562979136567396,993.9083112003631,259.5147956209106,1389.5745695364237,527.698940397351
2384,1373,2.2562979136567396,993.9083112003631,259.5147956209106,1391.7292715231788,527.5720529801324
2385,1374,2.2562979136567396,993.9083112003631,259.5147956209106,1393.8839735099336,527.4451655629139
2386,1375,2.2562979136567396,993.9083112003631,259.5147956209106,1396.0386754966887,527.3182781456953
2387,1376,2.2562979136567396,993.9083112003631,259.5147956209106,1398.1933774834438,527.1913907284768
2388,1377,2.2562979136567396,993.9083112003631,259.5147956209106,1400.3480794701986,527.0645033112582
2389,1378,2.2562979136567396,993.9083112003631,259.5147956209106,1402.5027814569535,526.9376158940397
2390,1379,2.2562979136567396,993.9083112003631,259.5147956209106,1404.6574834437085,526.8107284768212
2391,1380,2.2562979136567396,993.9083112003631,259.5147956209106,1406.8121854304636,526.6838410596026
2392,1381,2.2562979136567396,993.9083112003631,259.5147956209106,1408.9668874172185,526.5569536423841
2393,1382,2.2562979136567396,993.9083112003631,259.5147956209106,1411.1215894039735,526.4300662251655
2394,1383,2.2562979136567396,993.9083112003631,259.5147956209106,1413.2762913907284,526.303178807947
2395,1384,2.2562979136567396,993.9083112003631,259.5147956209106,1415.4309933774834,526.1762913907285
2396,1385,2.2562979136567396,993.9083112003631,259.5147956209106,1417.5856953642383,526.0494039735099
2397,1386,2.2562979136567396,993.9083112003631,259.5147956209106,1419.7403973509934,525.9225165562914
2398,1387,2.2562979136567396,993.9083112003631,259.5147956209106,1421.8950993377482,525.7956291390728
2399,1388,2.7140211085720094,993.9083112003631,259.5147956209106,1424.0498013245033,525.6687417218543
2400,1389,3.161826031063751,993.9083112003631,259.5147956209106,1426.2045033112581,525.5418543046358
2401,1390,3.599978632394505,993.9083112003631,259.5147956209106,1428.3592052980132,525.4149668874172
2402,1391,4.028738040506304,993.9083112003631,259.5147956209106,1430.5139072847683,525.2880794701987
2403,1392,4.448356602276038,993.9083112003631,259.5147956209106,1432.668609271523,525.1611920529801
2404,1393,4.859079943880256,993.9083112003631,259.5147956209106,1434.823311258278,525.0343046357616
2405,1394,5.2611470467692705,993.9083112003631,259.5147956209106,1436.978013245033,524.9074172185431
2406,1395,5.65479033700401,993.9083112003631,259.5147956209106,1439.132715231788,524.7805298013245
2407,1396,6.04023578592914,993.9083112003631,259.5147956209106,1441.287417218543,524.653642384106
2408,1397,6.417703020370782,993.9083112003631,259.5147956209106,1443.442119205298,524.5267549668874
2409,1398,6.787405440729758,993.9083112003631,259.5147956209106,1445.5968211920529,524.3998675496689
2410,1399,7.149550345520975,993.9083112003631,259.5147956209106,1447.751523178808,524.2729801324502
2411,1400,7.504339061067874,993.9083112003631,259.5147956209106,1449.9062251655628,524.1460927152317
2412,1401,7.851967075202402,993.9083112003631,259.5147956209106,1452.0609271523178,524.0192052980132
2413,1402,8.192624173955492,993.9083112003631,259.5147956209106,1454.215629139073,523.8923178807946
2414,1403,8.526494580341165,993.9083112003631,259.5147956209106,1456.3703311258278,523.7654304635761
2415,1404,8.853757094444275,993.9083112003631,259.5147956209106,1458.5250331125826,523.6385430463575
2416,1405,8.853757094444275,993.9083112003631,259.5147956209106,1460.6797350993377,523.511655629139
2417,1406,7.66559442902352,993.9083112003631,259.5147956209106,1462.8344370860927,523.3847682119205
2418,1407,5.6404377214371495,993.9083112003631,259.5147956209106,1464.9891390728476,523.2578807947019
2419,1408,1.4328166063491206,993.9083112003631,259.5147956209106,1467.1438410596027,523.1309933774834
2420,1408,1.4328166063491206,993.9083112003631,259.5147956209106,1469.2985430463575,523.0041059602648
2421,1408,1.4328166063491206,993.9083112003631,259.5147956209106,1471.4532450331126,522.8772185430463
2422,1408,1.4328166063491206,993.9083112003631,259.5147956209106,1473.6079470198674,522.7503311258278
2423,1408,1.4328166063491206,993.9083112003631,259.5147956209106,1475.7626490066225,522.6234437086092
2424,1408,1.4328166063491206,993.9083112003631,259.5147956209106,1477.9173509933773,522.4965562913907
2425,1408,1.4328166063491206,993.9083112003631,259.5147956209106,1480.0720529801324,522.3696688741721
2426,1408,1.4328166063491206,993.9083112003631,259.5147956209106,1482.2267549668873,522.2427814569536
2427,1408,1.4328166063491206,993.9083112003631,259.5147956209106,1484.3814569536423,522.115894039735
2428,1408,1.4328166063491206,993.9083112003631,259.5147956209106,1486.5361589403974,521.9890066225165
2429,1408,1.4328166063491206,979.7906641415395,281.98538385620475,1488.6908609271522,521.862119205298
2430,1409,12.10725908101574,965.673017082716,304.45597209149884,1490.845562913907,521.7352317880794
2431,1410,62.29283022686905,951.5553700238925,326.9265603267929,1493.0002649006622,521.6083443708609
2432,1411,62.29283022686905,937.4377229650689,349.39714856208707,1495.1549668874172,521.4814569536424
2433,1412,62.29283022686905,923.3200759062454,371.8677367973812,1497.309668874172,521.3545695364238
2434,1413,62.29283022686905,909.2024288474219,394.3383250326753,1499.4643708609271,521.2276821192053
2435,1414,62.29283022686905,895.0847817885983,416.8089132679694,1501.6190728476822,521.1007947019867
2436,1415,62.29283022686905,880.9671347297749,439.27950150326353,1503.773774834437,520.9739072847682
2437,1416,62.29283022686905,866.8494876709512,461.7500897385577,1505.928476821192,520.8470198675496
2438,1417,62.29283022686905,852.7318406121278,484.22067797385176,1508.083178807947,520.7201324503311
2439,1418,62.29283022686905,838.6141935533043,506.69126620914585,1510.237880794702,520.5932450331126
2440,1419,62.29283022686905,824.4965464944808,529.16185444444,1512.392582781457,520.466357615894
2441,1420,62.29283022686905,810.3788994356572,551.6324426797341,1514.5472847682117,520.3394701986755
2442,1421,62.29283022686905,796.2612523768337,574.1030309150283,1516.7019867549668,520.212582781457
2443,1422,62.29283022686905,782.1436053180101,596.5736191503223,1518.8566887417219,520.0856953642384
2444,1423,62.29283022686905,768.0259582591866,619.0442073856165,1521.0113907284767,519.9588079470199
2445,1424,62.29283022686905,753.9083112003631,641.5147956209106,1523.1660927152316,519.8319205298013
2446,1425,50.76146796807515,753.9083112003631,641.5147956209106,1525.3207947019866,519.7050331125828
2447,1426,41.02091105472899,753.9083112003631,641.5147956209106,1527.4754966887417,519.5781456953642
2448,1427,33.11578983229554,753.9083112003631,641.5147956209106,1529.6301986754966,519.4512582781457
2449,1428,26.797076880309852,753.9083112003631,641.5147956209106,1531.7849006622516,519.3243708609272
2450,1429,21.74529490323131,753.9083112003631,641.5147956209106,1533.9396026490067,519.1974834437086
2451,1430,17.67307855604743,753.9083112003631,641.5147956209106,1536.0943046357615,519.0705960264901
2452,1431,14.351964017908966,753.9083112003631,641.5147956209106,1538.2490066225164,518.9437086092715
2453,1432,11.608900798171844,753.9083112003631,641.5147956209106,1540.4037086092715,518.816821192053
2454,1433,9.314894793660256,753.9083112003631,641.5147956209106,1542.5584105960265,518.6899337748345
2455,1434,7.3738577070990425,753.9083112003631,641.5147956209106,1544.7131125827814,518.5630463576158
2456,1435,5.713729383321976,753.9083112003631,641.5147956209106,1546.8678145695362,518.4361589403973
2457,1436,4.2799154655017295,753.9083112003631,641.5147956209106,1549.0225165562913,518.3092715231787
2458,1437,3.030570916771285,753.9083112003631,641.5147956209106,1551.1772185430464,518.1823841059602
2459,1438,1.9332368696667432,753.9083112003631,641.5147956209106,1553.3319205298012,518.0554966887416
2460,1439,0.9624378469152047,753.9083112003631,641.5147956209106,1555.4866225165563,517.9286092715231
2461,1440,0.09795321138420691,753.9083112003631,641.5147956209106,1557.6413245033114,517.8017218543046
2462,1440,0.09795321138420691,753.9083112003631,641.5147956209106,1559.7960264900662,517.674834437086
2463,1440,0.09795321138420691,753.9083112003631,641.5147956209106,1561.950728476821,517.5479470198675
2464,1440,0.09795321138420691,753.9083112003631,641.5147956209106,1564.105430463576,517.4210596026489
2465,1440,0.09795321138420691,753.9083112003631,641.5147956209106,1566.2601324503312,517.2941721854304
2466,1440,0.09795321138420691,753.9083112003631,641.5147956209106,1568.414834437086,517.1672847682119
2467,1440,0.09795321138420691,753.9083112003631,641.5147956209106,1570.5695364238409,517.0403973509933
2468,1440,0.09795321138420691,753.9083112003631,641.5147956209106,1572.724238410596,516.9135099337748
2469,1440,0.09795321138420691,753.9083112003631,641.5147956209106,1574.878940397351,516.7866225165562
2470,1440,0.09795321138420691,753.9083112003631,641.5147956209106,1577.0336423841059,516.6597350993377
2471,1440,0.09795321138420691,753.9083112003631,641.5147956209106,1579.1883443708607,516.5328476821192
2472,1440,0.09795321138420691,753.9083112003631,641.5147956209106,1581.3430463576158,516.4059602649006
2473,1440,0.09795321138420691,753.9083112003631,641.5147956209106,1583.4977483443708,516.2790728476821
2474,1440,0.09795321138420691,753.9083112003631,641.5147956209106,1585.6524503311257,516.1521854304635
2475,1440,0.09795321138420691,753.9083112003631,641.5147956209106,1587.8071523178808,516.025298013245
2476,1440,0.09795321138420691,753.9083112003631,641.5147956209106,1589.9618543046358,515.8984105960265
2477,1440,0.09795321138420691,766.0847817885983,620.9265603267929,1592.1165562913907,515.7715231788079
2478,1440,0.09795321138420691,778.2612523768337,600.3383250326754,1594.2712582781455,515.6446357615894
2479,1440,0.09795321138420691,790.4377229650689,579.7500897385577,1596.4259602649006,515.5177483443708
2480,1440,0.09795321138420691,802.6141935533043,559.16185444444,1598.5806622516557,515.3908609271523
2481,1440,0.09795321138420691,814.7906641415395,538.5736191503223,1600.7353642384105,515.2639735099337
2482,1440,0.09795321138420691,826.9671347297749,517.9853838562047,1602.8900662251654,515.1370860927152
2483,1440,0.09795321138420691,839.1436053180101,497.39714856208707,1605.0447682119204,515.0101986754967
2484,1440,0.09795321138420691,851.3200759062454,476.8089132679694,1607.1994701986755,514.8833112582781
2485,1440,0.09795321138420691,863.4965464944808,456.22067797385176,1609.3541721854303,514.7564238410596
2486,1440,0.09795321138420691,875.673017082716,435.63244267973414,1611.5088741721854,514.629536423841
2487,1440,0.09795321138420691,887.8494876709512,415.04420738561646,1613.6635761589405,514.5026490066225
2488,1440,0.09795321138420691,900.0259582591866,394.45597209149884,1615.8182781456953,514.375761589404
2489,1440,0.09795321138420691,912.2024288474219,373.86773679738116,1617.9729801324502,514.2488741721854
2490,1440,0.09795321138420691,924.3788994356572,353.27950150326353,1620.1276821192052,514.1219867549669
2491,1440,0.09795321138420691,936.5553700238925,332.69126620914585,1622.2823841059603,513.9950993377483
2492,1440,0.09795321138420691,948.7318406121278,312.1030309150282,1624.4370860927152,513.8682119205298
2493,1440,0.09795321138420691,960.9083112003631,291.5147956209106,1626.59178807947,513.7413245033113
2494,1440,0.09795321138420691,960.9083112003631,291.5147956209106,1628.746490066225,513.6144370860927
2495,1440,1.023545882305258,960.9083112003631,291.5147956209106,1630.9011920529802,513.4875496688742
2496,1440,2.278186581412241,960.9083112003631,291.5147956209106,1633.055894039735,513.3606622516556
2497,1440,3.6897257632656033,960.9083112003631,291.5147956209106,1635.2105960264898,513.2337748344371
2498,1440,5.287473740612648,960.9083112003631,291.5147956209106,1637.3652980132451,513.1068874172186
2499,1440,7.107823589083932,960.9083112003631,291.5147956209106,1639.52,512.98
2500,1440,9.196206150719313,960.9083112003631,291.5147956209106,1641.6747019867548,512.8531125827815
2501,1440,11.60953355252221,960.9083112003631,291.5147956209106,1643.82940397351,512.7262251655629
2502,1440,14.419114357612884,960.9083112003631,291.5147956209106,1645.984105960265,512.5993377483444
2503,1440,17.713798551378062,960.9083112003631,291.5147956209106,1648.1388079470198,512.4724503311259
2504,1440,21.602572692041527,960.9083112003631,291.5147956209106,1650.2935099337747,512.3455629139073
2505,1440,26.214678311763485,960.9083112003631,291.5147956209106,1652.4482119205297,512.2186754966887
2506,1440,31.693186579260335,960.9083112003631,291.5147956209106,1654.6029139072848,512.0917880794701
2507,1440,38.17482288399871,960.9083112003631,291.5147956209106,1656.7576158940396,511.96490066225164
2508,1440,45.746710290969084,960.9083112003631,291.5147956209106,1658.9123178807945,511.8380132450331
2509,1440,54.376653599894944,960.9083112003631,291.5147956209106,1661.0670198675496,511.71112582781456
2510,1440,63.838583070907305,960.9083112003631,291.5147956209106,1663.2217218543046,511.584238410596
2511,1440,73.69285660575505,960.9083112003631,291.5147956209106,1665.3764238410595,511.4573509933775
2512,1440,83.37906254152911,960.9083112003631,291.5147956209106,1667.5311258278145,511.33046357615893
2513,1440,92.39014054018634,960.9083112003631,291.5147956209106,1669.6858278145696,511.2035761589404
2514,1440,92.39014054018634,960.9083112003631,291.5147956209106,1671.8405298013245,511.0766887417218
2515,1440,92.39014054018634,960.9083112003631,291.5147956209106,1673.9952317880793,510.94980132450326
2516,1440,92.39014054018634,960.9083112003631,291.5147956209106,1676.1499337748344,510.8229139072847
2517,1441,93.16453255727777,960.9083112003631,291.5147956209106,1678.3046357615895,510.6960264900662
2518,1442,93.86197328411365,960.9083112003631,291.5147956209106,1680.4593377483443,510.56913907284763
2519,1443,94.4932109984689,960.9083112003631,291.5147956209106,1682.6140397350991,510.4422516556291
2520,1444,95.06711126455802,960.9083112003631,291.5147956209106,1684.7687417218542,510.31536423841055
2521,1445,95.5910459271948,960.9083112003631,291.5147956209106,1686.9234437086093,510.188476821192
2522,1446,96.07119077559635,960.9083112003631,291.5147956209106,1689.0781456953641,510.06158940397347
2523,1447,96.5127556941271,960.9083112003631,291.5147956209106,1691.232847682119,509.93470198675493
2524,1448,96.92016428545291,960.9083112003631,291.5147956209106,1693.3875496688743,509.8078145695364
2525,1449,97.29719529243536,960.9671347297748,313.8677367973812,1695.5422516556291,509.68092715231785
2526,1450,97.64709486638033,961.0259582591866,336.22067797385176,1697.696953642384,509.5540397350993
2527,1451,97.97266638854396,961.0847817885983,358.5736191503224,1699.851655629139,509.42715231788077
2528,1452,98.2763428629847,961.1436053180101,380.9265603267929,1702.006357615894,509.3002649006622
2529,1453,98.56024566866459,961.2024288474219,403.27950150326353,1704.161059602649,509.1733774834437
2530,1454,98.82623255437208,961.2612523768337,425.63244267973414,1706.3157615894038,509.04649006622515
2531,1455,99.07593708938457,961.3200759062454,447.98538385620475,1708.4704635761589,508.9196026490066
2532,1456,99.31080128122281,961.3788994356572,470.3383250326753,1710.625165562914,508.79271523178807
2533,1457,99.53210269368661,961.4377229650689,492.69126620914585,1712.7798675496688,508.6658278145695
2534,1458,99.74097711103374,961.4965464944808,515.0442073856165,1714.9345695364236,508.538940397351
2535,1459,99.93843757422208,961.5553700238925,537.3971485620871,1717.0892715231787,508.41205298013244
2536,1460,100.12539044558838,961.6141935533043,559.7500897385577,1719.2439735099338,508.2851655629139
2537,1461,100.30264902674438,961.673017082716,582.1030309150283,1721.3986754966886,508.15827814569536
2538,1462,100.47094515168077,961.7318406121278,604.4559720914988,1723.5533774834437,508.0313907284768
2539,1463,100.6309390962757,961.7906641415395,626.8089132679694,1725.7080794701988,507.9045033112583
2540,1464,100.78322808152748,961.8494876709514,649.16185444444,1727.8627814569536,507.7776158940397
2541,1465,100.92835359704031,961.9083112003631,671.5147956209106,1730.0174834437084,507.65072847682114
2542,1466,101.06680773069039,961.9083112003631,671.5147956209106,1732.1721854304635,507.5238410596026
2543,1467,101.1990386577725,961.9083112003631,671.5147956209106,1734.3268874172186,507.39695364238406
2544,1468,101.32545541658035,961.9083112003631,671.5147956209106,1736.4815894039734,507.2700662251655
2545,1469,101.44643207599574,961.9083112003631,671.5147956209106,1738.6362913907283,507.143178807947
2546,1470,101.56231138323572,961.9083112003631,671.5147956209106,1740.7909933774833,507.01629139072844
2547,1471,101.67340796564312,961.9083112003631,671.5147956209106,1742.9456953642384,506.8894039735099
2548,1472,101.78001114867723,961.9083112003631,671.5147956209106,1745.1003973509933,506.76251655629136
2549,1473,101.8823874425814,961.9083112003631,671.5147956209106,1747.2550993377483,506.6356291390728
2550,1474,101.98078274218358,961.9083112003631,671.5147956209106,1749.4098013245034,506.5087417218543
2551,1475,101.98078274218358,961.9083112003631,671.5147956209106,1751.5645033112582,506.38185430463574
2552,1476,101.98078274218358,961.9083112003631,671.5147956209106,1753.719205298013,506.2549668874172
2553,1477,101.98078274218358,961.9083112003631,671.5147956209106,1755.8739072847682,506.12807947019866
2554,1478,101.98078274218358,961.9083112003631,671.5147956209106,1758.0286092715232,506.0011920529801
2555,1479,101.98078274218358,961.9083112003631,671.5147956209106,1760.183311258278,505.8743046357616
2556,1480,103.66841320488918,961.9083112003631,671.5147956209106,1762.338013245033,505.74741721854303
2557,1481,106.58589259849583,961.9083112003631,671.5147956209106,1764.492715231788,505.6205298013245
2558,1482,112.7856398387752,961.9083112003631,671.5147956209106,1766.647417218543,505.49364238410595
2559,1483,135.47451515944402,961.9083112003631,671.5147956209106,1768.802119205298,505.3667549668874
2560,1484,136.70707801369286,961.9083112003631,671.5147956209106,1770.9568211920528,505.2398675496689
2561,1485,98.08395468474605,961.9083112003631,671.5147956209106,1773.1115231788078,505.1129801324503
2562,1486,95.44529087339298,961.9083112003631,671.5147956209106,1775.266225165563,504.98609271523173
2563,1487,92.70364624520447,961.9083112003631,671.5147956209106,1777.4209271523177,504.8592052980132
2564,1488,89.86616321434722,961.9083112003631,671.5147956209106,1779.5756291390728,504.73231788079465
2565,1489,86.94230867470618,961.9083112003631,671.5147956209106,1781.730331125828,504.6054304635761
2566,1490,83.94394103740565,961.9083112003631,671.5147956209106,1783.8850331125827,504.4785430463576
2567,1491,80.885149196159,961.9083112003631,671.5147956209106,1786.0397350993376,504.35165562913903
2568,1492,77.7819593397738,961.9083112003631,671.5147956209106,1788.1944370860926,504.2247682119205
2569,1493,74.65189674062671,961.9083112003631,671.5147956209106,1790.3491390728477,504.09788079470195
2570,1494,71.51342570724196,961.9083112003631,671.5147956209106,1792.5038410596026,503.9709933774834
2571,1495,68.3853093323575,961.9083112003631,671.5147956209106,1794.6585430463574,503.84410596026487
2572,1496,65.28594310578487,961.9083112003631,671.5147956209106,1796.8132450331125,503.71721854304633
2573,1497,62.23272064031941,961.9083112003631,671.5147956209106,1798.9679470198676,503.5903311258278
2574,1498,59.24148463267928,961.9083112003631,671.5147956209106,1801.1226490066224,503.46344370860925
2575,1499,56.326103030834055,961.9083112003631,671.5147956209106,1803.2773509933775,503.3365562913907
2576,1500,53.498194349663116,961.9083112003631,671.5147956209106,1805.4320529801325,503.20966887417217
2577,1501,50.767004388228486,961.9083112003631,671.5147956209106,1807.5867549668874,503.0827814569536
2578,1502,41.35291154712466,961.9083112003631,671.5147956209106,1809.7414569536422,502.9558940397351
2579,1502,38.83349962385946,961.9083112003631,671.5147956209106,1811.8961589403973,502.82900662251654
2580,1502,36.424878697000004,961.9083112003631,671.5147956209106,1814.0508609271524,502.702119205298
2581,1502,34.127851131514866,961.9083112003631,671.5147956209106,1816.2055629139072,502.57523178807946
2582,1502,31.941713918399188,961.9083112003631,671.5147956209106,1818.360264900662,502.4483443708609
2583,1502,29.86453949484763,961.9083112003631,671.5147956209106,1820.5149668874171,502.3214569536424
2584,1502,27.893441642519708,961.9083112003631,671.5147956209106,1822.6696688741722,502.19456953642384
2585,1502,26.024816057996535,961.9083112003631,671.5147956209106,1824.824370860927,502.0676821192053
2586,1502,24.254550091044155,961.9083112003631,671.5147956209106,1826.979072847682,501.94079470198676
2587,1502,22.578199895512547,961.9083112003631,671.5147956209106,1829.133774834437,501.81390728476816
2588,1502,20.991135855366394,961.9083112003631,671.5147956209106,1831.288476821192,501.6870198675496
2589,1502,19.488658791489115,961.9083112003631,671.5147956209106,1833.4431788079469,501.5601324503311
2590,1502,18.06609033413976,961.9083112003631,671.5147956209106,1835.597880794702,501.43324503311254
2591,1502,16.71884117269904,961.9083112003631,671.5147956209106,1837.752582781457,501.306357615894
2592,1502,15.442460852600309,961.9083112003631,671.5147956209106,1839.9072847682119,501.17947019867546
2593,1502,14.232672524666876,961.9083112003631,671.5147956209106,1842.0619867549667,501.0525827814569
2594,1502,13.085395671311492,961.9083112003631,671.5147956209106,1844.2166887417218,500.9256953642384
2595,1502,11.996759410376166,961.9083112003631,671.5147956209106,1846.3713907284769,500.79880794701984
2596,1502,10.963108557390676,961.9083112003631,671.5147956209106,1848.5260927152317,500.6719205298013
2597,1502,9.98100423771421,961.9083112003631,671.5147956209106,1850.6807947019865,500.54503311258276
2598,1502,9.047220494818374,961.9083112003631,671.5147956209106,1852.8354966887416,500.4181456953642
2599,1502,8.158738044450526,961.9083112003631,671.5147956209106,1854.9901986754967,500.2912582781457
2600,1502,7.31273607574557,961.9083112003631,671.5147956209106,1857.1449006622515,500.16437086092714
2601,1502,6.506582795726743,961.9083112003631,671.5147956209106,1859.2996026490066,500.0374834437086
2602,1502,5.7378252478242295,961.9083112003631,671.5147956209106,1861.4543046357617,499.91059602649005
2603,1502,5.004178802442494,961.9083112003631,671.5147956209106,1863.6090066225165,499.7837086092715
2604,1502,4.303516612775999,961.9083112003631,671.5147956209106,1865.7637086092714,499.656821192053
2605,1502,3.6338592470764883,961.9083112003631,671.5147956209106,1867.9184105960264,499.52993377483443
2606,1502,2.993364645083642,961.9083112003631,671.5147956209106,1870.0731125827815,499.4030463576159
2607,1502,2.380318497670341,961.9083112003631,671.5147956209106,1872.2278145695363,499.27615894039735
2608,1502,2.380318497670341,961.9083112003631,671.5147956209106,1874.3825165562912,499.14927152317875
2609,1502,2.380318497670341,961.9083112003631,671.5147956209106,1876.5372185430463,499.0223841059602
2610,1502,2.380318497670341,961.9083112003631,671.5147956209106,1878.6919205298013,498.8954966887417
2611,1502,2.380318497670341,961.9083112003631,671.5147956209106,1880.8466225165562,498.76860927152313
2612,1502,2.380318497670341,961.9083112003631,671.5147956209106,1883.001324503311,498.6417218543046
2613,1502,2.380318497670341,961.9083112003631,671.5147956209106,1885.156026490066,498.51483443708605
2614,1502,2.380318497670341,961.9083112003631,671.5147956209106,1887.3107284768212,498.3879470198675
2615,1502,2.380318497670341,961.9083112003631,671.5147956209106,1889.465430463576,498.26105960264897
2616,1502,2.380318497670341,961.9083112003631,671.5147956209106,1891.620132450331,498.13417218543043
2617,1502,2.380318497670341,961.9083112003631,671.5147956209106,1893.7748344370862,498.0072847682119
2618,1502,2.380318497670341,961.9083112003631,671.5147956209106,1895.929536423841,497.88039735099335
2619,1502,2.380318497670341,961.9083112003631,671.5147956209106,1898.0842384105958,497.7535099337748
2620,1502,2.380318497670341,961.9083112003631,671.5147956209106,1900.238940397351,497.62662251655627
2621,1502,2.380318497670341,962.0259582591866,648.16185444444,1902.393642384106,497.4997350993377
2622,1502,2.380318497670341,962.1436053180101,624.8089132679694,1904.5483443708608,497.3728476821192
2623,1502,2.380318497670341,962.2612523768337,601.4559720914988,1906.7030463576157,497.24596026490065
2624,1502,2.380318497670341,962.3788994356572,578.1030309150283,1908.8577483443707,497.1190728476821
2625,1502,2.380318497670341,962.4965464944808,554.7500897385577,1911.0124503311258,496.99218543046356
2626,1502,2.380318497670341,962.6141935533043,531.3971485620871,1913.1671523178807,496.865298013245
2627,1502,2.380318497670341,962.7318406121278,508.04420738561646,1915.3218543046357,496.7384105960265
2628,1502,2.380318497670341,962.8494876709514,484.6912662091459,1917.4765562913908,496.61152317880794
2629,1502,2.380318497670341,962.9671347297748,461.33832503267536,1919.6312582781457,496.4846357615894
2630,1502,2.380318497670341,963.0847817885983,437.98538385620475,1921.7859602649005,496.35774834437086
2631,1502,2.380318497670341,963.2024288474219,414.63244267973414,1923.9406622516556,496.2308609271523
2632,1502,2.380318497670341,963.3200759062454,391.27950150326353,1926.0953642384106,496.1039735099338
2633,1502,2.380318497670341,963.4377229650689,367.926560326793,1928.2500662251655,495.97708609271524
2634,1502,2.380318497670341,963.5553700238925,344.5736191503224,1930.4047682119203,495.85019867549664
2635,1502,2.380318497670341,963.673017082716,321.2206779738518,1932.5594701986754,495.7233112582781
2636,1502,2.380318497670341,963.7906641415395,297.8677367973812,1934.7141721854305,495.59642384105956
2637,1502,2.380318497670341,963.9083112003631,274.5147956209106,1936.8688741721853,495.469536423841
2638,1502,2.380318497670341,963.9083112003631,274.5147956209106,1939.0235761589402,495.3426490066225
2639,1502,2.380318497670341,963.9083112003631,274.5147956209106,1941.1782781456955,495.21576158940394
2640,1502,2.380318497670341,963.9083112003631,274.5147956209106,1943.3329801324503,495.0888741721854
2641,1502,2.380318497670341,963.9083112003631,274.5147956209106,1945.4876821192051,494.96198675496686
2642,1502,2.380318497670341,963.9083112003631,274.5147956209106,1947.6423841059602,494.8350993377483
2643,1502,2.380318497670341,963.9083112003631,274.5147956209106,1949.7970860927153,494.7082119205298
2644,1502,2.380318497670341,963.9083112003631,274.5147956209106,1951.9517880794701,494.58132450331124
2645,1502,2.380318497670341,963.9083112003631,274.5147956209106,1954.106490066225,494.4544370860927
2646,1502,2.380318497670341,963.9083112003631,274.5147956209106,1956.26119205298,494.32754966887416
2647,1502,2.380318497670341,963.9083112003631,274.5147956209106,1958.4158940397351,494.2006622516556
2648,1502,2.380318497670341,963.9083112003631,274.5147956209106,1960.57059602649,494.0737748344371
2649,1502,2.380318497670341,963.9083112003631,274.5147956209106,1962.7252980132448,493.94688741721853
2650,1502,2.380318497670341,963.9083112003631,274.5147956209106,1964.8799999999999,493.82
2651,1502,2.380318497670341,963.9083112003631,274.5147956209106,1967.034701986755,493.69311258278145
2652,1502,2.380318497670341,963.9083112003631,274.5147956209106,1969.1894039735098,493.5662251655629
2653,1503,7.567566896132157,963.9083112003631,274.5147956209106,1971.3441059602649,493.43933774834437
2654,1504,22.30701516876036,963.9083112003631,274.5147956209106,1973.49880794702,493.31245033112583
2655,1505,27.910499282786343,963.9083112003631,274.5147956209106,1975.6535099337748,493.18556291390723
2656,1506,5.317609083143252,963.9083112003631,274.5147956209106,1977.8082119205296,493.0586754966887
2657,1506,5.317609083143252,963.9083112003631,274.5147956209106,1979.9629139072847,492.93178807947015
2658,1506,5.317609083143252,963.9083112003631,274.5147956209106,1982.1176158940398,492.8049006622516
2659,1506,5.317609083143252,963.9083112003631,274.5147956209106,1984.2723178807946,492.67801324503307
2660,1506,5.317609083143252,963.9083112003631,274.5147956209106,1986.4270198675495,492.55112582781453
2661,1506,5.317609083143252,963.9083112003631,274.5147956209106,1988.5817218543045,492.424238410596
2662,1506,5.317609083143252,963.9083112003631,274.5147956209106,1990.7364238410596,492.29735099337745
2663,1506,5.317609083143252,963.9083112003631,274.5147956209106,1992.8911258278144,492.1704635761589
2664,1506,5.317609083143252,963.9083112003631,274.5147956209106,1995.0458278145693,492.04357615894037
2665,1506,5.317609083143252,963.9083112003631,274.5147956209106,1997.2005298013246,491.9166887417218
2666,1506,5.317609083143252,963.9083112003631,274.5147956209106,1999.3552317880794,491.7898013245033
2667,1506,5.317609083143252,963.9083112003631,274.5147956209106,2001.5099337748343,491.66291390728475
2668,1506,5.317609083143252,963.9083112003631,274.5147956209106,2003.6646357615894,491.5360264900662
2669,1506,5.317609083143252,963.9083112003631,274.5147956209106,2005.8193377483444,491.40913907284767
2670,1506,5.317609083143252,963.9083112003631,274.5147956209106,2007.9740397350993,491.2822516556291
2671,1506,5.317609083143252,963.9083112003631,274.5147956209106,2010.128741721854,491.1553642384106
2672,1506,5.317609083143252,963.9083112003631,274.5147956209106,2012.2834437086092,491.02847682119204
2673,1506,5.317609083143252,963.9083112003631,274.5147956209106,2014.4381456953643,490.9015894039735
2674,1506,5.317609083143252,963.9083112003631,274.5147956209106,2016.592847682119,490.77470198675496
2675,1506,5.317609083143252,963.9083112003631,274.5147956209106,2018.7475496688742,490.6478145695364
2676,1506,5.317609083143252,963.9083112003631,274.5147956209106,2020.902251655629,490.5209271523179
2677,1506,5.317609083143252,963.9083112003631,274.5147956209106,2023.056953642384,490.39403973509934
2678,1506,5.317609083143252,963.9083112003631,274.5147956209106,2025.211655629139,490.2671523178808
2679,1506,5.317609083143252,963.9083112003631,274.5147956209106,2027.366357615894,490.14026490066226
2680,1506,5.317609083143252,963.9083112003631,274.5147956209106,2029.5210596026488,490.0133774834437
2681,1506,5.317609083143252,963.9083112003631,274.5147956209106,2031.675761589404,489.8864900662252
2682,1506,5.317609083143252,963.9083112003631,274.5147956209106,2033.8304635761588,489.7596026490066
2683,1506,5.317609083143252,963.9083112003631,274.5147956209106,2035.9851655629138,489.63271523178804
2684,1506,5.317609083143252,963.9083112003631,274.5147956209106,2038.139867549669,489.5058278145695
2685,1506,5.317609083143252,963.9083112003631,274.5147956209106,2040.2945695364238,489.37894039735096
2686,1506,5.317609083143252,963.9083112003631,274.5147956209106,2042.4492715231788,489.2520529801324
2687,1506,5.317609083143252,963.9083112003631,274.5147956209106,2044.6039735099337,489.1251655629139
2688,1506,5.317609083143252,963.9083112003631,274.5147956209106,2046.7586754966887,488.99827814569534
2689,1506,5.317609083143252,963.9083112003631,274.5147956209106,2048.9133774834436,488.8713907284768
2690,1506,5.317609083143252,963.9083112003631,274.5147956209106,2051.0680794701984,488.74450331125826
2691,1506,5.317609083143252,963.9083112003631,274.5147956209106,2053.2227814569533,488.6176158940397
2692,1506,5.317609083143252,963.9083112003631,274.5147956209106,2055.3774834437086,488.4907284768212
2693,1506,5.317609083143252,963.9083112003631,274.5147956209106,2057.5321854304634,488.36384105960263
2694,1506,5.317609083143252,963.9083112003631,274.5147956209106,2059.6868874172187,488.2369536423841
2695,1506,5.317609083143252,963.9083112003631,274.5147956209106,2061.8415894039736,488.11006622516555
2696,1506,5.317609083143252,963.9083112003631,274.5147956209106,2063.9962913907284,487.983178807947
2697,1506,5.317609083143252,963.9083112003631,274.5147956209106,2066.1509933774832,487.8562913907285
2698,1506,5.317609083143252,963.9083112003631,274.5147956209106,2068.305695364238,487.72940397350993
2699,1506,5.317609083143252,963.9083112003631,274.5147956209106,2070.4603973509934,487.6025165562914
2700,1506,5.317609083143252,963.9083112003631,274.5147956209106,2072.6150993377482,487.47562913907285
2701,1506,5.317609083143252,963.9083112003631,274.5147956209106,2074.7698013245035,487.3487417218543
2702,1506,5.317609083143252,963.9083112003631,274.5147956209106,2076.9245033112584,487.2218543046357
2703,1506,5.317609083143252,963.9083112003631,274.5147956209106,2079.079205298013,487.0949668874172
2704,1506,5.317609083143252,963.9083112003631,274.5147956209106,2081.233907284768,486.96807947019863
2705,1506,5.317609083143252,963.9083112003631,274.5147956209106,2083.388609271523,486.8411920529801
2706,1506,5.317609083143252,963.9083112003631,274.5147956209106,2085.5433112582778,486.71430463576155
2707,1506,5.317609083143252,963.9083112003631,274.5147956209106,2087.698013245033,486.587417218543
2708,1506,5.317609083143252,963.9083112003631,274.5147956209106,2089.852715231788,486.46052980132447
2709,1506,5.317609083143252,963.9083112003631,274.5147956209106,2092.007417218543,486.33364238410593
2710,1506,5.317609083143252,963.9083112003631,274.5147956209106,2094.162119205298,486.2067549668874
2711,1506,5.317609083143252,963.9083112003631,274.5147956209106,2096.316821192053,486.07986754966885
2712,1506,5.317609083143252,963.9083112003631,274.5147956209106,2098.4715231788077,485.9529801324503
2713,1506,5.317609083143252,963.9083112003631,274.5147956209106,2100.6262251655626,485.82609271523177
2714,1506,5.317609083143252,963.9083112003631,274.5147956209106,2102.780927152318,485.6992052980132
2715,1506,5.317609083143252,963.9083112003631,274.5147956209106,2104.9356291390727,485.5723178807947
2716,1506,5.317609083143252,963.9083112003631,274.5147956209106,2107.090331125828,485.44543046357614
2717,1506,5.317609083143252,963.9083112003631,274.5147956209106,2109.245033112583,485.3185430463576
2718,1506,5.317609083143252,963.9083112003631,274.5147956209106,2111.3997350993377,485.19165562913906
2719,1506,5.317609083143252,963.9083112003631,274.5147956209106,2113.5544370860925,485.0647682119205
2720,1506,5.317609083143252,963.9083112003631,274.5147956209106,2115.7091390728474,484.937880794702
2721,1506,5.317609083143252,963.9083112003631,274.5147956209106,2117.8638410596022,484.81099337748344
2722,1506,5.317609083143252,963.9083112003631,274.5147956209106,2120.0185430463575,484.6841059602649
2723,1506,5.317609083143252,963.9083112003631,274.5147956209106,2122.173245033113,484.55721854304636
2724,1506,5.317609083143252,963.9083112003631,274.5147956209106,2124.3279470198677,484.4303311258278
2725,1506,5.317609083143252,963.9083112003631,274.5147956209106,2126.4826490066225,484.3034437086093
2726,1506,5.317609083143252,963.9083112003631,274.5147956209106,2128.6373509933774,484.17655629139074
2727,1506,5.317609083143252,963.9083112003631,274.5147956209106,2130.792052980132,484.0496688741722
2728,1506,5.317609083143252,963.9083112003631,274.5147956209106,2132.946754966887,483.92278145695366
2729,1506,5.317609083143252,963.9083112003631,274.5147956209106,2135.1014569536424,483.7958940397351
2730,1506,5.317609083143252,963.9083112003631,274.5147956209106,2137.256158940397,483.6690066225165
2731,1506,5.317609083143252,963.9083112003631,274.5147956209106,2139.4108609271525,483.542119205298
2732,1506,5.317609083143252,963.9083112003631,274.5147956209106,2141.5655629139073,483.41523178807944
2733,1506,5.317609083143252,963.9083112003631,274.5147956209106,2143.720264900662,483.2883443708609
2734,1506,5.317609083143252,963.9083112003631,274.5147956209106,2145.874966887417,483.16145695364236
2735,1506,5.317609083143252,963.9083112003631,274.5147956209106,2148.029668874172,483.0345695364238
2736,1506,5.317609083143252,963.9083112003631,274.5147956209106,2150.184370860927,482.9076821192053
2737,1506,5.317609083143252,963.9083112003631,274.5147956209106,2152.339072847682,482.78079470198674
2738,1506,5.317609083143252,963.9083112003631,274.5147956209106,2154.4937748344373,482.6539072847682
2739,1506,5.317609083143252,963.9083112003631,274.5147956209106,2156.648476821192,482.52701986754965
2740,1506,5.317609083143252,963.9083112003631,274.5147956209106,2158.803178807947,482.4001324503311
2741,1506,5.317609083143252,963.9083112003631,274.5147956209106,2160.957880794702,482.2732450331126
2742,1506,5.317609083143252,963.9083112003631,274.5147956209106,2163.1125827814567,482.14635761589403
2743,1506,5.317609083143252,963.9083112003631,274.5147956209106,2165.2672847682115,482.0194701986755
2744,1506,5.317609083143252,963.9083112003631,274.5147956209106,2167.421986754967,481.89258278145695
2745,1506,5.317609083143252,963.9083112003631,274.5147956209106,2169.5766887417217,481.7656953642384
2746,1506,5.317609083143252,963.9083112003631,274.5147956209106,2171.731390728477,481.63880794701987
2747,1506,5.317609083143252,963.9083112003631,274.5147956209106,2173.886092715232,481.51192052980133
2748,1506,5.317609083143252,963.9083112003631,274.5147956209106,2176.0407947019867,481.38503311258273
2749,1506,5.317609083143252,955.0847817885983,291.22067797385176,2178.1954966887415,481.2581456953642
2750,1506,5.317609083143252,946.2612523768337,307.926560326793,2180.3501986754964,481.13125827814565
2751,1506,5.317609083143252,937.4377229650689,324.63244267973414,2182.5049006622517,481.0043708609271
2752,1506,5.317609083143252,928.6141935533043,341.3383250326753,2184.6596026490065,480.87748344370857
2753,1506,5.317609083143252,919.7906641415395,358.04420738561646,2186.814304635762,480.75059602649003
2754,1506,5.317609083143252,910.9671347297748,374.7500897385577,2188.9690066225166,480.6237086092715
2755,1506,5.317609083143252,902.1436053180101,391.45597209149884,2191.1237086092715,480.49682119205295
2756,1506,5.317609083143252,893.3200759062454,408.16185444444,2193.2784105960263,480.3699337748344
2757,1506,5.317609083143252,884.4965464944808,424.8677367973812,2195.433112582781,480.24304635761587
2758,1506,5.317609083143252,875.673017082716,441.5736191503224,2197.587814569536,480.1161589403973
2759,1506,5.317609083143252,866.8494876709512,458.27950150326353,2199.7425165562913,479.9892715231788
2760,1506,5.317609083143252,858.0259582591866,474.98538385620475,2201.897218543046,479.86238410596025
2761,1506,5.317609083143252,849.2024288474219,491.6912662091459,2204.0519205298015,479.7354966887417
2762,1506,5.317609083143252,840.3788994356572,508.39714856208707,2206.2066225165563,479.60860927152316
2763,1506,5.317609083143252,831.5553700238925,525.1030309150283,2208.361324503311,479.4817218543046
2764,1506,5.317609083143252,822.7318406121278,541.8089132679695,2210.516026490066,479.3548344370861
2765,1506,5.317609083143252,813.9083112003631,558.5147956209106,2212.670728476821,479.22794701986754
2766,1506,5.317609083143252,813.9083112003631,558.5147956209106,2214.825430463576,479.101059602649
2767,1506,5.317609083143252,813.9083112003631,558.5147956209106,2216.980132450331,478.97417218543046
2768,1506,5.317609083143252,813.9083112003631,558.5147956209106,2219.1348344370863,478.8472847682119
2769,1506,5.317609083143252,813.9083112003631,558.5147956209106,2221.289536423841,478.7203973509934
2770,1506,5.317609083143252,813.9083112003631,558.5147956209106,2223.444238410596,478.59350993377484
2771,1506,5.317609083143252,813.9083112003631,558.5147956209106,2225.598940397351,478.4666225165563
2772,1506,5.317609083143252,813.9083112003631,558.5147956209106,2227.7536423841057,478.33973509933776
2773,1506,5.317609083143252,813.9083112003631,558.5147956209106,2229.9083443708605,478.2128476821192
2774,1506,5.317609083143252,813.9083112003631,558.5147956209106,2232.063046357616,478.0859602649007
2775,1506,5.317609083143252,813.9083112003631,558.5147956209106,2234.217748344371,477.95907284768214
2776,1506,5.317609083143252,813.9083112003631,558.5147956209106,2236.372450331126,477.8321854304636
2777,1506,5.317609083143252,813.9083112003631,558.5147956209106,2238.527152317881,477.705298013245
2778,1506,5.317609083143252,813.9083112003631,558.5147956209106,2240.6818543046356,477.57841059602646
2779,1506,5.317609083143252,813.9083112003631,558.5147956209106,2242.8365562913905,477.4515231788079
2780,1506,5.317609083143252,813.9083112003631,558.5147956209106,2244.9912582781453,477.3246357615894
2781,1506,5.317609083143252,813.9083112003631,558.5147956209106,2247.1459602649006,477.19774834437084
2782,1506,5.317609083143252,813.9083112003631,558.5147956209106,2249.3006622516555,477.0708609271523
2783,1506,5.317609083143252,813.9083112003631,558.5147956209106,2251.4553642384108,476.94397350993376
2784,1506,5.317609083143252,813.9083112003631,558.5147956209106,2253.6100662251656,476.8170860927152
2785,1506,5.317609083143252,813.9083112003631,558.5147956209106,2255.7647682119205,476.6901986754967
2786,1506,5.317609083143252,813.9083112003631,558.5147956209106,2257.9194701986753,476.56331125827813
2787,1506,5.317609083143252,813.9083112003631,558.5147956209106,2260.07417218543,476.4364238410596
2788,1506,5.317609083143252,813.9083112003631,558.5147956209106,2262.2288741721854,476.30953642384105
2789,1506,5.317609083143252,813.9083112003631,558.5147956209106,2264.3835761589403,476.1826490066225
2790,1506,5.317609083143252,813.9083112003631,558.5147956209106,2266.5382781456956,476.05576158940397
2791,1506,5.317609083143252,813.9083112003631,558.5147956209106,2268.6929801324504,475.92887417218543
2792,1506,5.317609083143252,813.9083112003631,558.5147956209106,2270.8476821192053,475.8019867549669
2793,1506,5.317609083143252,813.9083112003631,558.5147956209106,2273.00238410596,475.67509933774835
2794,1506,5.317609083143252,813.9083112003631,558.5147956209106,2275.157086092715,475.5482119205298
2795,1506,5.317609083143252,813.9083112003631,558.5147956209106,2277.31178807947,475.4213245033112
2796,1506,5.317609083143252,813.9083112003631,558.5147956209106,2279.466490066225,475.29443708609267
2797,1506,5.317609083143252,807.1436053180101,564.5147956209106,2281.62119205298,475.16754966887413
2798,1506,5.317609083143252,800.3788994356572,570.5147956209106,2283.7758940397352,475.0406622516556
2799,1506,5.317609083143252,793.6141935533043,576.5147956209106,2285.93059602649,474.91377483443705
2800,1506,5.317609083143252,786.8494876709514,582.5147956209106,2288.085298013245,474.7868874172185
2801,1506,5.317609083143252,780.0847817885983,588.5147956209106,2290.24,474.65999999999997
2802,1506,5.317609083143252,773.3200759062454,594.5147956209106,2292.3947019867546,474.5331125827814
2803,1506,5.317609083143252,766.5553700238925,600.5147956209106,2294.54940397351,474.4062251655629
2804,1506,5.317609083143252,759.7906641415395,606.5147956209106,2296.7041059602648,474.27933774834435
2805,1506,5.317609083143252,753.0259582591866,612.5147956209106,2298.85880794702,474.1524503311258
2806,1506,5.317609083143252,746.2612523768337,618.5147956209106,2301.013509933775,474.02556291390727
2807,1506,5.317609083143252,739.4965464944808,624.5147956209106,2303.1682119205298,473.8986754966887
2808,1506,5.317609083143252,732.7318406121278,630.5147956209106,2305.3229139072846,473.7717880794702
2809,1506,5.317609083143252,725.9671347297749,636.5147956209106,2307.4776158940394,473.64490066225164
2810,1506,5.317609083143252,719.2024288474219,642.5147956209106,2309.6323178807943,473.5180132450331
2811,1506,5.317609083143252,712.4377229650689,648.5147956209106,2311.7870198675496,473.39112582781456
2812,1506,5.317609083143252,705.673017082716,654.5147956209106,2313.941721854305,473.264238410596
2813,1506,5.317609083143252,698.9083112003631,660.5147956209106,2316.0964238410597,473.1373509933775
2814,1506,5.317609083143252,698.9083112003631,660.5147956209106,2318.2511258278146,473.01046357615894
2815,1506,5.317609083143252,698.9083112003631,660.5147956209106,2320.4058278145694,472.8835761589404
2816,1506,5.317609083143252,698.9083112003631,660.5147956209106,2322.5605298013243,472.75668874172186
2817,1506,5.317609083143252,698.9083112003631,660.5147956209106,2324.715231788079,472.6298013245033
2818,1506,5.317609083143252,698.9083112003631,660.5147956209106,2326.8699337748344,472.5029139072848
2819,1506,5.317609083143252,698.9083112003631,660.5147956209106,2329.0246357615893,472.37602649006624
2820,1506,5.317609083143252,698.9083112003631,660.5147956209106,2331.1793377483446,472.2491390728477
2821,1506,5.317609083143252,698.9083112003631,660.5147956209106,2333.3340397350994,472.12225165562916
2822,1506,5.317609083143252,698.9083112003631,660.5147956209106,2335.4887417218542,471.9953642384106
2823,1506,5.317609083143252,698.9083112003631,660.5147956209106,2337.643443708609,471.8684768211921
2824,1506,5.317609083143252,698.9083112003631,660.5147956209106,2339.798145695364,471.7415894039735
2825,1506,5.317609083143252,698.9083112003631,660.5147956209106,2341.952847682119,471.61470198675494
2826,1506,5.317609083143252,698.9083112003631,660.5147956209106,2344.107549668874,471.4878145695364
2827,1506,5.317609083143252,698.9083112003631,660.5147956209106,2346.2622516556294,471.36092715231786
2828,1506,5.317609083143252,698.9083112003631,660.5147956209106,2348.416953642384,471.2340397350993
2829,1506,5.317609083143252,698.9083112003631,660.5147956209106,2350.571655629139,471.1071523178808
2830,1506,5.317609083143252,698.9083112003631,660.5147956209106,2352.726357615894,470.98026490066223
2831,1506,5.317609083143252,698.9083112003631,660.5147956209106,2354.8810596026487,470.8533774834437
2832,1506,5.317609083143252,698.9083112003631,660.5147956209106,2357.0357615894036,470.72649006622515
2833,1506,5.317609083143252,698.9083112003631,660.5147956209106,2359.190463576159,470.5996026490066
2834,1506,5.317609083143252,698.9083112003631,660.5147956209106,2361.3451655629137,470.4727152317881
2835,1506,5.317609083143252,698.9083112003631,660.5147956209106,2363.499867549669,470.34582781456953
2836,1506,5.317609083143252,698.9083112003631,660.5147956209106,2365.654569536424,470.218940397351
2837,1506,5.317609083143252,698.9083112003631,660.5147956209106,2367.8092715231787,470.09205298013245
2838,1506,5.317609083143252,698.9083112003631,660.5147956209106,2369.9639735099336,469.9651655629139
2839,1506,5.317609083143252,698.9083112003631,660.5147956209106,2372.1186754966884,469.83827814569537
2840,1506,5.317609083143252,698.9083112003631,660.5147956209106,2374.2733774834437,469.71139072847683
2841,1506,5.317609083143252,698.9083112003631,660.5147956209106,2376.4280794701986,469.5845033112583
2842,1506,5.317609083143252,698.9083112003631,660.5147956209106,2378.582781456954,469.4576158940397
2843,1506,5.317609083143252,698.9083112003631,660.5147956209106,2380.7374834437087,469.33072847682115
2844,1506,5.317609083143252,698.9083112003631,660.5147956209106,2382.8921854304635,469.2038410596026
2845,1506,5.317609083143252,698.9083112003631,660.5147956209106,2385.0468874172184,469.07695364238407
2846,1506,5.317609083143252,698.9083112003631,660.5147956209106,2387.2015894039732,468.95006622516553
2847,1506,5.317609083143252,698.9083112003631,660.5147956209106,2389.356291390728,468.823178807947
2848,1506,5.317609083143252,698.9083112003631,660.5147956209106,2391.5109933774834,468.69629139072845
2849,1506,5.317609083143252,698.9083112003631,660.5147956209106,2393.665695364238,468.5694039735099
2850,1506,5.317609083143252,698.9083112003631,660.5147956209106,2395.8203973509935,468.44251655629137
2851,1506,5.317609083143252,698.9083112003631,660.5147956209106,2397.9750993377484,468.3156291390728
2852,1506,5.317609083143252,698.9083112003631,660.5147956209106,2400.129801324503,468.1887417218543
2853,1506,5.317609083143252,698.9083112003631,660.5147956209106,2402.284503311258,468.06185430463574
2854,1506,5.317609083143252,698.9083112003631,660.5147956209106,2404.439205298013,467.9349668874172
2855,1506,5.317609083143252,698.9083112003631,660.5147956209106,2406.593907284768,467.80807947019866
2856,1506,5.317609083143252,698.9083112003631,660.5147956209106,2408.748609271523,467.6811920529801
2857,1506,5.317609083143252,698.9083112003631,660.5147956209106,2410.9033112582783,467.5543046357616
2858,1506,5.317609083143252,698.9083112003631,660.5147956209106,2413.058013245033,467.42741721854304
2859,1507,5.317609083143252,698.9083112003631,660.5147956209106,2415.212715231788,467.3005298013245
2860,1508,5.317609083143252,698.9083112003631,660.5147956209106,2417.367417218543,467.17364238410596
2861,1509,5.317609083143252,959.9083112003631,691.5147956209106,2419.5221192052977,467.0467549668874
2862,1510,5.317609083143252,959.9083112003631,691.5147956209106,2421.6768211920526,466.9198675496689
2863,1511,0.8204156937217346,959.9083112003631,691.5147956209106,2423.831523178808,466.79298013245034
2864,1512,6.927499892655256,959.9083112003631,691.5147956209106,2425.986225165563,466.6660927152318
2865,1513,12.869185696194009,959.9083112003631,691.5147956209106,2428.140927152318,466.53920529801326
2866,1514,18.531847095658147,959.9083112003631,691.5147956209106,2430.295629139073,466.4123178807947
2867,1515,23.833329549115376,959.9083112003631,691.5147956209106,2432.4503311258277,466.2854304635762
2868,1516,28.72571851198148,959.9083112003631,691.5147956209106,2434.6050331125825,466.15854304635764
2869,1517,33.19167049934147,959.9083112003631,691.5147956209106,2436.7597350993374,466.0316556291391
2870,1518,37.23729247992338,959.9083112003631,691.5147956209106,2438.9144370860927,465.90476821192055
2871,1518,40.88434822675885,959.9083112003631,691.5147956209106,2441.0691390728475,465.77788079470196
2872,1518,44.16350632933144,959.9083112003631,691.5147956209106,2443.223841059603,465.6509933774834
2873,1518,47.10928512841087,959.9083112003631,691.5147956209106,2445.3785430463577,465.5241059602649
2874,1518,49.75666993724446,959.9083112003631,691.5147956209106,2447.5332450331125,465.39721854304634
2875,1518,52.13907707630978,959.9083112003631,691.5147956209106,2449.6879470198674,465.2703311258278
2876,1518,54.28728003386952,959.9083112003631,691.5147956209106,2451.842649006622,465.14344370860925
2877,1518,56.228965675479635,959.9083112003631,691.5147956209106,2453.9973509933775,465.0165562913907
2878,1518,57.988672737155724,959.9083112003631,691.5147956209106,2456.1520529801323,464.8896688741722
2879,1518,59.5879434930154,959.9083112003631,691.5147956209106,2458.3067549668876,464.76278145695363
2880,1518,59.5879434930154,959.9083112003631,691.5147956209106,2460.4614569536425,464.6358940397351
2881,1518,59.5879434930154,959.9083112003631,691.5147956209106,2462.6161589403973,464.50900662251655
2882,1518,59.5879434930154,959.9083112003631,691.5147956209106,2464.770860927152,464.382119205298
2883,1518,59.5879434930154,959.9083112003631,691.5147956209106,2466.925562913907,464.25523178807947
2884,1518,59.5879434930154,959.9083112003631,691.5147956209106,2469.080264900662,464.12834437086093
2885,1518,59.5879434930154,959.9083112003631,691.5147956209106,2471.234966887417,464.0014569536424
2886,1518,59.5879434930154,959.9083112003631,691.5147956209106,2473.389668874172,463.87456953642385
2887,1518,59.5879434930154,959.9083112003631,691.5147956209106,2475.5443708609273,463.7476821192053
2888,1518,59.5879434930154,959.9083112003631,691.5147956209106,2477.699072847682,463.62079470198677
2889,1518,59.5879434930154,959.9083112003631,691.5147956209106,2479.853774834437,463.49390728476817
2890,1518,59.5879434930154,959.9083112003631,691.5147956209106,2482.008476821192,463.36701986754963
2891,1518,59.5879434930154,959.9083112003631,691.5147956209106,2484.1631788079467,463.2401324503311
2892,1518,59.5879434930154,959.9083112003631,691.5147956209106,2486.317880794702,463.11324503311255
2893,1518,59.5879434930154,959.9083112003631,691.5147956209106,2488.472582781457,462.986357615894
2894,1518,59.5879434930154,959.9083112003631,691.5147956209106,2490.627284768212,462.85947019867547
2895,1518,59.5879434930154,959.9083112003631,691.5147956209106,2492.781986754967,462.7325827814569
2896,1518,59.5879434930154,959.9083112003631,691.5147956209106,2494.936688741722,462.6056953642384
2897,1518,59.5879434930154,959.9083112003631,691.5147956209106,2497.0913907284767,462.47880794701985
2898,1518,59.5879434930154,959.9083112003631,691.5147956209106,2499.2460927152315,462.3519205298013
2899,1518,59.5879434930154,959.9083112003631,691.5147956209106,2501.4007947019863,462.22503311258276
2900,1518,59.5879434930154,959.9083112003631,691.5147956209106,2503.5554966887416,462.0981456953642
2901,1518,59.5879434930154,959.9083112003631,691.5147956209106,2505.710198675497,461.9712582781457
2902,1518,59.5879434930154,959.9083112003631,691.5147956209106,2507.864900662252,461.84437086092714
2903,1518,59.5879434930154,959.9083112003631,691.5147956209106,2510.0196026490066,461.7174834437086
2904,1518,59.5879434930154,959.9083112003631,691.5147956209106,2512.1743046357615,461.59059602649006
2905,1518,59.5879434930154,959.9083112003631,691.5147956209106,2514.3290066225163,461.4637086092715
2906,1518,59.5879434930154,959.9083112003631,691.5147956209106,2516.483708609271,461.336821192053
2907,1518,59.5879434930154,959.9083112003631,691.5147956209106,2518.6384105960265,461.20993377483444
2908,1518,59.5879434930154,959.9083112003631,691.5147956209106,2520.7931125827813,461.0830463576159
2909,1518,59.5879434930154,959.9083112003631,691.5147956209106,2522.9478145695366,460.95615894039736
2910,1518,59.5879434930154,959.9083112003631,691.5147956209106,2525.1025165562914,460.8292715231788
2911,1518,61.23738094792825,959.9083112003631,691.5147956209106,2527.2572185430463,460.7023841059603
2912,1518,63.29809815178634,959.9083112003631,691.5147956209106,2529.411920529801,460.57549668874174
2913,1518,65.93780969388052,959.9083112003631,691.5147956209106,2531.566622516556,460.4486092715232
2914,1518,69.42260021897982,959.9083112003631,691.5147956209106,2533.7213245033113,460.32172185430466
2915,1518,74.19173426149936,959.9083112003631,691.5147956209106,2535.876026490066,460.1948344370861
2916,1518,80.99325504110116,959.9083112003631,691.5147956209106,2538.0307284768214,460.0679470198676
2917,1518,91.0409079089849,959.9083112003631,691.5147956209106,2540.1854304635763,459.94105960264903
2918,1518,102.05827631058968,959.9083112003631,691.5147956209106,2542.340132450331,459.81417218543044
2919,1518,90.1836877699362,959.9083112003631,691.5147956209106,2544.494834437086,459.6872847682119
2920,1518,121.13788474176279,959.9083112003631,691.5147956209106,2546.649536423841,459.56039735099336
2921,1518,168.29749751490672,959.9083112003631,691.5147956209106,2548.8042384105956,459.4335099337748
2922,1518,176.70854220692482,959.9083112003631,691.5147956209106,2550.958940397351,459.3066225165563
2923,1518,167.98073046191283,959.9083112003631,691.5147956209106,2553.113642384106,459.17973509933773
2924,1518,162.0133362492811,959.9083112003631,691.5147956209106,2555.268344370861,459.0528476821192
2925,1518,157.76574241056392,959.9083112003631,691.5147956209106,2557.423046357616,458.92596026490065
2926,1518,154.6199543716455,959.9083112003631,691.5147956209106,2559.577748344371,458.7990728476821
2927,1518,152.20987574069628,959.9083112003631,691.5147956209106,2561.7324503311256,458.67218543046357
2928,1518,152.20987574069628,959.9083112003631,691.5147956209106,2563.8871523178805,458.54529801324503
2929,1518,152.20987574069628,959.9083112003631,691.5147956209106,2566.0418543046358,458.4184105960265
2930,1518,152.20987574069628,959.9083112003631,691.5147956209106,2568.1965562913906,458.29152317880795
2931,1518,152.20987574069628,959.9083112003631,691.5147956209106,2570.351258278146,458.1646357615894
2932,1518,152.20987574069628,959.9083112003631,691.5147956209106,2572.5059602649008,458.03774834437087
2933,1518,152.20987574069628,959.9083112003631,691.5147956209106,2574.6606622516556,457.9108609271523
2934,1518,152.20987574069628,959.9083112003631,691.5147956209106,2576.8153642384104,457.7839735099338
2935,1518,152.20987574069628,959.9083112003631,691.5147956209106,2578.9700662251653,457.65708609271525
2936,1518,152.20987574069628,959.9083112003631,691.5147956209106,2581.12476821192,457.53019867549665
2937,1518,152.20987574069628,959.9083112003631,691.5147956209106,2583.2794701986754,457.4033112582781
2938,1518,152.20987574069628,959.9083112003631,691.5147956209106,2585.4341721854303,457.27642384105957
2939,1518,152.20987574069628,959.9083112003631,691.5147956209106,2587.5888741721856,457.149536423841
2940,1518,152.20987574069628,959.9083112003631,691.5147956209106,2589.7435761589404,457.0226490066225
2941,1518,152.20987574069628,959.9083112003631,691.5147956209106,2591.8982781456953,456.89576158940395
2942,1518,152.20987574069628,959.9083112003631,691.5147956209106,2594.05298013245,456.7688741721854
2943,1518,152.20987574069628,959.9083112003631,691.5147956209106,2596.207682119205,456.64198675496687
2944,1518,152.20987574069628,959.9083112003631,691.5147956209106,2598.3623841059602,456.5150993377483
2945,1518,152.20987574069628,959.9083112003631,691.5147956209106,2600.517086092715,456.3882119205298
2946,1518,152.20987574069628,959.9083112003631,691.5147956209106,2602.6717880794704,456.26132450331124
2947,1518,152.20987574069628,959.9083112003631,691.5147956209106,2604.8264900662252,456.1344370860927
2948,1518,152.20987574069628,959.9083112003631,691.5147956209106,2606.98119205298,456.00754966887416
2949,1518,152.20987574069628,959.9083112003631,691.5147956209106,2609.135894039735,455.8806622516556
2950,1518,152.20987574069628,959.9083112003631,691.5147956209106,2611.2905960264898,455.7537748344371
2951,1518,152.20987574069628,959.9083112003631,691.5147956209106,2613.4452980132446,455.62688741721854
2952,1518,152.20987574069628,959.9083112003631,691.5147956209106,2615.6,455.5
2953,1518,152.20987574069628,959.9083112003631,691.5147956209106,2615.6,455.5
2954,1518,152.20987574069628,959.9083112003631,691.5147956209106,2615.6,455.5
2955,1518,152.20987574069628,959.9083112003631,691.5147956209106,2615.6,455.5
2956,1518,152.20987574069628,959.9083112003631,691.5147956209106,2615.6,455.5
2957,1518,152.20987574069628,959.9083112003631,691.5147956209106,2615.6,455.5
2958,1518,152.20987574069628,959.9083112003631,691.5147956209106,2615.6,455.5
2959,1518,152.20987574069628,959.9083112003631,691.5147956209106,2615.6,455.5
2960,1518,152.20987574069628,959.9083112003631,691.5147956209106,2610.3076923076924,454.48237179487177
2961,1518,152.20987574069628,959.9083112003631,691.5147956209106,2605.0153846153844,453.4647435897436
2962,1518,152.20987574069628,959.9083112003631,691.5147956209106,2599.723076923077,452.44711538461536
2963,1518,152.20987574069628,959.9083112003631,691.5147956209106,2594.4307692307693,451.4294871794872
2964,1518,152.20987574069628,959.9083112003631,691.5147956209106,2589.1384615384613,450.41185897435895
2965,1518,152.20987574069628,959.9083112003631,691.5147956209106,2583.846153846154,449.3942307692308
2966,1518,152.20987574069628,959.9083112003631,691.5147956209106,2578.5538461538463,448.37660256410254
2967,1518,152.20987574069628,959.9083112003631,691.5147956209106,2573.2615384615383,447.35897435897436
2968,1518,152.20987574069628,959.9083112003631,691.5147956209106,2567.9692307692308,446.34134615384613
2969,1518,152.20987574069628,959.9083112003631,691.5147956209106,2562.676923076923,445.32371794871796
2970,1518,152.20987574069628,959.9083112003631,691.5147956209106,2557.3846153846152,444.3060897435897
2971,1518,152.20987574069628,959.9083112003631,691.5147956209106,2552.0923076923077,443.28846153846155
2972,1518,152.20987574069628,959.9083112003631,691.5147956209106,2546.7999999999997,442.2708333333333
2973,1518,152.20987574069628,959.9083112003631,691.5147956209106,2541.507692307692,441.25320512820514
2974,1518,152.20987574069628,959.9083112003631,691.5147956209106,2536.2153846153847,440.2355769230769
2975,1518,152.20987574069628,959.9083112003631,691.5147956209106,2530.9230769230767,439.21794871794873
2976,1518,152.20987574069628,959.9083112003631,691.5147956209106,2525.630769230769,438.2003205128205
2977,1518,151.51622880526534,959.9083112003631,691.5147956209106,2520.3384615384616,437.1826923076923
2978,1518,150.673008686567,959.9083112003631,691.5147956209106,2515.0461538461536,436.1650641025641
2979,1518,149.62650853843684,959.9083112003631,691.5147956209106,2509.753846153846,435.1474358974359
2980,1519,148.29418194193602,959.9083112003631,691.5147956209106,2504.4615384615386,434.1298076923077
2981,1520,146.54265684127947,959.9083112003631,691.5147956209106,2499.1692307692306,433.1121794871795
2982,1521,144.13980783212014,959.9083112003631,691.5147956209106,2493.876923076923,432.09455128205127
2983,1522,140.24815144209464,959.9083112003631,691.5147956209106,2488.584615384615,431.0769230769231
2984,1523,98.02859032787379,959.9083112003631,691.5147956209106,2483.2923076923075,430.05929487179486
2985,1524,40.676064659039454,959.9083112003631,691.5147956209106,2478.0,429.0416666666667
2986,1525,34.71747889766563,959.9083112003631,691.5147956209106,2472.707692307692,428.02403846153845
2987,1526,23.53955092692707,959.9083112003631,691.5147956209106,2467.4153846153845,427.0064102564103
2988,1527,11.63780287310342,959.9083112003631,691.5147956209106,2462.123076923077,425.98878205128204
2989,1528,5.051444621981777,959.9083112003631,691.5147956209106,2456.830769230769,424.97115384615387
2990,1529,2.981373312548311,959.9083112003631,691.5147956209106,2451.5384615384614,423.95352564102564
2991,1530,0.23122060390106955,959.9083112003631,691.5147956209106,2446.246153846154,422.93589743589746
2992,1531,0.0942363849085124,959.9083112003631,691.5147956209106,2440.953846153846,421.9182692307692
2993,1531,0.0942363849085124,959.9083112003631,691.5147956209106,2435.6615384615384,420.90064102564105
2994,1531,0.0942363849085124,959.9083112003631,691.5147956209106,2430.369230769231,419.8830128205128
2995,1531,0.0942363849085124,959.9083112003631,691.5147956209106,2425.076923076923,418.86538461538464
2996,1531,0.0942363849085124,959.9083112003631,691.5147956209106,2419.7846153846153,417.8477564102564
2997,1531,0.0942363849085124,959.9083112003631,691.5147956209106,2414.492307692308,416.8301282051282
2998,1531,0.0942363849085124,959.9083112003631,691.5147956209106,2409.2,415.8125
2999,1531,0.0942363849085124,959.9083112003631,691.5147956209106,2403.9076923076923,414.7948717948718
3000,1531,0.0942363849085124,959.9083112003631,691.5147956209106,2398.6153846153848,413.7772435897436
3001,1531,0.0942363849085124,959.9083112003631,691.5147956209106,2393.3230769230768,412.75961538461536
3002,1531,0.0942363849085124,959.9083112003631,691.5147956209106,2388.0307692307692,411.7419871794872
3003,1531,0.0942363849085124,959.9083112003631,691.5147956209106,2382.7384615384613,410.724358974359
3004,1531,0.0942363849085124,959.9083112003631,691.5147956209106,2377.4461538461537,409.7067307692308
3005,1531,0.0942363849085124,959.9083112003631,691.5147956209106,2372.153846153846,408.68910256410254
3006,1531,0.0942363849085124,959.9083112003631,691.5147956209106,2366.861538461538,407.67147435897436
3007,1531,0.0942363849085124,959.9083112003631,691.5147956209106,2361.5692307692307,406.6538461538462
3008,1531,0.0942363849085124,959.9083112003631,691.5147956209106,2356.276923076923,405.63621794871796
3009,1531,0.0942363849085124,959.9083112003631,691.5147956209106,2350.984615384615,404.6185897435897
3010,1531,0.0942363849085124,959.9083112003631,691.5147956209106,2345.6923076923076,403.60096153846155
3011,1531,0.0942363849085124,959.9083112003631,691.5147956209106,2340.4,402.5833333333333
3012,1531,0.0942363849085124,959.9083112003631,691.5147956209106,2335.107692307692,401.56570512820514
3013,1531,0.0942363849085124,959.9083112003631,691.5147956209106,2329.8153846153846,400.5480769230769
3014,1531,0.0942363849085124,959.9083112003631,691.5147956209106,2324.5230769230766,399.53044871794873
3015,1531,0.0942363849085124,959.9083112003631,691.5147956209106,2319.230769230769,398.5128205128205
3016,1531,0.0942363849085124,959.9083112003631,691.5147956209106,2313.9384615384615,397.4951923076923
3017,1531,0.0942363849085124,959.9083112003631,691.5147956209106,2308.6461538461535,396.4775641025641
3018,1531,0.0942363849085124,959.9083112003631,691.5147956209106,2303.353846153846,395.4599358974359
3019,1531,0.0942363849085124,959.9083112003631,691.5147956209106,2298.0615384615385,394.4423076923077
3020,1531,0.0942363849085124,959.9083112003631,691.5147956209106,2292.7692307692305,393.4246794871795
3021,1531,0.0942363849085124,959.9083112003631,691.5147956209106,2287.476923076923,392.40705128205127
3022,1531,0.0942363849085124,959.9083112003631,691.5147956209106,2282.1846153846154,391.3894230769231
3023,1531,0.0942363849085124,959.9083112003631,691.5147956209106,2276.8923076923074,390.37179487179486
3024,1531,0.0942363849085124,959.9083112003631,691.5147956209106,2271.6,389.3541666666667
3025,1531,0.0942363849085124,959.9083112003631,691.5147956209106,2266.3076923076924,388.33653846153845
3026,1531,0.0942363849085124,959.9083112003631,691.5147956209106,2261.0153846153844,387.3189102564103
3027,1531,0.0942363849085124,959.9083112003631,691.5147956209106,2255.723076923077,386.30128205128204
3028,1531,0.0942363849085124,959.9083112003631,691.5147956209106,2250.4307692307693,385.28365384615387
3029,1531,0.0942363849085124,959.9083112003631,691.5147956209106,2245.1384615384613,384.26602564102564
3030,1531,0.0942363849085124,959.9083112003631,691.5147956209106,2239.846153846154,383.24839743589746
3031,1531,0.0942363849085124,959.9083112003631,691.5147956209106,2234.5538461538463,382.2307692307692
3032,1531,0.0942363849085124,959.9083112003631,691.5147956209106,2229.2615384615383,381.21314102564105
3033,1531,0.0942363849085124,959.9083112003631,691.5147956209106,2223.9692307692308,380.1955128205128
3034,1531,0.0942363849085124,959.9083112003631,691.5147956209106,2218.6769230769232,379.17788461538464
3035,1531,0.0942363849085124,959.9083112003631,691.5147956209106,2213.3846153846152,378.1602564102564
3036,1531,0.0942363849085124,959.9083112003631,691.5147956209106,2208.0923076923077,377.1426282051282
3037,1531,0.0942363849085124,1026.9083112003632,678.5147956209106,2202.7999999999997,376.125
3038,1531,0.0942363849085124,1026.9083112003632,678.5147956209106,2197.507692307692,375.1073717948718
3039,1531,11.664957266847397,1026.9083112003632,678.5147956209106,2192.2153846153847,374.0897435897436
3040,1531,11.664957266847397,1026.9083112003632,678.5147956209106,2186.9230769230767,373.07211538461536
3041,1531,11.664957266847397,1026.9083112003632,678.5147956209106,2181.630769230769,372.0544871794872
3042,1531,11.664957266847397,1026.9083112003632,678.5147956209106,2176.3384615384616,371.036858974359
3043,1531,11.664957266847397,1026.9083112003632,678.5147956209106,2171.0461538461536,370.0192307692308
3044,1531,11.664957266847397,1026.9083112003632,678.5147956209106,2165.753846153846,369.00160256410254
3045,1531,11.664957266847397,1026.9083112003632,678.5147956209106,2160.4615384615386,367.98397435897436
3046,1531,11.664957266847397,1026.9083112003632,678.5147956209106,2155.1692307692306,366.9663461538462
3047,1531,11.664957266847397,1026.9083112003632,678.5147956209106,2149.876923076923,365.94871794871796
3048,1531,11.664957266847397,1026.9083112003632,678.5147956209106,2144.584615384615,364.9310897435897
3049,1531,11.664957266847397,1026.9083112003632,678.5147956209106,2139.2923076923075,363.91346153846155
3050,1531,11.664957266847397,1026.9083112003632,678.5147956209106,2134.0,362.89583333333337
3051,1531,11.664957266847397,1026.9083112003632,678.5147956209106,2128.707692307692,361.87820512820514
3052,1531,11.664957266847397,1026.9083112003632,678.5147956209106,2123.4153846153845,360.8605769230769
3053,1531,11.664957266847397,1026.9083112003632,678.5147956209106,2118.123076923077,359.84294871794873
3054,1531,11.664957266847397,1026.9083112003632,678.5147956209106,2112.830769230769,358.82532051282055
3055,1531,11.664957266847397,1026.9083112003632,678.5147956209106,2107.5384615384614,357.8076923076923
3056,1531,11.664957266847397,1026.9083112003632,678.5147956209106,2102.246153846154,356.7900641025641
3057,1531,11.664957266847397,1026.9083112003632,678.5147956209106,2096.953846153846,355.7724358974359
3058,1531,11.664957266847397,1026.9083112003632,678.5147956209106,2091.6615384615384,354.7548076923077
3059,1531,11.664957266847397,1026.9083112003632,678.5147956209106,2086.369230769231,353.7371794871795
3060,1532,11.802959111832363,1026.9083112003632,678.5147956209106,2081.076923076923,352.71955128205127
3061,1533,11.941021988994503,1026.9083112003632,678.5147956209106,2075.7846153846153,351.7019230769231
3062,1534,12.079144334482509,1026.9083112003632,678.5147956209106,2070.492307692308,350.68429487179486
3063,1535,12.217324580332674,1026.9083112003632,678.5147956209106,2065.2,349.6666666666667
3064,1536,12.35556115457263,1026.9083112003632,678.5147956209106,2059.9076923076923,348.64903846153845
3065,1537,12.49385248132475,1026.9083112003632,678.5147956209106,2054.6153846153848,347.6314102564103
3066,1538,12.632196980911662,1026.9083112003632,678.5147956209106,2049.3230769230768,346.61378205128204
3067,1539,12.77059306996033,1026.9083112003632,678.5147956209106,2044.0307692307692,345.59615384615387
3068,1540,12.909039161509257,1026.9083112003632,678.5147956209106,2038.7384615384615,344.57852564102564
3069,1541,13.047533665114088,1026.9083112003632,678.5147956209106,2033.4461538461537,343.56089743589746
3070,1542,13.186074986955354,1026.9083112003632,678.5147956209106,2028.1538461538462,342.5432692307692
3071,1543,13.324661529945795,1026.9083112003632,678.5147956209106,2022.8615384615384,341.52564102564105
3072,1544,13.463291693839123,1026.9083112003632,678.5147956209106,2017.5692307692307,340.5080128205128
3073,1545,13.601963875338397,1026.9083112003632,678.5147956209106,2012.2769230769231,339.49038461538464
3074,1546,13.74067646820588,1026.9083112003632,678.5147956209106,2006.9846153846152,338.4727564102564
3075,1547,13.879427863372474,1026.9083112003632,678.5147956209106,2001.6923076923076,337.45512820512823
3076,1548,14.018216449048383,1026.9083112003632,678.5147956209106,1996.4,336.4375
3077,1549,14.157040610834011,1026.9083112003632,678.5147956209106,1991.107692307692,335.4198717948718
3078,1550,14.295898731831288,1026.9083112003632,678.5147956209106,1985.8153846153846,334.4022435897436
3079,1551,14.43478919275517,1026.9083112003632,678.5147956209106,1980.5230769230768,333.38461538461536
3080,1552,14.57371037204611,1026.9083112003632,678.5147956209106,1975.230769230769,332.3669871794872
3081,1553,14.712660645982469,1026.9083112003632,678.5147956209106,1969.9384615384615,331.349358974359
3082,1554,14.851638388793575,1026.9083112003632,678.5147956209106,1964.6461538461538,330.3317307692308
3083,1555,14.990641972773101,1026.9083112003632,678.5147956209106,1959.353846153846,329.31410256410254
3084,1556,15.129669768392347,1026.9083112003632,678.5147956209106,1954.0615384615385,328.29647435897436
3085,1557,15.26872014441482,1026.9083112003632,678.5147956209106,1948.7692307692307,327.2788461538462
3086,1558,15.407791468009842,1026.9083112003632,678.5147956209106,1943.476923076923,326.26121794871796
3087,1559,15.546882104867745,1026.9083112003632,678.5147956209106,1938.1846153846154,325.2435897435897
3088,1560,15.685990419314235,1026.9083112003632,678.5147956209106,1932.8923076923077,324.22596153846155
3089,1561,15.825114774425588,1026.9083112003632,678.5147956209106,1927.6,323.20833333333337
3090,1562,15.964253532144088,1026.9083112003632,678.5147956209106,1922.3076923076924,322.19070512820514
3091,1563,16.103405053393328,1026.9083112003632,678.5147956209106,1917.0153846153844,321.1730769230769
3092,1564,16.242567698193696,1026.9083112003632,678.5147956209106,1911.7230769230769,320.15544871794873
3093,1565,16.38173982577874,1026.9083112003632,678.5147956209106,1906.4307692307693,319.13782051282055
3094,1566,16.520919794710757,1026.9083112003632,678.5147956209106,1901.1384615384613,318.1201923076923
3095,1567,16.66010596299671,1026.9083112003632,678.5147956209106,1895.8461538461538,317.1025641025641
3096,1568,16.799296688204826,1026.9083112003632,678.5147956209106,1890.553846153846,316.0849358974359
3097,1569,16.938490327580464,1026.9083112003632,678.5147956209106,1885.2615384615383,315.06730769230774
3098,1570,17.077685238162754,1026.9083112003632,678.5147956209106,1879.9692307692308,314.0496794871795
3099,1571,17.216879776900708,1026.9083112003632,678.5147956209106,1874.676923076923,313.03205128205127
3100,1572,17.35607230076982,1026.9083112003632,678.5147956209106,1869.3846153846152,312.0144230769231
3101,1573,17.49526116688808,858.9083112003631,676.5147956209106,1864.0923076923077,310.9967948717949
3102,1574,17.634444732632595,858.9083112003631,676.5147956209106,1858.8,309.9791666666667
3103,1575,17.773621355755846,858.9083112003631,676.5147956209106,1853.5076923076922,308.96153846153845
3104,1576,17.912789394501758,858.9083112003631,676.5147956209106,1848.2153846153847,307.9439102564103
3105,1577,18.051947207722016,858.9083112003631,676.5147956209106,1842.923076923077,306.9262820512821
3106,1578,18.19109315499196,858.9083112003631,676.5147956209106,1837.6307692307691,305.90865384615387
3107,1579,18.330225596726496,858.9083112003631,676.5147956209106,1832.3384615384616,304.89102564102564
3108,1580,18.46934289429592,858.9083112003631,676.5147956209106,1827.0461538461536,303.87339743589746
3109,1581,18.608443410141614,858.9083112003631,676.5147956209106,1821.753846153846,302.8557692307692
3110,1582,18.747525507891,858.9083112003631,676.5147956209106,1816.4615384615383,301.838141025641
3111,1583,18.886587552473213,858.9083112003631,676.5147956209106,1811.1692307692306,300.8205128205128
3112,1584,19.02562791023381,858.9083112003631,676.5147956209106,1805.876923076923,299.80288461538464
3113,1585,19.164644949049514,858.9083112003631,676.5147956209106,1800.5846153846153,298.7852564102564
3114,1586,19.30363703844272,858.9083112003631,676.5147956209106,1795.2923076923075,297.7676282051282
3115,1587,19.442602549695447,858.9083112003631,676.5147956209106,1790.0,296.75
3116,1588,19.581539855963417,858.9083112003631,676.5147956209106,1784.7076923076922,295.7323717948718
3117,1589,19.72044733238942,858.9083112003631,676.5147956209106,1779.4153846153845,294.7147435897436
3118,1590,19.859323356216354,858.9083112003631,676.5147956209106,1774.123076923077,293.69711538461536
3119,1591,27.655580511347285,858.9083112003631,676.5147956209106,1768.8307692307692,292.6794871794872
3120,1592,37.839918789759245,858.9083112003631,676.5147956209106,1763.5384615384614,291.661858974359
3121,1593,50.74397725268356,858.9083112003631,676.5147956209106,1758.246153846154,290.6442307692308
3122,1594,65.83720774546119,858.9083112003631,676.5147956209106,1752.9538461538461,289.62660256410254
3123,1595,81.64051111595312,858.9083112003631,676.5147956209106,1747.6615384615384,288.60897435897436
3124,1596,95.97038400937969,858.9083112003631,676.5147956209106,1742.3692307692309,287.5913461538462
3125,1597,107.54693657182058,858.9083112003631,676.5147956209106,1737.0769230769229,286.57371794871796
3126,1598,116.47545316806938,858.9083112003631,676.5147956209106,1731.7846153846153,285.5560897435897
3127,1599,123.29576410477023,858.9083112003631,676.5147956209106,1726.4923076923076,284.53846153846155
3128,1600,128.5564120601724,858.9083112003631,676.5147956209106,1721.1999999999998,283.52083333333337
3129,1601,132.6873081105527,858.9083112003631,676.5147956209106,1715.9076923076923,282.50320512820514
3130,1602,135.9965222475334,858.9083112003631,676.5147956209106,1710.6153846153845,281.4855769230769
3131,1603,138.6994242128991,858.9083112003631,676.5147956209106,1705.3230769230768,280.46794871794873
3132,1604,140.94683852802686,858.9083112003631,676.5147956209106,1700.0307692307692,279.45032051282055
3133,1605,142.84572705773326,864.9671347297748,676.3383250326754,1694.7384615384615,278.4326923076923
3134,1606,144.4732212534634,871.0259582591866,676.16185444444,1689.4461538461537,277.4150641025641
3135,1607,145.88593544239149,877.0847817885983,675.9853838562047,1684.1538461538462,276.3974358974359
3136,1608,146.02397089012683,883.1436053180101,675.8089132679694,1678.8615384615384,275.37980769230774
3137,1609,146.1619445992265,889.2024288474219,675.6324426797341,1673.5692307692307,274.3621794871795
3138,1610,146.29985501199505,895.2612523768337,675.4559720914989,1668.2769230769231,273.34455128205127
3139,1611,146.4377005750997,901.3200759062454,675.2795015032635,1662.9846153846152,272.3269230769231
3140,1612,146.57547973967087,907.3788994356572,675.1030309150283,1657.6923076923076,271.3092948717949
3141,1613,146.71319096140246,913.4377229650689,674.9265603267929,1652.4,270.2916666666667
3142,1614,146.85083270065084,919.4965464944808,674.7500897385577,1647.107692307692,269.27403846153845
3143,1615,146.9884034225336,925.5553700238925,674.5736191503223,1641.8153846153846,268.2564102564103
3144,1616,147.12590159702697,931.6141935533043,674.3971485620871,1636.5230769230768,267.2387820512821
3145,1617,147.263325699063,937.673017082716,674.2206779738518,1631.230769230769,266.22115384615387
3146,1618,147.40067420862508,943.7318406121278,674.0442073856165,1625.9384615384615,265.20352564102564
3147,1619,147.53794561084376,949.7906641415395,673.8677367973812,1620.6461538461538,264.18589743589746
3148,1620,147.67513839609043,955.8494876709512,673.6912662091459,1615.353846153846,263.1682692307693
3149,1621,147.81225106007125,961.9083112003631,673.5147956209106,1610.0615384615385,262.15064102564105
3150,1622,147.94928210391933,961.9083112003631,673.5147956209106,1604.7692307692307,261.1330128205128
3151,1623,148.08623003428673,961.9083112003631,673.5147956209106,1599.476923076923,260.11538461538464
3152,1624,148.22309336343497,961.9083112003631,673.5147956209106,1594.1846153846154,259.0977564102564
3153,1625,148.35987060932482,961.9083112003631,673.5147956209106,1588.8923076923077,258.0801282051282
3154,1626,148.49656029570536,961.9083112003631,673.5147956209106,1583.6,257.0625
3155,1627,148.63316095220182,961.9083112003631,673.5147956209106,1578.3076923076922,256.0448717948718
3156,1628,148.76967111440246,961.9083112003631,673.5147956209106,1573.0153846153846,255.0272435897436
3157,1629,148.90608932394483,961.9083112003631,673.5147956209106,1567.7230769230769,254.0096153846154
3158,1630,149.04241412860017,961.9083112003631,673.5147956209106,1562.430769230769,252.99198717948718
3159,1631,149.1786440823583,961.9083112003631,673.5147956209106,1557.1384615384616,251.97435897435898
3160,1632,149.31477774550993,961.9083112003631,673.5147956209106,1551.8461538461538,250.95673076923077
3161,1633,149.45081368472898,961.9083112003631,673.5147956209106,1546.553846153846,249.93910256410257
3162,1634,149.58675047315347,961.9083112003631,673.5147956209106,1541.2615384615383,248.92147435897436
3163,1635,149.7225866904655,961.9083112003631,673.5147956209106,1535.9692307692308,247.90384615384616
3164,1636,149.85832092297,961.9083112003631,673.5147956209106,1530.676923076923,246.88621794871796
3165,1637,149.9939517636727,961.9083112003631,673.5147956209106,1525.3846153846152,245.86858974358975
3166,1638,150.12947781235692,961.9083112003631,673.5147956209106,1520.0923076923077,244.85096153846155
3167,1639,151.7445526142307,961.9083112003631,673.5147956209106,1514.8,243.83333333333334
3168,1640,153.4174721790569,961.9083112003631,673.5147956209106,1509.5076923076922,242.81570512820514
3169,1641,155.1493603222059,961.9083112003631,673.5147956209106,1504.2153846153847,241.79807692307693
3170,1642,156.941061912055,961.9083112003631,673.5147956209106,1498.923076923077,240.78044871794873
3171,1643,158.79308586397724,961.9083112003631,673.5147956209106,1493.6307692307691,239.76282051282053
3172,1644,160.7055450726824,961.9083112003631,673.5147956209106,1488.3384615384614,238.74519230769232
3173,1645,162.6780948735977,961.9083112003631,673.5147956209106,1483.0461538461539,237.72756410256412
3174,1646,164.70987215468855,961.9083112003631,673.5147956209106,1477.753846153846,236.7099358974359
3175,1647,166.7994377776613,961.9083112003631,673.5147956209106,1472.4615384615383,235.6923076923077
3176,1648,168.94472545955935,961.9083112003631,673.5147956209106,1467.1692307692308,234.6746794871795
3177,1649,171.14300064539103,961.9083112003631,673.5147956209106,1461.876923076923,233.6570512820513
3178,1650,173.39083309267448,961.9083112003631,673.5147956209106,1456.5846153846153,232.6394230769231
3179,1651,175.68408681150996,961.9083112003631,673.5147956209106,1451.2923076923075,231.6217948717949
3180,1652,178.01793059258014,961.9083112003631,673.5147956209106,1446.0,230.60416666666669
3181,1653,179.61312842889285,961.9083112003631,673.5147956209106,1440.7076923076922,229.58653846153848
3182,1654,177.21518687922017,961.9083112003631,673.5147956209106,1435.4153846153845,228.56891025641028
3183,1655,174.79486309410953,961.9083112003631,673.5147956209106,1430.123076923077,227.55128205128207
3184,1656,174.66145458165096,961.9083112003631,673.5147956209106,1424.8307692307692,226.53365384615387
3185,1657,174.5281760835034,961.9083112003631,673.5147956209106,1419.5384615384614,225.51602564102566
3186,1658,174.39502884990893,961.9083112003631,673.5147956209106,1414.246153846154,224.49839743589746
3187,1659,174.26201412297792,961.9083112003631,673.5147956209106,1408.9538461538461,223.48076923076925
3188,1660,174.12913313663609,961.9083112003631,673.5147956209106,1403.6615384615384,222.46314102564105
3189,1661,173.99638711657488,961.9083112003631,673.5147956209106,1398.3692307692306,221.44551282051285
3190,1662,173.86377728020102,961.9083112003631,673.5147956209106,1393.076923076923,220.42788461538464
3191,1663,173.73130483658906,961.9083112003631,673.5147956209106,1387.7846153846153,219.41025641025644
3192,1664,173.59897098643313,961.9083112003631,673.5147956209106,1382.4923076923076,218.39262820512823
3193,1665,173.4667769220029,961.9083112003631,673.5147956209106,1377.2,217.37500000000003
3194,1666,173.33472382709687,961.9083112003631,673.5147956209106,1371.9076923076923,216.3573717948718
3195,1667,173.20281287699981,961.9083112003631,673.5147956209106,1366.6153846153845,215.3397435897436
3196,1668,173.07104523844063,961.9083112003631,673.5147956209106,1361.3230769230768,214.3221153846154
3197,1669,172.93942206955055,961.9083112003631,673.5147956209106,1356.0307692307692,213.30448717948718
3198,1670,172.80794451982328,961.9083112003631,673.5147956209106,1350.7384615384615,212.28685897435898
3199,1671,172.6766137300766,961.9083112003631,673.5147956209106,1345.4461538461537,211.26923076923077
3200,1672,172.545430832414,961.9083112003631,673.5147956209106,1340.1538461538462,210.25160256410257
3201,1673,172.41439695018892,961.9083112003631,673.5147956209106,1334.8615384615384,209.23397435897436
3202,1674,172.28351319796903,961.9083112003631,673.5147956209106,1329.5692307692307,208.21634615384616
3203,1675,172.15278068150212,961.9083112003631,673.5147956209106,1324.276923076923,207.19871794871796
3204,1676,172.0222004976834,961.9083112003631,673.5147956209106,1318.9846153846154,206.18108974358975
3205,1677,171.8917737345237,961.9083112003631,673.5147956209106,1313.6923076923076,205.16346153846155
3206,1678,171.76150147111872,961.9083112003631,673.5147956209106,1308.3999999999999,204.14583333333334
3207,1679,171.6313847776191,961.9083112003631,673.5147956209106,1303.1076923076923,203.12820512820514
3208,1680,171.50142471520346,961.9083112003631,673.5147956209106,1297.8153846153846,202.11057692307693
3209,1681,171.37162233605,961.9083112003631,673.5147956209106,1292.5230769230768,201.09294871794873
3210,1682,171.24197868331083,961.9083112003631,673.5147956209106,1287.2307692307693,200.07532051282053
3211,1683,171.11249479108764,961.9083112003631,673.5147956209106,1281.9384615384615,199.05769230769232
3212,1684,170.98317168440755,961.9083112003631,673.5147956209106,1276.6461538461538,198.04006410256414
3213,1685,170.85401037920064,651.9083112003631,691.5147956209106,1271.353846153846,197.0224358974359
3214,1686,170.7250118822785,651.9083112003631,691.5147956209106,1266.0615384615385,196.00480769230774
3215,1687,170.59617719131413,651.9083112003631,691.5147956209106,1260.7692307692307,194.9871794871795
3216,1688,170.46750729482272,651.9083112003631,691.5147956209106,1255.476923076923,193.96955128205127
3217,1689,170.33900317214326,651.9083112003631,691.5147956209106,1250.1846153846154,192.9519230769231
3218,1690,170.21066579342246,651.9083112003631,691.5147956209106,1244.8923076923077,191.93429487179486
3219,1691,170.08249611959795,651.9083112003631,691.5147956209106,1239.6,190.91666666666669
3220,1692,169.95449510238407,651.9083112003631,691.5147956209106,1234.3076923076922,189.89903846153845
3221,1693,169.82666368425842,651.9083112003631,691.5147956209106,1229.0153846153846,188.88141025641028
3222,1694,169.6990027984489,651.9083112003631,691.5147956209106,1223.7230769230769,187.86378205128204
3223,1695,169.57151336892244,651.9083112003631,691.5147956209106,1218.430769230769,186.84615384615387
3224,1696,169.44419631037488,651.9083112003631,691.5147956209106,1213.1384615384616,185.82852564102564
3225,1697,169.31705252822118,651.9083112003631,691.5147956209106,1207.8461538461538,184.81089743589746
3226,1698,169.19008291858768,651.9083112003631,691.5147956209106,1202.553846153846,183.79326923076923
3227,1699,169.06328836830448,651.9083112003631,691.5147956209106,1197.2615384615385,182.77564102564105
3228,1700,168.9366697548996,651.9083112003631,691.5147956209106,1191.9692307692308,181.75801282051282
3229,1701,168.81022794659378,651.9083112003631,691.5147956209106,1186.676923076923,180.74038461538464
3230,1702,168.68396380229646,651.9083112003631,691.5147956209106,1181.3846153846152,179.7227564102564
3231,1703,168.5578781716027,651.9083112003631,691.5147956209106,1176.0923076923077,178.70512820512823
3232,1704,168.43197189479085,651.9083112003631,691.5147956209106,1170.8,177.6875
3233,1705,168.30624580282242,651.9083112003631,691.5147956209106,1165.5076923076922,176.66987179487182
3234,1706,168.18070071734087,651.9083112003631,691.5147956209106,1160.2153846153847,175.6522435897436
3235,1707,168.0553374506736,651.9083112003631,691.5147956209106,1154.923076923077,174.63461538461542
3236,1708,167.93015680583335,651.9083112003631,691.5147956209106,1149.6307692307691,173.61698717948718
3237,1709,167.8051595765212,651.9083112003631,691.5147956209106,1144.3384615384614,172.599358974359
3238,1710,167.68034654713043,651.9083112003631,691.5147956209106,1139.0461538461539,171.58173076923077
3239,1711,167.55571849275185,651.9083112003631,691.5147956209106,1133.753846153846,170.5641025641026
3240,1712,167.43127617917887,651.9083112003631,691.5147956209106,1128.4615384615383,169.54647435897436
3241,1713,167.3070203629145,651.9083112003631,691.5147956209106,1123.1692307692308,168.5288461538462
3242,1714,167.18295179117936,651.9083112003631,691.5147956209106,1117.876923076923,167.51121794871796
3243,1715,167.05907120191992,651.9083112003631,691.5147956209106,1112.5846153846153,166.49358974358978
3244,1716,166.93537932381764,651.9083112003631,691.5147956209106,1107.2923076923075,165.47596153846155
3245,1717,166.8118768763003,651.9083112003631,691.5147956209106,1102.0,164.45833333333337
3246,1718,166.68856456955209,651.9083112003631,691.5147956209106,1096.7076923076922,163.44070512820514
3247,1719,164.05852121450255,651.9083112003631,691.5147956209106,1091.4153846153845,162.42307692307696
3248,1720,160.92907144632224,651.9083112003631,691.5147956209106,1086.123076923077,161.40544871794873
3249,1721,157.15706007650456,651.9083112003631,691.5147956209106,1080.8307692307692,160.38782051282055
3250,1722,152.55322915282036,651.9083112003631,691.5147956209106,1075.5384615384614,159.37019230769232
3251,1723,146.87486611350457,651.9083112003631,691.5147956209106,1070.246153846154,158.35256410256414
3252,1724,139.83405466248624,651.9083112003631,691.5147956209106,1064.9538461538461,157.3349358974359
3253,1725,131.1507417209368,651.9083112003631,691.5147956209106,1059.6615384615384,156.31730769230774
3254,1726,120.69523193465092,651.9083112003631,691.5147956209106,1054.3692307692306,155.2996794871795
3255,1727,108.72486277864917,651.9083112003631,691.5147956209106,1049.076923076923,154.28205128205133
3256,1728,96.04630659694193,651.9083112003631,691.5147956209106,1043.7846153846153,153.2644230769231
3257,1729,83.79596125623505,651.9083112003631,691.5147956209106,1038.4923076923076,152.24679487179492
3258,1730,72.90376779666252,651.9083112003631,691.5147956209106,1033.2,151.22916666666669
3259,1731,63.76440869874777,651.9083112003631,691.5147956209106,1027.9076923076923,150.21153846153845
3260,1732,56.32420303350878,651.9083112003631,691.5147956209106,1022.6153846153845,149.19391025641028
3261,1733,50.32388673633627,651.9083112003631,691.5147956209106,1017.3230769230768,148.17628205128204
3262,1734,45.46970886085876,651.9083112003631,691.5147956209106,1012.0307692307692,147.15865384615387
3263,1735,41.505340059301915,651.9083112003631,691.5147956209106,1006.7384615384615,146.14102564102564
3264,1736,41.38556128080942,651.9083112003631,691.5147956209106,1001.4461538461537,145.12339743589746
3265,1737,41.26598440157887,651.9083112003631,691.5147956209106,996.1538461538462,144.10576923076923
3266,1738,41.14660995058092,651.9083112003631,691.5147956209106,990.8615384615384,143.08814102564105
3267,1739,41.02743844796721,651.9083112003631,691.5147956209106,985.5692307692307,142.07051282051282
3268,1740,40.90847040509847,651.9083112003631,691.5147956209106,980.2769230769231,141.05288461538464
3269,1741,40.78970632457342,651.9083112003631,691.5147956209106,974.9846153846154,140.0352564102564
3270,1742,40.6711467002582,651.9083112003631,691.5147956209106,969.6923076923076,139.01762820512823
3271,1743,40.55279201731652,651.9083112003631,691.5147956209106,964.4,138.0
3272,1744,40.43464275224046,651.9083112003631,691.5147956209106,964.4,138.0
3273,1745,40.31669937288151,651.9083112003631,691.5147956209106,964.4,138.0
3274,1746,40.198962338483014,651.9083112003631,691.5147956209106,964.4,138.0
3275,1747,40.081432099712075,651.9083112003631,691.5147956209106,964.4,138.0
3276,1748,39.964109098693115,651.9083112003631,691.5147956209106,964.4,138.0
3277,1749,39.8469937690411,671.1436053180101,690.2206779738518,964.4,138.0
3278,1750,39.730086535896234,690.3788994356572,688.9265603267929,964.4,138.0
3279,1751,39.61338781595798,709.6141935533043,687.6324426797341,964.4,138.0
3280,1752,39.49689801752098,728.8494876709512,686.3383250326754,964.4,138.0
3281,1753,39.3806175405105,748.0847817885983,685.0442073856165,964.4,138.0
3282,1754,39.26454677651852,767.3200759062454,683.7500897385577,964.4,138.0
3283,1755,39.14868610884087,786.5553700238925,682.4559720914989,964.4,138.0
3284,1756,39.03303591251426,805.7906641415395,681.16185444444,964.4,138.0
3285,1757,38.91759655435386,825.0259582591866,679.8677367973812,964.4,138.0
3286,1758,38.802368392991916,844.2612523768337,678.5736191503223,964.4,138.0
3287,1759,38.687351778915826,863.4965464944808,677.2795015032635,964.4,138.0
3288,1760,38.57254705450768,882.7318406121278,675.9853838562047,964.4,138.0
3289,1761,38.457954554083415,901.9671347297749,674.6912662091459,964.4,138.0
3290,1762,38.34357460393302,921.2024288474219,673.3971485620871,964.4,138.0
3291,1763,38.22940752236059,940.4377229650689,672.1030309150283,964.4,138.0
3292,1764,38.11545361972527,959.673017082716,670.8089132679694,964.4,138.0
3293,1765,38.001713198482264,978.9083112003631,669.5147956209106,964.4,138.0
3294,1766,37.88818655322429,978.9083112003631,669.5147956209106,964.4,138.0
3295,1767,41.34617368549407,978.9083112003631,669.5147956209106,964.4,138.0
3296,1768,45.51882955305994,978.9083112003631,669.5147956209106,964.4,138.0
3297,1769,50.57894218949672,978.9083112003631,669.5147956209106,964.4,138.0
3298,1770,56.718100075143546,978.9083112003631,669.5147956209106,964.4,138.0
3299,1771,64.11008306708403,978.9083112003631,669.5147956209106,964.4,138.0
3300,1772,72.83132095050196,978.9083112003631,669.5147956209106,964.4,138.0
3301,1773,82.74083508370278,978.9083112003631,669.5147956209106,964.4,138.0
3302,1774,93.38643059210041,978.9083112003631,669.5147956209106,964.4,138.0
3303,1775,104.06224609630075,978.9083112003631,669.5147956209106,964.4,138.0
3304,1776,114.05065855962678,978.9083112003631,669.5147956209106,964.4,138.0
3305,1777,122.87460125636129,978.9083112003631,669.5147956209106,964.4,138.0
3306,1778,130.37116572241172,978.9083112003631,669.5147956209106,964.4,138.0
3307,1779,136.60448805790267,978.9083112003631,669.5147956209106,964.4,138.0
3308,1780,141.7442587995375,978.9083112003631,669.5147956209106,964.4,138.0
3309,1781,145.9824483917985,978.9083112003631,669.5147956209106,964.4,138.0
3310,1782,149.4939330376943,978.9083112003631,669.5147956209106,964.4,138.0
3311,1783,152.4241486998726,978.9083112003631,669.5147956209106,964.4,138.0
3312,1784,152.31451169183788,978.9083112003631,669.5147956209106,964.4,138.0
3313,1785,152.2050926208088,978.9083112003631,669.5147956209106,964.4,138.0
3314,1786,152.09589163333794,978.9083112003631,669.5147956209106,964.4,138.0
3315,1787,151.98690886905692,978.9083112003631,669.5147956209106,964.4,138.0
3316,1788,151.87814446072358,978.9083112003631,669.5147956209106,956.7833333333333,209.60000000000002
3317,1789,151.76959853426945,978.9083112003631,669.5147956209106,949.1666666666666,281.20000000000005
3318,1789,151.76959853426945,978.9083112003631,669.5147956209106,941.55,352.8
3319,1789,151.76959853426945,978.9083112003631,669.5147956209106,933.9333333333334,424.40000000000003
3320,1789,151.76959853426945,978.9083112003631,669.5147956209106,926.3166666666667,496.00000000000006
3321,1789,151.76959853426945,978.9083112003631,669.5147956209106,918.7,567.6
3322,1789,151.76959853426945,978.9083112003631,669.5147956209106,918.7,567.6
3323,1789,151.76959853426945,978.9083112003631,669.5147956209106,918.7,567.6
3324,1789,151.76959853426945,978.9083112003631,669.5147956209106,918.7,567.6
3325,1789,151.76959853426945,978.9083112003631,669.5147956209106,918.7,567.6
3326,1789,151.76959853426945,978.9083112003631,669.5147956209106,918.7,567.6
3327,1789,151.76959853426945,978.9083112003631,669.5147956209106,918.7,567.6
3328,1789,151.76959853426945,978.9083112003631,669.5147956209106,918.7,567.6
3329,1789,151.76959853426945,978.9083112003631,669.5147956209106,918.7,567.6
3330,1789,151.76959853426945,978.9083112003631,669.5147956209106,918.7,567.6
3331,1789,151.76959853426945,978.9083112003631,669.5147956209106,918.7,567.6
3332,1789,151.76959853426945,978.9083112003631,669.5147956209106,918.7,567.6
3333,1789,151.76959853426945,978.9083112003631,669.5147956209106,918.7,567.6
3334,1789,151.76959853426945,978.9083112003631,669.5147956209106,918.7,567.6
3335,1789,151.76959853426945,978.9083112003631,669.5147956209106,918.7,567.6
3336,1789,151.76959853426945,978.9083112003631,669.5147956209106,918.7,567.6
3337,1789,151.76959853426945,978.9083112003631,669.5147956209106,918.7,567.6
3338,1789,151.76959853426945,978.9083112003631,669.5147956209106,918.7,567.6
3339,1789,151.76959853426945,978.9083112003631,669.5147956209106,918.7,567.6
3340,1789,151.76959853426945,978.9083112003631,669.5147956209106,918.44,486.62
3341,1789,151.76959853426945,978.9083112003631,669.5147956209106,918.1800000000001,405.64
3342,1789,151.76959853426945,978.9083112003631,669.5147956209106,917.92,324.66
3343,1789,151.80520505097235,978.9083112003631,669.5147956209106,917.66,243.68
3344,1789,151.8486228018303,978.9083112003631,669.5147956209106,917.4,162.7
3345,1789,151.90273879538498,978.9083112003631,669.5147956209106,917.4,162.7
3346,1789,151.97206238179677,978.9083112003631,669.5147956209106,917.4,162.7
3347,1789,152.06401256292642,978.9083112003631,669.5147956209106,917.4,162.7
3348,1789,152.18482409850702,978.9083112003631,669.5147956209106,917.4,162.7
3349,1789,151.10528551764014,978.9083112003631,669.5147956209106,917.4,162.7
3350,1789,118.82561035977517,978.9083112003631,669.5147956209106,917.4,162.7
3351,1789,119.29775432615202,978.9083112003631,669.5147956209106,917.4,162.7
3352,1789,120.61375921116327,978.9083112003631,669.5147956209106,917.4,162.7
3353,1789,138.19071497941584,978.9083112003631,669.5147956209106,917.4,162.7
3354,1789,25.767775680363187,978.9083112003631,669.5147956209106,917.4,162.7
3355,1789,23.902499996464392,978.9083112003631,669.5147956209106,917.4,162.7
3356,1790,23.50682565224317,978.9083112003631,669.5147956209106,917.4,162.7
3357,1791,29.018587944828585,978.9083112003631,669.5147956209106,917.4,162.7
3358,1792,29.730129856355674,978.9083112003631,669.5147956209106,917.4,162.7
3359,1793,29.703126817233166,978.9083112003631,669.5147956209106,917.4,162.7
3360,1794,29.810578586507305,978.9083112003631,669.5147956209106,917.4,162.7
3361,1795,29.917811259176897,978.9083112003631,669.5147956209106,917.4,162.7
3362,1796,30.02482475575166,978.9083112003631,669.5147956209106,917.4,162.7
3363,1797,30.131619003182735,978.9083112003631,669.5147956209106,917.4,162.7
3364,1798,30.238193934813914,978.9083112003631,669.5147956209106,917.4,162.7
3365,1799,30.34454949033277,978.9083112003631,669.5147956209106,917.4,162.7
3366,1800,30.450685615722378,978.9083112003631,669.5147956209106,917.4,162.7
3367,1801,30.556602263212024,978.9083112003631,669.5147956209106,917.4,162.7
3368,1802,30.662299391228615,978.9083112003631,669.5147956209106,917.4,162.7
3369,1803,30.767776964347586,978.9083112003631,669.5147956209106,917.4,162.7
3370,1804,30.873034953244133,978.9083112003631,669.5147956209106,917.4,162.7
3371,1805,30.97807333464389,978.9083112003631,669.5147956209106,917.4,162.7
3372,1806,31.082892091274132,978.9083112003631,669.5147956209106,917.4,162.7
3373,1807,31.187491211814724,978.2160035080553,669.7147956209106,917.4,162.7
3374,1808,31.291870690848757,977.5236958157477,669.9147956209106,917.4,162.7
3375,1809,31.396030528813945,976.83138812344,670.1147956209106,917.4,162.7
3376,1810,31.49997073195292,976.1390804311324,670.3147956209106,917.4,162.7
3377,1811,31.603691312264818,975.4467727388246,670.5147956209106,917.4,162.7
3378,1812,31.70719228745549,974.7544650465169,670.7147956209106,917.4,162.7
3379,1813,31.810473680889036,974.0621573542093,670.9147956209106,917.4,162.7
3380,1814,31.913535521538563,973.3698496619015,671.1147956209106,917.4,162.7
3381,1815,32.016377843937036,972.6775419695938,671.3147956209106,917.4,162.7
3382,1816,32.119000688128466,971.9852342772862,671.5147956209106,917.4,162.7
3383,1817,32.22140409961883,971.2929265849784,671.7147956209106,899.1428571428571,219.38571428571427
3384,1818,32.32358812932745,970.6006188926708,671.9147956209106,880.8857142857142,276.07142857142856
3385,1819,32.42555283353778,969.9083112003631,672.1147956209106,862.6285714285714,332.75714285714287
3386,1820,32.527298273849,969.2160035080553,672.3147956209106,844.3714285714286,389.4428571428572
3387,1821,32.6288245171271,968.5236958157477,672.5147956209106,826.1142857142858,446.12857142857143
3388,1822,32.73013163545615,967.83138812344,672.7147956209106,807.8571428571429,502.81428571428575
3389,1823,32.83121970609002,967.1390804311324,672.9147956209106,789.6,559.5
3390,1824,32.932088811403524,966.4467727388246,673.1147956209106,789.6,559.5
3391,1825,33.032739038844404,965.7544650465169,673.3147956209106,789.6,559.5
3392,1826,33.133170480884665,965.0621573542093,673.5147956209106,789.6,559.5
3393,1827,33.23338323497266,964.3698496619015,673.7147956209106,789.6,559.5
3394,1828,33.333377403484576,963.6775419695938,673.9147956209106,789.6,559.5
3395,1829,33.433153093676836,962.9852342772862,674.1147956209106,789.6,559.5
3396,1830,33.53271041763809,962.2929265849784,674.3147956209106,789.6,559.5
3397,1831,33.63204949224105,961.6006188926708,674.5147956209106,789.6,559.5
3398,1832,33.73117043909545,960.9083112003631,674.7147956209106,789.6,559.5
3399,1833,33.83007338449988,960.2160035080553,674.9147956209106,789.6,559.5
3400,1834,33.92875845939476,959.5236958157477,675.1147956209106,789.6,559.5
3401,1835,34.02722579931488,958.83138812344,675.3147956209106,789.6,559.5
3402,1836,34.1254755443423,958.1390804311324,675.5147956209106,789.6,559.5
3403,1837,34.22350783905938,957.4467727388246,675.7147956209106,789.6,559.5
3404,1838,34.32132283250171,956.7544650465169,675.9147956209106,789.6,559.5
3405,1839,34.418920678111654,956.0621573542093,676.1147956209106,789.6,559.5
3406,1840,34.51630153369157,955.3698496619015,676.3147956209106,822.15,566.425
3407,1841,34.61346556135734,954.6775419695938,676.5147956209106,854.7,573.35
3408,1842,34.71041292749255,953.9852342772862,676.7147956209106,887.25,580.2750000000001
3409,1843,34.807143802701766,953.2929265849784,676.9147956209106,919.8,587.2
3410,1844,34.903658361765046,952.6006188926708,677.1147956209106,919.8,587.2
3411,1845,34.99995678359204,951.9083112003631,677.3147956209106,919.8,587.2
3412,1846,35.09603925117647,951.2160035080553,677.5147956209106,919.8,587.2
3413,1847,35.191905951550496,950.5236958157477,677.7147956209106,919.8,587.2
3414,1848,35.28755707573982,949.83138812344,677.9147956209106,919.8,587.2
3415,1849,35.382992818718286,949.1390804311324,678.1147956209106,919.8,587.2
3416,1850,35.47821337936345,948.4467727388246,678.3147956209106,919.8,587.2
3417,1851,35.57321896041129,947.7544650465169,678.5147956209106,919.8,587.2
3418,1852,35.66800976841235,947.0621573542093,678.7147956209106,919.8,587.2
3419,1853,35.76258601368712,946.3698496619015,678.9147956209106,919.8,587.2
3420,1854,35.85694791028188,945.6775419695939,679.1147956209106,919.8,587.2
3421,1855,35.95109567592508,944.9852342772862,679.3147956209106,919.8,587.2
3422,1856,36.045029531983346,944.2929265849784,679.5147956209106,919.8,587.2
3423,1857,36.13874970341825,943.6006188926708,679.7147956209106,921.0232142857143,580.9982142857143
3424,1858,36.23225641874278,942.9083112003631,679.9147956209106,922.2464285714285,574.7964285714286
3425,1859,36.325549909978506,942.2160035080553,680.1147956209106,923.4696428571428,568.5946428571428
3426,1860,36.41863041261253,941.5236958157477,680.3147956209106,924.6928571428571,562.3928571428572
3427,1861,36.511498165555,940.83138812344,680.5147956209106,925.9160714285714,556.1910714285715
3428,1862,36.60415341109659,940.1390804311324,680.7147956209106,927.1392857142856,549.9892857142858
3429,1863,36.69659639486613,939.4467727388246,680.9147956209106,928.3625,543.7875
3430,1864,36.788827365789,938.7544650465169,681.1147956209106,929.5857142857143,537.5857142857143
3431,1865,36.88084657604488,938.0621573542093,681.3147956209106,930.8089285714285,531.3839285714287
3432,1866,36.97265428102672,937.3698496619015,681.5147956209106,932.0321428571428,525.1821428571429
3433,1867,37.064250739298885,936.6775419695939,681.7147956209106,933.2553571428571,518.9803571428572
3434,1868,37.15563621255645,935.9852342772862,681.9147956209106,934.4785714285714,512.7785714285715
3435,1869,37.24681096558425,935.2929265849784,682.1147956209106,935.7017857142856,506.57678571428573
3436,1870,37.33777526621599,934.6006188926708,682.3147956209106,936.925,500.375
3437,1871,37.428529385294276,933.9083112003631,682.5147956209106,938.1482142857143,494.1732142857143
3438,1872,37.51907359662988,933.9083112003631,682.5147956209106,939.3714285714285,487.9714285714286
3439,1873,37.843681917518026,933.9083112003631,682.5147956209106,940.5946428571428,481.7696428571429
3440,1874,36.671990365814416,933.9083112003631,682.5147956209106,941.8178571428571,475.5678571428572
3441,1875,37.24507584276993,933.9083112003631,682.5147956209106,943.0410714285714,469.36607142857144
3442,1876,38.768378068174535,933.9083112003631,682.5147956209106,944.2642857142856,463.1642857142857
3443,1877,44.65880944112236,933.9083112003631,682.5147956209106,945.4875,456.96250000000003
3444,1878,152.70742454850796,933.9083112003631,682.5147956209106,946.7107142857143,450.7607142857143
3445,1879,141.27010651975195,933.9083112003631,682.5147956209106,947.9339285714285,444.5589285714286
3446,1880,139.46618233585858,933.9083112003631,682.5147956209106,949.1571428571428,438.3571428571429
3447,1881,138.75718250996727,933.9083112003631,682.5147956209106,950.3803571428571,432.15535714285716
3448,1882,144.03188839461947,933.9083112003631,682.5147956209106,951.6035714285714,425.9535714285714
3449,1883,143.79273660002175,933.9083112003631,682.5147956209106,952.8267857142856,419.75178571428575
3450,1884,143.52081984484926,933.9083112003631,682.5147956209106,954.05,413.55
3451,1885,143.29862276242716,933.9083112003631,682.5147956209106,955.2732142857143,407.34821428571433
3452,1886,143.10873144769639,933.9083112003631,682.5147956209106,956.4964285714285,401.1464285714286
3453,1887,142.94087079223505,933.9083112003631,682.5147956209106,957.7196428571428,394.94464285714287
3454,1888,142.78872702767688,933.9083112003631,682.5147956209106,958.9428571428571,388.74285714285713
3455,1889,142.64820724445835,933.9083112003631,682.5147956209106,960.1660714285714,382.54107142857146
3456,1890,142.56139132466555,933.9083112003631,682.5147956209106,961.3892857142856,376.3392857142857
3457,1891,142.47477959805983,933.9083112003631,682.5147956209106,962.6125,370.13750000000005
3458,1892,142.3883717395274,933.9083112003631,682.5147956209106,963.8357142857143,363.9357142857143
3459,1893,142.30216742177376,933.9083112003631,682.5147956209106,965.0589285714285,357.7339285714286
3460,1894,142.21616631535846,933.9083112003631,682.5147956209106,966.2821428571428,351.53214285714284
3461,1895,142.13036808872985,933.9083112003631,682.5147956209106,967.5053571428571,345.33035714285717
3462,1896,142.044772408259,933.9083112003631,682.5147956209106,968.7285714285714,339.12857142857143
3463,1897,141.95937893827426,933.9083112003631,682.5147956209106,969.9517857142856,332.92678571428576
3464,1898,141.8741873410944,933.9083112003631,682.5147956209106,971.175,326.725
3465,1899,141.7891972770628,933.9083112003631,682.5147956209106,972.3982142857143,320.5232142857143
3466,1900,141.70440840458022,933.9083112003631,682.5147956209106,973.6214285714285,314.32142857142856
3467,1901,141.61982038013795,933.9083112003631,682.5147956209106,974.8446428571428,308.1196428571429
3468,1902,141.53543285835076,933.9083112003631,682.5147956209106,976.0678571428571,301.91785714285714
3469,1903,141.45124549198925,939.6141935533043,662.4559720914989,977.2910714285714,295.7160714285714
3470,1904,141.36725793201222,945.3200759062454,642.3971485620871,978.5142857142857,289.51428571428573
3471,1905,141.28346982759854,951.0259582591866,622.3383250326754,979.7375,283.3125
3472,1906,141.19988082617905,956.7318406121278,602.2795015032635,980.9607142857143,277.11071428571427
3473,1907,141.11649057346796,962.437722965069,582.2206779738518,982.1839285714285,270.9089285714286
3474,1908,141.03329871349425,968.1436053180101,562.16185444444,983.4071428571428,264.70714285714286
3475,1909,140.9503048886326,973.8494876709514,542.1030309150283,984.6303571428571,258.5053571428571
3476,1910,140.86750873963402,979.5553700238926,522.0442073856165,985.8535714285714,252.30357142857144
3477,1911,140.7849099056566,985.2612523768337,501.98538385620475,987.0767857142857,246.1017857142857
3478,1912,140.70250802429558,990.9671347297749,481.9265603267929,988.3,239.9
3479,1913,140.62030273161358,996.6730170827161,461.8677367973812,988.3,239.9
3480,1914,140.53829366216996,1002.3788994356573,441.80891326796944,988.3,239.9
3481,1915,140.4564804490508,1008.0847817885984,421.7500897385577,988.3,239.9
3482,1916,140.37486272389776,1013.7906641415397,401.6912662091459,988.3,239.9
3483,1917,140.2934401169373,1019.4965464944808,381.63244267973414,988.3,239.9
3484,1918,140.2122122570095,1025.202428847422,361.5736191503224,988.3,239.9
3485,1919,140.13117877159632,1030.9083112003632,341.5147956209106,988.3,239.9
3486,1920,140.05033928685023,1030.9083112003632,341.5147956209106,988.3,239.9
3487,1921,139.96969342762185,1030.9083112003632,341.5147956209106,988.3,239.9
3488,1922,139.88924081748812,1030.9083112003632,341.5147956209106,988.3,239.9
3489,1923,139.80898107877934,1030.9083112003632,341.5147956209106,988.3,239.9
3490,1924,139.72891383260708,1030.9083112003632,341.5147956209106,988.3,239.9
3491,1925,139.6490386988907,1030.9083112003632,341.5147956209106,988.3,239.9
3492,1926,139.56935529638443,1030.9083112003632,341.5147956209106,988.3,239.9
3493,1927,139.48986324270388,1030.9083112003632,341.5147956209106,988.3,239.9
3494,1928,139.41056215435225,1030.9083112003632,341.5147956209106,988.3,239.9
3495,1929,139.33145164674673,1030.9083112003632,341.5147956209106,988.3,239.9
3496,1930,139.25253133424388,1030.9083112003632,341.5147956209106,988.3,239.9
3497,1931,139.17380083016562,1030.9083112003632,341.5147956209106,1049.45,229.85
3498,1932,139.0952597468246,1030.9083112003632,341.5147956209106,1110.6,219.8
3499,1933,139.01690769554884,1030.9083112003632,341.5147956209106,1171.75,209.75
3500,1934,138.9387442867074,1030.9083112003632,341.5147956209106,1232.9,199.7
3501,1935,138.86076912973428,1030.9083112003632,341.5147956209106,1232.9,199.7
3502,1936,138.78298183315354,1030.9083112003632,341.5147956209106,1232.9,199.7
3503,1937,138.70538200460282,1030.9083112003632,341.5147956209106,1232.9,199.7
3504,1938,138.62796925085794,1030.9083112003632,341.5147956209106,1232.9,199.7
3505,1939,138.55074317785605,1030.9083112003632,341.5147956209106,1232.9,199.7
3506,1940,138.47370339071975,1030.9083112003632,341.5147956209106,1232.9,199.7
3507,1941,138.39684949377974,1030.9083112003632,341.5147956209106,1232.9,199.7
3508,1942,138.3201810905982,1030.9083112003632,341.5147956209106,1232.9,199.7
3509,1943,138.24369778399182,1030.9083112003632,341.5147956209106,1232.9,199.7
3510,1944,138.16739917605378,1030.9083112003632,341.5147956209106,1232.9,199.7
3511,1945,138.09128486817684,1030.9083112003632,341.5147956209106,1232.9,199.7
3512,1946,138.01535446107482,1030.9083112003632,341.5147956209106,1232.9,199.7
3513,1947,137.93960755480512,1030.9083112003632,341.5147956209106,1232.9,199.7
3514,1948,137.86404374878984,1030.9083112003632,341.5147956209106,1232.9,199.7
3515,1949,137.78866264183773,1030.9083112003632,341.5147956209106,1232.9,199.7
3516,1950,137.71346383216527,1030.9083112003632,341.5147956209106,1232.9,199.7
3517,1951,137.63844691741767,1030.9083112003632,341.5147956209106,1232.9,199.7
3518,1952,137.5636114946898,1030.9083112003632,341.5147956209106,1232.9,199.7
3519,1953,137.4889571605467,1030.9083112003632,341.5147956209106,1232.9,199.7
3520,1954,137.41448351104404,1030.9083112003632,341.5147956209106,1232.9,199.7
3521,1955,137.34019014174828,1030.9083112003632,341.5147956209106,1232.9,199.7
3522,1956,137.26607664775662,1030.9083112003632,341.5147956209106,1232.9,199.7
3523,1957,137.19214262371688,1030.9083112003632,341.5147956209106,1232.9,199.7
3524,1958,137.11838766384687,1030.9083112003632,341.5147956209106,1232.9,199.7
3525,1959,137.04481136195386,1030.9083112003632,341.5147956209106,1232.9,199.7
3526,1960,136.97141331145363,1030.9083112003632,341.5147956209106,1172.68,193.6
3527,1961,136.89819310538948,1030.9083112003632,341.5147956209106,1112.46,187.5
3528,1962,136.82515033645078,1030.9083112003632,341.5147956209106,1052.24,181.39999999999998
3529,1963,136.75228459699196,1030.9083112003632,341.5147956209106,992.02,175.29999999999998
3530,1964,136.67959547904996,1030.9083112003632,341.5147956209106,931.8,169.2
3531,1965,136.60708257436337,1030.9083112003632,341.5147956209106,931.8,169.2
3532,1966,136.53474547438958,1030.9083112003632,341.5147956209106,931.8,169.2
3533,1967,136.4625837703227,1049.7906641415398,337.39714856208707,931.8,169.2
3534,1968,136.39059705311132,1068.6730170827161,333.27950150326353,931.8,169.2
3535,1969,136.31878491347547,1087.5553700238927,329.16185444444,931.8,169.2
3536,1970,136.24714694192411,1106.437722965069,325.04420738561646,931.8,169.2
3537,1971,136.17568272877162,1125.3200759062456,320.926560326793,931.8,169.2
3538,1972,136.10439186415505,1144.202428847422,316.80891326796944,931.8,169.2
3539,1973,136.03327393805023,1163.0847817885985,312.6912662091459,931.8,169.2
3540,1974,135.96232854028833,1181.967134729775,308.5736191503224,931.8,169.2
3541,1975,135.89155526057206,1200.8494876709515,304.45597209149884,931.8,169.2
3542,1976,135.82095368849158,1219.7318406121278,300.3383250326753,931.8,169.2
3543,1977,135.7505234135403,1238.6141935533044,296.22067797385176,931.8,169.2
3544,1978,135.6802640251305,1257.4965464944808,292.1030309150283,931.8,169.2
3545,1979,135.61017511260877,1276.3788994356573,287.98538385620475,931.8,169.2
3546,1980,135.5402562652712,1295.261252376834,283.8677367973812,931.8,169.2
3547,1981,135.47050707237864,1314.1436053180103,279.7500897385577,931.8,169.2
3548,1982,135.40092712317124,1333.0259582591866,275.63244267973414,931.8,169.2
3549,1983,135.3315160068834,1351.9083112003632,271.5147956209106,931.8,169.2
3550,1984,135.2622733127583,1351.9083112003632,271.5147956209106,931.8,169.2
3551,1985,135.19319863006217,1351.9083112003632,271.5147956209106,931.8,169.2
3552,1986,135.1242915480985,1351.9083112003632,271.5147956209106,883.76,165.94
3553,1987,135.055551656222,1351.9083112003632,271.5147956209106,835.72,162.68
3554,1988,134.9869785438526,1351.9083112003632,271.5147956209106,787.6800000000001,159.42
3555,1989,134.91857180048873,1351.9083112003632,271.5147956209106,739.64,156.16
3556,1990,134.85033101572134,1351.9083112003632,271.5147956209106,691.6,152.9
3557,1991,134.78225577924675,1351.9083112003632,271.5147956209106,691.6,152.9
3558,1992,134.71434568088017,1351.9083112003632,271.5147956209106,691.6,152.9
3559,1993,134.64660031056835,1351.9083112003632,271.5147956209106,691.6,152.9
3560,1994,134.57901925840272,1351.9083112003632,271.5147956209106,691.6,152.9
3561,1995,134.51160211463187,1351.9083112003632,271.5147956209106,691.6,152.9
3562,1996,134.44434846967408,1351.9083112003632,271.5147956209106,691.6,152.9
3563,1997,134.3772579141297,1351.9083112003632,271.5147956209106,691.6,152.9
3564,1998,134.31033003879335,1351.9083112003632,271.5147956209106,691.6,152.9
3565,1999,134.24356443466576,1322.437722965069,296.45597209149884,691.6,152.9
3566,2000,134.17696069296602,1292.967134729775,321.39714856208707,691.6,152.9
3567,2001,132.13524075551862,1263.4965464944808,346.3383250326753,691.6,152.9
3568,2001,129.87914983841873,1234.0259582591866,371.27950150326353,691.6,152.9
3569,2001,127.28651642587174,1204.5553700238925,396.22067797385176,691.6,152.9
3570,2001,124.2893653578575,1175.0847817885983,421.16185444444,691.6,152.9
3571,2001,120.80591703665225,1145.6141935533044,446.1030309150283,691.6,152.9
3572,2001,116.74045790740904,1116.1436053180103,471.04420738561646,691.6,152.9
3573,2001,111.98669582550794,1086.6730170827161,495.98538385620475,691.6,152.9
3574,2001,106.43813577665388,1057.202428847422,520.9265603267929,691.6,152.9
3575,2001,100.01032134737068,1027.7318406121278,545.8677367973812,691.6,152.9
3576,2001,92.67860161354533,998.2612523768337,570.8089132679695,691.6,152.9
3577,2001,84.52699286538422,968.7906641415395,595.7500897385577,691.6,152.9
3578,2001,75.78630061048723,939.3200759062454,620.6912662091459,691.6,152.9
3579,2001,66.82404195752567,909.8494876709514,645.6324426797341,691.6,152.9
3580,2001,58.06571613997214,880.3788994356572,670.5736191503224,691.6,152.9
3581,2001,49.8826223923555,850.9083112003631,695.5147956209106,691.6,152.9
3582,2001,42.512098644737954,850.9083112003631,695.5147956209106,691.6,152.9
3583,2001,36.044282760423165,850.9083112003631,695.5147956209106,691.6,152.9
3584,2001,36.044282760423165,850.9083112003631,695.5147956209106,691.6,152.9
3585,2001,36.044282760423165,850.9083112003631,695.5147956209106,691.6,152.9
3586,2001,36.044282760423165,850.9083112003631,695.5147956209106,691.6,152.9
3587,2001,36.044282760423165,850.9083112003631,695.5147956209106,691.6,152.9
3588,2001,36.044282760423165,850.9083112003631,695.5147956209106,691.6,152.9
3589,2001,36.044282760423165,850.9083112003631,695.5147956209106,729.5833333333334,154.43333333333334
3590,2001,36.044282760423165,850.9083112003631,695.5147956209106,767.5666666666667,155.96666666666667
3591,2001,36.044282760423165,850.9083112003631,695.5147956209106,805.55,157.5
3592,2001,36.044282760423165,850.9083112003631,695.5147956209106,843.5333333333333,159.03333333333333
3593,2001,36.044282760423165,850.9083112003631,695.5147956209106,881.5166666666667,160.56666666666666
3594,2001,36.044282760423165,850.9083112003631,695.5147956209106,919.5,162.1
3595,2001,36.044282760423165,850.9083112003631,695.5147956209106,919.5,162.1
3596,2001,36.044282760423165,850.9083112003631,695.5147956209106,919.5,162.1
3597,2001,36.044282760423165,850.9083112003631,695.5147956209106,919.5,162.1
3598,2001,36.044282760423165,850.9083112003631,695.5147956209106,919.5,162.1
3599,2001,36.044282760423165,850.9083112003631,695.5147956209106,919.5,162.1
3600,2001,36.044282760423165,850.9083112003631,695.5147956209106,919.5,162.1
3601,2001,36.044282760423165,850.9083112003631,695.5147956209106,919.5,162.1
3602,2001,36.044282760423165,850.9083112003631,695.5147956209106,919.5,162.1
3603,2001,36.044282760423165,850.9083112003631,695.5147956209106,919.5,162.1
3604,2001,36.044282760423165,850.9083112003631,695.5147956209106,919.5,162.1
3605,2001,36.044282760423165,850.9083112003631,695.5147956209106,919.5,162.1
3606,2001,36.044282760423165,850.9083112003631,695.5147956209106,919.5,162.1
3607,2001,36.044282760423165,850.9083112003631,695.5147956209106,919.5,162.1
3608,2001,36.044282760423165,850.9083112003631,695.5147956209106,919.5,162.1
3609,2001,36.044282760423165,850.9083112003631,695.5147956209106,919.5,162.1
3610,2001,36.044282760423165,850.9083112003631,695.5147956209106,919.5,162.1
3611,2001,36.044282760423165,850.9083112003631,695.5147956209106,919.5,162.1
3612,2001,36.044282760423165,850.9083112003631,695.5147956209106,919.5,162.1
3613,2001,36.044282760423165,842.9671347297748,696.9265603267929,919.5,162.1
3614,2001,36.044282760423165,835.0259582591866,698.3383250326754,919.5,162.1
3615,2001,34.15571545502933,827.0847817885983,699.7500897385577,919.5,162.1
3616,2001,32.444441910550886,819.1436053180101,701.16185444444,919.5,162.1
3617,2001,30.889278702483942,811.2024288474219,702.5736191503223,919.5,162.1
3618,2001,29.471802429523372,803.2612523768337,703.9853838562047,919.5,162.1
3619,2001,28.176028241849387,795.3200759062454,705.3971485620871,919.5,162.1
3620,2001,26.988097304026393,787.3788994356572,706.8089132679694,891.4666666666667,233.04999999999998
3621,2001,25.89598901601847,779.4377229650689,708.2206779738518,863.4333333333333,304.0
3622,2001,24.889264349390018,771.4965464944808,709.6324426797341,835.4,374.94999999999993
3623,2001,23.95884142611633,763.5553700238925,711.0442073856165,807.3666666666667,445.9
3624,2001,23.096801741602793,755.6141935533043,712.4559720914989,779.3333333333333,516.8499999999999
3625,2001,22.296224168955526,747.673017082716,713.8677367973812,751.3,587.8
3626,2001,21.55104344453464,739.7318406121278,715.2795015032635,751.3,587.8
3627,2001,20.855929844858156,731.7906641415395,716.6912662091459,751.3,587.8
3628,2001,20.206186998118778,723.8494876709512,718.1030309150283,751.3,587.8
3629,2001,19.597665101602797,715.9083112003631,719.5147956209106,751.3,587.8
3630,2001,19.02668716824103,715.9083112003631,719.5147956209106,751.3,587.8
3631,2001,18.48998626433708,715.9083112003631,719.5147956209106,751.3,587.8
3632,2001,18.48998626433708,715.9083112003631,719.5147956209106,751.3,587.8
3633,2001,18.48998626433708,715.9083112003631,719.5147956209106,751.3,587.8
3634,2001,18.48998626433708,715.9083112003631,719.5147956209106,751.3,587.8
3635,2001,18.48998626433708,715.9083112003631,719.5147956209106,751.3,587.8
3636,2001,18.48998626433708,715.9083112003631,719.5147956209106,751.3,587.8
3637,2001,18.48998626433708,715.9083112003631,719.5147956209106,751.3,587.8
3638,2001,18.48998626433708,715.9083112003631,719.5147956209106,751.3,587.8
3639,2001,18.48998626433708,715.9083112003631,719.5147956209106,751.3,587.8
3640,2001,18.48998626433708,715.9083112003631,719.5147956209106,751.3,587.8
3641,2001,18.48998626433708,715.9083112003631,719.5147956209106,751.3,587.8
3642,2001,18.48998626433708,715.9083112003631,719.5147956209106,695.7333333333333,519.9666666666666
3643,2001,18.48998626433708,715.9083112003631,719.5147956209106,640.1666666666666,452.1333333333333
3644,2001,18.48998626433708,715.9083112003631,719.5147956209106,584.5999999999999,384.29999999999995
3645,2001,18.48998626433708,715.9083112003631,719.5147956209106,529.0333333333333,316.46666666666664
3646,2001,18.48998626433708,715.9083112003631,719.5147956209106,473.46666666666664,248.63333333333333
3647,2001,18.48998626433708,715.9083112003631,719.5147956209106,417.9,180.8
3648,2001,18.48998626433708,715.9083112003631,719.5147956209106,417.9,180.8
3649,2001,18.48998626433708,715.9083112003631,719.5147956209106,417.9,180.8
3650,2001,18.48998626433708,715.9083112003631,719.5147956209106,417.9,180.8
3651,2001,18.48998626433708,715.9083112003631,719.5147956209106,417.9,180.8
3652,2001,18.48998626433708,715.9083112003631,719.5147956209106,417.9,180.8
3653,2001,18.48998626433708,715.9083112003631,719.5147956209106,417.9,180.8
3654,2001,18.48998626433708,715.9083112003631,719.5147956209106,417.9,180.8
3655,2001,18.48998626433708,715.9083112003631,719.5147956209106,417.9,180.8
3656,2001,18.48998626433708,715.9083112003631,719.5147956209106,392.375,149.75
3657,2001,18.48998626433708,715.9083112003631,719.5147956209106,366.85,118.7
3658,2001,18.48998626433708,715.9083112003631,719.5147956209106,341.325,87.65
3659,2001,18.48998626433708,715.9083112003631,719.5147956209106,315.8,56.6
3660,2001,18.48998626433708,715.9083112003631,719.5147956209106,315.8,56.6
3661,2001,18.48998626433708,715.9083112003631,719.5147956209106,315.8,56.6
3662,2001,18.48998626433708,715.9083112003631,719.5147956209106,315.8,56.6
3663,2001,18.48998626433708,715.9083112003631,719.5147956209106,315.8,56.6
3664,2001,18.48998626433708,715.9083112003631,719.5147956209106,315.8,56.6
3665,2001,18.48998626433708,715.9083112003631,719.5147956209106,315.8,56.6
3666,2001,18.48998626433708,715.9083112003631,719.5147956209106,315.8,56.6
3667,2001,18.48998626433708,715.9083112003631,719.5147956209106,315.8,56.6
3668,2001,18.48998626433708,715.9083112003631,719.5147956209106,315.8,56.6
3669,2001,18.48998626433708,715.9083112003631,719.5147956209106,315.8,56.6
3670,2001,18.48998626433708,715.9083112003631,719.5147956209106,315.8,56.6
3671,2001,18.48998626433708,715.9083112003631,719.5147956209106,315.8,56.6
3672,2001,18.48998626433708,715.9083112003631,719.5147956209106,315.8,56.6
3673,2001,18.48998626433708,715.9083112003631,719.5147956209106,315.8,56.6
3674,2001,18.48998626433708,715.9083112003631,719.5147956209106,315.8,56.6
3675,2001,18.48998626433708,715.9083112003631,719.5147956209106,315.8,56.6
3676,2001,18.48998626433708,715.9083112003631,719.5147956209106,416.9166666666667,77.26666666666667
3677,2001,18.48998626433708,1099.9083112003632,684.5147956209106,518.0333333333333,97.93333333333334
3678,2001,18.48998626433708,1099.9083112003632,684.5147956209106,619.1500000000001,118.6
3679,2001,46.69822138943287,1099.9083112003632,684.5147956209106,720.2666666666667,139.26666666666668
3680,2001,46.69822138943287,1099.9083112003632,684.5147956209106,821.3833333333334,159.93333333333334
3681,2001,46.69822138943287,1099.9083112003632,684.5147956209106,922.5,180.6
3682,2001,46.69822138943287,1099.9083112003632,684.5147956209106,922.5,180.6
3683,2001,46.69822138943287,1099.9083112003632,684.5147956209106,922.5,180.6
3684,2001,46.69822138943287,1099.9083112003632,684.5147956209106,922.5,180.6
3685,2001,46.69822138943287,1099.9083112003632,684.5147956209106,922.5,180.6
3686,2001,46.69822138943287,1099.9083112003632,684.5147956209106,922.5,180.6
3687,2001,46.69822138943287,1099.9083112003632,684.5147956209106,922.5,180.6
3688,2001,46.69822138943287,1099.9083112003632,684.5147956209106,922.5,180.6
3689,2001,46.69822138943287,1099.9083112003632,684.5147956209106,922.5,180.6
3690,2001,46.69822138943287,1099.9083112003632,684.5147956209106,922.5,180.6
3691,2001,46.69822138943287,1099.9083112003632,684.5147956209106,922.5,180.6
3692,2001,46.69822138943287,1099.9083112003632,684.5147956209106,922.5,180.6
3693,2001,46.69822138943287,1099.9083112003632,684.5147956209106,922.5,180.6
3694,2001,46.69822138943287,1099.9083112003632,684.5147956209106,922.5,180.6
3695,2001,46.69822138943287,1099.9083112003632,684.5147956209106,922.5,180.6
3696,2001,46.69822138943287,1099.9083112003632,684.5147956209106,922.5,180.6
3697,2001,46.69822138943287,1099.9083112003632,684.5147956209106,922.5,180.6
3698,2001,46.69822138943287,1099.9083112003632,684.5147956209106,922.5,180.6
3699,2001,46.69822138943287,1099.9083112003632,684.5147956209106,922.5,180.6
3700,2001,46.69822138943287,1099.9083112003632,684.5147956209106,922.5,180.6
3701,2001,46.69822138943287,1099.9083112003632,684.5147956209106,922.5,180.6
3702,2001,46.69822138943287,1099.9083112003632,684.5147956209106,922.5,180.6
3703,2001,46.69822138943287,1099.9083112003632,684.5147956209106,922.5,180.6
3704,2001,46.69822138943287,1099.9083112003632,684.5147956209106,922.5,180.6
3705,2001,46.69822138943287,1099.9083112003632,684.5147956209106,922.5,180.6
3706,2001,46.69822138943287,1099.9083112003632,684.5147956209106,922.5,180.6
3707,2001,46.69822138943287,1099.9083112003632,684.5147956209106,922.5,180.6
3708,2001,46.69822138943287,1099.9083112003632,684.5147956209106,922.5,180.6
3709,2001,46.69822138943287,1099.9083112003632,684.5147956209106,922.5,180.6
3710,2001,46.69822138943287,1099.9083112003632,684.5147956209106,922.5,180.6
3711,2001,46.69822138943287,1099.9083112003632,684.5147956209106,922.5,180.6
3712,2001,46.69822138943287,1099.9083112003632,684.5147956209106,922.5,180.6
3713,2001,46.69822138943287,1099.9083112003632,684.5147956209106,922.5,180.6
3714,2001,46.69822138943287,1099.9083112003632,684.5147956209106,922.5,180.6
3715,2001,46.69822138943287,1099.9083112003632,684.5147956209106,922.5,180.6
3716,2001,46.69822138943287,1099.9083112003632,684.5147956209106,922.5,180.6
3717,2001,46.69822138943287,1099.9083112003632,684.5147956209106,922.5,180.6
3718,2001,46.69822138943287,1099.9083112003632,684.5147956209106,922.5,180.6
3719,2001,46.69822138943287,1099.9083112003632,684.5147956209106,922.5,180.6
3720,2001,46.69822138943287,1099.9083112003632,684.5147956209106,922.5,180.6
3721,2001,46.69822138943287,1099.9083112003632,684.5147956209106,922.5,180.6
3722,2001,46.69822138943287,1099.9083112003632,684.5147956209106,922.5,180.6
3723,2001,46.69822138943287,1099.9083112003632,684.5147956209106,922.5,180.6
3724,2001,46.69822138943287,1099.9083112003632,684.5147956209106,922.5,180.6
3725,2001,46.69822138943287,1099.9083112003632,684.5147956209106,925.1,216.12
3726,2001,46.69822138943287,1099.9083112003632,684.5147956209106,927.7,251.64
3727,2001,46.69822138943287,1099.9083112003632,684.5147956209106,930.3,287.15999999999997
3728,2001,46.69822138943287,1099.9083112003632,684.5147956209106,932.9,322.67999999999995
3729,2001,46.69822138943287,1099.9083112003632,684.5147956209106,935.5,358.2
3730,2001,46.69822138943287,1099.9083112003632,684.5147956209106,935.5,358.2
3731,2001,46.69822138943287,1099.9083112003632,684.5147956209106,935.5,358.2
3732,2001,46.69822138943287,1099.9083112003632,684.5147956209106,935.5,358.2
3733,2001,46.69822138943287,1099.9083112003632,684.5147956209106,935.5,358.2
3734,2001,46.69822138943287,1099.9083112003632,684.5147956209106,935.5,358.2
3735,2001,46.69822138943287,1099.9083112003632,684.5147956209106,935.5,358.2
3736,2001,46.69822138943287,1099.9083112003632,684.5147956209106,935.5,358.2
3737,2001,46.69822138943287,1099.9083112003632,684.5147956209106,935.5,358.2
3738,2001,46.69822138943287,1099.9083112003632,684.5147956209106,935.5,358.2
3739,2001,46.69822138943287,1099.9083112003632,684.5147956209106,935.5,358.2
3740,2001,46.69822138943287,1099.9083112003632,684.5147956209106,935.5,358.2
3741,2001,46.69822138943287,1099.9083112003632,684.5147956209106,935.5,358.2
3742,2001,46.69822138943287,1099.9083112003632,684.5147956209106,935.5,358.2
3743,2001,46.69822138943287,1099.9083112003632,684.5147956209106,935.5,358.2
3744,2001,46.69822138943287,1099.9083112003632,684.5147956209106,935.5,358.2
3745,2001,46.69822138943287,1099.9083112003632,684.5147956209106,935.5,358.2
3746,2001,46.69822138943287,1099.9083112003632,684.5147956209106,935.5,358.2
3747,2001,46.69822138943287,1099.9083112003632,684.5147956209106,935.5,358.2
3748,2001,46.69822138943287,1099.9083112003632,684.5147956209106,935.5,358.2
3749,2001,46.69822138943287,1099.9083112003632,684.5147956209106,935.5,358.2
3750,2001,46.69822138943287,1099.9083112003632,684.5147956209106,935.5,358.2
3751,2001,46.69822138943287,1099.9083112003632,684.5147956209106,935.5,358.2
3752,2001,46.69822138943287,1099.9083112003632,684.5147956209106,935.5,358.2
3753,2001,46.69822138943287,1099.9083112003632,684.5147956209106,935.5,358.2
3754,2001,46.69822138943287,1099.9083112003632,684.5147956209106,935.5,358.2
3755,2001,46.69822138943287,1099.9083112003632,684.5147956209106,935.5,358.2
3756,2001,46.69822138943287,1099.9083112003632,684.5147956209106,935.5,358.2
3757,2001,46.69822138943287,1012.9083112003631,678.5147956209106,935.5,358.2
3758,2001,46.69822138943287,1012.9083112003631,678.5147956209106,935.5,358.2
3759,2001,46.69822138943287,1012.9083112003631,678.5147956209106,935.5,358.2
3760,2001,46.69822138943287,1012.9083112003631,678.5147956209106,935.5,358.2
3761,2001,46.69822138943287,1012.9083112003631,678.5147956209106,935.5,358.2
3762,2001,46.69822138943287,1012.9083112003631,678.5147956209106,955.72,407.71999999999997
3763,2001,46.69822138943287,1012.9083112003631,678.5147956209106,975.9399999999999,457.24
3764,2001,46.69822138943287,1012.9083112003631,678.5147956209106,996.16,506.76
3765,2001,46.69822138943287,1012.9083112003631,678.5147956209106,1016.3799999999999,556.28
3766,2001,46.69822138943287,1012.9083112003631,678.5147956209106,1036.6,605.8
3767,2001,46.69822138943287,1012.9083112003631,678.5147956209106,1036.6,605.8
3768,2001,46.69822138943287,1012.9083112003631,678.5147956209106,1036.6,605.8
3769,2001,46.69822138943287,1012.9083112003631,678.5147956209106,1036.6,605.8
3770,2001,46.69822138943287,1012.9083112003631,678.5147956209106,1036.6,605.8
3771,2001,46.69822138943287,1012.9083112003631,678.5147956209106,1036.6,605.8
3772,2001,46.69822138943287,1012.9083112003631,678.5147956209106,1036.6,605.8
3773,2001,46.69822138943287,1012.9083112003631,678.5147956209106,1036.6,605.8
3774,2001,46.69822138943287,1012.9083112003631,678.5147956209106,1036.6,605.8
3775,2001,46.69822138943287,1012.9083112003631,678.5147956209106,1036.6,605.8
3776,2001,46.69822138943287,1012.9083112003631,678.5147956209106,1036.6,605.8
3777,2001,46.69822138943287,1012.9083112003631,678.5147956209106,1036.6,605.8
3778,2001,46.69822138943287,1012.9083112003631,678.5147956209106,1036.6,605.8
3779,2001,46.69822138943287,1012.9083112003631,678.5147956209106,1083.3,607.76
3780,2001,46.69822138943287,1012.9083112003631,678.5147956209106,1130.0,609.72
3781,2001,46.69822138943287,1012.9083112003631,678.5147956209106,1176.6999999999998,611.68
3782,2001,46.69822138943287,1012.9083112003631,678.5147956209106,1223.3999999999999,613.64
3783,2001,46.69822138943287,1012.9083112003631,678.5147956209106,1270.1,615.6
3784,2001,46.69822138943287,1012.9083112003631,678.5147956209106,1270.1,615.6
3785,2001,46.69822138943287,1012.9083112003631,678.5147956209106,1270.1,615.6
3786,2001,46.69822138943287,1012.9083112003631,678.5147956209106,1270.1,615.6
3787,2001,46.69822138943287,1012.9083112003631,678.5147956209106,1270.1,615.6
3788,2001,46.69822138943287,1012.9083112003631,678.5147956209106,1270.1,615.6
3789,2001,46.69822138943287,1012.9083112003631,678.5147956209106,1270.1,615.6
3790,2002,46.76450263112706,1012.9083112003631,678.5147956209106,1270.1,615.6
3791,2003,46.83062323531293,1012.9083112003631,678.5147956209106,1270.1,615.6
3792,2004,46.89658360978332,1012.9083112003631,678.5147956209106,1270.1,615.6
3793,2005,46.9623841620561,1012.9083112003631,678.5147956209106,1270.1,615.6
3794,2006,47.02802529936302,1012.9083112003631,678.5147956209106,1270.1,615.6
3795,2007,47.09350742863877,1012.9083112003631,678.5147956209106,1270.1,615.6
3796,2008,47.158830956510656,1012.9083112003631,678.5147956209106,1270.1,615.6
3797,2009,47.22399628928772,1012.9083112003631,678.5147956209106,1270.1,615.6
3798,2010,47.28900383295073,1012.9083112003631,678.5147956209106,1270.1,615.6
3799,2011,47.353853993141556,1012.9083112003631,678.5147956209106,1270.1,615.6
3800,2012,47.418547175153584,1012.9083112003631,678.5147956209106,1270.1,615.6
3801,2013,47.48308378392118,1012.9083112003631,678.5147956209106,1270.1,615.6
3802,2014,47.54746422401043,1012.9083112003631,678.5147956209106,1216.05,606.8666666666667
3803,2015,47.61168889960926,1012.9083112003631,678.5147956209106,1162.0,598.1333333333333
3804,2016,47.67575821451762,1012.9083112003631,678.5147956209106,1107.9499999999998,589.4000000000001
3805,2017,47.739672572138666,1012.9083112003631,678.5147956209106,1053.8999999999999,580.6666666666667
3806,2018,47.80343237546895,1012.9083112003631,678.5147956209106,999.8499999999999,571.9333333333334
3807,2019,47.86703802708974,1012.9083112003631,678.5147956209106,945.8,563.2
3808,2020,47.930489929157645,1012.9083112003631,678.5147956209106,945.8,563.2
3809,2021,47.99378848339604,1012.9083112003631,678.5147956209106,945.8,563.2
3810,2022,48.05693409108632,1012.9083112003631,678.5147956209106,945.8,563.2
3811,2023,48.119927153058825,1012.9083112003631,678.5147956209106,945.8,563.2
3812,2024,48.18276806968526,1012.9083112003631,678.5147956209106,945.8,563.2
3813,2025,48.245457240869364,1012.9083112003631,678.5147956209106,945.8,563.2
3814,2026,48.307995066039446,1012.9083112003631,678.5147956209106,945.8,563.2
3815,2027,48.37038194413977,1012.9083112003631,678.5147956209106,945.8,563.2
3816,2028,48.432618273623014,1012.9083112003631,678.5147956209106,945.8,563.2
3817,2029,48.494704452441944,1012.9083112003631,678.5147956209106,945.8,563.2
3818,2030,48.55664087804209,1012.9083112003631,678.5147956209106,945.8,563.2
3819,2031,48.61842794735398,1012.9083112003631,678.5147956209106,945.8,563.2
3820,2032,48.680066056785435,1012.9083112003631,678.5147956209106,945.8,563.2
3821,2033,48.7415556022146,1012.9083112003631,678.5147956209106,945.8,563.2
3822,2034,48.802896978982254,1012.9083112003631,678.5147956209106,945.8,563.2
3823,2035,48.864090581885044,1012.9083112003631,678.5147956209106,945.8,563.2
3824,2036,48.92513680516811,1012.9083112003631,678.5147956209106,945.8,563.2
3825,2037,48.98603604251839,1012.9083112003631,678.5147956209106,945.8,563.2
3826,2038,49.04678868705783,1012.9083112003631,678.5147956209106,945.8,563.2
3827,2039,49.10739513133637,1012.9083112003631,678.5147956209106,945.8,563.2
3828,2040,49.167855767325776,1012.9083112003631,678.5147956209106,945.8,563.2
3829,2041,49.22817098641281,1012.9083112003631,678.5147956209106,945.8,563.2
3830,2042,49.28834117939313,1012.9083112003631,678.5147956209106,945.8,563.2
3831,2043,49.34836673646473,1012.9083112003631,678.5147956209106,945.8,563.2
3832,2044,49.40824804722212,1012.9083112003631,678.5147956209106,945.8,563.2
3833,2045,49.46798550064989,1012.9083112003631,678.5147956209106,945.8,563.2
3834,2046,49.52757948511707,1012.9083112003631,678.5147956209106,945.8,563.2
3835,2047,49.58703038837121,1012.9083112003631,678.5147956209106,945.8,563.2
3836,2048,49.64633859753235,1012.9083112003631,678.5147956209106,945.8,563.2
3837,2049,49.705504499087866,1012.9083112003631,678.5147956209106,945.8,563.2
3838,2050,49.76452847888635,1012.9083112003631,678.5147956209106,945.8,563.2
3839,2051,49.82341092213273,1012.9083112003631,678.5147956209106,945.8,563.2
3840,2052,49.88215221338235,1012.9083112003631,678.5147956209106,945.8,563.2
3841,2053,49.94075273653622,1012.9083112003631,678.5147956209106,945.8,563.2
3842,2054,49.99921287483544,1012.9083112003631,678.5147956209106,945.8,563.2
3843,2055,50.05753301085647,1012.9083112003631,678.5147956209106,945.8,563.2
3844,2056,50.11571352650582,1012.9083112003631,678.5147956209106,945.8,563.2
3845,2057,50.17375480301536,1012.9083112003631,678.5147956209106,945.8,563.2
3846,2058,50.231657220937635,1012.9083112003631,678.5147956209106,947.3666666666667,523.6333333333333
3847,2059,50.289421160140776,1012.9083112003631,678.5147956209106,948.9333333333333,484.0666666666667
3848,2060,50.34704699980438,1012.9083112003631,678.5147956209106,950.5,444.5
3849,2061,50.404535118414515,1012.9083112003631,678.5147956209106,952.0666666666667,404.9333333333334
3850,2062,50.46188589375962,1012.9083112003631,678.5147956209106,953.6333333333333,365.3666666666667
3851,2063,50.51909970292602,1012.9083112003631,678.5147956209106,955.2,325.8
3852,2064,50.57617692229358,1012.9083112003631,678.5147956209106,955.2,325.8
3853,2065,50.633117927531735,1012.9083112003631,678.5147956209106,955.2,325.8
3854,2066,50.6899230935951,1012.9083112003631,678.5147956209106,955.2,325.8
3855,2067,76.56370782866487,1012.9083112003631,678.5147956209106,955.2,325.8
3856,2068,76.62024243856355,1012.9083112003631,678.5147956209106,955.2,325.8
3857,2069,76.67664232982347,1012.9083112003631,678.5147956209106,955.2,325.8
3858,2070,76.73290787450144,1012.9083112003631,678.5147956209106,955.2,325.8
3859,2071,76.7890394439202,1012.9083112003631,678.5147956209106,955.2,325.8
3860,2072,76.84503740866515,1012.9083112003631,678.5147956209106,955.2,325.8
3861,2073,76.90090213858045,1012.9083112003631,678.5147956209106,955.2,325.8
3862,2074,76.9566340027659,1012.9083112003631,678.5147956209106,955.2,325.8
3863,2075,77.0122333695732,1012.9083112003631,678.5147956209106,955.2,325.8
3864,2076,77.06770060660303,1012.9083112003631,678.5147956209106,955.2,325.8
3865,2077,77.12303608070147,1012.9083112003631,678.5147956209106,955.2,325.8
3866,2078,77.17824015795705,1012.9083112003631,678.5147956209106,955.2,325.8
3867,2079,77.2333132036977,1012.9083112003631,678.5147956209106,955.2,325.8
3868,2080,77.28825558248744,1012.9083112003631,678.5147956209106,955.2,325.8
3869,2081,77.3430676581238,1012.9083112003631,678.5147956209106,955.2,325.8
3870,2082,77.3977497936347,1012.9083112003631,678.5147956209106,955.2,325.8
3871,2083,77.45230235127575,1012.9083112003631,678.5147956209106,955.2,325.8
3872,2084,77.5067256925275,1012.9083112003631,678.5147956209106,955.2,325.8
3873,2085,77.5610201780927,1012.9083112003631,678.5147956209106,955.2,325.8
3874,2086,77.61518616789402,1012.9083112003631,678.5147956209106,955.2,325.8
3875,2087,77.66922402107086,1012.9083112003631,678.5147956209106,955.2,325.8
3876,2088,77.72313409597763,1012.9083112003631,678.5147956209106,955.2,325.8
3877,2089,77.77691675018077,1012.9083112003631,678.5147956209106,955.3583333333333,331.26458333333335
3878,2090,77.83057234045685,1012.9083112003631,678.5147956209106,955.5166666666667,336.7291666666667
3879,2091,77.88410122278984,1012.9083112003631,678.5147956209106,955.6750000000001,342.19375
3880,2092,77.9375037523694,1012.9083112003631,678.5147956209106,955.8333333333334,347.65833333333336
3881,2093,77.99078028358824,1012.9083112003631,678.5147956209106,955.9916666666667,353.1229166666667
3882,2094,78.04393117004047,1012.9083112003631,678.5147956209106,956.1500000000001,358.58750000000003
3883,2095,78.09695676451923,1012.9083112003631,678.5147956209106,956.3083333333334,364.05208333333337
3884,2096,78.14985741901488,1012.9083112003631,678.5147956209106,956.4666666666667,369.51666666666665
3885,2097,78.2026334847131,1012.9083112003631,678.5147956209106,956.625,374.98125000000005
3886,2098,78.25528531199289,1012.9083112003631,678.5147956209106,956.7833333333333,380.4458333333333
3887,2099,78.3078132504251,1012.9083112003631,678.5147956209106,956.9416666666667,385.91041666666666
3888,2100,78.36021764877017,1012.9083112003631,678.5147956209106,957.1,391.375
3889,2101,78.41249885497706,1012.9083112003631,678.5147956209106,957.2583333333333,396.83958333333334
3890,2102,78.4646572161812,1012.9083112003631,678.5147956209106,957.4166666666667,402.3041666666667
3891,2103,78.51669307870291,1012.9083112003631,678.5147956209106,957.575,407.76875
3892,2104,78.56860678804624,1012.9083112003631,678.5147956209106,957.7333333333333,413.23333333333335
3893,2105,78.62039868889705,1012.9083112003631,678.5147956209106,957.8916666666667,418.6979166666667
3894,2106,78.67206912512209,1012.9083112003631,678.5147956209106,958.05,424.1625
3895,2107,78.72361843976711,1012.9083112003631,678.5147956209106,958.2083333333334,429.62708333333336
3896,2108,78.77504697505606,1012.9083112003631,678.5147956209106,958.3666666666667,435.0916666666667
3897,2109,78.82635507238935,1012.9083112003631,678.5147956209106,958.525,440.55625000000003
3898,2110,78.87754307234312,1012.9083112003631,678.5147956209106,958.6833333333334,446.02083333333337
3899,2111,78.92861131466782,1012.9083112003631,678.5147956209106,958.8416666666667,451.48541666666665
3900,2112,78.97956013828698,1012.9083112003631,678.5147956209106,959.0,456.95000000000005
3901,2113,79.03038988129656,1009.7318406121278,655.16185444444,959.1583333333333,462.4145833333333
3902,2114,79.08110088096338,1006.5553700238925,631.8089132679694,959.3166666666666,467.8791666666667
3903,2115,79.13169347372488,1003.3788994356572,608.4559720914988,959.475,473.34375
3904,2116,79.18216799518736,1000.2024288474219,585.1030309150283,959.6333333333333,478.80833333333334
3905,2117,79.23252478012586,997.0259582591866,561.7500897385577,959.7916666666666,484.2729166666667
3906,2118,79.28276416248296,993.8494876709514,538.3971485620871,959.95,489.7375
3907,2119,79.33288647536797,990.673017082716,515.0442073856165,960.1083333333333,495.20208333333335
3908,2120,79.3828920510564,987.4965464944808,491.6912662091459,960.2666666666667,500.6666666666667
3909,2121,79.43278122098904,984.3200759062454,468.33832503267536,960.425,506.13125
3910,2122,79.4825543157716,981.1436053180101,444.98538385620475,960.5833333333333,511.59583333333336
3911,2123,79.5322116651737,977.9671347297749,421.63244267973414,960.7416666666667,517.0604166666667
3912,2124,79.58175359812884,974.7906641415395,398.27950150326353,960.9,522.5250000000001
3913,2125,79.63118044273328,971.6141935533043,374.926560326793,961.0583333333333,527.9895833333334
3914,2126,79.6804925262461,968.4377229650689,351.5736191503224,961.2166666666667,533.4541666666667
3915,2127,79.7296901750884,965.2612523768337,328.2206779738518,961.375,538.91875
3916,2128,79.77877371484304,962.0847817885983,304.8677367973812,961.5333333333333,544.3833333333333
3917,2129,79.82774347025432,958.9083112003631,281.5147956209106,961.6916666666666,549.8479166666667
3918,2130,79.87659976522747,958.9083112003631,281.5147956209106,961.8499999999999,555.3125
3919,2131,17.622279903746918,958.9083112003631,281.5147956209106,962.0083333333333,560.7770833333334
3920,2132,17.670910246437952,958.9083112003631,281.5147956209106,962.1666666666666,566.2416666666667
3921,2133,17.719428095370027,958.9083112003631,281.5147956209106,962.3249999999999,571.70625
3922,2134,17.76783377109035,958.9083112003631,281.5147956209106,962.4833333333333,577.1708333333333
3923,2135,17.81612759330583,958.9083112003631,281.5147956209106,962.6416666666667,582.6354166666667
3924,2136,17.86430988088366,958.9083112003631,281.5147956209106,962.8,588.1
3925,2137,17.912380951850643,958.9083112003631,281.5147956209106,962.8,588.1
3926,2138,17.960341123393665,958.9083112003631,281.5147956209106,962.8,588.1
3927,2139,18.008190711859083,958.9083112003631,281.5147956209106,962.8,588.1
3928,2140,18.055930032753466,958.9083112003631,281.5147956209106,962.8,588.1
3929,2141,18.10355940074318,958.9083112003631,281.5147956209106,962.8,588.1
3930,2142,18.151079129654594,958.9083112003631,281.5147956209106,962.8,588.1
3931,2143,18.198489532474426,958.9083112003631,281.5147956209106,962.8,588.1
3932,2144,18.245790921349712,958.9083112003631,281.5147956209106,962.8,588.1
3933,2145,18.29298360758791,958.9083112003631,281.5147956209106,962.8,588.1
3934,2146,18.34006790165739,958.9083112003631,281.5147956209106,962.8,588.1
3935,2147,18.38704411318766,958.9083112003631,281.5147956209106,962.8,588.1
3936,2148,18.43391255096939,958.9083112003631,281.5147956209106,962.8,588.1
3937,2149,18.4806735229551,958.9083112003631,281.5147956209106,962.8,588.1
3938,2150,18.527327336259454,958.9083112003631,281.5147956209106,962.8,588.1
3939,2151,18.57387429715916,958.9083112003631,281.5147956209106,962.8,588.1
3940,2152,18.620314711094117,958.9083112003631,281.5147956209106,962.8,588.1
3941,2153,18.666648882667346,958.9083112003631,281.5147956209106,962.8,588.1
3942,2154,18.71287711564567,958.9083112003631,281.5147956209106,962.8,588.1
3943,2155,18.758999712959987,958.9083112003631,281.5147956209106,962.8,588.1
3944,2156,18.805016976706245,958.9083112003631,281.5147956209106,962.8,588.1
3945,2157,18.850929208145434,958.9083112003631,281.5147956209106,967.9142857142857,529.5571428571429
3946,2158,18.896736707704545,958.9083112003631,281.5147956209106,973.0285714285714,471.01428571428573
3947,2159,18.942439774977093,958.9083112003631,281.5147956209106,978.1428571428571,412.4714285714286
3948,2160,18.988038708723607,958.9083112003631,281.5147956209106,983.2571428571429,353.92857142857144
3949,2161,19.033533806872487,969.0662059372052,300.9884798314369,988.3714285714286,295.3857142857143
3950,2162,19.078925366520405,979.2241006740473,320.4621640419632,993.4857142857143,236.84285714285716
3951,2163,20.766908507026475,989.3819954108894,339.93584825248956,998.6,178.3
3952,2164,22.527683305882487,999.5398901477315,359.40953246301586,998.6,178.3
3953,2165,24.362926338032555,1009.6977848845736,378.88321667354217,998.6,178.3
3954,2166,26.273880567457805,1019.8556796214158,398.3569008840685,998.6,178.3
3955,2167,28.26125331787603,1030.0135743582578,417.8305850945948,998.6,178.3
3956,2168,30.325108015491622,1040.1714690951,437.3042693051211,998.6,178.3
3957,2169,32.46475337894425,1050.3293638319421,456.7779535156474,998.6,178.3
3958,2170,34.678635093714135,1060.4872585687842,476.2516377261737,998.6,178.3
3959,2171,36.96423636588285,1070.6451533056263,495.7253219367001,998.6,178.3
3960,2172,39.31799492181165,1080.8030480424684,515.1990061472263,998.6,178.3
3961,2173,41.73524477429411,1090.9609427793105,534.6726903577527,998.6,178.3
3962,2174,44.21019115614873,1101.1188375161526,554.146374568279,998.6,178.3
3963,2175,46.73592619538428,1111.2767322529949,573.6200587788053,998.6,178.3
3964,2176,49.30449102374471,1121.434626989837,593.0937429893316,998.6,178.3
3965,2177,51.90698707482755,1131.592521726679,612.567427199858,998.6,178.3
3966,2178,54.53373553651861,1141.750416463521,632.0411114103842,998.6,178.3
3967,2179,57.17447967063696,1151.9083112003632,651.5147956209106,998.6,178.3
3968,2180,57.21805737343931,1151.9083112003632,651.5147956209106,998.6,178.3
3969,2181,57.26153702570408,1151.9083112003632,651.5147956209106,998.6,178.3
3970,2182,57.30491890807331,1151.9083112003632,651.5147956209106,1061.45,181.10000000000002
3971,2183,57.34820330037688,1151.9083112003632,651.5147956209106,1124.3,183.9
3972,2184,57.39139048163347,1151.9083112003632,651.5147956209106,1187.15,186.7
3973,2185,57.43448073005159,1151.9083112003632,651.5147956209106,1250.0,189.5
3974,2186,57.47747432303111,1151.9083112003632,651.5147956209106,1250.0,189.5
3975,2187,57.52037153716401,1151.9083112003632,651.5147956209106,1250.0,189.5
3976,2188,57.563172648236,1151.9083112003632,651.5147956209106,1250.0,189.5
3977,2189,57.60587793122734,1151.9083112003632,651.5147956209106,1250.0,189.5
3978,2190,57.64848766031432,1151.9083112003632,651.5147956209106,1250.0,189.5
3979,2191,57.69100210887052,1151.9083112003632,651.5147956209106,1250.0,189.5
3980,2192,57.7334215494678,1151.9083112003632,651.5147956209106,1250.0,189.5
3981,2193,57.77574625387791,1151.9083112003632,651.5147956209106,1250.0,189.5
3982,2194,57.81797649307351,1151.9083112003632,651.5147956209106,1250.0,189.5
3983,2195,57.86011253722972,1151.9083112003632,651.5147956209106,1250.0,189.5
3984,2196,57.902154655725084,1151.9083112003632,651.5147956209106,1250.0,189.5
3985,2197,57.94410311714337,1151.9083112003632,651.5147956209106,1250.0,189.5
3986,2198,57.985958189274434,1151.9083112003632,651.5147956209106,1250.0,189.5
3987,2199,58.02772013911592,1151.9083112003632,651.5147956209106,1250.0,189.5
3988,2200,58.06938923287456,1151.9083112003632,651.5147956209106,1250.0,189.5
3989,2201,58.110965735967355,1151.9083112003632,651.5147956209106,1250.0,189.5
3990,2202,58.15244991302323,1151.9083112003632,651.5147956209106,1250.0,189.5
3991,2203,58.19384202788427,1151.9083112003632,651.5147956209106,1250.0,189.5
3992,2204,58.2351423436073,1151.9083112003632,651.5147956209106,1250.0,189.5
3993,2205,58.276351122464995,1151.9083112003632,651.5147956209106,1250.0,189.5
3994,2206,58.317468625947804,1151.9083112003632,651.5147956209106,1177.44,266.15999999999997
3995,2207,58.358495114765034,1151.9083112003632,651.5147956209106,1104.88,342.82
3996,2208,58.39943084884631,1151.9083112003632,651.5147956209106,1032.3200000000002,419.48
3997,2209,58.44027608734336,1028.9083112003632,661.5147956209106,959.76,496.14
3998,2210,58.48103108863114,1028.9083112003632,661.5147956209106,887.2,572.8
3999,2211,58.52169611030962,1028.9083112003632,661.5147956209106,887.2,572.8
4000,2212,58.56227140920503,1028.9083112003632,661.5147956209106,887.2,572.8
4001,2213,58.602757241371634,1028.9083112003632,661.5147956209106,887.2,572.8
4002,2214,58.64315386209303,1028.9083112003632,661.5147956209106,887.2,572.8
4003,2215,58.68346152588386,1028.9083112003632,661.5147956209106,887.2,572.8
4004,2216,58.723680486491304,1028.9083112003632,661.5147956209106,887.2,572.8
4005,2217,58.76381099689649,1028.9083112003632,661.5147956209106,887.2,572.8
4006,2218,58.803853309316324,1028.9083112003632,661.5147956209106,887.2,572.8
4007,2219,58.84380767520483,1028.9083112003632,661.5147956209106,887.2,572.8
4008,2220,58.88367434525487,1028.9083112003632,661.5147956209106,887.2,572.8
4009,2221,58.9234535693996,1028.9083112003632,661.5147956209106,887.2,572.8
4010,2222,58.963145596814236,1028.9083112003632,661.5147956209106,887.2,572.8
4011,2223,59.00275067591764,1028.9083112003632,661.5147956209106,887.2,572.8
4012,2224,59.042269054373655,1028.9083112003632,661.5147956209106,887.2,572.8
4013,2225,59.08170097909315,1028.9083112003632,661.5147956209106,887.2,572.8
4014,2226,59.1210466962353,1028.9083112003632,661.5147956209106,887.2,572.8
4015,2227,59.160306451209436,1028.9083112003632,661.5147956209106,887.2,572.8
4016,2228,59.199480488676535,1028.9083112003632,661.5147956209106,887.2,572.8
4017,2229,59.23856905255111,1028.9083112003632,661.5147956209106,887.2,572.8
4018,2230,59.277572386002426,1028.9083112003632,661.5147956209106,887.2,572.8
4019,2231,59.31649073145669,1028.9083112003632,661.5147956209106,887.2,572.8
4020,2232,59.355324330598435,1028.9083112003632,661.5147956209106,887.2,572.8
4021,2233,59.39407342437207,1028.9083112003632,661.5147956209106,887.2,572.8
4022,2234,59.43273825298389,1028.9083112003632,661.5147956209106,887.2,572.8
4023,2235,59.47131905590352,1028.9083112003632,661.5147956209106,887.2,572.8
4024,2236,59.50981607186568,1028.9083112003632,661.5147956209106,887.2,572.8
4025,2237,59.54822953887194,1028.9083112003632,661.5147956209106,887.2,572.8
4026,2238,59.586559694192296,1028.9083112003632,661.5147956209106,887.2,572.8
4027,2239,59.62480677436704,1028.9083112003632,661.5147956209106,887.2,572.8
4028,2240,59.66297101520833,1028.9083112003632,661.5147956209106,952.5,577.0999999999999
4029,2241,59.70105265180204,1028.9083112003632,661.5147956209106,1017.8000000000001,581.4
4030,2242,59.73905191850931,1028.9083112003632,661.5147956209106,1083.1,585.6999999999999
4031,2243,4.854607936702782,1028.9083112003632,661.5147956209106,1148.4,590.0
4031,2244,4.816772688684445,1028.9083112003632,661.5147956209106,1213.7,594.3
4031,2245,4.779019111844115,1028.9083112003632,661.5147956209106,1213.7,594.3
4031,2246,4.741346974701988,1028.9083112003632,661.5147956209106,1213.7,594.3
4031,2247,4.703756046494012,1028.9083112003632,661.5147956209106,1213.7,594.3
4031,2248,4.666246097169672,1028.9083112003632,661.5147956209106,1213.7,594.3
4031,2249,4.628816897391656,1028.9083112003632,661.5147956209106,1213.7,594.3
4031,2250,4.5914682185325395,1028.9083112003632,661.5147956209106,1213.7,594.3
4031,2251,4.554199832674937,1028.9083112003632,661.5147956209106,1213.7,594.3
4031,2252,4.517011512607768,1028.9083112003632,661.5147956209106,1213.7,594.3
4031,2253,4.479903031824947,1028.9083112003632,661.5147956209106,1213.7,594.3
4031,2254,4.44287416452542,1028.9083112003632,661.5147956209106,1213.7,594.3
4031,2255,4.405924685608141,1028.9083112003632,661.5147956209106,1213.7,594.3
4031,2256,4.3690543706736475,1028.9083112003632,661.5147956209106,1213.7,594.3
4031,2257,4.332262996019841,1015.3788994356573,663.2206779738518,1213.7,594.3
4031,2258,4.295550338641707,1001.8494876709514,664.9265603267929,1213.7,594.3
4031,2259,4.258916176228201,988.3200759062455,666.6324426797341,1213.7,594.3
4031,2260,4.222360287162105,974.7906641415397,668.3383250326754,1213.7,594.3
4031,2261,4.185882450516299,961.2612523768337,670.0442073856165,1213.7,594.3
4031,2262,4.149482446053464,947.7318406121278,671.7500897385577,1213.7,594.3
4031,2263,4.113160054224269,934.202428847422,673.4559720914989,1213.7,594.3
4031,2264,4.0769150561642205,920.6730170827161,675.16185444444,1213.7,594.3
4031,2265,4.040747233693522,907.1436053180101,676.8677367973812,1157.48,595.1999999999999
4031,2266,4.004656369313666,893.6141935533043,678.5736191503223,1101.26,596.0999999999999
4031,2267,3.9686422462076116,880.0847817885984,680.2795015032635,1045.04,597.0
4031,2268,3.9327046482356534,866.5553700238925,681.9853838562047,988.82,597.9
4031,2269,3.8968433599353696,853.0259582591866,683.6912662091459,932.6,598.8
4031,2270,3.8610581665196153,839.4965464944808,685.3971485620871,932.6,598.8
4031,2271,3.825348853873564,825.9671347297749,687.1030309150283,932.6,598.8
4031,2272,3.7897152085536296,812.4377229650689,688.8089132679694,932.6,598.8
4031,2273,3.754157017786546,798.9083112003631,690.5147956209106,932.6,598.8
4031,2274,3.718674069466463,798.9083112003631,690.5147956209106,932.6,598.8
4031,2275,3.6832661521522883,798.9083112003631,690.5147956209106,932.6,598.8
4031,2276,3.647933055068622,798.9083112003631,690.5147956209106,932.6,598.8
4031,2277,3.6126745681011085,798.9083112003631,690.5147956209106,932.6,598.8
4031,2278,3.5774904817957336,798.9083112003631,690.5147956209106,932.6,598.8
4031,2279,3.5423805873581147,798.9083112003631,690.5147956209106,932.6,598.8
4031,2280,3.507344676649562,798.9083112003631,690.5147956209106,932.6,598.8
4031,2281,3.4723825421869248,798.9083112003631,690.5147956209106,932.6,598.8
4031,2282,3.437493977139611,798.9083112003631,690.5147956209106,932.6,598.8
4031,2283,3.402678775328926,798.9083112003631,690.5147956209106,932.6,598.8
4031,2284,3.367936731225463,798.9083112003631,690.5147956209106,932.6,598.8
4031,2285,3.3332676399476937,798.9083112003631,690.5147956209106,932.6,598.8
4031,2286,3.298671297258962,798.9083112003631,690.5147956209106,932.6,598.8
4031,2287,3.2641474995679163,798.9083112003631,690.5147956209106,932.6,598.8
4031,2288,3.2296960439249505,798.9083112003631,690.5147956209106,932.6,598.8
4031,2289,3.1953167280205235,798.9083112003631,690.5147956209106,932.6,598.8
4031,2290,3.1610093501842313,798.9083112003631,690.5147956209106,932.6,598.8
4031,2291,3.1267737093816557,798.9083112003631,690.5147956209106,932.6,598.8
4031,2292,3.0926096052142498,798.9083112003631,690.5147956209106,932.6,598.8
4031,2293,3.0585168379159313,798.9083112003631,690.5147956209106,932.6,598.8
4031,2294,3.024495208352288,798.9083112003631,690.5147956209106,932.6,598.8
4031,2295,2.9905445180182015,798.9083112003631,690.5147956209106,932.6,598.8
4031,2296,2.956664569036491,798.9083112003631,690.5147956209106,932.6,598.8
4031,2297,2.922855164155401,798.9083112003631,690.5147956209106,932.6,598.8
4031,2298,2.8891161067476316,798.9083112003631,690.5147956209106,932.6,598.8
4031,2299,2.855447200808089,798.9083112003631,690.5147956209106,932.6,598.8
4031,2300,2.8218482509516876,798.9083112003631,690.5147956209106,932.6,598.8
4031,2301,2.7883190624128984,798.9083112003631,690.5147956209106,932.6,598.8
4031,2302,2.754859441042299,798.9083112003631,690.5147956209106,932.6,598.8
4031,2303,2.721469193305502,798.9083112003631,690.5147956209106,932.6,598.8
4031,2304,2.6881481262812734,798.9083112003631,690.5147956209106,932.6,598.8
4031,2305,2.6548960476601446,798.9083112003631,690.5147956209106,932.6,598.8
4031,2306,2.6217127657419046,798.9083112003631,690.5147956209106,934.7428571428571,553.5857142857143
4031,2307,2.5885980894348157,798.9083112003631,690.5147956209106,936.8857142857144,508.3714285714285
4031,2308,2.5555518282523018,798.9083112003631,690.5147956209106,939.0285714285715,463.15714285714284
4031,2309,2.522573792312078,798.9083112003631,690.5147956209106,941.1714285714286,417.9428571428571
4031,2310,2.4896637923351643,798.9083112003631,690.5147956209106,943.3142857142857,372.7285714285714
4031,2311,2.456821639642108,798.9083112003631,690.5147956209106,945.4571428571429,327.51428571428573
4031,2312,2.4240471461529176,798.9083112003631,690.5147956209106,947.6,282.3
4031,2313,2.3913401243845134,798.9083112003631,690.5147956209106,947.6,282.3
4031,2314,2.358700387448695,798.9083112003631,690.5147956209106,947.6,282.3
4031,2315,2.32612774905163,798.9083112003631,690.5147956209106,947.6,282.3
4031,2316,2.2936220234897573,798.9083112003631,690.5147956209106,947.6,282.3
4031,2317,2.2611830256509524,798.9083112003631,690.5147956209106,947.6,282.3
4031,2318,2.228810571009376,798.9083112003631,690.5147956209106,947.6,282.3
4031,2319,2.1965044756278034,798.9083112003631,690.5147956209106,947.6,282.3
4031,2320,2.1642645561517035,798.9083112003631,690.5147956209106,947.6,282.3
4031,2321,2.1320906298094267,798.9083112003631,690.5147956209106,945.1,242.625
4031,2322,2.099982514412029,798.9083112003631,690.5147956209106,942.6,202.95
4031,2323,2.067940028347939,798.9083112003631,690.5147956209106,940.1,163.275
4031,2324,2.035962990583724,798.9083112003631,690.5147956209106,937.6,123.6
4031,2325,2.0040512206610828,798.9083112003631,690.5147956209106,937.6,123.6
4031,2326,1.9722045386972202,798.9083112003631,690.5147956209106,937.6,123.6
4031,2327,1.9404227653803574,798.9083112003631,690.5147956209106,937.6,123.6
4031,2328,1.9087057219687775,798.9083112003631,690.5147956209106,937.6,123.6
4031,2329,1.8770532302899567,798.9083112003631,690.5147956209106,937.6,123.6
4031,2330,1.8454651127386026,798.9083112003631,690.5147956209106,937.6,123.6
4031,2331,1.8139411922734643,798.9083112003631,690.5147956209106,937.6,123.6
4031,2332,1.78248129241809,798.9083112003631,690.5147956209106,937.6,123.6
4031,2333,1.7510852372566594,798.9083112003631,690.5147956209106,937.6,123.6
4031,2334,1.7197528514342297,798.9083112003631,690.5147956209106,937.6,123.6
4031,2335,1.688483960152893,798.9083112003631,690.5147956209106,937.6,123.6
4031,2336,1.6572783891716816,798.9083112003631,690.5147956209106,937.6,123.6
4031,2337,1.6261359648044427,798.9083112003631,690.5147956209106,937.6,123.6
4031,2338,1.595056513918146,798.9083112003631,690.5147956209106,937.6,123.6
4031,2339,1.564039863931697,798.9083112003631,690.5147956209106,937.6,123.6
4031,2340,1.5330858428108032,798.9083112003631,690.5147956209106,937.6,123.6
4031,2341,1.5021942790709537,798.9083112003631,690.5147956209106,937.6,123.6
4031,2342,1.471365001775085,798.9083112003631,690.5147956209106,937.6,123.6
4031,2343,1.4405978405281776,798.9083112003631,690.5147956209106,937.6,123.6
4031,2344,1.4098926254786603,798.9083112003631,690.5147956209106,937.6,123.6
4031,2345,1.3792491873160566,798.9083112003631,690.5147956209106,937.6,123.6
4031,2346,1.3486673572680634,798.9083112003631,690.5147956209106,937.6,123.6
4031,2347,1.3181469671022288,798.9083112003631,690.5147956209106,937.6,123.6
4031,2348,1.287687849119119,798.9083112003631,690.5147956209106,937.6,123.6
4031,2349,1.2572898361564155,798.9083112003631,690.5147956209106,937.6,123.6
4031,2350,1.226952761581179,798.9083112003631,690.5147956209106,937.6,123.6
4031,2351,1.1966764592925525,798.9083112003631,690.5147956209106,937.6,123.6
4031,2352,1.1664607637202433,798.9083112003631,690.5147956209106,937.6,123.6
4031,2353,1.1363055098192865,807.3200759062454,689.6912662091459,937.6,123.6
4031,2354,1.1062105330705887,815.7318406121278,688.8677367973812,937.6,123.6
4031,2355,1.076175669479938,824.1436053180101,688.0442073856165,937.6,123.6
4031,2356,1.046200755575157,832.5553700238925,687.2206779738518,937.6,123.6
4031,2357,1.016285628403901,840.9671347297749,686.3971485620871,937.6,123.6
4031,2358,0.9864301255355667,849.3788994356572,685.5736191503223,937.6,123.6
4031,2359,0.9566340850525834,857.7906641415395,684.7500897385577,940.32,184.07999999999998
4031,2360,0.9268973455566322,866.2024288474219,683.9265603267929,943.0400000000001,244.56
4031,2361,0.897219746161571,874.6141935533043,683.1030309150283,945.76,305.03999999999996
4031,2362,0.8676011264929882,883.0259582591866,682.2795015032635,948.48,365.52
4031,2363,0.8380413266908177,891.4377229650689,681.4559720914989,951.2,426.0
4031,2364,0.8085401874009213,899.8494876709512,680.6324426797341,951.2,426.0
4031,2365,0.779097549777047,908.2612523768337,679.8089132679694,951.2,426.0
4031,2366,0.7497132554785255,916.673017082716,678.9853838562047,951.2,426.0
4031,2367,0.720387146668051,925.0847817885983,678.16185444444,951.2,426.0
4031,2368,0.6911190660143299,933.4965464944808,677.3383250326754,951.2,426.0
4031,2369,0.661908856684586,941.9083112003631,676.5147956209106,951.2,426.0
4031,2370,0.632756362343807,941.9083112003631,676.5147956209106,951.2,426.0
4031,2371,0.6036614271569934,941.9083112003631,676.5147956209106,951.2,426.0
4031,2372,0.5746238957853211,941.9083112003631,676.5147956209106,951.2,426.0
4031,2373,0.5456436133813064,941.9083112003631,676.5147956209106,951.2,426.0
4031,2374,0.5167204255945825,941.9083112003631,676.5147956209106,951.2,426.0
4031,2375,0.4878541785613241,941.9083112003631,676.5147956209106,951.2,426.0
4031,2376,0.45904471891140786,941.9083112003631,676.5147956209106,951.2,426.0
4031,2377,0.43029189376352633,941.9083112003631,676.5147956209106,946.4250000000001,462.8
4031,2378,0.4015955507140086,941.9083112003631,676.5147956209106,941.6500000000001,499.6
4031,2379,0.3729555378550752,941.9083112003631,676.5147956209106,936.875,536.4000000000001
4031,2380,0.34437170375606396,941.9083112003631,676.5147956209106,932.1,573.2
4031,2381,0.31584389747185193,941.9083112003631,676.5147956209106,932.1,573.2
4031,2382,0.2873719685289306,941.9083112003631,676.5147956209106,932.1,573.2
4031,2383,0.2589557669423104,941.9083112003631,676.5147956209106,932.1,573.2
4031,2384,0.2305951431997849,941.9083112003631,676.5147956209106,932.1,573.2
4031,2385,0.20228994826257019,941.9083112003631,676.5147956209106,932.1,573.2
4031,2386,0.1740400335675358,941.9083112003631,676.5147956209106,932.1,573.2
4031,2387,0.14584525102819051,941.9083112003631,676.5147956209106,932.1,573.2
4031,2388,0.11770545301375215,941.9083112003631,676.5147956209106,932.1,573.2
4031,2389,0.08962049238430389,941.9083112003631,676.5147956209106,932.1,573.2
4031,2390,0.061590222447502674,941.9083112003631,676.5147956209106,932.1,573.2
4031,2391,0.03361449698585128,941.9083112003631,676.5147956209106,932.1,573.2
4031,2392,0.00569317022531576,941.9083112003631,676.5147956209106,932.1,573.2
4031,2393,0.022173903033244954,941.9083112003631,676.5147956209106,932.1,573.2
4031,2394,0.04998686771096539,941.9083112003631,676.5147956209106,932.1,573.2
4031,2395,0.07774586816003053,941.9083112003631,676.5147956209106,932.1,573.2
4031,2396,0.10545104828624088,941.9083112003631,676.5147956209106,932.1,573.2
4031,2397,0.13310255153879844,941.9083112003631,676.5147956209106,932.1,573.2
4031,2398,0.16070052090739287,941.9083112003631,676.5147956209106,932.1,573.2
4031,2399,0.18824509895390892,941.9083112003631,676.5147956209106,932.1,573.2
4031,2400,0.21573642775494808,941.9083112003631,676.5147956209106,932.1,573.2
4031,2401,0.2431746489681428,948.5553700238925,650.16185444444,932.1,573.2
4031,2402,0.27055990377402095,955.2024288474219,623.8089132679694,932.1,573.2
4031,2403,0.2978923329191984,961.8494876709514,597.4559720914988,932.1,573.2
4031,2404,0.3251720767070501,968.4965464944808,571.1030309150283,932.1,573.2
4031,2405,0.3523992749840567,975.1436053180101,544.7500897385577,932.1,573.2
4031,2406,0.3795740671662194,981.7906641415395,518.3971485620871,932.1,573.2
4031,2407,0.40669659221869664,988.437722965069,492.04420738561646,932.1,573.2
4031,2408,0.43376698866798546,995.0847817885984,465.6912662091459,932.1,573.2
4031,2409,0.460785394607933,1001.7318406121278,439.33832503267536,933.0,503.6166666666667
4031,2410,0.48775194768705227,1008.3788994356572,412.98538385620475,933.9,434.03333333333336
4031,2411,0.514666785121534,1015.0259582591867,386.63244267973414,934.8,364.45000000000005
4031,2412,0.5415300436927047,1021.6730170827161,360.27950150326353,935.7,294.8666666666667
4031,2413,0.5683418597482017,1028.3200759062456,333.926560326793,936.6,225.2833333333333
4031,2414,0.5951023692056936,1034.967134729775,307.5736191503224,937.5,155.7
4031,2415,0.6218117075501809,1041.6141935533044,281.2206779738518,937.5,155.7
4031,2416,0.6484700098402186,1048.2612523768337,254.8677367973812,937.5,155.7
4031,2417,0.6750774107054843,1054.9083112003632,228.5147956209106,937.5,155.7
4031,2418,0.7016340443530571,1054.9083112003632,228.5147956209106,937.5,155.7
4031,2419,0.7281400445601661,1054.9083112003632,228.5147956209106,937.5,155.7
4031,2420,0.7545955446847541,1054.9083112003632,228.5147956209106,937.5,155.7
4031,2421,0.7810006776644316,1054.9083112003632,228.5147956209106,937.5,155.7
4031,2422,0.8073555760137121,1054.9083112003632,228.5147956209106,937.5,155.7
4031,2423,0.8336603718286544,1054.9083112003632,228.5147956209106,937.5,155.7
4031,2424,0.8599151967905432,1054.9083112003632,228.5147956209106,937.5,155.7
4031,2425,0.8861201821618248,1054.9083112003632,228.5147956209106,937.5,155.7
4031,2426,0.9122754587930348,1054.9083112003632,228.5147956209106,937.5,155.7
4031,2427,0.938381157118768,1054.9083112003632,228.5147956209106,937.5,155.7
4031,2428,0.9644374071647988,1054.9083112003632,228.5147956209106,937.5,155.7
4031,2429,0.9904443385455339,1054.9083112003632,228.5147956209106,937.5,155.7
4031,2430,1.0164020804660858,1054.9083112003632,228.5147956209106,937.5,155.7
4031,2431,1.0423107617229137,1054.9083112003632,228.5147956209106,937.5,155.7
4031,2432,1.0681705107101058,1054.9083112003632,228.5147956209106,937.5,155.7
4031,2433,1.0939814554120466,1054.9083112003632,228.5147956209106,937.5,155.7
4031,2434,1.1197437234149412,1054.9083112003632,228.5147956209106,937.5,155.7
4031,2435,1.1454574418973196,1054.9083112003632,228.5147956209106,937.5,155.7
4031,2436,1.1711227376416544,1054.9083112003632,228.5147956209106,937.5,155.7
4031,2437,1.1967397370292088,1054.9083112003632,228.5147956209106,937.5,155.7
4031,2438,1.2223085660441302,1054.9083112003632,228.5147956209106,937.5,155.7
4031,2439,1.2478293502711575,1054.9083112003632,228.5147956209106,937.5,155.7
4031,2440,1.2733022149047248,1054.9083112003632,228.5147956209106,937.5,155.7
4031,2441,1.2987272847403974,1054.9083112003632,228.5147956209106,937.5,155.7
4031,2442,1.3241046841845998,1054.9083112003632,228.5147956209106,937.5,155.7
4031,2443,1.3494345372505192,1054.9083112003632,228.5147956209106,937.5,155.7
4031,2444,1.374716967561852,1054.9083112003632,228.5147956209106,937.5,155.7
4031,2445,1.3999520983553353,1054.9083112003632,228.5147956209106,937.5,155.7
4031,2446,1.4251400524773554,1054.9083112003632,228.5147956209106,937.5,155.7
4031,2447,1.450280952390938,1054.9083112003632,228.5147956209106,937.5,155.7
4031,2448,1.4753749201728585,1054.9083112003632,228.5147956209106,937.5,155.7
4031,2449,1.500422077518798,1054.9083112003632,228.5147956209106,937.5,155.7
4031,2450,1.5254225457391246,1054.9083112003632,228.5147956209106,937.5,155.7
4031,2451,1.5503764457663578,1054.9083112003632,228.5147956209106,937.5,155.7
4031,2452,1.575283898151952,1054.9083112003632,228.5147956209106,937.5,155.7
4031,2453,1.6001450230692906,1054.9083112003632,228.5147956209106,937.5,155.7
4031,2454,1.6249599403168433,1054.9083112003632,228.5147956209106,937.5,155.7
4031,2455,1.6497287693143936,1054.9083112003632,228.5147956209106,937.5,155.7
4031,2456,1.6744516291102642,1054.9083112003632,228.5147956209106,937.5,155.7
4031,2457,1.6991286383778146,1054.9083112003632,228.5147956209106,937.5,155.7
4031,2458,1.7237599154200614,1054.9083112003632,228.5147956209106,937.5,155.7
4031,2459,1.7483455781680608,1054.9083112003632,228.5147956209106,904.85,227.5
4031,2460,1.772885744185592,1054.9083112003632,228.5147956209106,872.2,299.29999999999995
4031,2461,1.7973805306665582,1054.9083112003632,228.5147956209106,839.55,371.09999999999997
4031,2462,1.821830054439595,1054.9083112003632,228.5147956209106,806.9,442.9
4031,2463,1.8462344319667885,1054.9083112003632,228.5147956209106,774.25,514.7
4031,2464,1.8705937793479457,1054.9083112003632,228.5147956209106,741.6,586.5
4031,2465,1.8949082123172307,1054.9083112003632,228.5147956209106,741.6,586.5
4031,2466,1.9191778462493632,1054.9083112003632,228.5147956209106,741.6,586.5
4031,2467,1.9434027961576656,1054.9083112003632,228.5147956209106,741.6,586.5
4031,2468,1.967583176695781,1054.9083112003632,228.5147956209106,741.6,586.5
4031,2469,1.991719102160917,1054.9083112003632,228.5147956209106,741.6,586.5
4031,2470,2.0158106864916183,1054.9083112003632,228.5147956209106,741.6,586.5
4031,2471,2.0398580432724955,1054.9083112003632,228.5147956209106,741.6,586.5
4031,2472,2.0638612857324508,1054.9083112003632,228.5147956209106,741.6,586.5
4031,2473,2.087820526748271,1054.9083112003632,228.5147956209106,741.6,586.5
4031,2474,2.1117358788450513,1054.9083112003632,228.5147956209106,741.6,586.5
4031,2475,2.135607454195579,1054.9083112003632,228.5147956209106,741.6,586.5
4031,2476,2.1594353646255064,1054.9083112003632,228.5147956209106,741.6,586.5
4031,2477,2.1832197216100173,1054.9083112003632,228.5147956209106,741.6,586.5
4031,2478,2.2069606362779894,1054.9083112003632,228.5147956209106,789.075,587.125
4031,2479,2.230658219413125,1054.9083112003632,228.5147956209106,836.55,587.75
4031,2480,2.2543125814530853,1054.9083112003632,228.5147956209106,884.025,588.375
4031,2481,2.2779238324933346,1054.9083112003632,228.5147956209106,931.5,589.0
4031,2482,2.3014920822855363,1054.9083112003632,228.5147956209106,931.5,589.0
4031,2483,2.3250174402420196,1054.9083112003632,228.5147956209106,931.5,589.0
4031,2484,2.3485000154325473,1054.9083112003632,228.5147956209106,931.5,589.0
4031,2485,2.3719399165903554,1054.9083112003632,228.5147956209106,931.5,589.0
4031,2486,2.3953372521097966,1054.9083112003632,228.5147956209106,931.5,589.0
4031,2487,2.4186921300488047,1054.9083112003632,228.5147956209106,931.5,589.0
4031,2488,2.442004658130944,1054.9083112003632,228.5147956209106,931.5,589.0
4031,2489,2.4652749437438124,1054.9083112003632,228.5147956209106,931.5,589.0
4031,2490,2.488503093942676,1054.9083112003632,228.5147956209106,931.5,589.0
4031,2491,2.5116892154517547,1054.9083112003632,228.5147956209106,931.5,589.0
4031,2492,2.5348334146637255,1054.9083112003632,228.5147956209106,931.5,589.0
4031,2493,2.557935797640988,1054.9083112003632,228.5147956209106,931.5,589.0
4031,2494,2.580996470118156,1054.9083112003632,228.5147956209106,931.5,589.0
4031,2495,2.604015537502618,1054.9083112003632,228.5147956209106,931.5,589.0
4031,2496,2.626993104875092,1054.9083112003632,228.5147956209106,931.5,589.0
4031,2497,2.649929276991277,1025.9083112003632,249.5147956209106,931.5,589.0
4031,2498,2.6728241582830314,1025.9083112003632,249.5147956209106,931.5,589.0
4031,2499,2.6956778528583025,1025.9083112003632,249.5147956209106,931.5,589.0
4031,2500,2.7184904645043027,1025.9083112003632,249.5147956209106,931.5,589.0
4031,2501,2.741262096687887,1025.9083112003632,249.5147956209106,931.5,589.0
4031,2502,2.7639928525548907,1025.9083112003632,249.5147956209106,931.5,589.0
4031,2503,2.786682834933576,1025.9083112003632,249.5147956209106,931.5,589.0
4031,2504,2.8093321463345675,1025.9083112003632,249.5147956209106,931.5,589.0
4031,2505,2.831940888951971,1025.9083112003632,249.5147956209106,931.5,589.0
4031,2506,2.854509164665495,1025.9083112003632,249.5147956209106,931.5,589.0
4031,2507,2.877037075039454,1025.9083112003632,249.5147956209106,931.5,589.0
4031,2508,2.8995247213263746,1025.9083112003632,249.5147956209106,931.5,589.0
4031,2509,2.921972204465598,1025.9083112003632,249.5147956209106,931.5,589.0
4031,2510,2.9443796250864303,1025.9083112003632,249.5147956209106,931.5,589.0
4031,2511,2.966747083507987,1025.9083112003632,249.5147956209106,931.5,589.0
4031,2512,2.989074679740169,1025.9083112003632,249.5147956209106,931.5,589.0
4031,2513,3.011362513486199,1025.9083112003632,249.5147956209106,931.5,589.0
4031,2514,3.0336106841418364,1025.9083112003632,249.5147956209106,944.3125,530.8
4031,2515,3.05581929079715,1025.9083112003632,249.5147956209106,957.125,472.6
4031,2516,3.0779884322381417,1025.9083112003632,249.5147956209106,969.9375,414.4
4031,2517,3.100118206947378,1025.9083112003632,249.5147956209106,982.75,356.2
4031,2518,3.1222087131041625,1025.9083112003632,249.5147956209106,995.5625,298.0
4031,2519,3.144260048587057,1025.9083112003632,249.5147956209106,1008.375,239.79999999999995
4031,2520,3.1662723109743625,1025.9083112003632,249.5147956209106,1021.1875,181.59999999999997
4031,2521,3.1882455975442716,1025.9083112003632,249.5147956209106,1034.0,123.4
4031,2522,3.210180005277213,1025.9083112003632,249.5147956209106,1034.0,123.4
4031,2523,3.23207563085654,1025.9083112003632,249.5147956209106,1034.0,123.4
4031,2524,3.253932570668673,1025.9083112003632,249.5147956209106,1034.0,123.4
4031,2525,3.2757509208050495,1025.9083112003632,249.5147956209106,1034.0,123.4
4031,2526,3.2975307770632485,1025.9083112003632,249.5147956209106,1034.0,123.4
4031,2527,3.319272234946796,1025.9083112003632,249.5147956209106,1034.0,123.4
4031,2528,3.3409753896676224,1025.9083112003632,249.5147956209106,1034.0,123.4
4031,2529,3.3626403361465114,1025.9083112003632,249.5147956209106,1034.0,123.4
4031,2530,3.384267169013887,1025.9083112003632,249.5147956209106,1034.0,123.4
4031,2531,3.405855982610497,1025.9083112003632,249.5147956209106,1034.0,123.4
4031,2532,3.4274068709890635,1025.9083112003632,249.5147956209106,1034.0,123.4
4031,2533,3.4489199279162266,1025.9083112003632,249.5147956209106,1034.0,123.4
4031,2534,3.470395246870553,1025.9083112003632,249.5147956209106,1034.0,123.4
4031,2535,3.491832921046303,1025.9083112003632,249.5147956209106,1034.0,123.4
4031,2536,3.51323304335356,1025.9083112003632,249.5147956209106,1034.0,123.4
4031,2537,3.534595706419113,1025.9083112003632,249.5147956209106,1034.0,123.4
4031,2538,3.5559210025867274,1025.9083112003632,249.5147956209106,1034.0,123.4
4031,2539,3.57720902391969,1025.9083112003632,249.5147956209106,1034.0,123.4
4031,2540,3.5984598622004493,1025.9083112003632,249.5147956209106,1011.15,127.5
4031,2541,3.6196736089318295,1025.9083112003632,249.5147956209106,988.3,131.60000000000002
4031,2542,3.640850355338731,1025.9083112003632,249.5147956209106,965.45,135.70000000000002
4031,2543,3.661990192368314,1025.9083112003632,249.5147956209106,942.6,139.8
4031,2544,3.6830932106908127,1025.9083112003632,249.5147956209106,942.6,139.8
4031,2545,3.704159500701531,1025.9083112003632,249.5147956209106,942.6,139.8
4031,2546,3.72518915252066,1025.9083112003632,249.5147956209106,942.6,139.8
4031,2547,3.746182255994597,1025.9083112003632,249.5147956209106,942.6,139.8
4031,2548,3.7671389006971574,1025.9083112003632,249.5147956209106,942.6,139.8
4031,2549,3.7880591759304996,1025.9083112003632,249.5147956209106,942.6,139.8
4031,2550,3.808943170725862,1025.9083112003632,249.5147956209106,942.6,139.8
4031,2551,3.829790973844027,1025.9083112003632,249.5147956209106,942.6,139.8
4031,2552,3.85060267377704,1025.9083112003632,249.5147956209106,942.6,139.8
4031,2553,3.871378358748973,1025.9083112003632,249.5147956209106,942.6,139.8
4031,2554,3.892118116716691,1025.9083112003632,249.5147956209106,942.6,139.8
4031,2555,3.9128220353703607,1025.9083112003632,249.5147956209106,942.6,139.8
4031,2556,3.9334902021352747,1025.9083112003632,249.5147956209106,942.6,139.8
4031,2557,3.9541227041720965,1025.9083112003632,249.5147956209106,942.6,139.8
4031,2558,3.97471962837767,1025.9083112003632,249.5147956209106,942.6,139.8
4031,2559,3.995281061386684,1025.9083112003632,249.5147956209106,942.6,139.8
4031,2560,4.015807089571677,1025.9083112003632,249.5147956209106,942.6,139.8
4031,2561,4.036297799044613,1025.9083112003632,249.5147956209106,942.6,139.8
4031,2562,4.056753275657473,1025.9083112003632,249.5147956209106,942.6,139.8
4031,2563,4.077173605002767,1025.9083112003632,249.5147956209106,942.6,139.8
4031,2564,4.097558872415584,1025.9083112003632,249.5147956209106,942.6,139.8
4031,2565,4.117909162973055,1025.9083112003632,249.5147956209106,942.6,139.8
4031,2566,4.138224561496334,1025.9083112003632,249.5147956209106,942.6,139.8
4031,2567,4.158505152550815,1025.9083112003632,249.5147956209106,942.6,139.8
4031,2568,4.178751020447241,1025.9083112003632,249.5147956209106,942.6,139.8
4031,2569,4.198962249242918,1025.9083112003632,249.5147956209106,942.6,139.8
4031,2570,4.219138922741887,1025.9083112003632,249.5147956209106,942.6,139.8
4031,2571,4.239281124496181,1025.9083112003632,249.5147956209106,942.6,139.8
4031,2572,4.259388937806968,1025.9083112003632,249.5147956209106,942.6,139.8
4031,2573,4.279462445724545,1025.9083112003632,249.5147956209106,942.6,139.8
4031,2574,4.29950173105038,1025.9083112003632,249.5147956209106,942.6,139.8
4031,2575,4.319506876337038,1025.9083112003632,249.5147956209106,942.6,139.8
4031,2576,4.339477963889327,1025.9083112003632,249.5147956209106,942.6,139.8
4031,2577,4.359415075765109,1025.9083112003632,249.5147956209106,942.6,139.8
4031,2578,4.379318293776385,1025.9083112003632,249.5147956209106,896.98,223.38000000000002
4031,2579,4.39918769949006,1025.9083112003632,249.5147956209106,851.36,306.96000000000004
4031,2580,4.419023374227813,1025.9083112003632,249.5147956209106,805.74,390.5400000000001
4031,2581,4.438825399069061,1025.9083112003632,249.5147956209106,760.12,474.12000000000006
4031,2582,4.458593854849534,1025.9083112003632,249.5147956209106,714.5,557.7
4031,2583,4.478328822163687,1025.9083112003632,249.5147956209106,714.5,557.7
4031,2584,4.498030381364493,1025.9083112003632,249.5147956209106,714.5,557.7
4031,2585,4.5176986125646446,1025.9083112003632,249.5147956209106,714.5,557.7
4031,2586,4.5373335956383345,1025.9083112003632,249.5147956209106,714.5,557.7
4031,2587,4.556935410220152,1025.9083112003632,249.5147956209106,714.5,557.7
4031,2588,4.576504135707151,1025.9083112003632,249.5147956209106,714.5,557.7
4031,2589,4.596039851259871,1025.9083112003632,249.5147956209106,714.5,557.7
4031,2590,4.615542635802197,1025.9083112003632,249.5147956209106,714.5,557.7
4031,2591,4.635012568023226,1025.9083112003632,249.5147956209106,714.5,557.7
4031,2592,4.654449726376772,1025.9083112003632,249.5147956209106,714.5,557.7
4031,2593,4.67385418908374,1037.5553700238927,271.5147956209106,714.5,557.7
4031,2594,4.693226034131759,1049.202428847422,293.5147956209106,714.5,557.7
4031,2595,4.712565339275874,1060.8494876709515,315.5147956209106,714.5,557.7
4031,2596,4.731872182040639,1072.4965464944808,337.5147956209106,714.5,557.7
4031,2597,4.751146639719224,1084.1436053180103,359.5147956209106,714.5,557.7
4031,2598,4.770388789375773,1095.7906641415398,381.5147956209106,714.5,557.7
4031,2599,4.789598707844879,1107.437722965069,403.5147956209106,714.5,557.7
4031,2600,4.808776471733206,1119.0847817885985,425.5147956209106,714.5,557.7
4031,2601,4.827922157419859,1130.7318406121278,447.5147956209106,714.5,557.7
4031,2602,4.847035841057666,1142.3788994356573,469.5147956209106,714.5,557.7
4031,2603,4.866117598572982,1154.0259582591866,491.5147956209106,714.5,557.7
4031,2604,4.885167505667783,1165.6730170827161,513.5147956209106,714.5,557.7
4031,2605,4.9041856378188395,1177.3200759062456,535.5147956209106,714.5,557.7
4031,2606,4.923172070279998,1188.967134729775,557.5147956209106,714.5,557.7
4031,2607,4.942126878082086,1200.6141935533044,579.5147956209106,714.5,557.7
4031,2608,4.9610501360338874,1212.2612523768337,601.5147956209106,714.5,557.7
4031,2609,4.979941918722921,1223.9083112003632,623.5147956209106,714.5,557.7
4031,2610,4.998802300516242,1223.9083112003632,623.5147956209106,714.5,557.7
4032,2611,5.017631355560824,1223.9083112003632,623.5147956209106,714.5,557.7
4033,2612,5.036429157784857,1223.9083112003632,623.5147956209106,714.5,557.7
4034,2613,5.055195780898178,1223.9083112003632,623.5147956209106,714.5,557.7
4035,2614,5.073931298393166,1223.9083112003632,623.5147956209106,714.5,557.7
4036,2615,5.092635783545025,1223.9083112003632,623.5147956209106,714.5,557.7
4037,2616,5.111309309413449,1223.9083112003632,623.5147956209106,714.5,557.7
4038,2617,5.129951948841874,1223.9083112003632,623.5147956209106,714.5,557.7
4039,2618,5.1485637744603325,1223.9083112003632,623.5147956209106,714.5,557.7
4040,2619,5.167144858684128,1223.9083112003632,623.5147956209106,714.5,557.7
4041,2620,5.18569527371566,1223.9083112003632,623.5147956209106,714.5,557.7
4042,2621,5.204215091544795,1223.9083112003632,623.5147956209106,714.5,557.7
4043,2622,5.222704383949618,1223.9083112003632,623.5147956209106,714.5,557.7
4044,2623,5.241163222497609,1223.9083112003632,623.5147956209106,714.5,557.7
4045,2624,5.2595916785456165,1223.9083112003632,623.5147956209106,737.36,536.49
4046,2625,5.277989823241162,1228.1436053180103,626.8677367973812,760.22,515.2800000000001
4047,2626,5.2963577275226035,1232.3788994356573,630.2206779738518,783.08,494.07000000000005
4048,2627,5.314695462120494,1236.6141935533044,633.5736191503223,805.94,472.86
4049,2628,5.333003097557525,1240.8494876709515,636.9265603267929,828.8,451.65000000000003
4050,2629,5.351280704150276,1245.0847817885985,640.2795015032635,851.6600000000001,430.44000000000005
4051,2630,5.369528352008738,1249.3200759062456,643.6324426797341,874.52,409.23
4052,2631,5.387746111037776,1253.5553700238927,646.9853838562047,897.38,388.02000000000004
4053,2632,5.405934050937731,1257.7906641415398,650.3383250326754,920.24,366.81000000000006
4054,2633,5.42409224120431,1262.0259582591866,653.6912662091459,943.1,345.6
4055,2634,5.4422207511314005,1266.2612523768337,657.0442073856165,943.1,345.6
4056,2635,5.460319649808729,1270.4965464944808,660.3971485620871,943.1,345.6
4057,2636,5.478389006125335,1274.7318406121278,663.7500897385577,943.1,345.6
4058,2637,5.496428888768165,1278.967134729775,667.1030309150283,943.1,345.6
4059,2638,5.514439366224325,1283.202428847422,670.4559720914989,943.1,345.6
4060,2639,5.532420506780601,1287.437722965069,673.8089132679694,943.1,345.6
4061,2640,5.550372378525097,1291.6730170827161,677.16185444444,943.1,345.6
4062,2641,5.568295049346894,1295.9083112003632,680.5147956209106,943.1,345.6
4063,2642,5.586188586937538,1295.9083112003632,680.5147956209106,943.1,345.6
4064,2643,5.60405305879135,1295.9083112003632,680.5147956209106,943.1,345.6
4065,2644,5.621888532206445,1295.9083112003632,680.5147956209106,943.1,345.6
4066,2645,5.639695074284652,1295.9083112003632,680.5147956209106,943.1,345.6
4067,2646,5.657472751932839,1295.9083112003632,680.5147956209106,943.1,345.6
4068,2647,5.675221631863427,1295.9083112003632,680.5147956209106,943.1,345.6
4069,2648,5.692941780594918,1295.9083112003632,680.5147956209106,943.1,345.6
4070,2649,5.710633264452605,1295.9083112003632,680.5147956209106,943.1,345.6
4071,2650,5.728296149569414,1295.9083112003632,680.5147956209106,943.1,345.6
4072,2651,5.745930501886097,1295.9083112003632,680.5147956209106,943.1,345.6
4073,2652,5.763536387152203,1295.9083112003632,680.5147956209106,943.1,345.6
4074,2653,5.781113870927019,1295.9083112003632,680.5147956209106,943.1,345.6
4075,2654,5.798663018579534,1295.9083112003632,680.5147956209106,943.1,345.6
4076,2655,5.816183895289307,1295.9083112003632,680.5147956209106,943.1,345.6
4077,2656,5.833676566047506,1295.9083112003632,680.5147956209106,943.1,345.6
4078,2657,5.851141095657264,1279.437722965069,665.0442073856165,943.1,345.6
4079,2658,5.868577548733964,1262.967134729775,649.5736191503223,943.1,345.6
4080,2659,5.88598598970673,1246.4965464944808,634.1030309150283,943.1,345.6
4081,2660,5.903366482817822,1230.0259582591866,618.6324426797341,943.1,345.6
4082,2661,5.920719092124696,1213.5553700238925,603.16185444444,943.1,345.6
4083,2662,5.938043881499399,1197.0847817885985,587.6912662091459,943.1,345.6
4084,2663,5.955340914629876,1180.6141935533044,572.2206779738518,943.1,345.6
4085,2664,5.972610255020426,1164.1436053180103,556.7500897385577,943.1,345.6
4086,2665,5.9898519659919005,1147.6730170827161,541.2795015032635,943.1,345.6
4087,2666,6.007066110683623,1131.202428847422,525.8089132679694,943.1,345.6
4088,2667,6.024252752052129,1114.7318406121278,510.3383250326753,943.1,345.6
4089,2668,6.041411952873209,1098.2612523768337,494.8677367973812,943.1,345.6
4090,2669,6.058543775742043,1081.7906641415395,479.39714856208707,943.1,345.6
4091,2670,6.075648283073558,1065.3200759062454,463.9265603267929,943.1,345.6
4092,2671,6.09272553710352,1048.8494876709512,448.45597209149884,943.1,345.6
4093,2672,6.1097755998892,1032.3788994356573,432.98538385620475,943.1,345.6
4094,2673,6.12679853330885,1015.9083112003631,417.5147956209106,943.1,345.6
4095,2674,7.4333670137324255,1015.9083112003631,417.5147956209106,943.1,345.6
4096,2675,8.887791767831002,1015.9083112003631,417.5147956209106,943.1,345.6
4097,2676,10.514894646655236,1015.9083112003631,417.5147956209106,943.1,345.6
4098,2677,12.344722684671185,1015.9083112003631,417.5147956209106,943.1,345.6
4099,2678,14.413727472187118,1015.9083112003631,417.5147956209106,943.1,345.6
4100,2679,16.766128305538917,1015.9083112003631,417.5147956209106,943.1,345.6
4101,2680,19.455373689940927,1015.9083112003631,417.5147956209106,943.1,345.6
4102,2681,22.545464772739777,1015.9083112003631,417.5147956209106,943.1,345.6
4103,2682,26.111610339583933,1015.9083112003631,417.5147956209106,943.1,345.6
4104,2683,30.239158757061237,1015.9083112003631,417.5147956209106,943.1,345.6
4105,2684,35.01893078609709,1015.9083112003631,417.5147956209106,943.1,345.6
4106,2685,40.53608293792848,1015.9083112003631,417.5147956209106,943.1,345.6
4107,2686,46.849199253641615,1015.9083112003631,417.5147956209106,943.1,345.6
4108,2687,53.958368897366476,1015.9083112003631,417.5147956209106,943.1,345.6
4109,2688,61.768328928856704,1015.9083112003631,417.5147956209106,943.1,345.6
4110,2689,70.06504771915145,1015.9083112003631,417.5147956209106,943.1,345.6
4111,2690,78.53096811187444,1015.9083112003631,417.5147956209106,943.1,345.6
4112,2691,78.54751309834695,1015.9083112003631,417.5147956209106,943.1,345.6
4113,2692,78.56403209807176,1015.9083112003631,417.5147956209106,943.1,345.6
4114,2693,78.58052516948607,1015.9083112003631,417.5147956209106,943.1,345.6
4115,2694,78.59699237086089,1015.9083112003631,417.5147956209106,943.1,345.6
4116,2695,78.61343376030179,1015.9083112003631,417.5147956209106,943.1,345.6
4117,2696,78.6298493957492,1015.9083112003631,417.5147956209106,943.1,345.6
4118,2697,78.6462393349792,1015.9083112003631,417.5147956209106,943.1,345.6
4119,2698,78.66260363560387,1015.9083112003631,417.5147956209106,943.1,345.6
4120,2699,78.67894235507192,1015.9083112003631,417.5147956209106,943.1,345.6
4121,2700,78.69525555066934,1015.9083112003631,417.5147956209106,943.1,345.6
4122,2701,78.71154327951969,1015.9083112003631,417.5147956209106,943.1,345.6
4123,2702,78.72780559858487,1015.9083112003631,417.5147956209106,943.1,345.6
4124,2703,78.74404256466549,1015.9083112003631,417.5147956209106,943.1,345.6
4125,2704,78.76025423440156,1015.9083112003631,417.5147956209106,943.1,345.6
4126,2705,78.77644066427298,1015.9083112003631,417.5147956209106,943.1,345.6
4127,2706,78.79260191059986,1015.9083112003631,417.5147956209106,943.1,345.6
4128,2707,78.80873802954345,1015.9083112003631,417.5147956209106,943.1,345.6
4129,2708,78.82484907710621,1015.9083112003631,417.5147956209106,943.1,345.6
4130,2709,78.84093510913279,1015.9083112003631,417.5147956209106,943.1,345.6
4131,2710,78.85699618131012,1015.9083112003631,417.5147956209106,943.1,345.6
4132,2711,78.87303234916838,1015.9083112003631,417.5147956209106,948.9200000000001,315.3
4133,2712,78.88904366808099,1015.9083112003631,417.5147956209106,954.74,285.0
4134,2713,78.90503019326567,1015.9083112003631,417.5147956209106,960.5600000000001,254.70000000000002
4135,2714,78.92099197978463,1015.9083112003631,417.5147956209106,966.38,224.4
4136,2715,78.93692908254508,1015.9083112003631,417.5147956209106,972.2,194.1
4137,2716,78.95284155629992,1015.9083112003631,417.5147956209106,972.2,194.1
4138,2717,78.96872945564802,1015.9083112003631,417.5147956209106,972.2,194.1
4139,2718,78.98459283503503,1015.9083112003631,417.5147956209106,972.2,194.1
4140,2719,79.0004317487536,1015.9083112003631,417.5147956209106,972.2,194.1
4141,2720,79.01624625094398,1015.9083112003631,417.5147956209106,972.2,194.1
4142,2721,79.03203639559464,1013.8494876709514,412.80891326796944,972.2,194.1
4143,2722,79.04780223654258,1011.7906641415395,408.1030309150282,972.2,194.1
4144,2723,79.06354382747402,1009.7318406121278,403.39714856208707,972.2,194.1
4145,2724,79.07926122192464,1007.673017082716,398.6912662091459,972.2,194.1
4146,2725,79.0949544732804,1005.6141935533043,393.98538385620475,972.2,194.1
4147,2726,79.11062363477771,1003.5553700238925,389.27950150326353,972.2,194.1
4148,2727,79.12626875950426,1001.4965464944808,384.5736191503224,972.2,194.1
4149,2728,79.14188990039915,999.4377229650689,379.8677367973812,972.2,194.1
4150,2729,79.15748711025367,997.3788994356572,375.16185444444,972.2,194.1
4151,2730,79.17306044171164,995.3200759062454,370.45597209149884,972.2,194.1
4152,2731,79.18860994726991,993.2612523768337,365.7500897385577,972.2,194.1
4153,2732,79.2041356792789,991.2024288474219,361.04420738561646,972.2,194.1
4154,2733,79.21963768994296,989.1436053180101,356.3383250326753,972.2,194.1
4155,2734,79.23511603132104,987.0847817885983,351.63244267973414,972.2,194.1
4156,2735,79.25057075532698,985.0259582591866,346.9265603267929,972.2,194.1
4157,2736,79.26600191373007,982.9671347297749,342.22067797385176,972.2,194.1
4158,2737,79.28140955815557,980.9083112003631,337.5147956209106,972.2,194.1
4159,2738,79.29679374008506,980.9083112003631,337.5147956209106,972.2,194.1
4160,2739,79.31215451085708,980.9083112003631,337.5147956209106,972.2,194.1
4161,2740,79.32749192166735,980.9083112003631,337.5147956209106,972.2,194.1
4162,2741,79.34280602356952,980.9083112003631,337.5147956209106,972.2,194.1
4163,2742,79.35809686747544,980.9083112003631,337.5147956209106,972.2,194.1
4164,2743,79.37336450415575,980.9083112003631,337.5147956209106,972.2,194.1
4165,2744,79.38860898424016,980.9083112003631,337.5147956209106,972.2,194.1
4166,2745,79.4038303582181,980.9083112003631,337.5147956209106,972.2,194.1
4167,2746,79.41902867643918,980.9083112003631,337.5147956209106,972.2,194.1
4168,2747,79.43420398911343,980.9083112003631,337.5147956209106,972.2,194.1
4169,2748,79.44935634631204,980.9083112003631,337.5147956209106,972.2,194.1
4170,2749,79.46448579796754,980.9083112003631,337.5147956209106,972.2,194.1
4171,2750,79.47959239387451,980.9083112003631,337.5147956209106,972.2,194.1
4172,2751,79.4946761836898,980.9083112003631,337.5147956209106,972.2,194.1
4173,2752,79.5097372169332,980.9083112003631,337.5147956209106,972.2,194.1
4174,2753,79.52477554298768,980.9083112003631,337.5147956209106,972.2,194.1
4175,2754,79.53979121109995,980.9083112003631,337.5147956209106,972.2,194.1
4176,2755,79.5547842703809,980.9083112003631,337.5147956209106,972.2,194.1
4177,2756,79.56975476980602,980.9083112003631,337.5147956209106,972.2,194.1
4178,2757,79.58470275821588,980.9083112003631,337.5147956209106,972.2,194.1
4179,2758,79.59962828431647,980.9083112003631,337.5147956209106,972.2,194.1
4180,2759,79.61453139667975,980.9083112003631,337.5147956209106,972.2,194.1
4181,2760,79.62941214374398,980.9083112003631,337.5147956209106,972.2,194.1
4182,2761,79.64427057381431,980.9083112003631,337.5147956209106,972.2,194.1
4183,2762,79.65910673506309,980.9083112003631,337.5147956209106,972.2,194.1
4184,2763,79.67392067553021,980.9083112003631,337.5147956209106,972.2,194.1
4185,2764,79.68871244312386,980.9083112003631,337.5147956209106,972.2,194.1
4186,2765,79.70348208562054,980.9083112003631,337.5147956209106,972.2,194.1
4187,2766,79.7182296506658,980.9083112003631,337.5147956209106,972.2,194.1
4188,2767,79.73295518577457,980.9083112003631,337.5147956209106,972.2,194.1
4189,2768,79.7476587383315,980.9083112003631,337.5147956209106,1023.0400000000001,194.14
4190,2769,79.76234035559156,996.9083112003631,263.5147956209106,1073.88,194.18
4191,2770,79.46471221283899,996.9083112003631,263.5147956209106,1124.72,194.22
4192,2771,79.16754714906855,996.9083112003631,263.5147956209106,1175.5600000000002,194.26000000000002
4193,2772,78.87086250675677,996.9083112003631,263.5147956209106,1226.4,194.3
4194,2773,78.57467545399207,996.9083112003631,263.5147956209106,1226.4,194.3
4195,2774,78.2790029794323,996.9083112003631,263.5147956209106,1226.4,194.3
4196,2775,77.9838618874129,996.9083112003631,263.5147956209106,1226.4,194.3
4197,2776,77.68926879320686,996.9083112003631,263.5147956209106,1226.4,194.3
4198,2777,77.39524011844001,996.9083112003631,263.5147956209106,1226.4,194.3
4199,2778,77.10179208666428,996.9083112003631,263.5147956209106,1226.4,194.3
4200,2779,76.80894071908996,996.9083112003631,263.5147956209106,1226.4,194.3
4201,2780,76.51670183048066,996.9083112003631,263.5147956209106,1226.4,194.3
4202,2781,76.22509102521114,996.9083112003631,263.5147956209106,1226.4,194.3
4203,2782,75.9341236934903,996.9083112003631,263.5147956209106,1226.4,194.3
4204,2783,75.64381500775072,996.9083112003631,263.5147956209106,1226.4,194.3
4205,2784,75.35417991920541,996.9083112003631,263.5147956209106,1226.4,194.3
4206,2785,75.06523315457265,996.9083112003631,263.5147956209106,1226.4,194.3
4207,2786,74.77698921296998,996.9083112003631,263.5147956209106,1226.4,194.3
4208,2787,74.48946236297722,996.9083112003631,263.5147956209106,1226.6963855421689,194.30602409638556
4209,2788,74.20266663986908,996.9083112003631,263.5147956209106,1226.9927710843374,194.3120481927711
4210,2789,73.9166158430172,996.9083112003631,263.5147956209106,1227.2891566265062,194.31807228915665
4211,2790,73.63132353346103,996.9083112003631,263.5147956209106,1227.5855421686747,194.3240963855422
4212,2791,73.34680303164821,996.9083112003631,263.5147956209106,1227.8819277108435,194.33012048192774
4213,2792,73.06306741534229,996.9083112003631,263.5147956209106,1228.1783132530122,194.33614457831325
4214,2793,72.7801295176983,996.9083112003631,263.5147956209106,1228.4746987951808,194.3421686746988
4215,2794,72.49800192550467,996.9083112003631,263.5147956209106,1228.7710843373495,194.34819277108434
4216,2795,72.21669697758962,996.9083112003631,263.5147956209106,1229.067469879518,194.3542168674699
4217,2796,71.93622676339245,996.9083112003631,263.5147956209106,1229.3638554216868,194.36024096385543
4218,2797,71.65660312169597,996.9083112003631,263.5147956209106,1229.6602409638556,194.36626506024098
4219,2798,71.37783763952015,996.9083112003631,263.5147956209106,1229.9566265060241,194.37228915662652
4220,2799,71.09994165117422,996.9083112003631,263.5147956209106,1230.2530120481929,194.37831325301207
4221,2800,70.82292623746558,996.9083112003631,263.5147956209106,1230.5493975903614,194.3843373493976
4222,2801,70.54680222506319,996.9083112003631,263.5147956209106,1230.8457831325302,194.39036144578316
4223,2802,70.27158018601324,996.9083112003631,263.5147956209106,1231.142168674699,194.39638554216867
4224,2803,69.99727043740458,996.9083112003631,263.5147956209106,1231.4385542168675,194.40240963855422
4225,2804,69.72388304118175,996.9083112003631,263.5147956209106,1231.7349397590363,194.40843373493976
4226,2805,69.45142780410254,996.9083112003631,263.5147956209106,1232.0313253012048,194.4144578313253
4227,2806,69.17991427783703,996.9083112003631,263.5147956209106,1232.3277108433736,194.42048192771085
4228,2807,68.90935175920676,996.9083112003631,263.5147956209106,1232.6240963855423,194.4265060240964
4229,2808,68.63974929055858,996.9083112003631,263.5147956209106,1232.9204819277109,194.43253012048194
4230,2809,68.37111566027286,996.9083112003631,263.5147956209106,1233.2168674698796,194.4385542168675
4231,2810,68.10345940340088,996.9083112003631,263.5147956209106,1233.5132530120482,194.44457831325303
4232,2811,67.8367888024288,996.9083112003631,263.5147956209106,1233.809638554217,194.45060240963858
4233,2812,67.57111188816597,996.9083112003631,263.5147956209106,1234.1060240963857,194.4566265060241
4234,2813,67.30643644075222,996.9083112003631,263.5147956209106,1234.4024096385542,194.46265060240964
4235,2814,67.04276999078299,996.9083112003631,263.5147956209106,1234.698795180723,194.46867469879518
4236,2815,66.78011982054693,996.9083112003631,263.5147956209106,1234.9951807228915,194.47469879518073
4237,2816,66.51849296537384,996.9083112003631,263.5147956209106,1235.2915662650603,194.48072289156627
4238,2817,66.25789621508888,996.9083112003631,263.5147956209106,1235.587951807229,194.48674698795182
4239,2818,65.99833611556937,996.9083112003631,263.5147956209106,1235.8843373493976,194.49277108433736
4240,2819,65.73981897040133,996.9083112003631,263.5147956209106,1236.1807228915663,194.4987951807229
4241,2820,65.48235084263136,996.9083112003631,263.5147956209106,1236.4771084337349,194.50481927710845
4242,2821,65.22593755661052,996.9083112003631,263.5147956209106,1236.7734939759036,194.510843373494
4243,2822,64.97058469992734,996.9083112003631,263.5147956209106,1237.0698795180724,194.51686746987954
4244,2823,64.71629762542536,996.9083112003631,263.5147956209106,1237.366265060241,194.52289156626506
4245,2824,64.46308145330188,996.9083112003631,263.5147956209106,1237.6626506024097,194.5289156626506
4246,2825,64.1974162344844,996.9083112003631,263.5147956209106,1237.9590361445782,194.53493975903615
4247,2826,63.932850912581806,996.9083112003631,263.5147956209106,1238.255421686747,194.5409638554217
4248,2827,63.669389882808495,996.9083112003631,263.5147956209106,1238.5518072289158,194.54698795180724
4249,2828,63.40703731697917,996.9083112003631,263.5147956209106,1238.8481927710843,194.55301204819278
4250,2829,63.14579716596145,996.9083112003631,263.5147956209106,1239.144578313253,194.55903614457833
4251,2830,62.88567316218901,996.9083112003631,263.5147956209106,1239.4409638554216,194.56506024096387
4252,2831,62.62666882223111,996.9083112003631,263.5147956209106,1239.7373493975904,194.57108433734942
4253,2832,62.36878744941628,996.9083112003631,263.5147956209106,1240.0337349397591,194.57710843373496
4254,2833,62.59377905343074,996.9083112003631,263.5147956209106,1240.3301204819277,194.58313253012048
4255,2834,62.79654929855486,996.9083112003631,263.5147956209106,1240.6265060240964,194.58915662650602
4256,2835,63.23319848236076,996.9083112003631,263.5147956209106,1240.9228915662652,194.59518072289157
4257,2836,63.64956470250032,996.9083112003631,263.5147956209106,1241.2192771084337,194.60120481927711
4258,2837,64.04698807051949,996.9083112003631,263.5147956209106,1241.5156626506025,194.60722891566266
4259,2838,64.42669679678815,996.9083112003631,263.5147956209106,1241.812048192771,194.6132530120482
4260,2839,64.78981823889997,996.9083112003631,263.5147956209106,1242.1084337349398,194.61927710843375
4261,2840,65.13738871724405,996.9083112003631,263.5147956209106,1242.4048192771086,194.6253012048193
4262,2841,65.47036224765111,996.9083112003631,263.5147956209106,1242.701204819277,194.63132530120484
4263,2842,65.78961832186556,996.9083112003631,263.5147956209106,1242.9975903614459,194.63734939759038
4264,2843,66.09596884989283,996.9083112003631,263.5147956209106,1243.2939759036144,194.64337349397593
4265,2844,66.39016436373092,996.9083112003631,263.5147956209106,1243.5903614457832,194.64939759036145
4266,2845,66.67289956935731,996.9083112003631,263.5147956209106,1243.886746987952,194.655421686747
4267,2846,66.94481832286526,996.9083112003631,263.5147956209106,1244.1831325301205,194.66144578313254
4268,2847,67.20651809711066,996.9083112003631,263.5147956209106,1244.4795180722892,194.66746987951808
4269,2848,67.45855399695685,996.9083112003631,263.5147956209106,1244.7759036144578,194.67349397590363
4270,2849,67.70144237401493,996.9083112003631,263.5147956209106,1245.0722891566265,194.67951807228917
4271,2850,67.93566408553347,996.9083112003631,263.5147956209106,1245.3686746987953,194.68554216867471
4272,2851,68.16166743665968,996.9083112003631,263.5147956209106,1245.6650602409638,194.69156626506026
4273,2852,68.37987084056842,996.9083112003631,263.5147956209106,1245.9614457831326,194.6975903614458
4274,2853,68.37987084056842,996.9083112003631,263.5147956209106,1246.2578313253011,194.70361445783135
4275,2854,68.37987084056842,996.9083112003631,263.5147956209106,1246.55421686747,194.70963855421687
4276,2855,68.37987084056842,996.9083112003631,263.5147956209106,1246.8506024096387,194.7156626506024
4277,2856,68.37987084056842,996.9083112003631,263.5147956209106,1247.1469879518072,194.72168674698796
4278,2857,68.37987084056842,996.9083112003631,263.5147956209106,1247.443373493976,194.7277108433735
4279,2858,70.34633315449463,996.9083112003631,263.5147956209106,1247.7397590361445,194.73373493975905
4280,2859,72.50380173731124,996.9083112003631,263.5147956209106,1248.0361445783133,194.7397590361446
4281,2860,74.87442965248968,996.9083112003631,263.5147956209106,1248.332530120482,194.74578313253014
4282,2861,77.48201486164706,996.9083112003631,263.5147956209106,1248.6289156626506,194.75180722891568
4283,2862,80.35138532289506,996.9083112003631,263.5147956209106,1248.9253012048193,194.75783132530123
4284,2863,83.50730407703593,996.9083112003631,263.5147956209106,1249.2216867469879,194.76385542168677
4285,2864,86.97271938402191,996.9083112003631,263.5147956209106,1249.5180722891566,194.7698795180723
4286,2865,90.76619715616144,996.9083112003631,263.5147956209106,1249.8144578313254,194.77590361445783
4287,2866,95.82169311609972,996.9083112003631,263.5147956209106,1250.110843373494,194.78192771084338
4288,2867,101.5845430810918,996.9083112003631,263.5147956209106,1250.4072289156627,194.78795180722892
4289,2868,108.31224953133128,996.9083112003631,263.5147956209106,1250.7036144578312,194.79397590361447
4290,2869,116.59933222744972,996.9083112003631,263.5147956209106,1251.0,194.8
4291,2870,128.20009581813258,996.9083112003631,263.5147956209106,1251.0,194.8
4292,2871,150.50601469445672,996.9083112003631,263.5147956209106,1251.0,194.8
4293,2872,142.82336931122825,996.9083112003631,263.5147956209106,1251.0,194.8
4294,2873,86.2012868716698,996.9083112003631,263.5147956209106,1251.0,194.8
4295,2874,67.08019875264792,996.9083112003631,263.5147956209106,1251.0,194.8
4296,2875,56.48481209763158,996.9083112003631,263.5147956209106,1251.0,194.8
4297,2876,48.785034914893906,996.9083112003631,263.5147956209106,1251.0,194.8
4298,2877,42.53131320477888,996.9083112003631,263.5147956209106,1251.0,194.8
4299,2878,37.19821962207876,996.9083112003631,263.5147956209106,1251.0,194.8
4300,2879,32.54346624907781,996.9083112003631,263.5147956209106,1251.0,194.8
4301,2880,28.43122168030987,996.9083112003631,263.5147956209106,1251.0,194.8
4302,2881,24.772222925772308,996.9083112003631,263.5147956209106,1251.0,194.8
4303,2882,21.500635271990696,996.9083112003631,263.5147956209106,1251.0,194.8
4303,2883,18.90439931595913,996.9083112003631,263.5147956209106,1251.0,194.8
4303,2884,16.544006044439314,996.9083112003631,263.5147956209106,1251.0,194.8
4303,2885,14.395722174622668,996.9083112003631,263.5147956209106,1251.0,194.8
4303,2886,12.437478521537397,996.9083112003631,263.5147956209106,1251.0,194.8
4304,2887,12.437478521537397,996.9083112003631,263.5147956209106,1251.0,194.8
4305,2888,12.437478521537397,996.9083112003631,263.5147956209106,1251.0,194.8
4306,2889,12.437478521537397,996.9083112003631,263.5147956209106,1185.5333333333333,222.93333333333334
4307,2890,12.437478521537397,996.9083112003631,263.5147956209106,1120.0666666666666,251.0666666666667
4308,2891,12.437478521537397,996.9083112003631,263.5147956209106,1054.6,279.20000000000005
4309,2892,12.437478521537397,996.9083112003631,263.5147956209106,989.1333333333334,307.33333333333337
4310,2893,12.437478521537397,996.9083112003631,263.5147956209106,923.6666666666667,335.4666666666667
4311,2894,12.437478521537397,996.9083112003631,263.5147956209106,858.2,363.6
4312,2895,12.437478521537397,996.9083112003631,263.5147956209106,858.2,363.6
4313,2896,12.437478521537397,996.9083112003631,263.5147956209106,858.2,363.6
4314,2897,12.437478521537397,998.1436053180101,273.22067797385176,858.2,363.6
4315,2898,12.437478521537397,999.3788994356572,282.926560326793,858.2,363.6
4316,2899,12.437478521537397,1000.6141935533043,292.63244267973414,858.2,363.6
4317,2900,12.437478521537397,1001.8494876709514,302.3383250326753,858.2,363.6
4318,2901,12.437478521537397,1003.0847817885983,312.04420738561646,858.2,363.6
4319,2902,12.437478521537397,1004.3200759062454,321.7500897385577,858.2,363.6
4320,2903,12.437478521537397,1005.5553700238925,331.45597209149884,858.2,363.6
4321,2904,12.437478521537397,1006.7906641415395,341.16185444444,858.2,363.6
4322,2905,12.437478521537397,1008.0259582591866,350.8677367973812,858.2,363.6
4323,2906,12.437478521537397,1009.2612523768337,360.5736191503224,859.8854545454545,360.22727272727275
4324,2907,12.437478521537397,1010.4965464944808,370.27950150326353,861.5709090909091,356.8545454545455
4325,2908,12.437478521537397,1011.7318406121278,379.98538385620475,863.2563636363636,353.4818181818182
4326,2909,12.437478521537397,1012.9671347297748,389.6912662091459,864.9418181818182,350.1090909090909
4327,2910,12.437478521537397,1014.2024288474219,399.39714856208707,866.6272727272727,346.73636363636365
4328,2911,12.437478521537397,1015.4377229650689,409.1030309150282,868.3127272727273,343.3636363636364
4329,2912,12.437478521537397,1016.673017082716,418.8089132679694,869.9981818181818,339.9909090909091
4330,2913,12.437478521537397,1017.9083112003631,428.5147956209106,871.6836363636364,336.6181818181818
4331,2914,12.437478521537397,1017.9083112003631,428.5147956209106,873.3690909090909,333.24545454545455
4332,2915,12.437478521537397,1017.9083112003631,428.5147956209106,875.0545454545455,329.8727272727273
4333,2916,12.437478521537397,1017.9083112003631,428.5147956209106,876.74,326.5
4334,2917,12.437478521537397,1017.9083112003631,428.5147956209106,878.4254545454546,323.1272727272727
4335,2918,12.437478521537397,1017.9083112003631,428.5147956209106,880.1109090909091,319.75454545454545
4336,2919,12.437478521537397,1017.9083112003631,428.5147956209106,881.7963636363637,316.3818181818182
4337,2920,12.437478521537397,1017.9083112003631,428.5147956209106,883.4818181818182,313.0090909090909
4338,2921,12.437478521537397,1017.9083112003631,428.5147956209106,885.1672727272728,309.6363636363636
4339,2922,12.437478521537397,1017.9083112003631,428.5147956209106,886.8527272727273,306.26363636363635
4340,2923,12.437478521537397,1017.9083112003631,428.5147956209106,888.5381818181818,302.8909090909091
4341,2924,12.437478521537397,1017.9083112003631,428.5147956209106,890.2236363636364,299.5181818181818
4342,2925,12.437478521537397,1017.9083112003631,428.5147956209106,891.9090909090909,296.1454545454545
4343,2926,12.437478521537397,1017.9083112003631,428.5147956209106,893.5945454545455,292.77272727272725
4344,2927,12.437478521537397,1017.9083112003631,428.5147956209106,895.28,289.4
4345,2928,12.437478521537397,1017.9083112003631,428.5147956209106,896.9654545454546,286.0272727272727
4346,2929,12.437478521537397,1017.9083112003631,428.5147956209106,898.6509090909091,282.6545454545454
4347,2930,12.437478521537397,1017.9083112003631,428.5147956209106,900.3363636363637,279.28181818181815
4348,2931,12.437478521537397,1017.9083112003631,428.5147956209106,902.0218181818182,275.9090909090909
4349,2932,12.437478521537397,1017.9083112003631,428.5147956209106,903.7072727272728,272.53636363636366
4350,2933,11.132025992065739,1017.9083112003631,428.5147956209106,905.3927272727273,269.1636363636364
4351,2934,13.169378631308637,1017.9083112003631,428.5147956209106,907.0781818181819,265.7909090909091
4352,2935,12.49526306845209,1017.9083112003631,428.5147956209106,908.7636363636364,262.41818181818184
4353,2936,2.1929376180359035,1017.9083112003631,428.5147956209106,910.449090909091,259.04545454545456
4354,2936,5.283821175578321,1017.9083112003631,428.5147956209106,912.1345454545454,255.6727272727273
4355,2936,8.058753073560819,1017.9083112003631,428.5147956209106,913.82,252.3
4356,2936,10.552627938290154,1017.9083112003631,428.5147956209106,915.5054545454545,248.92727272727274
4357,2936,12.797944423578283,1017.9083112003631,428.5147956209106,917.1909090909091,245.55454545454546
4358,2936,14.82413847232328,1017.9083112003631,428.5147956209106,918.8763636363636,242.1818181818182
4359,2936,16.657399714748248,1017.9083112003631,428.5147956209106,920.5618181818181,238.8090909090909
4360,2936,18.32076531716636,1017.9083112003631,428.5147956209106,922.2472727272727,235.43636363636364
4361,2936,19.834357170207866,1017.9083112003631,428.5147956209106,923.9327272727272,232.06363636363636
4362,2936,21.215679919750464,694.9083112003631,674.5147956209106,925.6181818181818,228.6909090909091
4363,2936,22.47993190673519,694.9083112003631,674.5147956209106,927.3036363636363,225.3181818181818
4364,2936,23.640303053408616,694.9083112003631,674.5147956209106,928.9890909090909,221.94545454545454
4365,2936,24.708247118507018,694.9083112003631,674.5147956209106,930.6745454545454,218.57272727272726
4366,2936,25.693723565163424,694.9083112003631,674.5147956209106,932.36,215.2
4367,2936,26.6054086331524,694.9083112003631,674.5147956209106,934.0454545454545,211.8272727272727
4368,2936,26.6054086331524,694.9083112003631,674.5147956209106,935.7309090909091,208.45454545454544
4369,2936,26.6054086331524,694.9083112003631,674.5147956209106,937.4163636363636,205.08181818181816
4370,2936,26.6054086331524,694.9083112003631,674.5147956209106,939.1018181818182,201.7090909090909
4371,2936,26.6054086331524,694.9083112003631,674.5147956209106,940.7872727272727,198.33636363636361
4372,2936,26.6054086331524,694.9083112003631,674.5147956209106,942.4727272727273,194.96363636363634
4373,2936,26.6054086331524,694.9083112003631,674.5147956209106,944.1581818181818,191.59090909090907
4374,2936,26.6054086331524,694.9083112003631,674.5147956209106,945.8436363636364,188.2181818181818
4375,2936,26.6054086331524,694.9083112003631,674.5147956209106,947.5290909090909,184.84545454545452
4376,2936,26.6054086331524,694.9083112003631,674.5147956209106,949.2145454545455,181.47272727272727
4377,2936,26.6054086331524,694.9083112003631,674.5147956209106,950.9,178.1
4378,2936,26.6054086331524,694.9083112003631,674.5147956209106,950.9,178.1
4379,2936,26.6054086331524,694.9083112003631,674.5147956209106,950.9,178.1
4380,2936,26.6054086331524,694.9083112003631,674.5147956209106,950.9,178.1
4381,2936,26.6054086331524,694.9083112003631,674.5147956209106,950.9,178.1
4382,2936,26.6054086331524,694.9083112003631,674.5147956209106,950.9,178.1
4383,2936,27.119776433938203,694.9083112003631,674.5147956209106,950.9,178.1
4384,2936,27.733246518056188,694.9083112003631,674.5147956209106,950.9,178.1
4385,2936,28.477320836966825,694.9083112003631,674.5147956209106,950.9,178.1
4386,2936,29.3983203115344,694.9083112003631,674.5147956209106,950.9,178.1
4387,2936,30.567159938378094,694.9083112003631,674.5147956209106,950.9,178.1
4388,2936,32.09791260262351,694.9083112003631,674.5147956209106,950.9,178.1
4389,2936,34.18578138086031,694.9083112003631,674.5147956209106,950.9,178.1
4390,2936,37.19223348464798,694.9083112003631,674.5147956209106,950.9,178.1
4391,2937,40.5837130912489,694.9083112003631,674.5147956209106,950.9,178.1
4392,2937,32.471241084836464,694.9083112003631,674.5147956209106,983.2857142857142,240.95714285714286
4393,2937,5.081029047107487,694.9083112003631,674.5147956209106,1015.6714285714286,303.8142857142857
4394,2937,0.0968651358895302,694.9083112003631,674.5147956209106,1048.057142857143,366.6714285714286
4395,2937,1.7679266334062718,694.9083112003631,674.5147956209106,1080.442857142857,429.5285714285714
4396,2937,77.9577729140142,694.9083112003631,674.5147956209106,1112.8285714285714,492.38571428571424
4397,2937,93.97114150720522,694.9083112003631,674.5147956209106,1145.2142857142858,555.2428571428571
4398,2937,99.95086544655021,694.9083112003631,674.5147956209106,1177.6,618.1
4399,2937,103.62606925360127,694.9083112003631,674.5147956209106,1177.6,618.1
4400,2937,103.62606925360127,694.9083112003631,674.5147956209106,1177.6,618.1
4401,2937,103.62606925360127,694.9083112003631,674.5147956209106,1177.6,618.1
4402,2937,103.62606925360127,694.9083112003631,674.5147956209106,1177.6,618.1
4403,2937,103.62606925360127,694.9083112003631,674.5147956209106,1177.6,618.1
4404,2937,103.62606925360127,694.9083112003631,674.5147956209106,1177.6,618.1
4405,2937,103.62606925360127,694.9083112003631,674.5147956209106,1177.6,618.1
4406,2937,103.62606925360127,694.9083112003631,674.5147956209106,1177.6,618.1
4407,2937,103.62606925360127,694.9083112003631,674.5147956209106,1177.6,618.1
4408,2937,103.62606925360127,694.9083112003631,674.5147956209106,1177.6,618.1
4409,2937,103.62606925360127,694.9083112003631,674.5147956209106,1177.6,618.1
4410,2937,103.62606925360127,694.9083112003631,674.5147956209106,1177.6,618.1
4411,2937,103.62606925360127,694.9083112003631,674.5147956209106,1177.6,618.1
4412,2937,103.62606925360127,694.9083112003631,674.5147956209106,1177.6,618.1
4413,2937,103.62606925360127,694.9083112003631,674.5147956209106,1174.4970149253732,613.5223880597015
4414,2937,103.62606925360127,694.9083112003631,674.5147956209106,1171.3940298507462,608.9447761194031
4415,2937,103.62606925360127,694.9083112003631,674.5147956209106,1168.2910447761194,604.3671641791045
4416,2937,103.62606925360127,694.9083112003631,674.5147956209106,1165.1880597014924,599.789552238806
4417,2937,103.62606925360127,694.9083112003631,674.5147956209106,1162.0850746268657,595.2119402985074
4418,2937,103.62606925360127,694.9083112003631,674.5147956209106,1158.9820895522387,590.634328358209
4419,2937,103.62606925360127,694.9083112003631,674.5147956209106,1155.879104477612,586.0567164179105
4420,2937,103.62606925360127,694.9083112003631,674.5147956209106,1152.776119402985,581.4791044776119
4421,2937,103.62606925360127,694.9083112003631,674.5147956209106,1149.6731343283582,576.9014925373134
4422,2937,103.62606925360127,694.9083112003631,674.5147956209106,1146.5701492537312,572.323880597015
4423,2937,103.62606925360127,694.9083112003631,674.5147956209106,1143.4671641791044,567.7462686567164
4424,2937,103.62606925360127,694.9083112003631,674.5147956209106,1140.3641791044774,563.1686567164179
4425,2937,103.62606925360127,694.9083112003631,674.5147956209106,1137.2611940298507,558.5910447761194
4426,2937,103.62606925360127,724.4377229650689,674.6912662091459,1134.158208955224,554.0134328358209
4427,2937,103.62606925360127,753.9671347297749,674.8677367973812,1131.055223880597,549.4358208955224
4428,2937,103.62606925360127,783.4965464944808,675.0442073856165,1127.9522388059702,544.8582089552239
4429,2937,103.62606925360127,813.0259582591866,675.2206779738518,1124.8492537313432,540.2805970149254
4430,2937,103.62606925360127,842.5553700238925,675.3971485620871,1121.7462686567164,535.7029850746269
4431,2937,105.29176906323409,872.0847817885984,675.5736191503223,1118.6432835820895,531.1253731343284
4432,2937,106.86038600496364,901.6141935533043,675.7500897385577,1115.5402985074627,526.5477611940298
4433,2937,108.33801105096138,931.1436053180101,675.9265603267929,1112.4373134328357,521.9701492537314
4434,2937,109.73053508570271,960.6730170827161,676.1030309150283,1109.334328358209,517.3925373134329
4435,2937,111.04359374016286,990.202428847422,676.2795015032635,1106.231343283582,512.8149253731343
4436,2937,112.28253300085585,1019.7318406121278,676.4559720914989,1103.1283582089552,508.23731343283583
4437,2937,113.45239067972906,1049.2612523768337,676.6324426797341,1100.0253731343282,503.6597014925373
4438,2937,114.55788970913585,1078.7906641415395,676.8089132679694,1096.9223880597015,499.0820895522388
4439,2937,115.60344002581209,1108.3200759062456,676.9853838562047,1093.8194029850747,494.5044776119403
4440,2937,116.59314650092011,1137.8494876709515,677.16185444444,1090.7164179104477,489.9268656716418
4441,2937,117.53082095347236,1167.3788994356573,677.3383250326754,1087.613432835821,485.3492537313433
4442,2937,118.4199967577034,1196.9083112003632,677.5147956209106,1084.510447761194,480.7716417910448
4443,2937,119.26394493314139,1196.9083112003632,677.5147956209106,1081.4074626865672,476.19402985074623
4444,2937,120.06569090330848,1196.9083112003632,677.5147956209106,1078.3044776119402,471.61641791044775
4445,2937,120.82803133917106,1196.9083112003632,677.5147956209106,1075.2014925373135,467.03880597014927
4446,2937,121.5535506794619,1196.9083112003632,677.5147956209106,1072.0985074626865,462.46119402985073
4447,2937,122.244637052924,1196.9083112003632,677.5147956209106,1068.9955223880597,457.8835820895522
4448,2937,122.244637052924,1196.9083112003632,677.5147956209106,1065.8925373134327,453.3059701492537
4449,2937,122.244637052924,1196.9083112003632,677.5147956209106,1062.789552238806,448.7283582089552
4450,2937,122.244637052924,1196.9083112003632,677.5147956209106,1059.686567164179,444.1507462686567
4451,2937,122.244637052924,1196.9083112003632,677.5147956209106,1056.5835820895522,439.57313432835815
4452,2937,122.244637052924,1196.9083112003632,677.5147956209106,1053.4805970149255,434.99552238805967
4453,2937,122.244637052924,1196.9083112003632,677.5147956209106,1050.3776119402985,430.4179104477612
4454,2937,122.244637052924,1196.9083112003632,677.5147956209106,1047.2746268656715,425.84029850746265
4455,2937,122.244637052924,1196.9083112003632,677.5147956209106,1044.1716417910447,421.26268656716417
4456,2937,122.244637052924,1196.9083112003632,677.5147956209106,1041.068656716418,416.6850746268657
4457,2937,122.244637052924,1196.9083112003632,677.5147956209106,1037.965671641791,412.10746268656715
4458,2937,122.244637052924,1196.9083112003632,677.5147956209106,1034.8626865671642,407.5298507462686
4459,2937,122.244637052924,1196.9083112003632,677.5147956209106,1031.7597014925373,402.9522388059701
4460,2937,122.244637052924,1196.9083112003632,677.5147956209106,1028.6567164179105,398.37462686567164
4461,2937,122.244637052924,1196.9083112003632,677.5147956209106,1025.5537313432835,393.7970149253731
4462,2937,122.244637052924,1196.9083112003632,677.5147956209106,1022.4507462686568,389.21940298507457
4463,2937,122.244637052924,1196.9083112003632,677.5147956209106,1019.3477611940299,384.6417910447761
4464,2937,122.244637052924,1196.9083112003632,677.5147956209106,1016.244776119403,380.0641791044776
4465,2937,122.244637052924,1196.9083112003632,677.5147956209106,1013.1417910447761,375.48656716417906
4466,2937,122.244637052924,1196.9083112003632,677.5147956209106,1010.0388059701493,370.9089552238805
4467,2937,122.244637052924,1196.9083112003632,677.5147956209106,1006.9358208955224,366.33134328358204
4468,2937,122.244637052924,1196.9083112003632,677.5147956209106,1003.8328358208955,361.75373134328356
4469,2937,122.244637052924,1196.9083112003632,677.5147956209106,1000.7298507462687,357.176119402985
4470,2937,122.244637052924,1196.9083112003632,677.5147956209106,997.6268656716418,352.59850746268654
4471,2937,122.244637052924,1196.9083112003632,677.5147956209106,994.523880597015,348.020895522388
4472,2937,122.244637052924,1196.9083112003632,677.5147956209106,991.420895522388,343.4432835820895
4473,2937,122.244637052924,1196.9083112003632,677.5147956209106,988.3179104477613,338.865671641791
4474,2937,122.244637052924,1196.9083112003632,677.5147956209106,985.2149253731343,334.2880597014925
4475,2937,122.244637052924,1196.9083112003632,677.5147956209106,982.1119402985075,329.71044776119396
4476,2937,122.244637052924,1196.9083112003632,677.5147956209106,979.0089552238807,325.1328358208955
4477,2937,122.244637052924,1196.9083112003632,677.5147956209106,975.9059701492538,320.555223880597
4478,2937,122.244637052924,1196.9083112003632,677.5147956209106,972.8029850746269,315.97761194029846
4479,2937,122.244637052924,1196.9083112003632,677.5147956209106,969.7,311.4
4480,2937,122.244637052924,1196.9083112003632,677.5147956209106,969.7,311.4
4481,2937,122.244637052924,1196.9083112003632,677.5147956209106,969.7,311.4
4482,2937,122.244637052924,1196.9083112003632,677.5147956209106,969.7,311.4
4483,2937,122.244637052924,1196.9083112003632,677.5147956209106,969.7,311.4
4484,2937,122.244637052924,1196.9083112003632,677.5147956209106,969.7,311.4
4485,2937,122.244637052924,1196.9083112003632,677.5147956209106,969.7,311.4
4486,2937,122.244637052924,1196.9083112003632,677.5147956209106,969.7,311.4
4487,2937,122.244637052924,1196.9083112003632,677.5147956209106,969.7,311.4
4488,2937,122.244637052924,1196.9083112003632,677.5147956209106,969.7,311.4
4489,2937,122.244637052924,1196.9083112003632,677.5147956209106,969.7,311.4
4490,2937,122.244637052924,1196.9083112003632,677.5147956209106,969.7,311.4
4491,2937,122.244637052924,1196.9083112003632,677.5147956209106,969.7,311.4
4492,2937,122.244637052924,1196.9083112003632,677.5147956209106,969.7,311.4
4493,2937,122.244637052924,1196.9083112003632,677.5147956209106,969.7,311.4
4494,2937,122.244637052924,1196.9083112003632,677.5147956209106,969.7,311.4
4495,2937,24.50476331391202,1196.9083112003632,677.5147956209106,969.7,311.4
4496,2937,24.50476331391202,1196.9083112003632,677.5147956209106,969.7,311.4
4497,2937,24.50476331391202,1196.9083112003632,677.5147956209106,969.7,311.4
4498,2937,24.50476331391202,1196.9083112003632,677.5147956209106,969.7,311.4
4499,2937,24.50476331391202,1196.9083112003632,677.5147956209106,969.7,311.4
4500,2937,24.50476331391202,1196.9083112003632,677.5147956209106,969.95,310.18552631578945
4501,2937,24.50476331391202,1196.9083112003632,677.5147956209106,970.2,308.9710526315789
4502,2937,24.50476331391202,1196.9083112003632,677.5147956209106,970.45,307.7565789473684
4503,2937,24.50476331391202,1196.9083112003632,677.5147956209106,970.7,306.54210526315785
4504,2937,24.50476331391202,1196.9083112003632,677.5147956209106,970.95,305.3276315789473
4505,2937,24.50476331391202,1196.9083112003632,677.5147956209106,971.2,304.11315789473684
4506,2937,24.50476331391202,1196.9083112003632,677.5147956209106,971.45,302.8986842105263
4507,2937,24.50476331391202,1196.9083112003632,677.5147956209106,971.7,301.6842105263158
4508,2937,24.50476331391202,1196.9083112003632,677.5147956209106,971.95,300.46973684210525
4509,2937,24.50476331391202,1196.9083112003632,677.5147956209106,972.2,299.2552631578947
4510,2937,24.50476331391202,1196.9083112003632,677.5147956209106,972.45,298.0407894736842
4511,2937,24.50476331391202,1196.9083112003632,677.5147956209106,972.7,296.82631578947365
4512,2937,24.50476331391202,1196.9083112003632,677.5147956209106,972.95,295.6118421052631
4513,2937,24.50476331391202,1196.9083112003632,677.5147956209106,973.2,294.3973684210526
4514,2937,24.50476331391202,1196.9083112003632,677.5147956209106,973.45,293.18289473684206
4515,2937,24.50476331391202,1196.9083112003632,677.5147956209106,973.7,291.9684210526316
4516,2937,24.50476331391202,1196.9083112003632,677.5147956209106,973.95,290.75394736842105
4517,2937,24.50476331391202,1196.9083112003632,677.5147956209106,974.2,289.5394736842105
4518,2937,24.50476331391202,1196.9083112003632,677.5147956209106,974.45,288.325
4519,2937,24.50476331391202,1196.9083112003632,677.5147956209106,974.7,287.11052631578946
4520,2937,24.50476331391202,1196.9083112003632,677.5147956209106,974.95,285.8960526315789
4521,2937,24.50476331391202,1196.9083112003632,677.5147956209106,975.2,284.6815789473684
4522,2937,24.50476331391202,1184.4965464944808,656.7500897385577,975.45,283.46710526315786
4523,2937,24.50476331391202,1172.0847817885985,635.9853838562047,975.7,282.25263157894733
4524,2937,24.50476331391202,1159.6730170827161,615.2206779738518,975.95,281.0381578947368
4525,2937,24.50476331391202,1147.2612523768337,594.4559720914988,976.2,279.8236842105263
4526,2937,24.50476331391202,1134.8494876709515,573.6912662091459,976.45,278.6092105263158
4527,2937,24.50476331391202,1122.437722965069,552.9265603267929,976.7,277.39473684210526
4528,2937,24.50476331391202,1110.0259582591866,532.16185444444,976.95,276.18026315789473
4529,2937,24.50476331391202,1097.6141935533044,511.39714856208707,977.2,274.9657894736842
4530,2937,24.50476331391202,1085.202428847422,490.63244267973414,977.45,273.75131578947367
4531,2937,24.50476331391202,1072.7906641415395,469.8677367973812,977.7,272.53684210526313
4532,2937,24.50476331391202,1060.3788994356573,449.1030309150282,977.95,271.3223684210526
4533,2937,24.50476331391202,1047.967134729775,428.3383250326753,978.2,270.10789473684207
4534,2937,24.50476331391202,1035.5553700238925,407.5736191503224,978.45,268.89342105263154
4535,2937,24.50476331391202,1023.1436053180101,386.8089132679694,978.7,267.67894736842106
4536,2937,24.50476331391202,1010.7318406121278,366.04420738561646,978.95,266.46447368421053
4537,2937,24.50476331391202,998.3200759062454,345.27950150326353,979.2,265.25
4538,2937,24.50476331391202,985.9083112003631,324.5147956209106,979.45,264.03552631578947
4539,2937,24.50476331391202,985.9083112003631,324.5147956209106,979.7,262.82105263157894
4540,2937,24.50476331391202,985.9083112003631,324.5147956209106,979.95,261.6065789473684
4541,2937,24.50476331391202,985.9083112003631,324.5147956209106,980.2,260.3921052631579
4542,2937,24.50476331391202,985.9083112003631,324.5147956209106,980.45,259.17763157894734
4543,2937,24.50476331391202,985.9083112003631,324.5147956209106,980.7,257.9631578947368
4544,2937,24.50476331391202,985.9083112003631,324.5147956209106,980.95,256.7486842105263
4545,2937,24.50476331391202,985.9083112003631,324.5147956209106,981.2,255.53421052631577
4546,2937,24.50476331391202,985.9083112003631,324.5147956209106,981.45,254.31973684210524
4547,2937,24.50476331391202,985.9083112003631,324.5147956209106,981.7,253.10526315789474
4548,2937,24.50476331391202,985.9083112003631,324.5147956209106,981.95,251.8907894736842
4549,2937,24.50476331391202,985.9083112003631,324.5147956209106,982.2,250.67631578947368
4550,2938,24.50476331391202,985.9083112003631,324.5147956209106,982.45,249.46184210526314
4551,2939,24.50476331391202,985.9083112003631,324.5147956209106,982.7,248.2473684210526
4552,2940,24.50476331391202,985.9083112003631,324.5147956209106,982.95,247.03289473684208
4553,2941,24.50476331391202,985.9083112003631,324.5147956209106,983.2,245.81842105263155
4554,2942,24.50476331391202,985.9083112003631,324.5147956209106,983.45,244.60394736842102
4555,2943,24.50476331391202,985.9083112003631,324.5147956209106,983.7,243.38947368421051
4556,2944,24.50476331391202,985.9083112003631,324.5147956209106,983.95,242.17499999999998
4557,2945,24.50476331391202,985.9083112003631,324.5147956209106,984.2,240.96052631578948
4558,2946,24.50476331391202,985.9083112003631,324.5147956209106,984.45,239.74605263157895
4559,2947,24.50476331391202,985.9083112003631,324.5147956209106,984.7,238.53157894736842
4560,2948,24.50476331391202,985.9083112003631,324.5147956209106,984.95,237.31710526315788
4561,2949,24.50476331391202,985.9083112003631,324.5147956209106,985.2,236.10263157894735
4562,2950,24.50476331391202,985.9083112003631,324.5147956209106,985.45,234.88815789473682
4563,2951,24.50476331391202,985.9083112003631,324.5147956209106,985.7,233.6736842105263
4564,2952,24.50476331391202,985.9083112003631,324.5147956209106,985.95,232.45921052631576
4565,2953,24.50476331391202,985.9083112003631,324.5147956209106,986.2,231.24473684210525
4566,2954,24.50476331391202,985.9083112003631,324.5147956209106,986.45,230.03026315789472
4567,2955,24.50476331391202,985.9083112003631,324.5147956209106,986.7,228.81578947368422
4568,2956,24.50476331391202,985.9083112003631,324.5147956209106,986.95,227.6013157894737
4569,2957,24.50476331391202,985.9083112003631,324.5147956209106,987.2,226.38684210526316
4570,2958,24.50476331391202,985.9083112003631,324.5147956209106,987.45,225.17236842105262
4571,2959,24.50476331391202,985.9083112003631,324.5147956209106,987.7,223.9578947368421
4572,2960,24.50476331391202,985.9083112003631,324.5147956209106,987.95,222.74342105263156
4573,2961,24.50476331391202,985.9083112003631,324.5147956209106,988.2,221.52894736842103
4574,2962,24.50476331391202,985.9083112003631,324.5147956209106,988.45,220.3144736842105
4575,2963,47.67159761951258,985.9083112003631,324.5147956209106,988.7,219.1
4576,2964,47.67159761951258,985.9083112003631,324.5147956209106,988.7,219.1
4577,2965,47.67159761951258,985.9083112003631,324.5147956209106,988.7,219.1
4578,2966,47.67159761951258,985.9083112003631,324.5147956209106,988.7,219.1
4579,2967,47.67159761951258,985.9083112003631,324.5147956209106,988.7,219.1
4580,2968,47.67159761951258,985.9083112003631,324.5147956209106,988.7,219.1
4581,2969,47.67159761951258,985.9083112003631,324.5147956209106,988.7,219.1
4582,2970,47.67159761951258,985.9083112003631,324.5147956209106,988.7,219.1
4583,2971,47.67159761951258,985.9083112003631,324.5147956209106,988.7,219.1
4584,2972,47.67159761951258,985.9083112003631,324.5147956209106,988.7,219.1
4585,2973,47.67159761951258,985.9083112003631,324.5147956209106,988.7,219.1
4586,2974,47.67159761951258,985.9083112003631,324.5147956209106,988.7,219.1
4587,2975,47.67159761951258,985.9083112003631,324.5147956209106,988.7,219.1
4588,2976,47.67159761951258,985.9083112003631,324.5147956209106,988.7,219.1
4589,2977,47.67159761951258,985.9083112003631,324.5147956209106,988.7,219.1
4590,2978,47.67159761951258,985.9083112003631,324.5147956209106,988.7,219.1
4591,2979,47.67159761951258,985.9083112003631,324.5147956209106,988.7,219.1
4592,2980,47.67159761951258,985.9083112003631,324.5147956209106,988.7,219.1
4593,2981,47.67159761951258,985.9083112003631,324.5147956209106,988.7,219.1
4594,2982,47.67159761951258,985.9083112003631,324.5147956209106,988.7,219.1
4595,2983,47.67159761951258,985.9083112003631,324.5147956209106,972.8333333333334,211.6
4596,2984,47.67159761951258,985.9083112003631,324.5147956209106,956.9666666666667,204.1
4597,2985,47.67159761951258,985.9083112003631,324.5147956209106,941.1,196.6
4598,2986,47.67159761951258,985.9083112003631,324.5147956209106,941.1,196.6
4599,2987,47.67159761951258,985.9083112003631,324.5147956209106,941.1,196.6
4600,2988,47.67159761951258,985.9083112003631,324.5147956209106,941.1,196.6
4601,2989,47.67159761951258,985.9083112003631,324.5147956209106,941.1,196.6
4602,2990,47.67159761951258,985.9083112003631,324.5147956209106,941.1,196.6
4603,2991,47.67159761951258,985.9083112003631,324.5147956209106,941.1,196.6
4604,2992,47.67159761951258,985.9083112003631,324.5147956209106,941.1,196.6
4605,2993,47.67159761951258,985.9083112003631,324.5147956209106,941.1,196.6
4606,2994,47.67159761951258,985.9083112003631,324.5147956209106,941.1,196.6
4607,2995,47.67159761951258,985.9083112003631,324.5147956209106,941.1,196.6
4608,2996,47.67159761951258,985.9083112003631,324.5147956209106,941.1,196.6
4609,2997,47.67159761951258,985.9083112003631,324.5147956209106,941.1,196.6
4610,2998,47.67159761951258,985.9083112003631,324.5147956209106,941.1,196.6
4611,2999,47.67159761951258,985.9083112003631,324.5147956209106,941.1,196.6
4612,3000,47.67159761951258,985.9083112003631,324.5147956209106,941.1,196.6
4613,3001,47.67159761951258,985.9083112003631,324.5147956209106,941.1,196.6
4614,3002,47.67159761951258,985.9083112003631,324.5147956209106,941.1,196.6
4615,3003,47.67159761951258,985.9083112003631,324.5147956209106,941.1,196.6
4616,3004,47.67159761951258,985.9083112003631,324.5147956209106,941.1,196.6
4617,3005,47.67159761951258,985.9083112003631,324.5147956209106,941.1,196.6
4618,3006,47.67159761951258,985.9083112003631,324.5147956209106,941.1,196.6
4619,3007,47.67159761951258,985.9083112003631,324.5147956209106,941.1,196.6
4620,3008,47.67159761951258,985.9083112003631,324.5147956209106,941.1,196.6
4621,3009,47.67159761951258,985.9083112003631,324.5147956209106,941.1,196.6
4622,3010,47.67159761951258,985.9083112003631,324.5147956209106,941.1,196.6
4623,3011,47.67159761951258,985.9083112003631,324.5147956209106,941.1,196.6
4624,3012,47.67159761951258,985.9083112003631,324.5147956209106,941.1,196.6
4625,3013,47.67159761951258,985.9083112003631,324.5147956209106,941.1,196.6
4626,3014,47.67159761951258,985.9083112003631,324.5147956209106,941.1,196.6
4627,3015,47.67159761951258,985.9083112003631,324.5147956209106,941.1,196.6
4628,3016,49.24764014854967,985.9083112003631,324.5147956209106,941.1,196.6
4629,3017,50.64456530464137,985.9083112003631,324.5147956209106,941.1,196.6
4630,3018,51.88985566353385,985.9083112003631,324.5147956209106,941.1,196.6
4631,3019,53.00592342704843,985.9083112003631,324.5147956209106,941.1,196.6
4632,3020,54.01116104194139,985.9083112003631,324.5147956209106,941.1,196.6
4633,3021,54.920760134214554,985.9083112003631,324.5147956209106,941.1,196.6
4634,3022,55.74734988425318,985.9083112003631,324.5147956209106,941.1,196.6
4635,3023,56.50149593992678,985.9083112003631,324.5147956209106,941.1,196.6
4636,3024,57.192091946397284,985.9083112003631,324.5147956209106,941.1,196.6
4637,3025,57.826668359140776,985.9083112003631,324.5147956209106,941.1,196.6
4638,3026,58.411637375378575,985.9083112003631,324.5147956209106,941.1,196.6
4639,3027,58.95248833488069,985.9083112003631,324.5147956209106,941.1,196.6
4640,3028,59.45394453287775,985.9083112003631,324.5147956209106,941.1,196.6
4641,3029,59.92008981107642,985.9083112003631,324.5147956209106,941.1,196.6
4642,3030,60.35447134734144,985.9083112003631,324.5147956209106,941.1,196.6
4643,3031,60.76018359418404,985.9083112003631,324.5147956209106,941.1,196.6
4644,3032,61.139937201790374,985.9083112003631,324.5147956209106,941.1,196.6
4645,3033,61.49611591356843,985.9083112003631,324.5147956209106,941.1,196.6
4646,3034,61.83082377443648,985.9083112003631,324.5147956209106,941.1,196.6
4647,3035,62.145924494742864,985.9083112003631,324.5147956209106,941.1,196.6
4648,3036,62.44307442892825,985.9083112003631,324.5147956209106,941.1,196.6
4649,3037,62.723750330347904,985.9083112003631,324.5147956209106,941.1,196.6
4650,3038,62.98927281154409,986.5553700238925,322.6912662091459,941.1,196.6
4651,3039,63.2408262573141,987.2024288474219,320.8677367973812,941.1,196.6
4652,3040,63.479475794569844,987.8494876709514,319.04420738561646,941.1,196.6
4653,3041,63.70618180947819,988.4965464944808,317.22067797385176,941.1,196.6
4654,3042,63.92181241203919,989.1436053180101,315.39714856208707,941.1,196.6
4655,3043,64.12715417603673,989.7906641415395,313.5736191503224,941.1,196.6
4656,3044,64.32292142426779,990.4377229650689,311.7500897385577,941.1,196.6
4657,3045,64.50976428213062,991.0847817885983,309.926560326793,942.825,256.7
4658,3046,64.68827568469268,991.7318406121278,308.1030309150282,944.55,316.8
4659,3047,64.85899749145842,992.3788994356572,306.27950150326353,946.275,376.9
4660,3048,65.0224258377976,993.0259582591866,304.45597209149884,948.0,437.0
4661,3049,65.17901583126249,993.673017082716,302.63244267973414,948.0,437.0
4662,3050,65.32918568394265,994.3200759062454,300.80891326796944,948.0,437.0
4663,3051,65.47332035787912,994.9671347297748,298.98538385620475,948.0,437.0
4664,3052,65.6117747888359,995.6141935533043,297.16185444444,948.0,437.0
4665,3053,65.74487674396062,996.2612523768337,295.3383250326753,948.0,437.0
4666,3054,65.87292936070497,996.9083112003631,293.5147956209106,948.0,437.0
4667,3055,65.99621340753178,996.9083112003631,293.5147956209106,948.0,437.0
4668,3056,66.11498930117918,996.9083112003631,293.5147956209106,948.0,437.0
4669,3057,66.22949891039552,996.9083112003631,293.5147956209106,948.0,437.0
4670,3058,66.3399671719484,996.9083112003631,293.5147956209106,948.0,437.0
4671,3059,66.44660354122263,996.9083112003631,293.5147956209106,948.0,437.0
4672,3060,66.54960329675298,996.9083112003631,293.5147956209106,948.0,437.0
4673,3061,66.64914871550478,996.9083112003631,293.5147956209106,948.0,437.0
4674,3062,66.7454101335466,996.9083112003631,293.5147956209106,948.0,437.0
4675,3063,66.83854690490092,996.9083112003631,293.5147956209106,948.0,437.0
4676,3064,66.92870826975873,996.9083112003631,293.5147956209106,948.0,437.0
4677,3065,67.0160341418671,996.9083112003631,293.5147956209106,948.0,437.0
4678,3066,67.10065582370605,996.9083112003631,293.5147956209106,948.0,437.0
4679,3067,67.18269665704258,996.9083112003631,293.5147956209106,948.0,437.0
4680,3068,67.26227261555292,996.9083112003631,293.5147956209106,948.0,437.0
4681,3069,67.33949284542642,996.9083112003631,293.5147956209106,948.0,437.0
4682,3070,67.41446015918756,996.9083112003631,293.5147956209106,948.0,437.0
4683,3071,67.48727179254851,996.9083112003631,293.5147956209106,948.0,437.0
4684,3072,67.55801895541964,996.9083112003631,293.5147956209106,948.0,437.0
4685,3073,67.62678782820858,996.9083112003631,293.5147956209106,948.0,437.0
4686,3074,67.6936600983276,996.9083112003631,293.5147956209106,948.0,437.0
4687,3075,67.75871301104985,996.9083112003631,293.5147956209106,967.875,465.175
4688,3076,67.82201967252453,996.9083112003631,293.5147956209106,987.75,493.35
4689,3077,67.88364932629047,996.9083112003631,293.5147956209106,1007.625,521.5250000000001
4690,3078,67.9436676066822,996.9083112003631,293.5147956209106,1027.5,549.7
4691,3079,68.00213677180142,996.9083112003631,293.5147956209106,1027.5,549.7
4692,3080,68.05911591822857,996.9083112003631,293.5147956209106,1027.5,549.7
4693,3081,68.11466117929295,996.9083112003631,293.5147956209106,1027.5,549.7
4694,3082,68.16882590845496,996.9083112003631,293.5147956209106,1027.5,549.7
4695,3083,68.2216608491519,996.9083112003631,293.5147956209106,1027.5,549.7
4696,3084,68.27321429229669,996.9083112003631,293.5147956209106,1027.5,549.7
4697,3085,68.32353222248655,996.9083112003631,293.5147956209106,1027.5,549.7
4698,3086,68.37265845386871,996.9083112003631,293.5147956209106,1027.5,549.7
4699,3087,68.4206347565137,996.9083112003631,293.5147956209106,1027.5,549.7
4700,3088,68.46750097406634,996.9083112003631,293.5147956209106,1027.5,549.7
4701,3089,68.51329513337005,996.9083112003631,293.5147956209106,1027.5,549.7
4702,3090,68.55805354669828,996.9083112003631,293.5147956209106,1027.5,549.7
4703,3091,68.60181090716776,996.9083112003631,293.5147956209106,1027.5,549.7
4704,3092,68.64460037785888,996.9083112003631,293.5147956209106,1027.5,549.7
4705,3093,68.68645367512161,996.9083112003631,293.5147956209106,1003.48,516.7800000000001
4706,3094,68.72740114650433,996.9083112003631,293.5147956209106,979.46,483.86
4707,3095,68.76747184370613,996.9083112003631,293.5147956209106,955.44,450.94000000000005
4708,3096,68.80669359091854,996.9083112003631,293.5147956209106,931.42,418.02000000000004
4709,3097,68.84509304889343,996.9083112003631,293.5147956209106,907.4,385.1
4710,3098,68.88269577504435,996.9083112003631,293.5147956209106,907.4,385.1
4711,3099,68.9195262798655,996.9083112003631,293.5147956209106,907.4,385.1
4712,3100,68.95560807992776,996.9083112003631,293.5147956209106,907.4,385.1
4713,3101,68.99096374769199,996.9083112003631,293.5147956209106,907.4,385.1
4714,3102,69.02561495835974,991.3200759062454,311.7500897385577,907.4,385.1
4715,3103,69.05958253396463,985.7318406121278,329.98538385620475,907.4,385.1
4716,3104,69.09288648489236,980.1436053180101,348.22067797385176,907.4,385.1
4717,3105,69.12554604900181,974.5553700238925,366.45597209149884,907.4,385.1
4718,3106,69.15757972850788,968.9671347297749,384.6912662091459,907.4,385.1
4719,3107,66.73753202515768,963.3788994356572,402.9265603267929,907.4,385.1
4720,3108,63.23602549544058,957.7906641415395,421.16185444444,907.4,385.1
4721,3109,57.79394039840012,952.2024288474219,439.39714856208707,907.4,385.1
4722,3110,48.47298851657174,946.6141935533043,457.63244267973414,907.4,385.1
4723,3111,30.645424949621678,941.0259582591866,475.8677367973812,907.4,385.1
4724,3112,2.4681824063242264,935.4377229650689,494.1030309150282,851.6999999999999,422.88
4725,3113,38.86106024836502,929.8494876709512,512.3383250326754,796.0,460.66
4726,3114,60.05356035710019,924.2612523768337,530.5736191503224,740.3,498.44
4727,3115,70.9284089968894,918.673017082716,548.8089132679694,684.5999999999999,536.22
4728,3116,77.1019956982633,913.0847817885983,567.0442073856165,628.9,574.0
4729,3117,80.99031735630051,907.4965464944808,585.2795015032635,628.9,574.0
4730,3118,83.6375705641893,901.9083112003631,603.5147956209106,628.9,574.0
4731,3119,85.5458056579154,901.9083112003631,603.5147956209106,628.9,574.0
4732,3120,86.98151178366551,901.9083112003631,603.5147956209106,628.9,574.0
4733,3121,88.09793211779152,901.9083112003631,603.5147956209106,628.9,574.0
4734,3122,88.98899757467889,901.9083112003631,603.5147956209106,628.9,574.0
4735,3123,89.71532069889139,901.9083112003631,603.5147956209106,628.9,574.0
4736,3124,89.69205329761633,901.9083112003631,603.5147956209106,628.9,574.0
4737,3125,89.66916328223795,901.9083112003631,603.5147956209106,628.9,574.0
4738,3126,89.64664155222671,901.9083112003631,603.5147956209106,628.9,574.0
4739,3127,89.62447929710379,901.9083112003631,603.5147956209106,628.9,574.0
4740,3128,89.60266798498542,901.9083112003631,603.5147956209106,628.9,574.0
4741,3129,89.58119935166576,901.9083112003631,603.5147956209106,628.9,574.0
4742,3130,89.5600653902087,901.9083112003631,603.5147956209106,628.9,574.0
4743,3131,89.53925834102122,901.9083112003631,603.5147956209106,628.9,574.0
4744,3132,89.5187706823824,901.9083112003631,603.5147956209106,628.9,574.0
4745,3133,89.49859512140418,901.9083112003631,603.5147956209106,628.9,574.0
4746,3134,89.47872458540081,901.9083112003631,603.5147956209106,628.9,574.0
4747,3135,89.45915221364578,901.9083112003631,603.5147956209106,628.9,574.0
4748,3136,89.43987134949595,901.9083112003631,603.5147956209106,628.9,574.0
4749,3137,89.42087553286406,901.9083112003631,603.5147956209106,628.9,574.0
4750,3138,89.40215849302184,901.9083112003631,603.5147956209106,628.9,574.0
4751,3139,89.38371414171678,901.9083112003631,603.5147956209106,628.9,574.0
4752,3140,89.36553656658673,901.9083112003631,603.5147956209106,628.9,574.0
4753,3141,89.34762002485756,901.9083112003631,603.5147956209106,628.9,574.0
4754,3142,89.32995893730973,901.9083112003631,603.5147956209106,628.9,574.0
4755,3143,89.31254788250028,901.9083112003631,603.5147956209106,628.9,574.0
4756,3144,89.29538159122818,901.9083112003631,603.5147956209106,628.9,574.0
4757,3145,89.27845494123068,901.9083112003631,603.5147956209106,628.9,574.0
4758,3146,89.26176295209983,901.9083112003631,603.5147956209106,628.9,574.0
4759,3147,89.24530078040834,901.9083112003631,603.5147956209106,628.9,574.0
4760,3148,89.22906371503517,901.9083112003631,603.5147956209106,669.6166666666667,562.7166666666667
4761,3149,89.21304717268085,901.9083112003631,603.5147956209106,710.3333333333334,551.4333333333334
4762,3150,89.19724669356403,901.9083112003631,603.5147956209106,751.05,540.15
4763,3151,89.18165793729067,901.9083112003631,603.5147956209106,791.7666666666667,528.8666666666667
4764,3152,89.16627667888777,901.9083112003631,603.5147956209106,832.4833333333333,517.5833333333334
4765,3153,89.15109880499404,901.9083112003631,603.5147956209106,873.2,506.3
4766,3154,89.13612031020043,901.9083112003631,603.5147956209106,873.2,506.3
4767,3155,86.70704814661441,901.9083112003631,603.5147956209106,873.2,506.3
4768,3156,83.86035341693392,901.9083112003631,603.5147956209106,873.2,506.3
4769,3157,80.49546436549363,901.9083112003631,603.5147956209106,873.2,506.3
4770,3158,76.48623773171381,901.9083112003631,603.5147956209106,873.2,506.3
4771,3159,71.67929850264504,901.9083112003631,603.5147956209106,873.2,506.3
4772,3160,65.90024794485703,901.9083112003631,603.5147956209106,873.2,506.3
4773,3161,58.97814030632103,901.9083112003631,603.5147956209106,873.2,506.3
4774,3162,50.802952221530205,901.9083112003631,603.5147956209106,873.2,506.3
4775,3163,41.42261248784958,901.9083112003631,603.5147956209106,873.2,506.3
4776,3164,31.14524347859331,901.9083112003631,603.5147956209106,873.2,506.3
4777,3165,20.55031335427247,901.9083112003631,603.5147956209106,873.2,506.3
4778,3166,10.330301965017632,890.3200759062454,606.9853838562047,873.2,506.3
4779,3167,1.0453437115238509,878.7318406121278,610.4559720914989,873.2,506.3
4779,3168,1.0327888145177482,867.1436053180101,613.9265603267929,873.2,506.3
4779,3169,1.0203840689583552,855.5553700238925,617.3971485620871,886.94,461.26
4779,3170,1.0081267983724809,843.9671347297749,620.8677367973812,900.6800000000001,416.22
4779,3171,0.9960143894983416,832.3788994356572,624.3383250326754,914.42,371.18
4779,3172,0.9840442904294479,820.7906641415395,627.8089132679694,928.16,326.14
4779,3173,0.9722140088227527,809.2024288474219,631.2795015032635,941.9,281.1
4779,3174,0.9605211101735568,797.6141935533043,634.7500897385577,941.9,281.1
4779,3175,0.9489632161492483,786.0259582591866,638.2206779738518,941.9,281.1
4779,3176,0.9375380029772068,774.4377229650689,641.6912662091459,941.9,281.1
4779,3177,0.9262431998890063,762.8494876709512,645.16185444444,941.9,281.1
4779,3178,0.915076587622304,751.2612523768337,648.6324426797341,941.9,281.1
4779,3179,0.9040359969644433,739.673017082716,652.1030309150283,941.9,281.1
4779,3180,0.8931193073539704,728.0847817885983,655.5736191503224,941.9,281.1
4779,3181,0.882324445520209,716.4965464944808,659.0442073856165,941.9,281.1
4779,3182,0.8716493841803832,704.9083112003631,662.5147956209106,941.9,281.1
4779,3183,0.8610921407632008,704.9083112003631,662.5147956209106,941.9,281.1
4779,3184,0.8506507761881184,704.9083112003631,662.5147956209106,941.9,281.1
4779,3185,0.8403233936808308,704.9083112003631,662.5147956209106,941.9,281.1
4779,3186,0.8301081376238011,704.9083112003631,662.5147956209106,941.9,281.1
4779,3187,0.8200031924454867,704.9083112003631,662.5147956209106,939.8,254.96
4779,3188,0.8100067815492237,704.9083112003631,662.5147956209106,937.6999999999999,228.82000000000002
4779,3189,0.8001171662719821,704.9083112003631,662.5147956209106,935.6,202.68
4779,3190,0.7903326448761865,704.9083112003631,662.5147956209106,933.5,176.54000000000002
4779,3191,0.7806515515791875,704.9083112003631,662.5147956209106,931.4,150.4
4779,3192,0.7710722556019729,704.9083112003631,662.5147956209106,931.4,150.4
4779,3193,0.7615931602619893,704.9083112003631,662.5147956209106,931.4,150.4
4779,3194,0.7522127020829346,704.9083112003631,662.5147956209106,931.4,150.4
4779,3195,0.7429293499374395,704.9083112003631,662.5147956209106,931.4,150.4
4779,3196,0.7337416042145982,704.9083112003631,662.5147956209106,931.4,150.4
4779,3197,0.7246479960132842,704.9083112003631,662.5147956209106,931.4,150.4
4779,3198,0.71564708636255,704.9083112003631,662.5147956209106,931.4,150.4
4779,3199,0.7067374654574102,704.9083112003631,662.5147956209106,931.4,150.4
4779,3200,0.6979177519324014,704.9083112003631,662.5147956209106,931.4,150.4
4779,3201,0.6891865921434475,704.9083112003631,662.5147956209106,931.4,150.4
4779,3202,0.6805426594729688,704.9083112003631,662.5147956209106,931.4,150.4
4779,3203,0.6719846536658626,704.9083112003631,662.5147956209106,931.4,150.4
4779,3204,0.6635113001737992,704.9083112003631,662.5147956209106,931.4,150.4
4779,3205,0.6551213495222401,704.9083112003631,662.5147956209106,931.4,150.4
4779,3206,0.6468135767024062,704.9083112003631,662.5147956209106,931.4,150.4
4779,3207,0.6385867805704862,704.9083112003631,662.5147956209106,931.4,150.4
4779,3208,0.6304397832701978,704.9083112003631,662.5147956209106,931.4,150.4
4779,3209,0.6223714296729397,704.9083112003631,662.5147956209106,931.4,150.4
4779,3210,0.6143805868331436,704.9083112003631,662.5147956209106,931.4,150.4
4779,3211,0.6064661434536287,704.9083112003631,662.5147956209106,931.4,150.4
4779,3212,0.5986270093769962,704.9083112003631,662.5147956209106,931.4,150.4
4779,3213,0.590862115083034,704.9083112003631,662.5147956209106,931.4,150.4
4779,3214,0.5831704112004423,704.9083112003631,662.5147956209106,931.4,150.4
4779,3215,0.5755508680388024,704.9083112003631,662.5147956209106,931.4,150.4
4779,3216,0.5680024751292436,704.9083112003631,662.5147956209106,875.2166666666667,227.38333333333333
4779,3217,0.5605242407725987,704.9083112003631,662.5147956209106,819.0333333333333,304.3666666666667
4779,3218,0.5531151916113816,704.9083112003631,662.5147956209106,762.8499999999999,381.35
4779,3219,0.5457743722062073,704.9083112003631,662.5147956209106,706.6666666666666,458.33333333333337
4779,3220,0.5385008446274937,704.9083112003631,662.5147956209106,650.4833333333333,535.3166666666667
4779,3221,0.5312936880483318,704.9083112003631,662.5147956209106,594.3,612.3
4779,3222,0.5241519983686362,704.9083112003631,662.5147956209106,594.3,612.3
4779,3223,0.5170748878285062,704.9083112003631,662.5147956209106,594.3,612.3
4779,3224,0.5100614846396712,704.9083112003631,662.5147956209106,594.3,612.3
4779,3225,0.5031109326359167,704.9083112003631,662.5147956209106,594.3,612.3
4779,3226,0.49622239092059983,704.9083112003631,662.5147956209106,594.3,612.3
4779,3227,0.48939503352254404,704.9083112003631,662.5147956209106,594.3,612.3
4779,3228,0.482628049077362,704.9083112003631,662.5147956209106,594.3,612.3
4779,3229,0.4759206404979575,704.9083112003631,662.5147956209106,594.3,612.3
4779,3230,0.46927202465972623,704.9083112003631,662.5147956209106,594.3,612.3
4779,3231,0.4626814321083944,704.9083112003631,662.5147956209106,594.3,612.3
4779,3232,0.45614810675050715,704.9083112003631,662.5147956209106,594.3,612.3
4779,3233,0.44967130557018925,704.9083112003631,662.5147956209106,594.3,612.3
4779,3234,0.4432502983468762,704.9083112003631,662.5147956209106,594.3,612.3
4779,3235,0.43688436738650255,704.9083112003631,662.5147956209106,594.3,612.3
4779,3236,0.43057280723519376,704.9083112003631,662.5147956209106,594.3,612.3
4779,3237,0.4243149244532893,704.9083112003631,662.5147956209106,594.3,612.3
4779,3238,0.418110037322353,704.9083112003631,662.5147956209106,594.3,612.3
4779,3239,0.4119574756281206,704.9083112003631,662.5147956209106,594.3,612.3
4779,3240,0.4058565804013421,704.9083112003631,662.5147956209106,594.3,612.3
4779,3241,0.3998067036908193,704.9083112003631,662.5147956209106,594.3,612.3
4779,3242,0.39380720833919136,704.9083112003631,662.5147956209106,594.3,612.3
4779,3243,0.3878574677433034,704.9083112003631,662.5147956209106,594.3,612.3
4779,3244,0.38195686565407966,704.9083112003631,662.5147956209106,594.3,612.3
4779,3245,0.3761047959410523,704.9083112003631,662.5147956209106,594.3,612.3
4779,3246,0.3703006624192174,666.9083112003631,669.5147956209106,594.3,612.3
4779,3247,0.3645438786163814,666.9083112003631,669.5147956209106,594.3,612.3
4779,3248,0.3588338675800452,666.9083112003631,669.5147956209106,658.6875,552.2874999999999
4779,3249,0.353170061712972,666.9083112003631,669.5147956209106,723.075,492.275
4779,3250,0.3475519025358626,666.9083112003631,669.5147956209106,787.4625,432.26249999999993
4779,3251,0.3419788405499458,666.9083112003631,669.5147956209106,851.85,372.25
4779,3252,0.33645033503560523,666.9083112003631,669.5147956209106,916.2375000000001,312.23749999999995
4779,3253,0.33096585387964583,666.9083112003631,669.5147956209106,980.625,252.22499999999997
4779,3254,0.3255248734076476,666.9083112003631,669.5147956209106,1045.0125,192.21249999999998
4779,3255,0.3201268782150334,666.9083112003631,669.5147956209106,1109.4,132.2
4779,3256,0.31477136101272757,666.9083112003631,669.5147956209106,1109.4,132.2
4779,3257,0.30945782244419723,666.9083112003631,669.5147956209106,1109.4,132.2
4779,3258,0.3041857709659854,666.9083112003631,669.5147956209106,1109.4,132.2
4779,3259,0.2989547226798183,666.9083112003631,669.5147956209106,1109.4,132.2
4779,3260,0.2937642011532912,666.9083112003631,669.5147956209106,1109.4,132.2
4779,3261,0.288613737346095,666.9083112003631,669.5147956209106,1109.4,132.2
4779,3262,0.2835028693912472,666.9083112003631,669.5147956209106,1109.4,132.2
4779,3263,0.2784311425132579,666.9083112003631,669.5147956209106,1109.4,132.2
4779,3264,0.27339810887666965,666.9083112003631,669.5147956209106,1109.4,132.2
4779,3265,0.2684033274312574,666.9083112003631,669.5147956209106,1109.4,132.2
4779,3266,0.2634463638248808,666.9083112003631,669.5147956209106,1109.4,132.2
4779,3267,0.25852679023599084,666.9083112003631,669.5147956209106,1109.4,132.2
4779,3268,0.25364418528950433,666.9083112003631,669.5147956209106,1109.4,132.2
4779,3269,0.24879813390279695,666.9083112003631,669.5147956209106,1109.4,132.2
4779,3270,0.24398822718726948,666.9083112003631,669.5147956209106,1109.4,132.2
4779,3271,0.23921406234099227,666.9083112003631,669.5147956209106,1077.52,136.17999999999998
4779,3272,0.23447524249766438,666.9083112003631,669.5147956209106,1045.64,140.16
4779,3273,0.22977137667703945,666.9083112003631,669.5147956209106,1013.76,144.14
4779,3274,0.2251020796111671,666.9083112003631,669.5147956209106,981.88,148.12
4779,3275,0.2204669716932062,666.9083112003631,669.5147956209106,950.0,152.1
4779,3276,0.21586567885192534,666.9083112003631,669.5147956209106,950.0,152.1
4779,3277,0.21129783243949124,666.9083112003631,669.5147956209106,950.0,152.1
4779,3278,0.20676306916357023,666.9083112003631,669.5147956209106,950.0,152.1
4779,3279,0.2022610309578561,666.9083112003631,669.5147956209106,950.0,152.1
4779,3280,0.19779136491085547,666.9083112003631,669.5147956209106,950.0,152.1
4779,3281,0.1933537231744916,666.9083112003631,669.5147956209106,950.0,152.1
4779,3282,0.1889477628478977,666.9083112003631,669.5147956209106,950.0,152.1
4779,3283,0.18457314591983165,666.9083112003631,669.5147956209106,950.0,152.1
4779,3284,0.1802295391752036,666.9083112003631,669.5147956209106,950.0,152.1
4779,3285,0.17591661408910547,666.9083112003631,669.5147956209106,950.0,152.1
4779,3286,0.17163404676629762,666.9083112003631,669.5147956209106,950.0,152.1
4779,3287,0.16738151785875352,666.9083112003631,669.5147956209106,950.0,152.1
4779,3288,0.16315871248688474,666.9083112003631,669.5147956209106,950.0,152.1
4779,3289,0.158965320124502,666.9083112003631,669.5147956209106,950.0,152.1
4779,3290,0.15480103460141761,666.9083112003631,669.5147956209106,901.18,232.22
4779,3291,0.15066555394469788,666.9083112003631,669.5147956209106,852.36,312.34000000000003
4779,3292,0.14655858035796943,666.9083112003631,669.5147956209106,803.54,392.46000000000004
4779,3293,0.1424798201448801,666.9083112003631,669.5147956209106,754.72,472.58000000000004
4779,3294,0.13842898360780398,666.9083112003631,669.5147956209106,705.9,552.7
4779,3295,0.13440578501487438,666.9083112003631,669.5147956209106,705.9,552.7
4779,3296,0.13040994251102522,666.9083112003631,669.5147956209106,705.9,552.7
4779,3297,0.1264411780707386,666.9083112003631,669.5147956209106,705.9,552.7
4779,3298,0.12249921741931348,666.9083112003631,669.5147956209106,705.9,552.7
4779,3299,0.11858378996509558,666.9083112003631,669.5147956209106,705.9,552.7
4779,3300,0.11469462875868026,666.9083112003631,669.5147956209106,705.9,552.7
4779,3301,0.11083147040411195,666.9083112003631,669.5147956209106,705.9,552.7
4779,3302,0.10699405502637382,666.9083112003631,669.5147956209106,705.9,552.7
4779,3303,0.1031821262045431,666.9083112003631,669.5147956209106,705.9,552.7
4779,3304,0.09939543089128844,666.9083112003631,669.5147956209106,705.9,552.7
4779,3305,0.09563371940711081,666.9083112003631,669.5147956209106,705.9,552.7
4779,3306,0.0918967453330907,666.9083112003631,669.5147956209106,705.9,552.7
4779,3307,0.08818426548338197,666.9083112003631,669.5147956209106,705.9,552.7
4779,3308,0.08449603985340742,666.9083112003631,669.5147956209106,705.9,552.7
4779,3309,0.08083183157263142,666.9083112003631,669.5147956209106,705.9,552.7
4779,3310,0.07719140682633541,682.673017082716,670.16185444444,705.9,552.7
4779,3311,0.07357453482557123,698.4377229650689,670.8089132679694,705.9,552.7
4779,3312,0.0699809877758193,714.2024288474219,671.4559720914989,705.9,552.7
4779,3313,0.0664105407895743,729.9671347297749,672.1030309150283,705.9,552.7
4779,3314,0.06286297187787113,745.7318406121278,672.7500897385577,705.9,552.7
4779,3315,0.05933806188269295,761.4965464944808,673.3971485620871,705.9,552.7
4779,3316,0.055835594409636355,777.2612523768337,674.0442073856165,705.9,552.7
4779,3317,0.05235535585943886,793.0259582591866,674.6912662091459,705.9,552.7
4779,3318,0.048897135295332496,808.7906641415395,675.3383250326754,705.9,552.7
4779,3319,0.04546072443629499,824.5553700238925,675.9853838562047,705.9,552.7
4779,3320,0.04204591767632951,840.3200759062454,676.6324426797341,705.9,552.7
4779,3321,0.03865251191061789,856.0847817885983,677.2795015032635,705.9,552.7
4779,3322,0.035280306649129685,871.8494876709512,677.9265603267929,705.9,552.7
4779,3323,0.03192910382142677,887.6141935533043,678.5736191503223,705.9,552.7
4779,3324,0.028598707822691784,903.3788994356572,679.2206779738518,705.9,552.7
4779,3325,0.025288925593674412,919.1436053180101,679.8677367973812,705.9,552.7
4779,3326,0.0219995662729033,934.9083112003631,680.5147956209106,705.9,552.7
4779,3327,0.018730441454329505,934.9083112003631,680.5147956209106,705.9,552.7
4779,3328,0.015481365043475082,934.9083112003631,680.5147956209106,705.9,552.7
4779,3329,0.01225215321313878,934.9083112003631,680.5147956209106,705.9,552.7
4779,3330,0.009042624270997031,934.9083112003631,680.5147956209106,705.9,552.7
4779,3331,0.005852598918144704,934.9083112003631,680.5147956209106,705.9,552.7
4779,3332,0.0026818999464883193,934.9083112003631,680.5147956209106,705.9,552.7
4779,3333,0.0004696476825736203,934.9083112003631,680.5147956209106,705.9,552.7
4779,3334,0.0036022172191396322,934.9083112003631,680.5147956209106,762.075,559.1750000000001
4779,3335,0.0067159792538399,934.9083112003631,680.5147956209106,818.25,565.6500000000001
4779,3336,0.009811102636182489,934.9083112003631,680.5147956209106,874.425,572.125
4779,3337,0.012887754477812428,934.9083112003631,680.5147956209106,930.6,578.6
4779,3338,0.01594609937240836,934.9083112003631,680.5147956209106,930.6,578.6
4779,3339,0.018986300323355878,934.9083112003631,680.5147956209106,930.6,578.6
4779,3340,0.022008518234266198,934.9083112003631,680.5147956209106,930.6,578.6
4779,3341,0.025012912234264335,934.9083112003631,680.5147956209106,930.6,578.6
4779,3342,0.027999639479362966,934.9083112003631,680.5147956209106,930.6,578.6
4779,3343,0.030968855362451267,934.9083112003631,680.5147956209106,930.6,578.6
4779,3344,0.03392071341912396,934.9083112003631,680.5147956209106,930.6,578.6
4779,3345,0.03685536535834909,934.9083112003631,680.5147956209106,930.6,578.6
4779,3346,0.03977296120824252,934.9083112003631,680.5147956209106,930.6,578.6
4779,3347,0.04267364918103609,934.9083112003631,680.5147956209106,930.6,578.6
4779,3348,0.04555757583101186,934.9083112003631,680.5147956209106,930.6,578.6
4779,3349,0.04842488602944049,934.9083112003631,680.5147956209106,930.6,578.6
4779,3350,0.05127572293560958,934.9083112003631,680.5147956209106,930.6,578.6
4779,3351,0.05411022807987708,934.9083112003631,680.5147956209106,930.6,578.6
4779,3352,0.05692854141106726,934.9083112003631,680.5147956209106,930.6,578.6
4779,3353,0.05973080126561361,934.9083112003631,680.5147956209106,930.6,578.6
4779,3354,0.06251714436486094,934.9083112003631,680.5147956209106,930.6,578.6
4779,3355,0.06528770597168412,934.9083112003631,680.5147956209106,930.6,578.6
4779,3356,0.06804261974892598,934.9083112003631,680.5147956209106,933.7516129032258,572.2741935483871
4779,3357,0.07078201786983418,934.9083112003631,680.5147956209106,936.9032258064516,565.9483870967742
4779,3358,0.07350603103197413,934.9083112003631,680.5147956209106,940.0548387096775,559.6225806451613
4779,3359,0.07621478848527037,934.9083112003631,680.5147956209106,943.2064516129033,553.2967741935485
4779,3360,0.07890841799704149,934.9083112003631,680.5147956209106,946.358064516129,546.9709677419355
4779,3361,0.08158704594738624,934.9083112003631,680.5147956209106,949.5096774193548,540.6451612903226
4779,3362,0.08425079727944007,934.9083112003631,680.5147956209106,952.6612903225806,534.3193548387097
4779,3363,0.08689979560430662,934.9083112003631,680.5147956209106,955.8129032258065,527.9935483870968
4779,3364,0.08953416310305015,934.9083112003631,680.5147956209106,958.9645161290323,521.667741935484
4779,3365,0.09215402065017932,934.9083112003631,680.5147956209106,962.1161290322581,515.341935483871
4779,3366,0.0947594878003503,934.9083112003631,680.5147956209106,965.2677419354839,509.01612903225805
4779,3367,0.09735068276904416,934.9083112003631,680.5147956209106,968.4193548387098,502.6903225806452
4779,3368,0.09992772251044503,934.9083112003631,680.5147956209106,971.5709677419355,496.36451612903227
4779,3369,0.1024907226656935,934.9083112003631,680.5147956209106,974.7225806451613,490.0387096774194
4779,3370,0.10503979766750722,934.9083112003631,680.5147956209106,977.8741935483871,483.7129032258065
4779,3371,0.10757506067374793,934.9083112003631,680.5147956209106,981.0258064516129,477.38709677419354
4779,3372,0.11009662362582298,934.9083112003631,680.5147956209106,984.1774193548388,471.06129032258065
4779,3373,0.11260459727315562,934.9083112003631,680.5147956209106,987.3290322580646,464.73548387096776
4779,3374,0.1150990911532263,934.9083112003631,680.5147956209106,990.4806451612903,458.40967741935486
4779,3375,0.11758021365783441,934.9083112003631,680.5147956209106,993.6322580645161,452.083870967742
4779,3376,0.12004807199404169,934.9083112003631,680.5147956209106,996.7838709677419,445.758064516129
4779,3377,0.12250277223029098,934.9083112003631,680.5147956209106,999.9354838709678,439.43225806451613
4779,3378,0.12494441931681899,934.9083112003631,680.5147956209106,1003.0870967741936,433.10645161290324
4779,3379,0.1273731170867889,934.9083112003631,680.5147956209106,1006.2387096774194,426.78064516129035
4779,3380,0.12978896827442643,934.9083112003631,680.5147956209106,1009.3903225806451,420.45483870967746
4779,3381,0.132192074525973,934.9083112003631,680.5147956209106,1012.5419354838709,414.1290322580645
4779,3382,0.13458253643420276,934.9083112003631,680.5147956209106,1015.6935483870968,407.8032258064516
4779,3383,0.1369604535111966,934.9083112003631,680.5147956209106,1018.8451612903226,401.47741935483873
4779,3384,0.13932592424806153,934.9083112003631,680.5147956209106,1021.9967741935484,395.1516129032258
4779,3385,0.14167904609968823,934.9083112003631,680.5147956209106,1025.1483870967743,388.82580645161295
4779,3386,0.1440199155044341,934.9083112003631,680.5147956209106,1028.3,382.5
4779,3387,0.14634862790495437,934.9083112003631,680.5147956209106,1031.4516129032259,376.1741935483871
4779,3388,0.1486652777505002,934.9083112003631,680.5147956209106,1034.6032258064515,369.8483870967742
4779,3389,0.15096995850927744,934.9083112003631,680.5147956209106,1037.7548387096774,363.52258064516127
4779,3390,0.15326276270648367,983.9083112003631,678.5147956209106,1040.9064516129033,357.19677419354844
4779,3391,0.1555437818987312,983.9083112003631,678.5147956209106,1044.058064516129,350.8709677419355
4779,3392,0.15781310669988374,983.9083112003631,678.5147956209106,1047.2096774193549,344.5451612903226
4779,3393,0.1600708268167799,983.9083112003631,678.5147956209106,1050.3612903225808,338.2193548387097
4779,3394,0.1623170310220915,983.9083112003631,678.5147956209106,1053.5129032258064,331.89354838709676
4779,3395,0.16455180719661106,983.9083112003631,678.5147956209106,1056.6645161290323,325.56774193548387
4779,3396,0.1667752423230148,983.9083112003631,678.5147956209106,1059.816129032258,319.241935483871
4779,3397,0.16898742251757956,983.9083112003631,678.5147956209106,1062.967741935484,312.9161290322581
4779,3398,0.1711884330006395,983.9083112003631,678.5147956209106,1066.1193548387096,306.5903225806452
4779,3399,0.17337835815630448,983.9083112003631,678.5147956209106,1069.2709677419355,300.26451612903224
4779,3400,0.17555728152210928,983.9083112003631,678.5147956209106,1072.4225806451614,293.93870967741935
4779,3401,0.1777252857720893,983.9083112003631,678.5147956209106,1075.574193548387,287.61290322580646
4779,3402,0.17988245278906284,983.9083112003631,678.5147956209106,1078.725806451613,281.28709677419357
4779,3403,0.18202886361652354,983.9083112003631,678.5147956209106,1081.8774193548388,274.9612903225807
4779,3404,0.1841645984998979,983.9083112003631,678.5147956209106,1085.0290322580645,268.63548387096773
4779,3405,0.18628973688477415,983.9083112003631,678.5147956209106,1088.1806451612904,262.30967741935484
4779,3406,0.1884043574297096,983.9083112003631,678.5147956209106,1091.332258064516,255.98387096774195
4779,3407,0.19050853802867265,983.9083112003631,678.5147956209106,1094.483870967742,249.65806451612906
4779,3408,0.19260235579131943,983.9083112003631,678.5147956209106,1097.6354838709678,243.3322580645161
4779,3409,0.19468588707228718,983.9083112003631,678.5147956209106,1100.7870967741935,237.00645161290322
4779,3410,0.196759207499569,983.9083112003631,678.5147956209106,1103.9387096774194,230.68064516129033
4779,3411,0.19882239193608672,983.9083112003631,678.5147956209106,1107.090322580645,224.35483870967744
4779,3412,0.20087551451898802,983.9083112003631,678.5147956209106,1110.241935483871,218.02903225806455
4779,3413,0.2029186486777621,983.9083112003631,678.5147956209106,1113.3935483870969,211.7032258064516
4779,3414,0.20495186712202407,983.9083112003631,678.5147956209106,1116.5451612903225,205.3774193548387
4779,3415,0.20697524184333269,983.9083112003631,678.5147956209106,1119.6967741935484,199.05161290322582
4779,3416,0.2089888441632274,983.9083112003631,678.5147956209106,1122.848387096774,192.72580645161293
4779,3417,0.21099274470177662,983.9083112003631,678.5147956209106,1126.0,186.4
4779,3418,0.2129870133951096,983.9083112003631,678.5147956209106,1126.0,186.4
4779,3419,0.2149717195265311,983.9083112003631,678.5147956209106,1126.0,186.4
4779,3420,0.21694693169813856,983.9083112003631,678.5147956209106,1126.0,186.4
4779,3421,0.21891271786325928,983.9083112003631,678.5147956209106,1126.0,186.4
4779,3422,0.2208691453400125,983.9083112003631,678.5147956209106,1126.0,186.4
4779,3423,0.22281628078755697,983.9083112003631,678.5147956209106,1126.0,186.4
4779,3424,0.22475419024945764,983.9083112003631,678.5147956209106,1126.0,186.4
4779,3425,0.22668293913635737,983.9083112003631,678.5147956209106,1126.0,186.4
4779,3426,0.22860259224244078,983.9083112003631,678.5147956209106,1126.0,186.4
4779,3427,0.230513213755775,983.9083112003631,678.5147956209106,1126.0,186.4
4779,3428,0.23241486725976085,983.9083112003631,678.5147956209106,1126.0,186.4
4779,3429,0.23430761574798878,983.9083112003631,678.5147956209106,1126.0,186.4
4779,3430,0.23619152161318044,983.9083112003631,678.5147956209106,1126.0,186.4
4779,3431,0.2380666466774918,983.9083112003631,678.5147956209106,1126.0,186.4
4779,3432,0.23993305218597183,983.9083112003631,678.5147956209106,1126.0,186.4
4779,3433,0.24179079880739182,983.9083112003631,678.5147956209106,1126.0,186.4
4779,3434,0.2436399466644929,983.9083112003631,678.5147956209106,1126.0,186.4
4779,3435,0.24548055531193974,983.9083112003631,678.5147956209106,1126.0,186.4
4779,3436,0.2473126837590355,983.9083112003631,678.5147956209106,1126.0,186.4
4779,3437,0.2491363904734512,983.9083112003631,678.5147956209106,1126.0,186.4
4779,3438,0.2509517333858312,983.9083112003631,678.5147956209106,1126.0,186.4
4779,3439,0.25275876989956503,983.9083112003631,678.5147956209106,1126.0,186.4
4779,3440,0.25455755689402154,983.9083112003631,678.5147956209106,1126.0,186.4
4779,3441,0.25634815072299966,983.9083112003631,678.5147956209106,1126.0,186.4
4779,3442,0.25813060723545816,983.9083112003631,678.5147956209106,1079.725,239.5
4779,3443,0.2599049817739927,983.9083112003631,678.5147956209106,1033.45,292.6
4779,3444,0.2616713291771989,983.9083112003631,678.5147956209106,987.175,345.70000000000005
4779,3445,0.26342970378712766,983.9083112003631,678.5147956209106,940.9,398.8
4779,3446,0.2651801594657235,983.9083112003631,678.5147956209106,940.9,398.8
4779,3447,0.26692274958024864,983.9083112003631,678.5147956209106,940.9,398.8
4779,3448,0.2686575270215104,983.9083112003631,678.5147956209106,940.9,398.8
4779,3449,0.2703845442156784,983.9083112003631,678.5147956209106,940.9,398.8
4779,3450,0.27210385310721863,983.9083112003631,678.5147956209106,940.9,398.8
4779,3451,0.27381550519408154,983.9083112003631,678.5147956209106,940.9,398.8
4779,3452,0.27551955150308116,983.9083112003631,678.5147956209106,940.9,398.8
4779,3453,0.2772160426132288,983.9083112003631,678.5147956209106,940.9,398.8
4779,3454,0.27890502865833156,983.9083112003631,678.5147956209106,940.9,398.8
4779,3455,0.28058655932533005,983.9083112003631,678.5147956209106,940.9,398.8
4779,3456,0.282260683867924,983.9083112003631,678.5147956209106,940.9,398.8
4779,3457,0.2839274511079024,983.9083112003631,678.5147956209106,940.9,398.8
4779,3458,0.28558690943107073,983.9083112003631,678.5147956209106,940.9,398.8
4779,3459,0.28723910680464027,983.9083112003631,678.5147956209106,940.9,398.8
4779,3460,0.28888409077989957,983.9083112003631,678.5147956209106,940.9,398.8
4779,3461,0.29052190849205195,983.9083112003631,678.5147956209106,940.9,398.8
4779,3462,0.29215260666107407,983.9083112003631,678.5147956209106,940.9,398.8
4779,3463,0.2937762316121695,983.9083112003631,678.5147956209106,940.9,398.8
4779,3464,0.29539282926078,983.9083112003631,678.5147956209106,940.9,398.8
4779,3465,0.2970024451248679,983.9083112003631,678.5147956209106,940.9,398.8
4779,3466,0.29860512433903075,983.9083112003631,678.5147956209106,939.9666666666667,449.1166666666667
4779,3467,0.3002009116461044,983.9083112003631,678.5147956209106,939.0333333333333,499.43333333333334
4779,3468,0.3017898513997017,983.9083112003631,678.5147956209106,938.0999999999999,549.75
4779,3469,0.30337198758329204,983.9083112003631,678.5147956209106,937.1666666666666,600.0666666666667
4779,3470,0.30494736378905396,983.9083112003631,678.5147956209106,936.2333333333333,650.3833333333333
4779,3471,0.3065160232495096,983.9083112003631,678.5147956209106,935.3,700.7
4779,3472,0.30807800883133324,983.9083112003631,678.5147956209106,935.3,700.7
4779,3473,0.3096333630362317,983.9083112003631,678.5147956209106,935.3,700.7
4779,3474,0.31118212799693706,983.9083112003631,678.5147956209106,935.3,700.7
4779,3475,0.31272434549179334,983.9083112003631,678.5147956209106,935.3,700.7
4779,3476,0.31426005695874126,983.9083112003631,678.5147956209106,935.3,700.7
4779,3477,0.3157893034741091,983.9083112003631,678.5147956209106,935.3,700.7
4779,3478,0.3173121257720561,983.9083112003631,678.5147956209106,935.3,700.7
4779,3479,0.31882856425529704,983.9083112003631,678.5147956209106,935.3,700.7
4779,3480,0.32033865896896085,983.9083112003631,678.5147956209106,935.3,700.7
4779,3481,0.32184244964184705,983.9083112003631,678.5147956209106,935.3,700.7
4779,3482,0.32333997566325834,983.9083112003631,678.5147956209106,935.3,700.7
4779,3483,0.32483127609623613,983.9083112003631,678.5147956209106,935.3,700.7
4779,3484,0.32631638968135374,983.9083112003631,678.5147956209106,935.3,700.7
4779,3485,0.3277953548369331,983.9083112003631,678.5147956209106,882.8399999999999,686.4000000000001
4779,3486,0.3292682096624391,700.9083112003631,714.5147956209106,830.38,672.1
4779,3487,0.3307349919471605,700.9083112003631,714.5147956209106,777.92,657.8000000000001
4779,3488,0.33219573916975276,700.9083112003631,714.5147956209106,725.46,643.5
4779,3489,0.3336504884932963,700.9083112003631,714.5147956209106,673.0,629.2
4779,3490,0.3350992767831983,700.9083112003631,714.5147956209106,673.0,629.2
4779,3491,0.33654214060609744,700.9083112003631,714.5147956209106,673.0,629.2
4779,3492,0.33797911621789556,700.9083112003631,714.5147956209106,673.0,629.2
4779,3493,0.3394102395981476,700.9083112003631,714.5147956209106,673.0,629.2
4779,3494,0.34083554641396485,700.9083112003631,714.5147956209106,673.0,629.2
4779,3495,0.3422550720539254,700.9083112003631,714.5147956209106,673.0,629.2
4779,3496,0.3436688516239138,700.9083112003631,714.5147956209106,673.0,629.2
4779,3497,0.3450769199376755,700.9083112003631,714.5147956209106,673.0,629.2
4779,3498,0.34647931152958544,700.9083112003631,714.5147956209106,673.0,629.2
4779,3499,0.34787606065757354,700.9083112003631,714.5147956209106,673.0,629.2
4779,3500,0.349267201309008,700.9083112003631,714.5147956209106,673.0,629.2
4779,3501,0.35065276719178873,700.9083112003631,714.5147956209106,673.0,629.2
4779,3502,0.35203279174832913,700.9083112003631,714.5147956209106,673.0,629.2
4779,3503,0.3534073081567389,700.9083112003631,714.5147956209106,673.0,629.2
4779,3504,0.3547763493175032,700.9083112003631,714.5147956209106,673.0,629.2
4779,3505,0.3561399478864276,700.9083112003631,714.5147956209106,673.0,629.2
4779,3506,0.3574981362537255,700.9083112003631,714.5147956209106,673.0,629.2
4779,3507,0.3588509465468525,700.9083112003631,714.5147956209106,673.0,629.2
4779,3508,0.36019841065039027,700.9083112003631,714.5147956209106,673.0,629.2
4779,3509,0.36154056019011743,700.9083112003631,714.5147956209106,673.0,629.2
4779,3510,0.3628774265424603,700.9083112003631,714.5147956209106,673.0,629.2
4779,3511,0.36420904083764816,700.9083112003631,714.5147956209106,673.0,629.2
4779,3512,0.3655354339726901,700.9083112003631,714.5147956209106,673.0,629.2
4779,3513,0.3668566365892201,700.9083112003631,714.5147956209106,673.0,629.2
4779,3514,0.3681726790863895,700.9083112003631,714.5147956209106,673.0,629.2
4779,3515,0.3694835916482032,700.9083112003631,714.5147956209106,673.0,629.2
4779,3516,0.37078940419549733,700.9083112003631,714.5147956209106,673.0,629.2
4779,3517,0.3720901464417057,700.9083112003631,714.5147956209106,673.0,629.2
4779,3518,0.3733858478566077,700.9083112003631,714.5147956209106,673.0,629.2
4779,3519,0.3746765376823169,700.9083112003631,714.5147956209106,673.0,629.2
4779,3520,0.3759622449372353,700.9083112003631,714.5147956209106,673.0,629.2
4779,3521,0.3772429984179281,700.9083112003631,714.5147956209106,673.0,629.2
4779,3522,0.37851882669800474,700.9083112003631,714.5147956209106,673.0,629.2
4779,3523,0.37978975813559523,700.9083112003631,714.5147956209106,673.0,629.2
4779,3524,0.3810558208633954,700.9083112003631,714.5147956209106,673.0,629.2
4779,3525,0.38231704280077383,700.9083112003631,714.5147956209106,673.0,629.2
4779,3526,0.38357345166177653,700.9083112003631,714.5147956209106,673.0,629.2
4779,3527,0.38482507494397333,700.9083112003631,714.5147956209106,673.0,629.2
4779,3528,0.38607193993445416,700.9083112003631,714.5147956209106,673.0,629.2
4779,3529,0.3873140737137694,700.9083112003631,714.5147956209106,673.0,629.2
4779,3530,0.38855150316161274,700.9083112003631,714.5147956209106,673.0,629.2
4779,3531,0.3897842549492493,700.9083112003631,714.5147956209106,673.0,629.2
4779,3532,0.3910123555506742,700.9083112003631,714.5147956209106,673.0,629.2
4779,3533,0.392235831234923,700.9083112003631,714.5147956209106,673.0,629.2
4779,3534,0.3934547080797774,700.9083112003631,714.5147956209106,673.0,629.2
4779,3535,0.3946690119639255,700.9083112003631,714.5147956209106,673.0,629.2
4779,3536,0.39587876857854837,700.9083112003631,714.5147956209106,673.0,629.2
4779,3537,0.3970840034120265,700.9083112003631,714.5147956209106,673.0,629.2
4779,3538,0.3982847417659886,700.9083112003631,714.5147956209106,673.0,629.2
4779,3539,0.3994810087600715,700.9083112003631,714.5147956209106,673.0,629.2
4779,3540,0.4006728293219952,700.9083112003631,714.5147956209106,673.0,629.2
4779,3541,0.40186022819227823,700.9083112003631,714.5147956209106,673.0,629.2
4779,3542,0.4030432299396746,700.9083112003631,714.5147956209106,677.782,621.498
4779,3543,0.40422185893301543,700.9083112003631,714.5147956209106,682.564,613.796
4779,3544,0.4053961393746326,700.9083112003631,714.5147956209106,687.346,606.094
4779,3545,0.406566095288335,700.9083112003631,714.5147956209106,692.128,598.392
4779,3546,0.40773175051202043,700.9083112003631,714.5147956209106,696.91,590.69
4779,3547,0.4088931287224592,700.9083112003631,714.5147956209106,701.692,582.988
4779,3548,0.4100502534116181,700.9083112003631,714.5147956209106,706.474,575.2860000000001
4779,3549,0.41120314789879786,700.9083112003631,714.5147956209106,711.256,567.5840000000001
4779,3550,0.41235183534429315,716.4965464944808,713.7500897385577,716.038,559.8820000000001
4779,3551,0.413496338731937,732.0847817885983,712.9853838562047,720.82,552.1800000000001
4779,3552,0.4146366808800236,747.673017082716,712.2206779738518,725.602,544.4780000000001
4779,3553,0.41577288443711075,763.2612523768337,711.4559720914989,730.384,536.7760000000001
4779,3554,0.41690497189621256,778.8494876709512,710.6912662091459,735.1659999999999,529.0740000000001
4779,3555,0.41803296557995273,794.4377229650689,709.9265603267929,739.948,521.3720000000001
4779,3556,0.41915688765287773,810.0259582591866,709.16185444444,744.73,513.6700000000001
4779,3557,0.42027676012399706,825.6141935533043,708.3971485620871,749.512,505.968
4779,3558,0.42139260483454466,841.2024288474219,707.6324426797341,754.294,498.266
4779,3559,0.4225044434752304,856.7906641415395,706.8677367973812,759.076,490.564
4779,3560,0.4236122975816751,872.3788994356572,706.1030309150283,763.858,482.862
4779,3561,0.4247161885350343,887.9671347297749,705.3383250326754,768.64,475.16
4779,3562,0.42581613756086717,903.5553700238925,704.5736191503223,773.422,467.458
4779,3563,0.4269121657331137,919.1436053180101,703.8089132679694,778.204,459.75600000000003
4779,3564,0.4280042939839395,934.7318406121278,703.0442073856165,782.986,452.05400000000003
4779,3565,0.42909254308537004,950.3200759062454,702.2795015032635,787.768,444.35200000000003
4779,3566,0.4301769336692993,965.9083112003631,701.5147956209106,792.55,436.65000000000003
4779,3567,0.4312574862218125,965.9083112003631,701.5147956209106,797.332,428.94800000000004
4779,3568,0.43233422108009406,965.9083112003631,701.5147956209106,802.114,421.246
4779,3569,0.4334071584386029,965.9083112003631,701.5147956209106,806.896,413.544
4779,3570,0.4344763183568049,965.9083112003631,701.5147956209106,811.678,405.842
4779,3571,0.4355417207424971,965.9083112003631,701.5147956209106,816.46,398.14
4779,3572,0.43660338537040794,965.9083112003631,701.5147956209106,821.242,390.438
4779,3573,0.4376613318746849,965.9083112003631,701.5147956209106,826.024,382.736
4779,3574,0.43871557975226405,965.9083112003631,701.5147956209106,830.806,375.034
4779,3575,0.439766148366164,965.9083112003631,701.5147956209106,835.588,367.332
4779,3576,0.44081305694292083,965.9083112003631,701.5147956209106,840.37,359.63
4779,3577,0.4418563245741573,965.9083112003631,701.5147956209106,845.152,351.928
4779,3578,0.44289597021645927,965.9083112003631,701.5147956209106,849.934,344.226
4779,3579,0.44393201270600785,965.9083112003631,701.5147956209106,854.716,336.524
4779,3580,0.4449644707336653,965.9083112003631,701.5147956209106,859.498,328.822
4779,3581,0.44599336287350266,965.9083112003631,701.5147956209106,864.28,321.12
4779,3582,0.44701870756769724,965.9083112003631,701.5147956209106,869.062,313.418
4779,3583,0.44804052312462983,965.9083112003631,701.5147956209106,873.844,305.716
4779,3584,0.4490588277372757,965.9083112003631,701.5147956209106,878.626,298.014
4779,3585,0.45007363947055173,965.9083112003631,701.5147956209106,883.408,290.312
4779,3586,0.45108497626012406,965.9083112003631,701.5147956209106,888.19,282.61
4779,3587,0.45209285592733434,965.9083112003631,701.5147956209106,892.972,274.908
4779,3588,0.4530972961649456,965.9083112003631,701.5147956209106,897.754,267.206
4779,3589,0.4540983145487427,965.9083112003631,701.5147956209106,902.5360000000001,259.504
4779,3590,0.4550959285345414,965.9083112003631,701.5147956209106,907.318,251.80200000000002
4779,3591,0.45609015546320886,965.9083112003631,701.5147956209106,912.1,244.1
4779,3592,0.45708101254725875,965.9083112003631,701.5147956209106,912.1,244.1
4779,3593,0.4580685168934054,965.9083112003631,701.5147956209106,912.1,244.1
4779,3594,0.4590526854906665,965.9083112003631,701.5147956209106,912.1,244.1
4779,3595,0.4600335352096936,965.9083112003631,701.5147956209106,912.1,244.1
4779,3596,0.4610110828115762,965.9083112003631,701.5147956209106,912.1,244.1
4779,3597,0.4619853449407405,965.9083112003631,701.5147956209106,912.1,244.1
4779,3598,0.4629563381336622,965.9083112003631,701.5147956209106,912.1,244.1
4779,3599,0.4639240788140986,965.9083112003631,701.5147956209106,912.1,244.1
4779,3600,0.4648885833001209,965.9083112003631,701.5147956209106,912.1,244.1
4779,3601,0.46584986779383114,965.9083112003631,701.5147956209106,912.1,244.1
4779,3602,0.46680794838992623,965.9083112003631,701.5147956209106,912.1,244.1
4779,3603,0.46776284108258237,965.9083112003631,701.5147956209106,912.1,244.1
4779,3604,0.4687145617535759,965.9083112003631,701.5147956209106,912.1,244.1
4779,3605,0.46966312618691813,965.9083112003631,701.5147956209106,912.1,244.1
4779,3606,0.47060855005231744,965.9083112003631,701.5147956209106,912.1,244.1
4779,3607,0.47155084891896937,965.9083112003631,701.5147956209106,912.1,244.1
4779,3608,0.4724900382575945,965.9083112003631,701.5147956209106,912.1,244.1
4779,3609,0.4734261334362782,965.9083112003631,701.5147956209106,912.1,244.1
4779,3610,0.4743591497155764,965.9083112003631,701.5147956209106,912.1,244.1
4779,3611,0.4752891022620689,965.9083112003631,701.5147956209106,912.1,244.1
4779,3612,0.47621600614260357,965.9083112003631,701.5147956209106,912.1,244.1
4779,3613,0.47713987632012345,965.9083112003631,701.5147956209106,912.1,244.1
4779,3614,0.47806072766553653,965.9083112003631,701.5147956209106,912.1,244.1
4779,3615,0.4789785749542165,965.9083112003631,701.5147956209106,912.1,244.1
4779,3616,0.47989343285569475,965.9083112003631,701.5147956209106,912.1,244.1
4779,3617,0.48080531595302045,965.9083112003631,701.5147956209106,912.1,244.1
4779,3618,0.4817142387331348,965.9083112003631,701.5147956209106,912.1,244.1
4779,3619,0.4826202155841389,965.9083112003631,701.5147956209106,912.1,244.1
4779,3620,0.48352326080840835,965.9083112003631,701.5147956209106,912.1,244.1
4779,3621,0.4844233886107197,965.9083112003631,701.5147956209106,912.1,244.1
4779,3622,0.48532061310301805,965.9083112003631,701.5147956209106,912.1,244.1
4779,3623,0.4862149483128682,965.9083112003631,701.5147956209106,912.1,244.1
4779,3624,0.48710640817234524,965.9083112003631,701.5147956209106,912.1,244.1
4779,3625,0.48799500652346733,965.9083112003631,701.5147956209106,912.1,244.1
4779,3626,0.4888807571235563,965.9083112003631,701.5147956209106,912.1,244.1
4779,3627,0.48976367364011025,965.9083112003631,701.5147956209106,912.1,244.1
4779,3628,0.4906437696516632,965.9083112003631,701.5147956209106,912.1,244.1
4779,3629,0.49152105865158957,965.9083112003631,701.5147956209106,912.1,244.1
4779,3630,0.4923955540503763,965.9083112003631,701.5147956209106,912.1,244.1
4779,3631,0.49326726916529945,965.9083112003631,701.5147956209106,912.1,244.1
4779,3632,0.4941362172360142,965.9083112003631,701.5147956209106,912.1,244.1
4779,3633,0.495002411418617,965.9083112003631,701.5147956209106,912.1,244.1
4779,3634,0.4958658647790253,965.9083112003631,701.5147956209106,912.1,244.1
4779,3635,0.4967265903098947,965.9083112003631,701.5147956209106,912.1,244.1
4779,3636,0.497584600915122,965.9083112003631,701.5147956209106,912.1,244.1
4779,3637,0.49843990941570354,965.9083112003631,701.5147956209106,912.1,244.1
4779,3638,0.49929252856063167,965.9083112003631,701.5147956209106,912.1,244.1
4779,3639,0.5001424710143533,965.9083112003631,701.5147956209106,912.1,244.1
4779,3640,0.5009897493567108,965.9083112003631,701.5147956209106,912.1,244.1
4779,3641,0.501834376095224,965.9083112003631,701.5147956209106,912.1,244.1
4779,3642,0.5026763636598336,965.9083112003631,701.5147956209106,912.1,244.1
4779,3643,0.503515724399863,965.9083112003631,701.5147956209106,912.1,244.1
4779,3644,0.5043524705882264,965.9083112003631,701.5147956209106,912.1,244.1
4779,3645,0.5051866144198142,965.9083112003631,701.5147956209106,943.4,280.4
4779,3646,0.5060181680185285,965.8494876709514,678.5736191503223,974.7,316.7
4779,3647,0.5068471434298604,965.7906641415395,655.6324426797341,1006.0,353.0
4779,3648,0.5076735526235799,965.7318406121278,632.6912662091459,1006.0,353.0
4779,3649,0.5084974074999769,965.673017082716,609.7500897385577,1006.0,353.0
4779,3650,0.5093187198774257,965.6141935533043,586.8089132679694,1006.0,353.0
4779,3651,0.5101375015136427,965.5553700238925,563.8677367973812,1006.0,353.0
4779,3652,0.5109537640846443,965.4965464944808,540.9265603267929,1006.0,353.0
4779,3653,0.5117675191959468,965.4377229650689,517.9853838562047,1006.0,353.0
4779,3654,0.5125787783865413,965.3788994356572,495.04420738561646,1006.0,353.0
4779,3655,0.5133875531207545,965.3200759062454,472.1030309150283,1006.0,353.0
4779,3656,0.51419385479081,965.2612523768337,449.16185444444,1005.5565217391304,350.7869565217391
4779,3657,0.5149976947250202,965.2024288474219,426.22067797385176,1005.1130434782609,348.5739130434783
4779,3658,0.5157990841796417,965.1436053180101,403.27950150326353,1004.6695652173913,346.3608695652174
4779,3659,0.5165980343420875,965.0847817885983,380.3383250326753,1004.2260869565217,344.1478260869565
4779,3660,0.517394556331285,965.0259582591866,357.39714856208707,1003.7826086956521,341.9347826086956
4779,3661,0.5181886612029453,964.9671347297748,334.45597209149884,1003.3391304347826,339.7217391304348
4779,3662,0.5189803599379244,964.9083112003631,311.5147956209106,1002.895652173913,337.5086956521739
4779,3663,0.5197696634587305,964.9083112003631,311.5147956209106,1002.4521739130435,335.295652173913
4779,3664,0.5205565826185694,964.9083112003631,311.5147956209106,1002.0086956521739,333.0826086956522
4779,3665,0.521341128202366,964.9083112003631,311.5147956209106,1001.5652173913044,330.8695652173913
4779,3666,0.5221233109354494,964.9083112003631,311.5147956209106,1001.1217391304348,328.6565217391304
4779,3667,0.5229031414733328,964.9083112003631,311.5147956209106,1000.6782608695652,326.4434782608696
4779,3668,0.5236806304124596,964.9083112003631,311.5147956209106,1000.2347826086957,324.2304347826087
4779,3669,0.5244557882813862,964.9083112003631,311.5147956209106,999.7913043478261,322.0173913043478
4779,3670,0.525228625550774,964.9083112003631,311.5147956209106,999.3478260869565,319.80434782608694
4779,3671,0.5259991526218076,964.9083112003631,311.5147956209106,998.9043478260869,317.5913043478261
4779,3672,0.5267673798396149,964.9083112003631,311.5147956209106,998.4608695652174,315.3782608695652
4779,3673,0.5275333174858379,964.9083112003631,311.5147956209106,998.0173913043478,313.16521739130434
4779,3674,0.5282969757781613,964.9083112003631,311.5147956209106,997.5739130434782,310.95217391304345
4779,3675,0.5290583648787945,964.9083112003631,311.5147956209106,997.1304347826087,308.7391304347826
4779,3676,0.5298174948849896,964.9083112003631,311.5147956209106,996.6869565217391,306.52608695652174
4779,3677,0.5305743758347455,964.9083112003631,311.5147956209106,996.2434782608696,304.31304347826085
4779,3678,0.5313290177104021,964.9083112003631,311.5147956209106,995.8,302.1
4779,3679,0.5320814304319216,964.9083112003631,311.5147956209106,995.3565217391305,299.88695652173914
4779,3680,0.5328316238611668,964.9083112003631,311.5147956209106,994.9130434782609,297.67391304347825
4779,3681,0.5335796078020384,964.9083112003631,311.5147956209106,994.4695652173913,295.4608695652174
4779,3682,0.534325392003335,964.9083112003631,311.5147956209106,994.0260869565217,293.24782608695654
4779,3683,0.5350689861513648,964.9083112003631,311.5147956209106,993.5826086956522,291.03478260869565
4779,3684,0.5358103998789419,964.9083112003631,311.5147956209106,993.1391304347826,288.8217391304348
4779,3685,0.5365496427641092,964.9083112003631,311.5147956209106,992.695652173913,286.60869565217394
4779,3686,0.537286724326158,964.9083112003631,311.5147956209106,992.2521739130435,284.39565217391305
4779,3687,0.5380216540270903,964.9083112003631,311.5147956209106,991.8086956521739,282.18260869565216
4779,3688,0.5387544412818617,964.9083112003631,311.5147956209106,991.3652173913043,279.9695652173913
4779,3689,0.5394850954401594,964.9083112003631,311.5147956209106,990.9217391304347,277.75652173913045
4779,3690,0.540213625804083,964.9083112003631,311.5147956209106,990.4782608695652,275.54347826086956
4779,3691,0.5409400416187236,964.9083112003631,311.5147956209106,990.0347826086957,273.3304347826087
4779,3692,0.5416643520769473,964.9083112003631,311.5147956209106,989.591304347826,271.11739130434785
4779,3693,0.5423865663207745,964.9083112003631,311.5147956209106,989.1478260869565,268.90434782608696
4779,3694,0.5431066934333482,964.9083112003631,311.5147956209106,988.704347826087,266.6913043478261
4779,3695,0.5438247424483865,964.9083112003631,311.5147956209106,988.2608695652174,264.47826086956525
4779,3696,0.5445407223508557,964.9083112003631,311.5147956209106,987.8173913043478,262.26521739130436
4779,3697,0.5452546420709482,964.9083112003631,311.5147956209106,987.3739130434783,260.0521739130435
4779,3698,0.5459665104867818,964.9083112003631,311.5147956209106,986.9304347826087,257.83913043478265
4779,3699,0.5466763364237411,964.9083112003631,311.5147956209106,986.4869565217391,255.62608695652176
4779,3700,0.5473841286638054,964.9083112003631,311.5147956209106,986.0434782608695,253.41304347826087
4779,3701,0.5480898959315268,964.9083112003631,311.5147956209106,985.6,251.2
4779,3702,0.548793646906014,964.9083112003631,311.5147956209106,985.1565217391304,248.98695652173913
4779,3703,0.5494953902149101,964.9083112003631,311.5147956209106,984.7130434782608,246.77391304347827
4779,3704,0.5501951344350373,964.9083112003631,311.5147956209106,984.2695652173913,244.5608695652174
4779,3705,0.5508928880983247,964.9083112003631,311.5147956209106,983.8260869565217,242.34782608695653
4779,3706,0.5515886596864559,964.9083112003631,311.5147956209106,983.3826086956522,240.13478260869567
4779,3707,0.5522824576314906,964.9083112003631,311.5147956209106,982.9391304347826,237.9217391304348
4779,3708,0.5529742903204332,964.9083112003631,311.5147956209106,982.4956521739131,235.7086956521739
4779,3709,0.5536641660912058,964.9083112003631,311.5147956209106,982.0521739130435,233.49565217391304
4779,3710,0.5543520932339063,964.9083112003631,311.5147956209106,981.6086956521739,231.2826086956522
4779,3711,0.5550380799907411,964.9083112003631,311.5147956209106,981.1652173913043,229.0695652173913
4779,3712,0.5557221345677591,964.9083112003631,311.5147956209106,980.7217391304348,226.85652173913044
4780,3713,8.61029065496648,964.9083112003631,311.5147956209106,980.2782608695652,224.64347826086959
4781,3714,15.416406137352723,964.9083112003631,311.5147956209106,979.8347826086956,222.4304347826087
4782,3715,21.092552364961666,964.9083112003631,311.5147956209106,979.3913043478261,220.21739130434784
4783,3716,25.811638734076602,964.9083112003631,311.5147956209106,978.9478260869565,218.00434782608696
4784,3717,29.746873817110007,964.9083112003631,311.5147956209106,978.5043478260869,215.7913043478261
4785,3718,33.04938885814331,964.9083112003631,311.5147956209106,978.0608695652173,213.5782608695652
4786,3719,33.050059613127594,964.9083112003631,311.5147956209106,977.6173913043478,211.36521739130436
4787,3720,33.05072849987635,964.9083112003631,311.5147956209106,977.1739130434783,209.1521739130435
4788,3721,33.05139552618384,964.9083112003631,311.5147956209106,976.7304347826087,206.9391304347826
4789,3722,33.05206069980106,964.9083112003631,311.5147956209106,976.2869565217391,204.72608695652175
4790,3723,33.052724028436,964.9083112003631,311.5147956209106,975.8434782608696,202.51304347826087
4791,3724,33.053385519753974,964.9083112003631,311.5147956209106,975.4,200.3
4792,3725,33.05404518137783,964.9083112003631,311.5147956209106,975.4,200.3
4793,3726,33.054703020888375,1324.9083112003632,305.5147956209106,975.4,200.3
4794,3727,33.05535904582459,1324.9083112003632,305.5147956209106,975.4,200.3
4795,3728,33.05601326368384,1324.9083112003632,305.5147956209106,975.4,200.3
4796,3729,33.05666568192236,1324.9083112003632,305.5147956209106,975.4,200.3
4797,3730,33.05731630795536,1324.9083112003632,305.5147956209106,975.4,200.3
4798,3731,33.057965149157354,1324.9083112003632,305.5147956209106,975.4,200.3
4799,3732,33.058612212862506,1324.9083112003632,305.5147956209106,975.4,200.3
4800,3733,33.05925750636482,1324.9083112003632,305.5147956209106,975.4,200.3
4801,3734,33.05990103691843,1324.9083112003632,305.5147956209106,975.4,200.3
4802,3735,33.06054281173794,1324.9083112003632,305.5147956209106,975.4,200.3
4803,3736,33.06118283799861,1324.9083112003632,305.5147956209106,975.4,200.3
4804,3737,33.06182112283666,1324.9083112003632,305.5147956209106,975.4,200.3
4805,3738,33.06245767334949,1324.9083112003632,305.5147956209106,975.4,200.3
4806,3739,33.063092496596084,1324.9083112003632,305.5147956209106,975.4,200.3
4807,3740,33.06372559959705,1324.9083112003632,305.5147956209106,975.4,200.3
4808,3741,33.06435698933514,1324.9083112003632,305.5147956209106,975.4,200.3
4809,3742,33.064986672755204,1324.9083112003632,305.5147956209106,975.4,200.3
4810,3743,33.06561465676475,1324.9083112003632,305.5147956209106,975.4,200.3
4811,3744,33.06624094823398,1324.9083112003632,305.5147956209106,975.4,200.3
4812,3745,33.06686555399611,1324.9083112003632,305.5147956209106,975.4,200.3
4813,3746,33.067488480847686,1324.9083112003632,305.5147956209106,975.4,200.3
4814,3747,33.068109735548646,1324.9083112003632,305.5147956209106,975.4,200.3
4815,3748,63.3519570165314,1324.9083112003632,305.5147956209106,975.4,200.3
4816,3749,63.35257494706657,1324.9083112003632,305.5147956209106,975.4,200.3
4817,3750,63.353191225514735,1324.9083112003632,305.5147956209106,975.4,200.3
4818,3751,63.35380585849238,1324.9083112003632,305.5147956209106,975.4,200.3
4819,3752,63.354418852580736,1324.9083112003632,305.5147956209106,975.4,200.3
4820,3753,63.35503021432594,1324.9083112003632,305.5147956209106,975.4,200.3
4821,3754,63.35563995023937,1324.9083112003632,305.5147956209106,975.4,200.3
4822,3755,63.356248066797775,1324.9083112003632,305.5147956209106,975.4,200.3
4823,3756,63.35685457044353,1324.9083112003632,305.5147956209106,975.4,200.3
4824,3757,63.35745946758495,1324.9083112003632,305.5147956209106,975.4,200.3
4825,3758,63.358062764596404,1324.9083112003632,305.5147956209106,975.4,200.3
4826,3759,63.35866446781858,1324.9083112003632,305.5147956209106,975.4,200.3
4827,3760,63.35926458355872,1324.9083112003632,305.5147956209106,975.4,200.3
4828,3761,63.35986311809085,1324.9083112003632,305.5147956209106,975.4,200.3
4829,3762,63.36046007765594,1324.9083112003632,305.5147956209106,975.4,200.3
4830,3763,63.3610554684622,1324.9083112003632,305.5147956209106,975.4,200.3
4831,3764,63.361649296685194,1324.9083112003632,305.5147956209106,975.4,200.3
4832,3765,63.3622415684682,1324.9083112003632,305.5147956209106,975.4,200.3
4833,3766,63.36283228992226,1324.9083112003632,305.5147956209106,975.4,200.3
4834,3767,63.36342146712651,1324.9083112003632,305.5147956209106,975.4,200.3
4835,3768,63.364009106128314,1324.9083112003632,305.5147956209106,975.4,200.3
4836,3769,63.364595212943556,1324.9083112003632,305.5147956209106,975.4,200.3
4837,3770,63.36517979355674,1324.9083112003632,305.5147956209106,975.4,200.3
4838,3771,63.36517979355674,1324.9083112003632,305.5147956209106,975.4,200.3
4839,3772,63.36517979355674,1324.9083112003632,305.5147956209106,975.4,200.3
4840,3773,63.36517979355674,1324.9083112003632,305.5147956209106,975.4,200.3
4841,3774,63.36517979355674,1324.9083112003632,305.5147956209106,975.4,200.3
4842,3775,63.36517979355674,1324.9083112003632,305.5147956209106,975.4,200.3
4843,3776,63.36517979355674,1324.9083112003632,305.5147956209106,975.4,200.3
4844,3777,63.36517979355674,1324.9083112003632,305.5147956209106,975.4,200.3
4845,3778,63.40976998084072,1324.9083112003632,305.5147956209106,961.825,225.325
4846,3779,63.4546434462045,1324.9083112003632,305.5147956209106,948.25,250.35
4847,3780,63.499802842138465,1324.9083112003632,305.5147956209106,934.675,275.375
4848,3781,63.54525085362281,1324.9083112003632,305.5147956209106,921.1,300.4
4849,3782,63.59099019861457,1324.9083112003632,305.5147956209106,921.1,300.4
4850,3783,63.63702362854294,1324.9083112003632,305.5147956209106,921.1,300.4
4851,3784,63.68335392881356,1324.9083112003632,305.5147956209106,921.1,300.4
4852,3785,63.72998391932148,1324.9083112003632,305.5147956209106,921.1,300.4
4853,3786,63.77691645497325,1324.9083112003632,305.5147956209106,921.1,300.4
4854,3787,63.8241544262184,1324.9083112003632,305.5147956209106,921.1,300.4
4855,3788,63.87170075959012,1324.9083112003632,305.5147956209106,921.1,300.4
4856,3789,63.91955841825564,1324.9083112003632,305.5147956209106,921.1,300.4
4857,3790,63.967730402576485,1324.9083112003632,305.5147956209106,921.1,300.4
4858,3791,64.0162197506787,1324.9083112003632,305.5147956209106,921.1,300.4
4859,3792,64.06502953903319,1324.9083112003632,305.5147956209106,921.1,300.4
4860,3793,64.11416288304662,1324.9083112003632,305.5147956209106,921.1,300.4
4861,3794,64.16362293766288,1324.9083112003632,305.5147956209106,921.1,300.4
4862,3795,64.2134128979753,1324.9083112003632,305.5147956209106,921.1,300.4
4863,3796,69.61961948247175,1324.9083112003632,305.5147956209106,921.1,300.4
4864,3797,75.35011968805112,1324.9083112003632,305.5147956209106,921.1,300.4
4865,3798,81.31520030524996,1324.9083112003632,305.5147956209106,921.1,300.4
4866,3799,87.39834697181657,1324.9083112003632,305.5147956209106,921.1,300.4
4867,3800,93.46835048108481,1324.9083112003632,305.5147956209106,921.1,300.4
4868,3801,99.39572798082204,1324.9083112003632,305.5147956209106,921.1,300.4
4869,3802,105.06861989498788,1324.9083112003632,305.5147956209106,921.1,300.4
4870,3803,110.40360091692443,1324.9083112003632,305.5147956209106,921.1,300.4
4871,3804,115.34937401828019,1324.9083112003632,305.5147956209106,921.1,300.4
4872,3805,119.88425057008281,1324.9083112003632,305.5147956209106,921.1,300.4
4873,3806,124.00997445489405,1324.9083112003632,305.5147956209106,921.1,300.4
4874,3807,127.7444987797167,1324.9083112003632,305.5147956209106,921.1,300.4
4875,3808,131.1154631430005,1324.9083112003632,305.5147956209106,921.1,300.4
4876,3809,134.15514255533736,1324.9083112003632,305.5147956209106,921.1,300.4
4877,3810,136.896956106738,1324.9083112003632,305.5147956209106,921.1,300.4
4878,3811,139.3732869878902,1324.9083112003632,305.5147956209106,921.1,300.4
4879,3812,141.61427064462177,1324.9083112003632,305.5147956209106,921.1,300.4
4880,3813,141.67059501240152,1324.9083112003632,305.5147956209106,921.1,300.4
4881,3814,141.7273185226378,1324.9083112003632,305.5147956209106,921.1,300.4
4882,3815,141.78444532081625,-,-,-,-
4883,3816,141.84197960837156,-,-,-,-
4884,3817,141.89992564360386,-,-,-,-
4885,3818,141.95828774261207,-,-,-,-
4886,3819,142.0170702802455,-,-,-,-
4887,3820,142.07627769107285,-,-,-,-
4888,3821,142.13591447037078,-,-,-,-
4889,3822,142.19598517513006,-,-,-,-
4890,3823,142.2564944250821,-,-,-,-
4891,3824,142.31744690374455,-,-,-,-
4892,3825,142.3788473594873,-,-,-,-
4893,3826,142.44070060661875,-,-,-,-
4894,3827,142.50301152649342,-,-,-,-
4895,3828,142.56578506864065,-,-,-,-
4896,3829,142.62902625191538,-,-,-,-
4897,3830,142.6927401656712,-,-,-,-
4898,3831,142.7569319709563,-,-,-,-
4899,3832,142.82160690173268,-,-,-,-
4900,3833,142.88677026611919,-,-,-,-
4901,3834,142.95242744765892,-,-,-,-
4902,3835,143.01858390661147,-,-,-,-
4903,3836,143.08524518127052,-,-,-,-
4904,3837,143.1524168893076,-,-,-,-
4905,3838,143.22010472914187,-,-,-,-
4906,3839,143.28831448133758,-,-,-,-
4907,3840,143.35705201002867,-,-,-,-
4908,3841,143.42632326437194,-,-,-,-
4909,3842,143.49613428002903,-,-,-,-
4910,3843,143.5664911806777,-,-,-,-
4911,3844,143.63740017955357,-,-,-,-
4912,3845,143.70886758102242,-,-,-,-
4913,3846,143.78089978218387,-,-,-,-
4914,3847,143.85350327450755,-,-,-,-
4915,3848,143.9266846455017,-,-,-,-
4916,3849,144.00045058041553,-,-,-,-
4917,3850,144.07480786397588,-,-,-,-
4918,3851,144.14976338215882,-,-,-,-
4919,3852,144.22532412399696,-,-,-,-
4920,3853,144.30149718342346,-,-,-,-
4921,3854,144.37828976115344,-,-,-,-
4922,3855,144.4557091666033,-,-,-,-
4923,3856,144.53376281984924,-,-,-,-
4924,3857,144.6124582536255,-,-,-,-
4925,3858,144.69180311536354,-,-,-,-
4926,3859,144.77180516927234,-,-,-,-
4927,3860,144.85247229846166,-,-,-,-
4928,3861,144.93381250710854,-,-,-,-
4929,3862,145.0158339226678,-,-,-,-
4930,3863,145.0985447981286,-,-,-,-
4931,3864,145.18195351431638,-,-,-,-
4932,3865,145.26606858224295,-,-,-,-
4933,3866,145.35089864550412,-,-,-,-
4934,3867,145.43645248272702,-,-,-,-
4935,3868,145.522739010068,-,-,-,-
4936,3869,145.60976728376167,-,-,-,-
4937,3870,145.69754650272236,-,-,-,-
4938,3871,145.7860860112001,-,-,-,-
4939,3872,145.87539530149033,-,-,-,-
4940,3873,145.9654840167004,-,-,-,-
4941,3874,146.05636195357317,-,-,-,-
4942,3875,146.14803906536852,-,-,-,-
4943,3876,146.24052546480505,-,-,-,-
4944,3877,146.33383142706242,-,-,-,-
4945,3878,146.42796739284586,-,-,-,-
4946,3879,146.52294397151402,-,-,-,-
4947,3880,146.61877194427194,-,-,-,-
4948,3881,146.71546226742961,-,-,-,-
4949,3882,146.81302607572857,-,-,-,-
4950,3883,146.91147468573683,-,-,-,-
4951,3884,147.0108195993145,-,-,-,-
4952,3885,147.11107250715077,-,-,-,-
4953,3886,147.2122452923742,-,-,-,-
4954,3887,147.31435003423766,-,-,-,-
4955,3888,147.417399011879,-,-,-,-
4956,3889,147.52140470815982,-,-,-,-
4957,3890,147.6263798135828,-,-,-,-
4958,3891,147.7323372302902,-,-,-,-
4959,3892,146.4615365333496,-,-,-,-
4960,3893,145.1042503159879,-,-,-,-
4961,3894,143.6539947286247,-,-,-,-
4962,3895,142.10398515114608,-,-,-,-
4963,3896,140.44720966827944,-,-,-,-
4964,3897,138.67653888836608,-,-,-,-
4965,3898,136.7848813695807,-,-,-,-
4966,3899,134.76539450028278,-,-,-,-
4967,3900,132.61176026331887,-,-,-,-
4968,3901,130.31853322997256,-,-,-,-
4969,3902,127.88156356238774,-,-,-,-
4970,3903,125.29848991514012,-,-,-,-
4971,3904,122.56928532251418,-,-,-,-
4972,3905,119.69682352544348,-,-,-,-
4973,3906,116.68741506949513,-,-,-,-
4974,3907,113.55124500615092,-,-,-,-
4975,3908,110.30263217319278,-,-,-,-
4976,3909,110.42874494207378,-,-,-,-
4977,3910,110.55613133571603,-,-,-,-
4978,3911,110.68480946706042,-,-,-,-
4979,3912,110.81479776612764,-,-,-,-
4980,3913,110.94611498619831,-,-,-,-
4981,3914,111.07878021011014,-,-,-,-
4982,3915,111.21281285667355,-,-,-,-
4983,3916,111.34823268720712,-,-,-,-
4984,3917,111.48505981219404,-,-,-,-
4985,3918,111.62331469806064,-,-,-,-
4986,3919,111.76301817407803,-,-,-,-
4987,3920,111.90419143938786,-,-,-,-
4988,3921,112.04685607015307,-,-,-,-
4989,3922,112.1910340268343,-,-,-,-
4990,3923,112.33674766159243,-,-,-,-
4991,3924,112.4840197258181,-,-,-,-
4992,3925,112.6328733777879,-,-,-,-
4993,3926,112.7833321904482,-,-,-,-
4994,3927,112.9354201593256,-,-,-,-
4995,3928,113.08916171056468,-,-,-,-
4996,3929,113.24458170909185,-,-,-,-
4997,3930,113.4017054669052,-,-,-,-
4998,3931,113.56055875148887,-,-,-,-
4999,3932,113.72116779435122,-,-,-,-
5000,3933,113.88355929968488,-,-,-,-
5001,3934,114.04776045314709,-,-,-,-
5002,3935,114.21379893075792,-,-,-,-
5003,3936,114.38170290791415,-,-,-,-
5004,3937,114.55150106851542,-,-,-,-
5005,3938,114.72322261419961,-,-,-,-
5006,3939,114.89689727368352,-,-,-,-
5007,3940,113.45453199465786,-,-,-,-
5008,3941,110.97734050836242,-,-,-,-
5009,3942,106.03709034903208,-,-,-,-
5010,3943,92.78362832950467,-,-,-,-
5011,3944,35.66154466088029,-,-,-,-
5012,3945,26.31948429381701,-,-,-,-
5012,3946,26.1312591533825,-,-,-,-
5012,3947,25.94082294296364,-,-,-,-
5012,3948,25.748140755066952,-,-,-,-
5012,3949,25.553177057185405,-,-,-,-
5012,3950,25.355895681726885,-,-,-,-
5012,3951,25.15625981593622,-,-,-,-
5012,3952,24.95423199182274,-,-,-,-
5012,3953,24.749774076109937,-,-,-,-
5012,3954,24.542847260222608,-,-,-,-
5012,3955,24.33341205033004,-,-,-,-
5012,3956,24.12142825746408,-,-,-,-
5012,3957,23.906854987732636,-,-,-,-
5012,3958,23.689650632651627,-,-,-,-
5012,3959,23.46977285961831,-,-,-,-
5012,3960,23.247178602553518,-,-,-,-
5012,3961,23.021824052738758,-,-,-,-
5012,3962,22.793664649879428,-,-,-,-
5012,3963,22.562655073425585,-,-,-,-
5012,3964,22.328749234184578,-,-,-,-
5012,3965,22.091900266262154,-,-,-,-
5012,3966,21.85206051937192,-,-,-,-
5012,3967,21.609181551553895,-,-,-,-
5012,3968,21.363214122348257,-,-,-,-
5012,3969,21.114108186471015,-,-,-,-
5012,3970,20.861812888042884,-,-,-,-
5012,3971,20.60627655542571,-,-,-,-
5012,3972,20.347446696723583,-,-,-,-
5012,3973,20.085269996010314,-,-,-,-
5012,3974,19.81969231034793,-,-,-,-
5012,3975,19.550658667665925,-,-,-,-
5012,3976,19.27811326557311,-,-,-,-
5012,3977,19.001999471181378,-,-,-,-
5012,3978,18.72225982202165,-,-,-,-
5012,3979,18.438836028139733,-,-,-,-
5012,3980,18.151668975463725,-,-,-,-
5012,3981,17.86069873053884,-,-,-,-
5012,3982,17.565864546732687,-,-,-,-
5012,3983,17.267104872017075,-,-,-,-
5012,3984,16.964357358440616,-,-,-,-
5012,3985,16.657558873409496,-,-,-,-
5012,3986,16.346645512901745,-,-,-,-
5012,3987,16.03155261674568,-,-,-,-
5012,3988,15.712214786098237,-,-,-,-
5012,3989,15.38856590326768,-,-,-,-
5012,3990,15.060539154028573,-,-,-,-
5012,3991,14.728067052585677,-,-,-,-
5012,3992,14.39108146934815,-,-,-,-
5012,3993,14.049513661683267,-,-,-,-
5012,3994,13.703294307823612,-,-,-,-
5012,3995,13.352353544109857,-,-,-,-
5012,3996,12.996621005755252,-,-,-,-
5012,3997,12.636025871325536,-,-,-,-
5012,3998,12.270496911132874,-,-,-,-
5012,3999,11.899962539747602,-,-,-,-
5012,4000,11.524350872837248,-,-,-,-
5012,4001,11.143589788545173,-,-,-,-
5012,4002,10.75760699362667,-,-,-,-
5012,4003,10.366330094562787,-,-,-,-
5012,4004,9.969686673873191,-,-,-,-
5012,4005,9.567604371853825,-,-,-,-
5012,4006,9.16001097396139,-,-,-,-
5012,4007,8.746834504069865,-,-,-,-
5012,4008,8.328003323817894,-,-,-,-
5012,4009,7.903446238267664,-,-,-,-
5012,4010,7.473092608082612,-,-,-,-
5012,4011,7.03687246843331,-,-,-,-
5012,4012,6.594716654822301,-,-,-,-
5012,4013,6.146556936016136,-,-,-,-
5012,4014,5.69232615425078,-,-,-,-
5012,4015,5.2319583728645,-,-,-,-
5012,4016,4.765389031494153,-,-,-,-
5012,4017,4.2925551089422,-,-,-,-
5012,4018,3.8133952938037528,-,-,-,-
5012,4019,3.3278501629071187,-,-,-,-
5012,4020,2.835862367592758,-,-,-,-
5012,4021,2.337376827816027,-,-,-,-
5012,4022,1.8323409340202075,-,-,-,-
5012,4023,1.320704756682675,-,-,-,-
5012,4024,0.8024212633799263,-,-,-,-
5012,4025,0.2774465431757038,-,-,-,-
5012,4026,0.2542599619201273,-,-,-,-
5012,4027,0.7927352187928458,-,-,-,-
5012,4028,1.3380123586454482,-,-,-,-
5012,4029,1.8901204266094147,-,-,-,-
5012,4030,2.449084125953122,-,-,-,-
5012,4031,3.0149235575729176,-,-,-,-
5012,4032,3.587653955447589,-,-,-,-
5012,4033,4.167285418834871,-,-,-,-
5012,4034,4.753822642096137,-,-,-,-
5012,4035,5.347264643105549,-,-,-,-
5012,4036,5.947604491307978,-,-,-,-
5012,4037,6.554829036573906,-,-,-,-
5012,4038,7.16891864009879,-,-,-,-
5013,4039,6.7902490247116525,-,-,-,-
5013,4040,6.162515499572577,-,-,-,-
5013,4041,5.528017396280444,-,-,-,-
5013,4042,4.886802909806125,-,-,-,-
5013,4043,4.238927988777598,-,-,-,-
5013,4044,3.584456561244978,-,-,-,-
5013,4045,2.9234607473268297,-,-,-,-
5013,4046,2.256021056897562,-,-,-,-
5013,4047,1.5822265704390097,-,-,-,-
5013,4048,0.9021751011566415,-,-,-,-
5013,4049,0.2159733364642928,-,-,-,-
5013,4050,0.47626304304988337,-,-,-,-
5013,4051,1.1744092690557388,-,-,-,-
5013,4052,1.8783314170791339,-,-,-,-
5013,4053,2.587886366040857,-,-,-,-
5014,4054,2.0906803708239905,-,-,-,-
5014,4055,1.3703259930524307,-,-,-,-
5014,4056,0.6448233093537025,-,-,-,-
5014,4057,0.08564798150440746,-,-,-,-
5014,4058,0.8208992536524772,-,-,-,-
5015,4059,1.195863909774878,-,-,-,-
5015,4060,0.45165344097943805,-,-,-,-
5015,4061,0.29671931803714485,-,-,-,-
5016,4062,0.6171990014385085,-,-,-,-
5016,4063,0.1388233510616372,-,-,-,-
5017,4064,0.21591990109315806,-,-,-,-
5018,4065,0.2502087509450634,-,-,-,-
5019,4066,0.08267343327994676,-,-,-,-
5020,4067,0.22035896734807475,-,-,-,-
5021,4067,0.1519950340075981,-,-,-,-
5022,4068,0.31421626152325527,-,-,-,-
5023,4068,0.06034125260299285,-,-,-,-
5024,4068,0.06034125260299285,-,-,-,-
5025,4068,0.06034125260299285,-,-,-,-
5026,4068,0.06034125260299285,-,-,-,-
5027,4068,0.06034125260299285,-,-,-,-
5028,4068,0.06034125260299285,-,-,-,-
5029,4068,0.06034125260299285,-,-,-,-
5030,4068,0.06034125260299285,-,-,-,-
5031,4068,0.06034125260299285,-,-,-,-
5032,4068,0.06034125260299285,-,-,-,-
5033,4068,0.06034125260299285,-,-,-,-
5034,4068,0.06034125260299285,-,-,-,-
5035,4068,0.06034125260299285,-,-,-,-
5036,4068,0.06034125260299285,-,-,-,-
5037,4068,0.06034125260299285,-,-,-,-
5038,4068,0.06034125260299285,-,-,-,-
5039,4068,0.06034125260299285,-,-,-,-
5040,4068,0.06034125260299285,-,-,-,-
5041,4068,0.06034125260299285,-,-,-,-
5042,4068,0.06034125260299285,-,-,-,-
5043,4068,0.06034125260299285,-,-,-,-
5044,4068,0.06034125260299285,-,-,-,-
5045,4068,0.06034125260299285,-,-,-,-
5046,4068,0.06034125260299285,-,-,-,-
5047,4068,0.06034125260299285,-,-,-,-
5048,4068,0.06034125260299285,-,-,-,-
5049,4068,0.06034125260299285,-,-,-,-
5050,4068,0.06034125260299285,-,-,-,-
5051,4068,0.06034125260299285,-,-,-,-
5052,4068,0.06034125260299285,-,-,-,-
5053,4068,0.06034125260299285,-,-,-,-
5054,4068,0.06034125260299285,-,-,-,-
5055,4068,0.06034125260299285,-,-,-,-
5056,4068,0.06034125260299285,-,-,-,-
5057,4068,0.06034125260299285,-,-,-,-
5058,4068,0.06034125260299285,-,-,-,-
5059,4068,0.06034125260299285,-,-,-,-
5060,4068,0.06034125260299285,-,-,-,-
5061,4068,0.06034125260299285,-,-,-,-
5062,4068,0.06034125260299285,-,-,-,-
5063,4068,0.06034125260299285,-,-,-,-
5064,4068,0.06034125260299285,-,-,-,-
5065,4068,0.06034125260299285,-,-,-,-
5066,4068,0.06034125260299285,-,-,-,-
5067,4068,0.06034125260299285,-,-,-,-
5068,4068,0.06034125260299285,-,-,-,-
5069,4068,0.06034125260299285,-,-,-,-
5070,4068,0.06034125260299285,-,-,-,-
5071,4068,0.06034125260299285,-,-,-,-
5072,4068,0.06034125260299285,-,-,-,-
5073,4068,0.06034125260299285,-,-,-,-
5074,4068,0.06034125260299285,-,-,-,-
5075,4068,0.06034125260299285,-,-,-,-
5076,4068,0.06034125260299285,-,-,-,-
5077,4068,0.06034125260299285,-,-,-,-
5078,4068,0.06034125260299285,-,-,-,-
5079,4068,0.06034125260299285,-,-,-,-
5080,4068,0.06034125260299285,-,-,-,-
5081,4068,0.06034125260299285,-,-,-,-
5082,4068,0.06034125260299285,-,-,-,-
5083,4068,0.06034125260299285,-,-,-,-
5084,4068,0.06034125260299285,-,-,-,-
5085,4068,0.06034125260299285,-,-,-,-
5086,4068,0.06034125260299285,-,-,-,-
5087,4068,0.06034125260299285,-,-,-,-
5088,4068,0.06034125260299285,-,-,-,-
5089,4068,0.06034125260299285,-,-,-,-
5090,4068,0.06034125260299285,-,-,-,-
5091,4068,0.06034125260299285,-,-,-,-
5092,4068,0.06034125260299285,-,-,-,-
5093,4068,0.06034125260299285,-,-,-,-
5094,4068,0.06034125260299285,-,-,-,-
5095,4068,0.06034125260299285,-,-,-,-
5096,4068,0.06034125260299285,-,-,-,-
5097,4068,0.06034125260299285,-,-,-,-
5098,4068,0.06034125260299285,-,-,-,-
5099,4068,0.06034125260299285,-,-,-,-
5100,4068,0.06034125260299285,-,-,-,-
5101,4069,0.8333995126559924,-,-,-,-
5102,4070,1.6083711940335972,-,-,-,-
5103,4071,1.7773568696047883,-,-,-,-
5103,4072,0.9993941116174768,-,-,-,-
5103,4073,0.22036025208999974,-,-,-,-
5103,4074,0.5594583929338071,-,-,-,-
5103,4075,1.3397737681002762,-,-,-,-
5103,4076,2.1202967144543727,-,-,-,-
5103,4077,2.900737611243209,-,-,-,-
5103,4078,3.6808070202989827,-,-,-,-
5103,4079,4.460216329401335,-,-,-,-
5103,4080,5.238678391058201,-,-,-,-
5103,4081,6.015908153176702,-,-,-,-
5103,4082,6.791623278188446,-,-,-,-
5103,4083,7.565544747308551,-,-,-,-
5103,4084,8.337397446756258,-,-,-,-
5103,4085,9.106910732951473,-,-,-,-
5103,4086,9.873818973906483,-,-,-,-
5103,4087,10.637862064267676,-,-,-,-
5103,4088,11.398785911712759,-,-,-,-
5103,4089,12.156342892684354,-,-,-,-
5103,4090,12.156342892684354,-,-,-,-
5103,4091,12.156342892684354,-,-,-,-
5103,4092,12.156342892684354,-,-,-,-
5103,4093,12.156342892684354,-,-,-,-
5103,4094,12.156342892684354,-,-,-,-
5103,4095,12.156342892684354,-,-,-,-
5103,4096,12.156342892684354,-,-,-,-
5103,4097,12.156342892684354,-,-,-,-
5103,4098,12.156342892684354,-,-,-,-
5103,4099,12.156342892684354,-,-,-,-
5103,4100,12.156342892684354,-,-,-,-
5103,4101,12.156342892684354,-,-,-,-
5103,4102,12.156342892684354,-,-,-,-
5103,4103,12.156342892684354,-,-,-,-
5103,4104,12.156342892684354,-,-,-,-
5103,4105,12.156342892684354,-,-,-,-
5103,4106,12.156342892684354,-,-,-,-
5103,4107,12.156342892684354,-,-,-,-
5103,4108,12.156342892684354,-,-,-,-
5103,4109,12.156342892684354,-,-,-,-
5103,4110,12.156342892684354,-,-,-,-
5103,4111,12.156342892684354,-,-,-,-
5103,4112,12.156342892684354,-,-,-,-
5103,4113,12.156342892684354,-,-,-,-
5103,4114,12.156342892684354,-,-,-,-
5103,4115,12.156342892684354,-,-,-,-
5103,4116,12.156342892684354,-,-,-,-
5103,4117,12.156342892684354,-,-,-,-
5103,4118,12.156342892684354,-,-,-,-
5103,4119,12.156342892684354,-,-,-,-
5103,4120,12.156342892684354,-,-,-,-
5103,4121,12.156342892684354,-,-,-,-
5103,4122,12.156342892684354,-,-,-,-
5103,4123,12.156342892684354,-,-,-,-
5103,4124,12.156342892684354,-,-,-,-
5103,4125,12.156342892684354,-,-,-,-
5103,4126,12.156342892684354,-,-,-,-
5103,4127,12.156342892684354,-,-,-,-
5103,4128,12.156342892684354,-,-,-,-
5103,4129,12.156342892684354,-,-,-,-
5103,4130,12.156342892684354,-,-,-,-
5103,4131,12.156342892684354,-,-,-,-
5103,4132,12.156342892684354,-,-,-,-
5103,4133,12.156342892684354,-,-,-,-
5103,4134,13.341231240644277,-,-,-,-
5103,4135,15.18043010253903,-,-,-,-
5103,4136,18.412197399771088,-,-,-,-
5103,4137,25.490549337815505,-,-,-,-
5103,4138,50.21858662487771,-,-,-,-
5103,4139,136.53748522255364,-,-,-,-
5103,4140,136.53748522255364,-,-,-,-
5103,4141,136.53748522255364,-,-,-,-
5103,4142,136.53748522255364,-,-,-,-
5103,4143,136.53748522255364,-,-,-,-
5103,4144,136.53748522255364,-,-,-,-
5103,4145,136.53748522255364,-,-,-,-
5103,4146,136.53748522255364,-,-,-,-
5103,4147,136.53748522255364,-,-,-,-
5103,4148,136.53748522255364,-,-,-,-
5103,4149,136.53748522255364,-,-,-,-
5103,4150,136.53748522255364,-,-,-,-
5103,4151,136.53748522255364,-,-,-,-
5103,4152,136.53748522255364,-,-,-,-
5103,4153,136.53748522255364,-,-,-,-
5103,4154,136.53748522255364,-,-,-,-
5103,4155,136.53748522255364,-,-,-,-
5103,4156,136.53748522255364,-,-,-,-
5103,4157,136.53748522255364,-,-,-,-
5103,4158,50.686646202733854,-,-,-,-
5103,4159,30.072364357252933,-,-,-,-
5103,4160,23.840379062100713,-,-,-,-
5103,4161,20.915162389489808,-,-,-,-
5103,4162,19.225277784059944,-,-,-,-
5103,4163,19.225277784059944,-,-,-,-
5103,4164,19.225277784059944,-,-,-,-
5103,4165,19.225277784059944,-,-,-,-
5103,4166,19.225277784059944,-,-,-,-
5103,4167,19.225277784059944,-,-,-,-
5103,4168,19.225277784059944,-,-,-,-
5103,4169,19.225277784059944,-,-,-,-
5103,4170,19.225277784059944,-,-,-,-
5103,4171,19.225277784059944,-,-,-,-
5103,4172,19.225277784059944,-,-,-,-
5103,4173,19.225277784059944,-,-,-,-
5103,4174,19.225277784059944,-,-,-,-
5103,4175,19.225277784059944,-,-,-,-
5103,4176,19.225277784059944,-,-,-,-
5103,4177,19.225277784059944,-,-,-,-
5103,4178,19.225277784059944,-,-,-,-
5103,4179,19.225277784059944,-,-,-,-
5103,4180,19.225277784059944,-,-,-,-
5103,4181,19.225277784059944,-,-,-,-
5103,4182,19.225277784059944,-,-,-,-
5103,4183,19.225277784059944,-,-,-,-
5103,4184,19.225277784059944,-,-,-,-
5103,4185,19.225277784059944,-,-,-,-
5103,4186,19.225277784059944,-,-,-,-
5103,4187,19.225277784059944,-,-,-,-
5103,4188,19.225277784059944,-,-,-,-
5103,4189,19.225277784059944,-,-,-,-
5103,4190,19.225277784059944,-,-,-,-
5103,4191,19.225277784059944,-,-,-,-
5103,4192,19.225277784059944,-,-,-,-
5103,4193,19.225277784059944,-,-,-,-
5103,4194,19.225277784059944,-,-,-,-
5103,4195,19.225277784059944,-,-,-,-
5103,4196,19.225277784059944,-,-,-,-
5103,4197,19.225277784059944,-,-,-,-
5103,4198,19.225277784059944,-,-,-,-
5103,4199,19.225277784059944,-,-,-,-
5103,4200,19.225277784059944,-,-,-,-
5103,4201,23.531127710373116,-,-,-,-
5103,4202,29.469875845133675,-,-,-,-
5103,4203,37.94955192048905,-,-,-,-
5103,4204,50.30786259096276,-,-,-,-
5103,4205,67.74794668668072,-,-,-,-
5103,4206,89.04885972512673,-,-,-,-
5103,4207,109.31177221264788,-,-,-,-
5103,4208,109.31177221264788,-,-,-,-
5103,4209,109.31177221264788,-,-,-,-
5103,4210,109.31177221264788,-,-,-,-
5103,4211,109.31177221264788,-,-,-,-
5103,4212,109.31177221264788,-,-,-,-
5103,4213,109.31177221264788,-,-,-,-
5103,4214,109.31177221264788,-,-,-,-
5103,4215,109.31177221264788,-,-,-,-
5103,4216,109.31177221264788,-,-,-,-
5103,4217,109.31177221264788,-,-,-,-
5103,4218,109.31177221264788,-,-,-,-
5103,4219,109.31177221264788,-,-,-,-
5103,4220,109.31177221264788,-,-,-,-
5103,4221,109.31177221264788,-,-,-,-
5103,4222,109.31177221264788,-,-,-,-
5103,4223,109.31177221264788,-,-,-,-
5103,4224,113.63504387382059,-,-,-,-
5103,4225,120.35716722691251,-,-,-,-
5103,4226,131.75271119868458,-,-,-,-
5103,4227,152.36256817228477,-,-,-,-
5103,4228,152.36256817228477,-,-,-,-
5103,4229,152.36256817228477,-,-,-,-
5103,4230,152.36256817228477,-,-,-,-
5103,4231,152.36256817228477,-,-,-,-
5103,4232,152.36256817228477,-,-,-,-
5103,4233,152.36256817228477,-,-,-,-
5103,4234,152.36256817228477,-,-,-,-
5103,4235,152.36256817228477,-,-,-,-
5103,4236,152.36256817228477,-,-,-,-
5103,4237,152.36256817228477,-,-,-,-
5103,4238,152.36256817228477,-,-,-,-
5103,4239,152.36256817228477,-,-,-,-
5103,4240,152.36256817228477,-,-,-,-
5103,4241,149.23132168733414,-,-,-,-
5103,4242,145.4493480601132,-,-,-,-
5103,4243,140.83599088160886,-,-,-,-
5103,4244,135.16754113207406,-,-,-,-
5103,4245,128.1928071445785,-,-,-,-
5103,4246,119.6921148114679,-,-,-,-
5103,4247,109.61014100775829,-,-,-,-
5103,4248,98.24481432613982,-,-,-,-
5103,4249,86.33888076538248,-,-,-,-
5103,4250,74.86801493583857,-,-,-,-
5103,4251,64.61826931057652,-,-,-,-
5103,4252,55.93732583966939,-,-,-,-
5103,4253,48.80006886851564,-,-,-,-
5103,4254,42.997150202296964,-,-,-,-
5103,4255,38.276845686091434,-,-,-,-
5103,4256,34.41104123519661,-,-,-,-
5103,4257,31.214167625957558,-,-,-,-
5103,4258,28.542001530443287,-,-,-,-
5103,4259,26.28437355637084,-,-,-,-
5103,4260,24.357392860105726,-,-,-,-
5103,4261,22.696918586967527,-,-,-,-
5103,4262,21.253530428404435,-,-,-,-
5103,4263,19.98878940789271,-,-,-,-
5103,4264,18.8724948050169,-,-,-,-
5103,4265,17.88067649394437,-,-,-,-
5103,4266,16.994120361354835,-,-,-,-
5103,4267,16.197278050904213,-,-,-,-
5103,4268,15.4774541798569,-,-,-,-
5103,4269,14.824194915426302,-,-,-,-
5103,4270,14.22882373139751,-,-,-,-
5103,4271,13.68408563676577,-,-,-,-
5103,4272,13.183872052129546,-,-,-,-
5103,4273,12.723006183426898,-,-,-,-
5103,4274,12.297074180316132,-,-,-,-
5103,4275,11.902291245320873,-,-,-,-
5103,4276,11.535394647653508,-,-,-,-
5103,4277,11.19355761536421,-,-,-,-
5103,4278,10.874319554791075,-,-,-,-
5103,4279,10.575529132800982,-,-,-,-
5103,4280,10.295297563977956,-,-,-,-
5103,4281,10.031960048562464,-,-,-,-
5103,4282,9.784043762139358,-,-,-,-
5103,4283,9.550241143882149,-,-,-,-
5103,4284,9.329387494751046,-,-,-,-
5103,4285,9.120442100890287,-,-,-,-
5103,4286,8.922472255552846,-,-,-,-
5103,4287,8.73463967626546,-,-,-,-
5103,4288,8.556188910816687,-,-,-,-
5103,4289,8.386437402176327,-,-,-,-
5103,4290,8.22476694321265,-,-,-,-
5103,4291,8.070616300610734,-,-,-,-
5103,4292,7.923474826330577,-,-,-,-
5103,4293,7.782876906370766,-,-,-,-
5103,4294,7.6483971220460685,-,-,-,-
5103,4295,7.5196460197313275,-,-,-,-
5103,4296,7.396266401954462,-,-,-,-
5103,4297,7.396266401954462,-,-,-,-
5103,4298,7.396266401954462,-,-,-,-
5103,4299,7.396266401954462,-,-,-,-
5103,4300,7.396266401954462,-,-,-,-
5103,4301,7.396266401954462,-,-,-,-
5103,4302,7.396266401954462,-,-,-,-
5103,4303,7.396266401954462,-,-,-,-
5103,4304,7.396266401954462,-,-,-,-
5103,4305,7.396266401954462,-,-,-,-
5103,4306,7.396266401954462,-,-,-,-
5103,4307,7.396266401954462,-,-,-,-
5103,4308,7.396266401954462,-,-,-,-
5103,4309,7.396266401954462,-,-,-,-
5103,4310,7.396266401954462,-,-,-,-
5103,4311,7.396266401954462,-,-,-,-
5103,4312,7.396266401954462,-,-,-,-
5103,4313,7.396266401954462,-,-,-,-
5103,4314,7.396266401954462,-,-,-,-
5103,4315,3.304592723741332,-,-,-,-
5103,4316,12.405622273924157,-,-,-,-
5103,4317,19.883782305625722,-,-,-,-
5103,4318,25.944066372127704,-,-,-,-
5103,4319,25.944066372127704,-,-,-,-
5103,4320,25.944066372127704,-,-,-,-
5103,4321,25.944066372127704,-,-,-,-
5103,4322,25.944066372127704,-,-,-,-
5103,4323,25.944066372127704,-,-,-,-
5103,4324,25.944066372127704,-,-,-,-
5103,4325,25.944066372127704,-,-,-,-
5103,4326,25.944066372127704,-,-,-,-
5103,4327,25.944066372127704,-,-,-,-
5103,4328,25.944066372127704,-,-,-,-
5103,4329,25.944066372127704,-,-,-,-
5103,4330,25.944066372127704,-,-,-,-
5103,4331,25.944066372127704,-,-,-,-
5103,4332,25.944066372127704,-,-,-,-
5103,4333,25.944066372127704,-,-,-,-
5103,4334,25.944066372127704,-,-,-,-
5103,4335,25.944066372127704,-,-,-,-
5103,4336,25.944066372127704,-,-,-,-
5103,4337,25.944066372127704,-,-,-,-
5103,4338,25.944066372127704,-,-,-,-
5103,4339,25.944066372127704,-,-,-,-
5103,4340,25.944066372127704,-,-,-,-
5103,4341,25.944066372127704,-,-,-,-
5103,4342,25.944066372127704,-,-,-,-
5103,4343,25.944066372127704,-,-,-,-
5103,4344,18.76533600313861,-,-,-,-
5103,4345,10.605560070443426,-,-,-,-
5103,4346,1.6416191155627957,-,-,-,-
5103,4347,7.765836446643088,-,-,-,-
5103,4348,17.13250991364805,-,-,-,-
5103,4349,17.13250991364805,-,-,-,-
5103,4350,17.13250991364805,-,-,-,-
5103,4351,17.13250991364805,-,-,-,-
5103,4352,17.13250991364805,-,-,-,-
5103,4353,17.13250991364805,-,-,-,-
5103,4354,17.13250991364805,-,-,-,-
5103,4355,17.13250991364805,-,-,-,-
5103,4356,17.13250991364805,-,-,-,-
5103,4357,17.13250991364805,-,-,-,-
5103,4358,17.13250991364805,-,-,-,-
5103,4359,17.13250991364805,-,-,-,-
5103,4360,17.13250991364805,-,-,-,-
5103,4361,17.13250991364805,-,-,-,-
5103,4362,17.13250991364805,-,-,-,-
5103,4363,17.13250991364805,-,-,-,-
5103,4364,17.13250991364805,-,-,-,-
5103,4365,17.13250991364805,-,-,-,-
5103,4366,17.13250991364805,-,-,-,-
5103,4367,17.13250991364805,-,-,-,-
5103,4368,17.13250991364805,-,-,-,-
5103,4369,17.13250991364805,-,-,-,-
5103,4370,24.30353097402472,-,-,-,-
5103,4371,31.014057457553992,-,-,-,-
5103,4372,37.1436259127068,-,-,-,-
5103,4373,42.64328362488383,-,-,-,-
5103,4374,47.51936160959456,-,-,-,-
5103,4375,47.51936160959456,-,-,-,-
5103,4376,47.51936160959456,-,-,-,-
5103,4377,47.51936160959456,-,-,-,-
5103,4378,47.51936160959456,-,-,-,-
5103,4379,47.51936160959456,-,-,-,-
5103,4380,47.51936160959456,-,-,-,-
5103,4381,47.51936160959456,-,-,-,-
5103,4382,47.51936160959456,-,-,-,-
5103,4383,47.51936160959456,-,-,-,-
5103,4384,47.51936160959456,-,-,-,-
5103,4385,47.51936160959456,-,-,-,-
5103,4386,47.51936160959456,-,-,-,-
5103,4387,47.51936160959456,-,-,-,-
5103,4388,47.51936160959456,-,-,-,-
5103,4389,47.51936160959456,-,-,-,-
5103,4390,47.51936160959456,-,-,-,-
5103,4391,47.51936160959456,-,-,-,-
5103,4392,47.51936160959456,-,-,-,-
5103,4393,47.51936160959456,-,-,-,-
5103,4394,47.51936160959456,-,-,-,-
5103,4395,47.51936160959456,-,-,-,-
5103,4396,47.51936160959456,-,-,-,-
5103,4397,47.51936160959456,-,-,-,-
5103,4398,47.51936160959456,-,-,-,-
5103,4399,47.51936160959456,-,-,-,-
5103,4400,47.51936160959456,-,-,-,-
5103,4401,47.51936160959456,-,-,-,-
5103,4402,47.51936160959456,-,-,-,-
5103,4403,47.51936160959456,-,-,-,-
5103,4404,47.51936160959456,-,-,-,-
5103,4405,47.51936160959456,-,-,-,-
5103,4406,47.51936160959456,-,-,-,-
5103,4407,43.64619701722493,-,-,-,-
5103,4408,39.398197030180164,-,-,-,-
5103,4409,34.771841328334574,-,-,-,-
5103,4410,29.782537429807775,-,-,-,-
5103,4411,24.46989223707972,-,-,-,-
5103,4412,18.900545421251596,-,-,-,-
5103,4413,18.900545421251596,-,-,-,-
5103,4414,18.900545421251596,-,-,-,-
5103,4415,18.900545421251596,-,-,-,-
5103,4416,18.900545421251596,-,-,-,-
5103,4417,18.900545421251596,-,-,-,-
5103,4418,18.900545421251596,-,-,-,-
5103,4419,18.900545421251596,-,-,-,-
5103,4420,18.900545421251596,-,-,-,-
5103,4421,18.900545421251596,-,-,-,-
5103,4422,18.900545421251596,-,-,-,-
5103,4423,18.900545421251596,-,-,-,-
5103,4424,18.900545421251596,-,-,-,-
5103,4425,18.900545421251596,-,-,-,-
5103,4426,18.900545421251596,-,-,-,-
5103,4427,18.900545421251596,-,-,-,-
5103,4428,18.900545421251596,-,-,-,-
5103,4429,18.900545421251596,-,-,-,-
5103,4430,18.900545421251596,-,-,-,-
5103,4431,18.900545421251596,-,-,-,-
5103,4432,18.900545421251596,-,-,-,-
5103,4433,18.900545421251596,-,-,-,-
5103,4434,18.900545421251596,-,-,-,-
5103,4435,18.900545421251596,-,-,-,-
5103,4436,18.900545421251596,-,-,-,-
5103,4437,18.900545421251596,-,-,-,-
5103,4438,25.36954688063866,-,-,-,-
5103,4439,35.036870909194754,-,-,-,-
5103,4440,49.833421171133594,-,-,-,-
5103,4441,71.12918204203594,-,-,-,-
5103,4442,95.48154308994498,-,-,-,-
5103,4443,115.68377994481642,-,-,-,-
5103,4444,115.68377994481642,-,-,-,-
5103,4445,115.68377994481642,-,-,-,-
5103,4446,115.68377994481642,-,-,-,-
5103,4447,115.68377994481642,-,-,-,-
5103,4448,115.68377994481642,-,-,-,-
5103,4449,115.68377994481642,-,-,-,-
5103,4450,115.68377994481642,-,-,-,-
5103,4451,115.68377994481642,-,-,-,-
5103,4452,115.68377994481642,-,-,-,-
5103,4453,115.68377994481642,-,-,-,-
5103,4454,115.68377994481642,-,-,-,-
5103,4455,115.68377994481642,-,-,-,-
5103,4456,115.68377994481642,-,-,-,-
5103,4457,115.68377994481642,-,-,-,-
5103,4458,115.68377994481642,-,-,-,-
5103,4459,115.68377994481642,-,-,-,-
5103,4460,98.4482911040964,-,-,-,-
5103,4461,87.42175850970477,-,-,-,-
5103,4462,80.25683518702493,-,-,-,-
5103,4463,75.36861705180449,-,-,-,-
5103,4464,71.86761685258361,-,-,-,-
5103,4465,69.25464742769275,-,-,-,-
5103,4466,69.25464742769275,-,-,-,-
5103,4467,69.25464742769275,-,-,-,-
5103,4468,69.25464742769275,-,-,-,-
5103,4469,69.25464742769275,-,-,-,-
5103,4470,69.25464742769275,-,-,-,-
5103,4471,69.25464742769275,-,-,-,-
5103,4472,69.25464742769275,-,-,-,-
5103,4473,69.25464742769275,-,-,-,-
5103,4474,68.27437736424662,-,-,-,-
5103,4475,67.39818512081396,-,-,-,-
5103,4476,66.61068280774494,-,-,-,-
5103,4477,65.89931028443806,-,-,-,-
5103,4478,65.89931028443806,-,-,-,-
5103,4479,65.89931028443806,-,-,-,-
5103,4480,65.89931028443806,-,-,-,-
5103,4481,65.89931028443806,-,-,-,-
5103,4482,65.89931028443806,-,-,-,-
5103,4483,65.89931028443806,-,-,-,-
5103,4484,65.89931028443806,-,-,-,-
5103,4485,65.89931028443806,-,-,-,-
5103,4486,65.89931028443806,-,-,-,-
5103,4487,65.89931028443806,-,-,-,-
5103,4488,65.89931028443806,-,-,-,-
5103,4489,65.89931028443806,-,-,-,-
5103,4490,65.89931028443806,-,-,-,-
5103,4491,65.89931028443806,-,-,-,-
5103,4492,65.89931028443806,-,-,-,-
5103,4493,65.89931028443806,-,-,-,-
5103,4494,62.350828918552914,-,-,-,-
5103,4495,57.77695465789309,-,-,-,-
5103,4496,51.75114980789317,-,-,-,-
5103,4497,43.67284242832058,-,-,-,-
5103,4498,32.82119387448777,-,-,-,-
5103,4499,18.740155550478285,-,-,-,-
5103,4500,18.740155550478285,-,-,-,-
5103,4501,18.740155550478285,-,-,-,-
5103,4502,18.740155550478285,-,-,-,-
5103,4503,18.740155550478285,-,-,-,-
5103,4504,18.740155550478285,-,-,-,-
5103,4505,18.740155550478285,-,-,-,-
5103,4506,18.740155550478285,-,-,-,-
5103,4507,18.740155550478285,-,-,-,-
5103,4508,18.740155550478285,-,-,-,-
5103,4509,18.740155550478285,-,-,-,-
5103,4510,18.740155550478285,-,-,-,-
5103,4511,18.740155550478285,-,-,-,-
5103,4512,18.740155550478285,-,-,-,-
5103,4513,18.740155550478285,-,-,-,-
5103,4514,18.740155550478285,-,-,-,-
5103,4515,18.740155550478285,-,-,-,-
5103,4516,18.740155550478285,-,-,-,-
5103,4517,18.740155550478285,-,-,-,-
5103,4518,18.740155550478285,-,-,-,-
5103,4519,18.740155550478285,-,-,-,-
5103,4520,18.740155550478285,-,-,-,-
5103,4521,18.740155550478285,-,-,-,-
5103,4522,18.740155550478285,-,-,-,-
5103,4523,18.740155550478285,-,-,-,-
5103,4524,18.740155550478285,-,-,-,-
5103,4525,18.740155550478285,-,-,-,-
5103,4526,18.740155550478285,-,-,-,-
5103,4527,18.740155550478285,-,-,-,-
5103,4528,18.740155550478285,-,-,-,-
5103,4529,18.740155550478285,-,-,-,-
5103,4530,18.740155550478285,-,-,-,-
5103,4531,18.740155550478285,-,-,-,-
5103,4532,18.740155550478285,-,-,-,-
5103,4533,18.740155550478285,-,-,-,-
5103,4534,18.740155550478285,-,-,-,-
5103,4535,18.740155550478285,-,-,-,-
5103,4536,18.740155550478285,-,-,-,-
5103,4537,18.740155550478285,-,-,-,-
5103,4538,18.740155550478285,-,-,-,-
5103,4539,18.740155550478285,-,-,-,-
5103,4540,18.740155550478285,-,-,-,-
5103,4541,18.740155550478285,-,-,-,-
5103,4542,18.740155550478285,-,-,-,-
5103,4543,18.93366661174895,-,-,-,-
5103,4544,19.17465329033948,-,-,-,-
5103,4545,19.483017024856824,-,-,-,-
5103,4546,19.89157815275267,-,-,-,-
5103,4547,20.4585739432345,-,-,-,-
5103,4548,20.4585739432345,-,-,-,-
5103,4549,20.4585739432345,-,-,-,-
5103,4550,20.4585739432345,-,-,-,-
5103,4551,20.4585739432345,-,-,-,-
5103,4552,20.4585739432345,-,-,-,-
5103,4553,20.4585739432345,-,-,-,-
5103,4554,20.4585739432345,-,-,-,-
5103,4555,20.4585739432345,-,-,-,-
5103,4556,20.4585739432345,-,-,-,-
5103,4557,20.4585739432345,-,-,-,-
5103,4558,20.4585739432345,-,-,-,-
5103,4559,20.4585739432345,-,-,-,-
5103,4560,20.4585739432345,-,-,-,-
5103,4561,20.4585739432345,-,-,-,-
5103,4562,20.4585739432345,-,-,-,-
5103,4563,20.4585739432345,-,-,-,-
5103,4564,20.4585739432345,-,-,-,-
5103,4565,20.4585739432345,-,-,-,-
5103,4566,20.4585739432345,-,-,-,-
5103,4567,20.4585739432345,-,-,-,-
5103,4568,20.4585739432345,-,-,-,-
5103,4569,20.4585739432345,-,-,-,-
5103,4570,20.4585739432345,-,-,-,-
5103,4571,20.4585739432345,-,-,-,-
5103,4572,20.4585739432345,-,-,-,-
5103,4573,20.4585739432345,-,-,-,-
5103,4574,20.4585739432345,-,-,-,-
5103,4575,20.4585739432345,-,-,-,-
5103,4576,20.4585739432345,-,-,-,-
5103,4577,20.4585739432345,-,-,-,-
5103,4578,20.4585739432345,-,-,-,-
5103,4579,20.4585739432345,-,-,-,-
5103,4580,14.636629180460872,-,-,-,-
5103,4581,1.8814759092441609,-,-,-,-
5103,4582,34.62585890464658,-,-,-,-
5103,4583,93.32289530762046,-,-,-,-
5103,4584,117.87940097550732,-,-,-,-
5103,4585,117.87940097550732,-,-,-,-
5103,4586,117.87940097550732,-,-,-,-
5103,4587,117.87940097550732,-,-,-,-
5103,4588,117.87940097550732,-,-,-,-
5103,4589,117.87940097550732,-,-,-,-
5103,4590,117.87940097550732,-,-,-,-
5103,4591,117.87940097550732,-,-,-,-
5103,4592,117.87940097550732,-,-,-,-
5103,4593,117.87940097550732,-,-,-,-
5103,4594,117.87940097550732,-,-,-,-
5103,4595,117.87940097550732,-,-,-,-
5103,4596,117.87940097550732,-,-,-,-
5103,4597,106.00773215445645,-,-,-,-
5103,4598,99.5159637209206,-,-,-,-
5103,4599,95.51974038771037,-,-,-,-
5103,4600,92.83621663068081,-,-,-,-
5103,4601,90.91757019389622,-,-,-,-
5103,4602,90.91757019389622,-,-,-,-
5103,4603,90.91757019389622,-,-,-,-
5103,4604,90.91757019389622,-,-,-,-
5103,4605,90.91757019389622,-,-,-,-
5103,4606,90.91757019389622,-,-,-,-
5103,4607,90.91757019389622,-,-,-,-
5103,4608,90.91757019389622,-,-,-,-
5103,4609,90.91757019389622,-,-,-,-
5103,4610,90.91757019389622,-,-,-,-
5103,4611,90.91757019389622,-,-,-,-
5103,4612,90.91757019389622,-,-,-,-
5103,4613,90.91757019389622,-,-,-,-
5103,4614,90.91757019389622,-,-,-,-
5103,4615,90.91757019389622,-,-,-,-
5103,4616,90.91757019389622,-,-,-,-
5103,4617,90.91757019389622,-,-,-,-
5103,4618,90.91757019389622,-,-,-,-
5103,4619,90.91757019389622,-,-,-,-
5103,4620,91.85231540132152,-,-,-,-
5103,4621,93.27178890518495,-,-,-,-
5103,4622,95.68055291273171,-,-,-,-
5103,4623,100.63326921343196,-,-,-,-
5103,4624,115.92309917578334,-,-,-,-
5103,4625,161.31392893882182,-,-,-,-
5103,4626,161.31392893882182,-,-,-,-
5103,4627,161.31392893882182,-,-,-,-
5103,4628,161.31392893882182,-,-,-,-
5103,4629,161.31392893882182,-,-,-,-
5103,4630,161.31392893882182,-,-,-,-
5103,4631,161.31392893882182,-,-,-,-
5103,4632,161.31392893882182,-,-,-,-
5103,4633,161.31392893882182,-,-,-,-
5103,4634,161.31392893882182,-,-,-,-
5103,4635,161.31392893882182,-,-,-,-
5103,4636,161.31392893882182,-,-,-,-
5103,4637,161.31392893882182,-,-,-,-
5103,4638,161.31392893882182,-,-,-,-
5103,4639,161.31392893882182,-,-,-,-
5103,4640,161.31392893882182,-,-,-,-
5103,4641,161.31392893882182,-,-,-,-
5103,4642,161.31392893882182,-,-,-,-
5103,4643,161.31392893882182,-,-,-,-
5103,4644,161.31392893882182,-,-,-,-
5103,4645,161.31392893882182,-,-,-,-
5103,4646,161.31392893882182,-,-,-,-
5103,4647,161.31392893882182,-,-,-,-
5103,4648,161.31392893882182,-,-,-,-
5103,4649,161.31392893882182,-,-,-,-
5103,4650,161.31392893882182,-,-,-,-
5103,4651,161.31392893882182,-,-,-,-
5103,4652,161.31392893882182,-,-,-,-
5103,4653,161.31392893882182,-,-,-,-
5103,4654,161.31392893882182,-,-,-,-
5103,4655,161.31392893882182,-,-,-,-
5103,4656,161.31392893882182,-,-,-,-
5103,4657,161.31392893882182,-,-,-,-
5103,4658,161.31392893882182,-,-,-,-
5103,4659,161.31392893882182,-,-,-,-
5103,4660,161.31392893882182,-,-,-,-
5103,4661,161.31392893882182,-,-,-,-
5103,4662,161.31392893882182,-,-,-,-
5103,4663,161.31392893882182,-,-,-,-
5103,4664,50.44777418844175,-,-,-,-
5103,4665,23.97512449406825,-,-,-,-
5103,4666,18.46432665446488,-,-,-,-
5103,4667,16.144923051877193,-,-,-,-
5103,4668,14.871362784435377,-,-,-,-
5103,4669,14.067160022955404,-,-,-,-
5103,4670,14.067160022955404,-,-,-,-
5103,4671,14.067160022955404,-,-,-,-
5103,4672,14.067160022955404,-,-,-,-
5103,4673,14.067160022955404,-,-,-,-
5103,4674,14.067160022955404,-,-,-,-
5103,4675,14.067160022955404,-,-,-,-
5103,4676,14.067160022955404,-,-,-,-
5103,4677,14.067160022955404,-,-,-,-
5103,4678,14.067160022955404,-,-,-,-
5103,4679,14.067160022955404,-,-,-,-
5103,4680,14.067160022955404,-,-,-,-
5103,4681,14.067160022955404,-,-,-,-
5103,4682,14.067160022955404,-,-,-,-
5103,4683,14.067160022955404,-,-,-,-
5103,4684,14.067160022955404,-,-,-,-
5103,4685,14.067160022955404,-,-,-,-
5103,4686,14.067160022955404,-,-,-,-
5103,4687,14.067160022955404,-,-,-,-
5103,4688,14.067160022955404,-,-,-,-
5103,4689,14.067160022955404,-,-,-,-
5103,4690,14.067160022955404,-,-,-,-
5103,4691,14.067160022955404,-,-,-,-
5103,4692,14.067160022955404,-,-,-,-
5104,4693,14.067160022955404,-,-,-,-
5105,4694,14.067160022955404,-,-,-,-
5106,4695,14.057316863264738,-,-,-,-
5107,4696,14.046944389697003,-,-,-,-
5108,4697,14.035998727681294,-,-,-,-
5109,4698,14.024431015962353,-,-,-,-
5110,4699,14.012186677426037,-,-,-,-
5111,4700,13.999204558124722,-,-,-,-
5112,4701,13.985415905847288,-,-,-,-
5113,4702,13.970743152227737,-,-,-,-
5114,4703,13.955098452850235,-,-,-,-
5115,4704,13.938381927325388,-,-,-,-
5116,4705,13.920479524854574,-,-,-,-
5117,4706,13.901260418885045,-,-,-,-
5118,4707,13.880573805024147,-,-,-,-
5119,4708,13.858244936428042,-,-,-,-
5120,4709,13.834070176072705,-,-,-,-
5121,4710,13.807810769235914,-,-,-,-
5122,4711,13.77918493260904,-,-,-,-
5123,4712,13.74785770414282,-,-,-,-
5124,4713,13.713427777566189,-,-,-,-
5125,4714,13.67541022214122,-,-,-,-
5126,4715,13.633213504932854,-,-,-,-
5127,4716,13.586108496722854,-,-,-,-
5128,4717,13.533185997602185,-,-,-,-
5129,4718,13.473297495251058,-,-,-,-
5130,4719,13.404970890658213,-,-,-,-
5131,4720,13.326287917633096,-,-,-,-
5132,4721,13.234701280583812,-,-,-,-
5133,4722,13.126753843669361,-,-,-,-
5134,4723,12.99763267597764,-,-,-,-
5135,4724,12.840432365335948,-,-,-,-
5136,4725,12.644879601235091,-,-,-,-
5137,4726,12.394995825018906,-,-,-,-
5138,4727,12.06450088026068,-,-,-,-
5139,4728,11.60692392461433,-,-,-,-
5140,4729,10.931633568569056,-,-,-,-
5141,4730,9.835185114566286,-,-,-,-
5142,4731,7.747656038718795,-,-,-,-
5143,4732,2.2540898412389416,-,-,-,-
5144,4733,39.03634107746312,-,-,-,-
5145,4734,147.93622251392057,-,-,-,-
5146,4735,157.46947402439397,-,-,-,-
5147,4736,160.3276871048349,-,-,-,-
5148,4737,161.69545029014378,-,-,-,-
5149,4738,162.49659302797156,-,-,-,-
5150,4739,163.0226060521065,-,-,-,-
5151,4740,163.39439014236214,-,-,-,-
5152,4741,163.67108194906461,-,-,-,-
5153,4742,163.88501865693956,-,-,-,-
5154,4743,163.88501865693956,-,-,-,-
5155,4744,163.88501865693956,-,-,-,-
5156,4745,163.88501865693956,-,-,-,-
5157,4746,163.88501865693956,-,-,-,-
5158,4747,163.88501865693956,-,-,-,-
5159,4748,163.88501865693956,-,-,-,-
5160,4749,163.88501865693956,-,-,-,-
5161,4750,163.88501865693956,-,-,-,-
5162,4751,163.88501865693956,-,-,-,-
5163,4752,163.88501865693956,-,-,-,-
5164,4753,163.88501865693956,-,-,-,-
5165,4754,163.88501865693956,-,-,-,-
5166,4755,163.88501865693956,-,-,-,-
5167,4756,163.88501865693956,-,-,-,-
5168,4757,163.88501865693956,-,-,-,-
5169,4758,163.88501865693956,-,-,-,-
5170,4759,163.88501865693956,-,-,-,-
5171,4760,163.88501865693956,-,-,-,-
5172,4761,163.88501865693956,-,-,-,-
5173,4762,163.88501865693956,-,-,-,-
5174,4763,24.373812851675225,-,-,-,-
5175,4764,2.0885798929144195,-,-,-,-
5176,4765,4.686582805638676,-,-,-,-
5177,4766,5.65896089232466,-,-,-,-
5178,4767,6.167582796318939,-,-,-,-
5179,4768,6.480288834327382,-,-,-,-
5180,4769,6.691984034025715,-,-,-,-
5181,4770,6.691984034025715,-,-,-,-
5182,4771,6.691984034025715,-,-,-,-
5183,4772,6.691984034025715,-,-,-,-
5184,4773,6.691984034025715,-,-,-,-
5185,4774,6.691984034025715,-,-,-,-
5186,4775,6.691984034025715,-,-,-,-
5187,4776,6.691984034025715,-,-,-,-
5188,4777,6.691984034025715,-,-,-,-
5189,4778,6.691984034025715,-,-,-,-
5190,4779,6.691984034025715,-,-,-,-
5191,4780,6.691984034025715,-,-,-,-
5192,4781,6.691984034025715,-,-,-,-
5193,4782,6.691984034025715,-,-,-,-
5194,4783,6.691984034025715,-,-,-,-
5195,4784,6.691984034025715,-,-,-,-
5196,4785,6.691984034025715,-,-,-,-
5197,4786,6.691984034025715,-,-,-,-
5198,4787,6.691984034025715,-,-,-,-
5199,4788,0.3280679876363993,-,-,-,-
5200,4788,4.111106562558696,-,-,-,-
5201,4789,0.5761021252078128,-,-,-,-
5202,4790,3.6828700579379587,-,-,-,-
5203,4790,1.7829560640878819,-,-,-,-
5204,4791,0.9860846093056514,-,-,-,-
5204,4792,0.9860846093056514,-,-,-,-
5204,4793,0.9860846093056514,-,-,-,-
5204,4794,0.9860846093056514,-,-,-,-
5204,4795,0.9860846093056514,-,-,-,-
5204,4796,0.9860846093056514,-,-,-,-
5204,4797,0.9860846093056514,-,-,-,-
5204,4798,0.9860846093056514,-,-,-,-
5204,4799,0.9860846093056514,-,-,-,-
5204,4800,0.9860846093056514,-,-,-,-
5204,4801,0.9860846093056514,-,-,-,-
5204,4802,0.9860846093056514,-,-,-,-
5204,4803,0.9860846093056514,-,-,-,-
5204,4804,0.9860846093056514,-,-,-,-
5204,4805,0.9860846093056514,-,-,-,-
5204,4806,0.9860846093056514,-,-,-,-
5204,4807,0.9860846093056514,-,-,-,-
5204,4808,0.9860846093056514,-,-,-,-
5204,4809,0.9860846093056514,-,-,-,-
5204,4810,0.9860846093056514,-,-,-,-
5204,4811,0.9860846093056514,-,-,-,-
5205,4812,8.758136130533456,-,-,-,-
5206,4813,17.95239776314958,-,-,-,-
5207,4814,30.58910246114284,-,-,-,-
5208,4815,69.18315878035057,-,-,-,-
5209,4816,169.7764078206405,-,-,-,-
5210,4817,163.08386801836576,-,-,-,-
5211,4818,156.92842296338154,-,-,-,-
5212,4819,151.37176972417825,-,-,-,-
5213,4820,146.41994422098688,-,-,-,-
5214,4821,142.041764507661,-,-,-,-
5215,4822,138.18590546107063,-,-,-,-
5215,4823,138.18590546107063,-,-,-,-
5215,4824,138.18590546107063,-,-,-,-
5215,4825,138.18590546107063,-,-,-,-
5215,4826,138.18590546107063,-,-,-,-
5215,4827,138.18590546107063,-,-,-,-
5215,4828,138.18590546107063,-,-,-,-
5215,4829,138.18590546107063,-,-,-,-
5215,4830,138.18590546107063,-,-,-,-
5215,4831,138.18590546107063,-,-,-,-
5215,4832,138.18590546107063,-,-,-,-
5215,4833,138.18590546107063,-,-,-,-
5215,4834,138.18590546107063,-,-,-,-
5215,4835,138.18590546107063,-,-,-,-
5215,4836,138.18590546107063,-,-,-,-
5215,4837,138.18590546107063,-,-,-,-
5215,4838,138.18590546107063,-,-,-,-
5215,4839,138.18590546107063,-,-,-,-
5215,4840,138.18590546107063,-,-,-,-
5215,4841,138.18590546107063,-,-,-,-
5215,4842,138.18590546107063,-,-,-,-
5215,4843,138.18590546107063,-,-,-,-
5215,4844,138.18590546107063,-,-,-,-
5215,4845,138.18590546107063,-,-,-,-
5215,4846,83.86850521894497,-,-,-,-
5215,4847,18.052448362365844,-,-,-,-
5215,4848,2.8069109472586953,-,-,-,-
5215,4849,2.696921783512333,-,-,-,-
5215,4850,5.479299397102888,-,-,-,-
5215,4851,5.479299397102888,-,-,-,-
5216,4852,5.479299397102888,-,-,-,-
5217,4853,5.479299397102888,-,-,-,-
5218,4854,5.479299397102888,-,-,-,-
5219,4855,5.479299397102888,-,-,-,-
5220,4856,5.479299397102888,-,-,-,-
5221,4857,5.479299397102888,-,-,-,-
5222,4858,5.479299397102888,-,-,-,-
5223,4859,5.479299397102888,-,-,-,-
5224,4860,5.479299397102888,-,-,-,-
5225,4861,5.479299397102888,-,-,-,-
5226,4862,5.479299397102888,-,-,-,-
5227,4863,5.479299397102888,-,-,-,-
5228,4864,5.479299397102888,-,-,-,-
5229,4865,5.479299397102888,-,-,-,-
5230,4866,5.479299397102888,-,-,-,-
5231,4867,5.869362084940642,-,-,-,-
5232,4868,6.245660741201531,-,-,-,-
5233,4869,6.608880455645752,-,-,-,-
5234,4870,6.959663724451977,-,-,-,-
5235,4871,3.7626431755721024,-,-,-,-
5236,4872,1.9528362807008401,-,-,-,-
5237,4872,1.6358886162743465,-,-,-,-
5238,4872,1.329175373664779,-,-,-,-
5239,4872,1.03222547355701,-,-,-,-
5240,4872,0.7445952549944931,-,-,-,-
5241,4872,0.46586659205443176,-,-,-,-
5242,4872,0.19564515583467973,-,-,-,-
5243,4873,12.10642301574884,-,-,-,-
5244,4874,41.557204198925604,-,-,-,-
5245,4875,92.75727587455802,-,-,-,-
5246,4876,92.51756232807965,-,-,-,-
5247,4877,92.28468922568761,-,-,-,-
5247,4878,92.28468922568761,-,-,-,-
5247,4879,92.28468922568761,-,-,-,-
5247,4880,92.28468922568761,-,-,-,-
5247,4881,92.28468922568761,-,-,-,-
5247,4882,92.28468922568761,-,-,-,-
5247,4883,92.28468922568761,-,-,-,-
5248,4884,92.28468922568761,-,-,-,-
5249,4885,92.28468922568761,-,-,-,-
5250,4886,92.28468922568761,-,-,-,-
5251,4887,92.28468922568761,-,-,-,-
5252,4888,92.28468922568761,-,-,-,-
5253,4889,92.28468922568761,-,-,-,-
5254,4890,92.28468922568761,-,-,-,-
5255,4891,92.28468922568761,-,-,-,-
5256,4892,92.28468922568761,-,-,-,-
5257,4893,92.28468922568761,-,-,-,-
5258,4894,92.28468922568761,-,-,-,-
5259,4895,92.28468922568761,-,-,-,-
5260,4896,92.28468922568761,-,-,-,-
5261,4897,92.28468922568761,-,-,-,-
5262,4898,92.28468922568761,-,-,-,-
5263,4899,93.60697134967253,-,-,-,-
5264,4900,95.10142578899992,-,-,-,-
5265,4901,96.80152775124907,-,-,-,-
5266,4902,98.7491460161164,-,-,-,-
5267,4903,100.99692057520872,-,-,-,-
5268,4904,103.61121824036256,-,-,-,-
5269,4905,106.67558489778813,-,-,-,-
5270,4906,110.29423740489673,-,-,-,-
5271,4907,114.59425835095091,-,-,-,-
5272,4908,119.72333253657587,-,-,-,-
5273,4909,125.83667563557748,-,-,-,-
5274,4910,133.06297622312914,-,-,-,-
5275,4911,141.43970375658037,-,-,-,-
5276,4912,172.43455763429662,-,-,-,-
5277,4913,80.3035421962707,-,-,-,-
5278,4914,49.33725272368439,-,-,-,-
5279,4915,33.30363035993113,-,-,-,-
5280,4916,30.23084626595642,-,-,-,-
5281,4917,28.449611213954864,-,-,-,-
5282,4918,27.289135174223347,-,-,-,-
5283,4919,27.289135174223347,-,-,-,-
5284,4920,27.289135174223347,-,-,-,-
5285,4921,27.289135174223347,-,-,-,-
5286,4922,27.289135174223347,-,-,-,-
5287,4923,27.289135174223347,-,-,-,-
5288,4924,27.289135174223347,-,-,-,-
5289,4925,27.289135174223347,-,-,-,-
5290,4926,27.289135174223347,-,-,-,-
5291,4927,27.402714753040225,-,-,-,-
5292,4928,27.489539687983868,-,-,-,-
5293,4929,27.5580670187211,-,-,-,-
5294,4930,27.613529315820912,-,-,-,-
5295,4931,27.613529315820912,-,-,-,-
5296,4932,27.613529315820912,-,-,-,-
5297,4933,27.613529315820912,-,-,-,-
5298,4934,27.613529315820912,-,-,-,-
5299,4935,27.613529315820912,-,-,-,-
5300,4936,27.613529315820912,-,-,-,-
5301,4937,27.613529315820912,-,-,-,-
5302,4938,27.613529315820912,-,-,-,-
5303,4939,27.613529315820912,-,-,-,-
5304,4940,27.613529315820912,-,-,-,-
5305,4941,27.613529315820912,-,-,-,-
5306,4942,27.613529315820912,-,-,-,-
5307,4943,27.613529315820912,-,-,-,-
5308,4944,27.613529315820912,-,-,-,-
5309,4945,27.613529315820912,-,-,-,-
5310,4946,27.613529315820912,-,-,-,-
5311,4947,27.613529315820912,-,-,-,-
5312,4948,27.613529315820912,-,-,-,-
5313,4949,27.613529315820912,-,-,-,-
5314,4950,27.613529315820912,-,-,-,-
5315,4951,27.613529315820912,-,-,-,-
5316,4952,27.613529315820912,-,-,-,-
5317,4953,27.613529315820912,-,-,-,-
5318,4954,27.613529315820912,-,-,-,-
5319,4955,27.613529315820912,-,-,-,-
5320,4956,27.613529315820912,-,-,-,-
5321,4957,27.613529315820912,-,-,-,-
5322,4958,27.613529315820912,-,-,-,-
5323,4959,27.613529315820912,-,-,-,-
5324,4960,27.613529315820912,-,-,-,-
5325,4961,27.613529315820912,-,-,-,-
5326,4962,27.613529315820912,-,-,-,-
5327,4963,26.02579554684943,-,-,-,-
5328,4964,24.517176272432465,-,-,-,-
5329,4965,23.169469300953455,-,-,-,-
5330,4966,21.928248763205136,-,-,-,-
5331,4967,20.816757732175617,-,-,-,-
5332,4968,19.895749985359398,-,-,-,-
5333,4969,19.362534355139356,-,-,-,-
5334,4970,18.24966221966412,-,-,-,-
5335,4971,17.190473892112934,-,-,-,-
5336,4972,16.18185034465593,-,-,-,-
5337,4973,15.220837537677301,-,-,-,-
5338,4974,14.304646294695743,-,-,-,-
5339,4975,13.430649627354699,-,-,-,-
5340,4976,12.596378209038718,-,-,-,-
5341,4977,11.799514552498964,-,-,-,-
5342,4978,11.037886327829444,-,-,-,-
5343,4979,10.309459159401518,-,-,-,-
5343,4980,10.309459159401518,-,-,-,-
5343,4981,10.309459159401518,-,-,-,-
5343,4982,10.309459159401518,-,-,-,-
5343,4983,15.86842722373619,-,-,-,-
5343,4984,30.323305641628433,-,-,-,-
5343,4985,87.04684642995247,-,-,-,-
5343,4986,145.85298157612138,-,-,-,-
5343,4987,145.85298157612138,-,-,-,-
5343,4988,145.85298157612138,-,-,-,-
5343,4989,145.85298157612138,-,-,-,-
5343,4990,145.85298157612138,-,-,-,-
5343,4991,145.85298157612138,-,-,-,-
5343,4992,145.85298157612138,-,-,-,-
5343,4993,145.85298157612138,-,-,-,-
5343,4994,145.85298157612138,-,-,-,-
5343,4995,145.85298157612138,-,-,-,-
5343,4996,145.85298157612138,-,-,-,-
5343,4997,145.85298157612138,-,-,-,-
5343,4998,145.85298157612138,-,-,-,-
5343,4999,145.85298157612138,-,-,-,-
5343,5000,145.85298157612138,-,-,-,-
5343,5001,145.85298157612138,-,-,-,-
5343,5002,145.85298157612138,-,-,-,-
5343,5003,145.85298157612138,-,-,-,-
5343,5004,145.85298157612138,-,-,-,-
5343,5005,145.85298157612138,-,-,-,-
5343,5006,145.85298157612138,-,-,-,-
5343,5007,145.85298157612138,-,-,-,-
5343,5008,145.85298157612138,-,-,-,-
5343,5009,145.85298157612138,-,-,-,-
5343,5010,145.85298157612138,-,-,-,-
5343,5011,145.85298157612138,-,-,-,-
5343,5012,145.85298157612138,-,-,-,-
5343,5013,145.85298157612138,-,-,-,-
5343,5014,145.85298157612138,-,-,-,-
5343,5015,42.47441786755377,-,-,-,-
5343,5016,19.732135943223156,-,-,-,-
5343,5017,14.06431829339691,-,-,-,-
5343,5018,11.556600164424465,-,-,-,-
5343,5019,10.147645949395809,-,-,-,-
5343,5020,9.246109350492969,-,-,-,-
5343,5021,9.246109350492969,-,-,-,-
5343,5022,9.246109350492969,-,-,-,-
5343,5023,9.246109350492969,-,-,-,-
5343,5024,9.246109350492969,-,-,-,-
5343,5025,9.246109350492969,-,-,-,-
5343,5026,9.246109350492969,-,-,-,-
5343,5027,9.246109350492969,-,-,-,-
5343,5028,9.246109350492969,-,-,-,-
5343,5029,9.246109350492969,-,-,-,-
5343,5030,9.246109350492969,-,-,-,-
5343,5031,9.246109350492969,-,-,-,-
5343,5032,9.246109350492969,-,-,-,-
5343,5033,9.246109350492969,-,-,-,-
5343,5034,9.246109350492969,-,-,-,-
5343,5035,9.246109350492969,-,-,-,-
5343,5036,9.246109350492969,-,-,-,-
5343,5037,9.246109350492969,-,-,-,-
5343,5038,9.246109350492969,-,-,-,-
5343,5039,9.246109350492969,-,-,-,-
5343,5040,9.246109350492969,-,-,-,-
5343,5041,9.246109350492969,-,-,-,-
5343,5042,9.246109350492969,-,-,-,-
5343,5043,9.246109350492969,-,-,-,-
5343,5044,9.246109350492969,-,-,-,-
5343,5045,9.246109350492969,-,-,-,-
5343,5046,9.246109350492969,-,-,-,-
5343,5047,9.246109350492969,-,-,-,-
5343,5048,9.246109350492969,-,-,-,-
5343,5049,9.246109350492969,-,-,-,-
5343,5050,9.246109350492969,-,-,-,-
5343,5051,9.246109350492969,-,-,-,-
5343,5052,9.246109350492969,-,-,-,-
5343,5053,9.246109350492969,-,-,-,-
5343,5054,9.246109350492969,-,-,-,-
5343,5055,9.246109350492969,-,-,-,-
5343,5056,9.246109350492969,-,-,-,-
5343,5057,9.246109350492969,-,-,-,-
5343,5058,9.246109350492969,-,-,-,-
5343,5059,9.246109350492969,-,-,-,-
5343,5060,9.246109350492969,-,-,-,-
5343,5061,9.246109350492969,-,-,-,-
5343,5062,9.246109350492969,-,-,-,-
5343,5063,9.246109350492969,-,-,-,-
5343,5064,9.246109350492969,-,-,-,-
5343,5065,15.90388341029168,-,-,-,-
5343,5066,25.935803939955733,-,-,-,-
5343,5067,41.38971457223094,-,-,-,-
5343,5068,63.51144812168807,-,-,-,-
5343,5069,88.1391619266446,-,-,-,-
5343,5070,107.91486883874273,-,-,-,-
5343,5071,107.91486883874273,-,-,-,-
5343,5072,107.91486883874273,-,-,-,-
5343,5073,107.91486883874273,-,-,-,-
5343,5074,107.91486883874273,-,-,-,-
5343,5075,107.91486883874273,-,-,-,-
5343,5076,107.91486883874273,-,-,-,-
5343,5077,107.91486883874273,-,-,-,-
5343,5078,107.91486883874273,-,-,-,-
5343,5079,107.91486883874273,-,-,-,-
5343,5080,107.91486883874273,-,-,-,-
5343,5081,107.91486883874273,-,-,-,-
5343,5082,107.91486883874273,-,-,-,-
5343,5083,107.91486883874273,-,-,-,-
5343,5084,111.30921693479861,-,-,-,-
5343,5085,117.04166525521295,-,-,-,-
5343,5086,128.38120973864758,-,-,-,-
5343,5087,155.7116999842741,-,-,-,-
5343,5088,155.7116999842741,-,-,-,-
5343,5089,155.7116999842741,-,-,-,-
5343,5090,155.7116999842741,-,-,-,-
5343,5091,155.7116999842741,-,-,-,-
5343,5092,155.7116999842741,-,-,-,-
5343,5093,155.7116999842741,-,-,-,-
5343,5094,155.7116999842741,-,-,-,-
5343,5095,155.7116999842741,-,-,-,-
5343,5096,155.7116999842741,-,-,-,-
5343,5097,155.7116999842741,-,-,-,-
5343,5098,155.7116999842741,-,-,-,-
5343,5099,155.7116999842741,-,-,-,-
5343,5100,155.7116999842741,-,-,-,-
5343,5101,155.7116999842741,-,-,-,-
5343,5102,155.7116999842741,-,-,-,-
5343,5103,155.7116999842741,-,-,-,-
5343,5104,155.7116999842741,-,-,-,-
5343,5105,155.7116999842741,-,-,-,-
5343,5106,155.7116999842741,-,-,-,-
5343,5107,155.7116999842741,-,-,-,-
5343,5108,155.7116999842741,-,-,-,-
5343,5109,155.7116999842741,-,-,-,-
5343,5110,155.7116999842741,-,-,-,-
5343,5111,155.7116999842741,-,-,-,-
5343,5112,155.7116999842741,-,-,-,-
5343,5113,155.7116999842741,-,-,-,-
5343,5114,155.7116999842741,-,-,-,-
5343,5115,155.7116999842741,-,-,-,-
5343,5116,155.7116999842741,-,-,-,-
5343,5117,155.7116999842741,-,-,-,-
5343,5118,155.7116999842741,-,-,-,-
5343,5119,155.7116999842741,-,-,-,-
5343,5120,65.50571090408495,-,-,-,-
5343,5121,8.337896490297739,-,-,-,-
5343,5122,1.371549828402622,-,-,-,-
5343,5123,1.1605653841455537,-,-,-,-
5343,5124,2.464541299185941,-,-,-,-
5343,5125,3.2587153487657714,-,-,-,-
5343,5126,3.7929796874446358,-,-,-,-
5343,5127,4.176921768112322,-,-,-,-
5343,5128,4.176921768112322,-,-,-,-
5343,5129,4.176921768112322,-,-,-,-
5343,5130,4.176921768112322,-,-,-,-
5343,5131,4.176921768112322,-,-,-,-
5343,5132,4.176921768112322,-,-,-,-
5343,5133,4.176921768112322,-,-,-,-
5343,5134,4.176921768112322,-,-,-,-
5343,5135,4.176921768112322,-,-,-,-
5343,5136,4.176921768112322,-,-,-,-
5343,5137,4.176921768112322,-,-,-,-
5343,5138,4.176921768112322,-,-,-,-
5343,5139,4.176921768112322,-,-,-,-
5343,5140,4.176921768112322,-,-,-,-
5343,5141,4.176921768112322,-,-,-,-
5343,5142,4.176921768112322,-,-,-,-
5343,5143,4.176921768112322,-,-,-,-
5343,5144,4.176921768112322,-,-,-,-
5343,5145,4.176921768112322,-,-,-,-
5343,5146,1.173214475498771,-,-,-,-
5343,5147,1.931417120311141,-,-,-,-
5343,5148,5.123075208886039,-,-,-,-
5343,5149,8.384933563503077,-,-,-,-
5343,5150,8.384933563503077,-,-,-,-
5343,5151,8.384933563503077,-,-,-,-
5343,5152,8.384933563503077,-,-,-,-
5343,5153,8.384933563503077,-,-,-,-
5343,5154,8.384933563503077,-,-,-,-
5343,5155,8.384933563503077,-,-,-,-
5343,5156,8.384933563503077,-,-,-,-
5343,5157,8.384933563503077,-,-,-,-
5343,5158,8.384933563503077,-,-,-,-
5343,5159,8.384933563503077,-,-,-,-
5343,5160,8.384933563503077,-,-,-,-
5343,5161,8.384933563503077,-,-,-,-
5343,5162,8.384933563503077,-,-,-,-
5343,5163,8.384933563503077,-,-,-,-
5343,5164,8.384933563503077,-,-,-,-
5343,5165,8.384933563503077,-,-,-,-
5343,5166,8.384933563503077,-,-,-,-
5343,5167,8.384933563503077,-,-,-,-
5343,5168,8.384933563503077,-,-,-,-
5343,5169,8.384933563503077,-,-,-,-
5343,5170,8.384933563503077,-,-,-,-
5343,5171,8.384933563503077,-,-,-,-
5343,5172,8.384933563503077,-,-,-,-
5343,5173,8.384933563503077,-,-,-,-
5343,5174,8.384933563503077,-,-,-,-
5343,5175,8.384933563503077,-,-,-,-
5343,5176,8.384933563503077,-,-,-,-
5343,5177,8.384933563503077,-,-,-,-
5343,5178,8.384933563503077,-,-,-,-
5343,5179,8.384933563503077,-,-,-,-
5343,5180,8.384933563503077,-,-,-,-
5343,5181,8.384933563503077,-,-,-,-
5343,5182,8.384933563503077,-,-,-,-
5343,5183,8.384933563503077,-,-,-,-
5343,5184,17.15240715477521,-,-,-,-
5343,5185,30.889657790826575,-,-,-,-
5343,5186,51.80080948421454,-,-,-,-
5343,5187,77.65327660381404,-,-,-,-
5343,5188,100.01914263623266,-,-,-,-
5343,5189,100.01914263623266,-,-,-,-
5343,5190,100.01914263623266,-,-,-,-
5343,5191,100.01914263623266,-,-,-,-
5343,5192,100.01914263623266,-,-,-,-
5343,5193,100.01914263623266,-,-,-,-
5343,5194,100.01914263623266,-,-,-,-
5343,5195,100.01914263623266,-,-,-,-
5343,5196,100.01914263623266,-,-,-,-
5343,5197,100.01914263623266,-,-,-,-
5343,5198,100.01914263623266,-,-,-,-
5343,5199,100.01914263623266,-,-,-,-
5343,5200,100.01914263623266,-,-,-,-
5343,5201,100.01914263623266,-,-,-,-
5343,5202,100.01914263623266,-,-,-,-
5343,5203,100.01914263623266,-,-,-,-
5343,5204,100.01914263623266,-,-,-,-
5343,5205,100.01914263623266,-,-,-,-
5343,5206,100.01914263623266,-,-,-,-
5343,5207,100.01914263623266,-,-,-,-
5343,5208,100.01914263623266,-,-,-,-
5343,5209,100.01914263623266,-,-,-,-
5343,5210,100.01914263623266,-,-,-,-
5343,5211,100.01914263623266,-,-,-,-
5343,5212,100.01914263623266,-,-,-,-
5343,5213,100.01914263623266,-,-,-,-
5343,5214,100.01914263623266,-,-,-,-
5343,5215,100.01914263623266,-,-,-,-
5343,5216,100.01914263623266,-,-,-,-
5343,5217,100.01914263623266,-,-,-,-
5343,5218,100.01914263623266,-,-,-,-
5343,5219,100.01914263623266,-,-,-,-
5343,5220,100.01914263623266,-,-,-,-
5343,5221,100.01914263623266,-,-,-,-
5343,5222,100.01914263623266,-,-,-,-
5343,5223,100.01914263623266,-,-,-,-
5343,5224,100.01914263623266,-,-,-,-
5343,5225,100.01914263623266,-,-,-,-
5343,5226,100.01914263623266,-,-,-,-
5343,5227,100.01914263623266,-,-,-,-
5343,5228,100.01914263623266,-,-,-,-
5343,5229,100.01914263623266,-,-,-,-
5343,5230,94.9921668120521,-,-,-,-
5343,5231,88.8416768417996,-,-,-,-
5343,5232,81.34215793057658,-,-,-,-
5343,5233,72.34760464595001,-,-,-,-
5343,5234,61.93908004004328,-,-,-,-
5343,5235,50.57459073507556,-,-,-,-
5343,5236,39.06669074947511,-,-,-,-
5343,5237,28.288408191612767,-,-,-,-
5343,5238,18.824986116010738,-,-,-,-
5343,5239,10.863849543209607,-,-,-,-
5343,5240,10.863849543209607,-,-,-,-
5343,5241,10.863849543209607,-,-,-,-
5343,5242,10.863849543209607,-,-,-,-
5343,5243,10.863849543209607,-,-,-,-
5343,5244,10.863849543209607,-,-,-,-
5343,5245,10.863849543209607,-,-,-,-
5343,5246,10.863849543209607,-,-,-,-
5343,5247,10.863849543209607,-,-,-,-
5343,5248,10.863849543209607,-,-,-,-
5343,5249,10.863849543209607,-,-,-,-
5343,5250,10.863849543209607,-,-,-,-
5343,5251,10.863849543209607,-,-,-,-
5343,5252,10.863849543209607,-,-,-,-
5343,5253,10.863849543209607,-,-,-,-
5343,5254,10.863849543209607,-,-,-,-
5343,5255,10.863849543209607,-,-,-,-
5343,5256,10.863849543209607,-,-,-,-
5343,5257,10.863849543209607,-,-,-,-
5343,5258,10.863849543209607,-,-,-,-
5343,5259,10.863849543209607,-,-,-,-
5343,5260,10.863849543209607,-,-,-,-
5343,5261,10.863849543209607,-,-,-,-
5343,5262,10.863849543209607,-,-,-,-
5343,5263,10.863849543209607,-,-,-,-
5343,5264,10.863849543209607,-,-,-,-
5343,5265,10.863849543209607,-,-,-,-
5343,5266,10.863849543209607,-,-,-,-
5343,5267,10.863849543209607,-,-,-,-
5343,5268,10.863849543209607,-,-,-,-
5343,5269,10.863849543209607,-,-,-,-
5343,5270,10.863849543209607,-,-,-,-
5343,5271,10.863849543209607,-,-,-,-
5343,5272,10.863849543209607,-,-,-,-
5343,5273,10.863849543209607,-,-,-,-
5343,5274,10.863849543209607,-,-,-,-
5343,5275,10.863849543209607,-,-,-,-
5343,5276,10.863849543209607,-,-,-,-
5343,5277,10.863849543209607,-,-,-,-
5343,5278,10.863849543209607,-,-,-,-
5343,5279,10.863849543209607,-,-,-,-
5343,5280,10.863849543209607,-,-,-,-
5343,5281,10.863849543209607,-,-,-,-
5343,5282,10.863849543209607,-,-,-,-
5343,5283,10.863849543209607,-,-,-,-
5343,5284,10.863849543209607,-,-,-,-
5343,5285,10.863849543209607,-,-,-,-
5343,5286,10.863849543209607,-,-,-,-
5343,5287,10.863849543209607,-,-,-,-
5343,5288,10.863849543209607,-,-,-,-
5343,5289,10.863849543209607,-,-,-,-
5343,5290,10.863849543209607,-,-,-,-
5343,5291,10.863849543209607,-,-,-,-
5343,5292,10.863849543209607,-,-,-,-
5343,5293,10.863849543209607,-,-,-,-
5343,5294,10.863849543209607,-,-,-,-
5343,5295,10.863849543209607,-,-,-,-
5343,5296,10.863849543209607,-,-,-,-
5343,5297,10.863849543209607,-,-,-,-
5343,5298,10.863849543209607,-,-,-,-
5343,5299,10.863849543209607,-,-,-,-
5343,5300,10.863849543209607,-,-,-,-
5343,5301,10.863849543209607,-,-,-,-
5343,5302,10.863849543209607,-,-,-,-
5343,5303,10.863849543209607,-,-,-,-
5343,5304,10.863849543209607,-,-,-,-
5343,5305,10.863849543209607,-,-,-,-
5343,5306,10.863849543209607,-,-,-,-
5343,5307,10.863849543209607,-,-,-,-
5343,5308,10.863849543209607,-,-,-,-
5343,5309,10.863849543209607,-,-,-,-
5343,5310,10.863849543209607,-,-,-,-
5343,5311,10.863849543209607,-,-,-,-
5343,5312,10.863849543209607,-,-,-,-
5343,5313,10.863849543209607,-,-,-,-
5343,5314,10.863849543209607,-,-,-,-
5343,5315,10.863849543209607,-,-,-,-
5343,5316,10.863849543209607,-,-,-,-
5343,5317,8.718359955432746,-,-,-,-
5343,5318,7.077078942852817,-,-,-,-
5343,5319,5.782917987030327,-,-,-,-
5343,5320,4.737277694492326,-,-,-,-
5343,5321,3.8753781207894007,-,-,-,-
5343,5322,3.8753781207894007,-,-,-,-
5343,5323,3.8753781207894007,-,-,-,-
5343,5324,3.8753781207894007,-,-,-,-
5343,5325,3.8753781207894007,-,-,-,-
5343,5326,3.8753781207894007,-,-,-,-
5343,5327,3.8753781207894007,-,-,-,-
5343,5328,3.8753781207894007,-,-,-,-
5343,5329,3.8753781207894007,-,-,-,-
5343,5330,3.8753781207894007,-,-,-,-
5343,5331,3.8753781207894007,-,-,-,-
5343,5332,3.8753781207894007,-,-,-,-
5343,5333,3.8753781207894007,-,-,-,-
5343,5334,3.8753781207894007,-,-,-,-
5343,5335,3.8753781207894007,-,-,-,-
5343,5336,3.8753781207894007,-,-,-,-
5343,5337,3.8753781207894007,-,-,-,-
5343,5338,3.8753781207894007,-,-,-,-
5343,5339,3.8753781207894007,-,-,-,-
5343,5340,3.8753781207894007,-,-,-,-
5343,5341,3.8753781207894007,-,-,-,-
5343,5342,3.8753781207894007,-,-,-,-
5343,5343,3.8753781207894007,-,-,-,-
5343,5344,3.8753781207894007,-,-,-,-
5343,5345,3.8753781207894007,-,-,-,-
5343,5346,3.8753781207894007,-,-,-,-
5343,5347,3.8753781207894007,-,-,-,-
5343,5348,3.8753781207894007,-,-,-,-
5343,5349,3.8753781207894007,-,-,-,-
5343,5350,3.8753781207894007,-,-,-,-
5343,5351,3.8753781207894007,-,-,-,-
5343,5352,3.8753781207894007,-,-,-,-
5343,5353,3.8753781207894007,-,-,-,-
5343,5354,3.8753781207894007,-,-,-,-
5343,5355,3.8753781207894007,-,-,-,-
5343,5356,3.8753781207894007,-,-,-,-
5343,5357,3.8753781207894007,-,-,-,-
5343,5358,3.8753781207894007,-,-,-,-
5343,5359,3.8753781207894007,-,-,-,-
5343,5360,3.8753781207894007,-,-,-,-
5343,5361,3.8753781207894007,-,-,-,-
5343,5362,3.8753781207894007,-,-,-,-
5343,5363,3.8753781207894007,-,-,-,-
5343,5364,3.8753781207894007,-,-,-,-
5343,5365,3.8753781207894007,-,-,-,-
5343,5366,3.8753781207894007,-,-,-,-
5343,5367,3.8753781207894007,-,-,-,-
5343,5368,3.8753781207894007,-,-,-,-
5343,5369,3.8753781207894007,-,-,-,-
5343,5370,3.8753781207894007,-,-,-,-
5343,5371,3.8753781207894007,-,-,-,-
5343,5372,3.8753781207894007,-,-,-,-
5343,5373,3.8753781207894007,-,-,-,-
5343,5374,4.434538396036941,-,-,-,-
5343,5375,12.331553775497133,-,-,-,-
5343,5376,19.576454036940017,-,-,-,-
5343,5377,26.047097856455853,-,-,-,-
5343,5378,31.72283820786913,-,-,-,-
5343,5379,31.72283820786913,-,-,-,-
5343,5380,31.72283820786913,-,-,-,-
5343,5381,31.72283820786913,-,-,-,-
5343,5382,31.72283820786913,-,-,-,-
5343,5383,31.72283820786913,-,-,-,-
5343,5384,31.72283820786913,-,-,-,-
5343,5385,31.72283820786913,-,-,-,-
5343,5386,31.72283820786913,-,-,-,-
5343,5387,31.72283820786913,-,-,-,-
5343,5388,31.72283820786913,-,-,-,-
5343,5389,31.72283820786913,-,-,-,-
5343,5390,31.72283820786913,-,-,-,-
5343,5391,31.72283820786913,-,-,-,-
5343,5392,31.72283820786913,-,-,-,-
5343,5393,31.75412850775198,-,-,-,-
5343,5394,31.785393552534963,-,-,-,-
5343,5395,31.81663335418495,-,-,-,-
5343,5396,31.84784792470961,-,-,-,-
5343,5397,31.879037276157035,-,-,-,-
5343,5398,31.910201420615657,-,-,-,-
5343,5399,31.941340370214117,-,-,-,-
5343,5400,31.972454137120888,-,-,-,-
5343,5401,32.00354273354423,-,-,-,-
5343,5402,32.03460617173196,-,-,-,-
5343,5403,32.06564446397117,-,-,-,-
5343,5404,32.09665762258817,-,-,-,-
5343,5405,32.12764565994819,-,-,-,-
5343,5406,32.15860858845523,-,-,-,-
5343,5407,32.189546420551885,-,-,-,-
5343,5408,32.22045916871909,-,-,-,-
5343,5409,32.25134684547594,-,-,-,-
5343,5410,32.28220946337961,-,-,-,-
5343,5411,32.31304703502499,-,-,-,-
5343,5412,32.34385957304461,-,-,-,-
5343,5413,32.37464709010841,-,-,-,-
5343,5414,32.4054095989236,-,-,-,-
5343,5415,32.43614711223439,-,-,-,-
5343,5416,32.46685964282178,-,-,-,-
5343,5417,32.49754720350354,-,-,-,-
5343,5418,32.52820980713387,-,-,-,-
5343,5419,32.55884746660318,-,-,-,-
5343,5420,32.5894601948381,-,-,-,-
5343,5421,32.62004800480106,-,-,-,-
5343,5422,32.65061090949032,-,-,-,-
5343,5423,32.68114892193955,-,-,-,-
5343,5424,32.71166205521784,-,-,-,-
5343,5425,32.74215032242944,-,-,-,-
5343,5426,32.77261373671354,-,-,-,-
5343,5427,32.803052311244215,-,-,-,-
5343,5428,32.83346605923002,-,-,-,-
5343,5429,32.863854993914,-,-,-,-
5343,5430,32.89421912857351,-,-,-,-
5343,5431,32.92455847651984,-,-,-,-
5343,5432,32.95487305109823,-,-,-,-
5343,5433,32.985162865687606,-,-,-,-
5343,5434,33.015427933700366,-,-,-,-
5343,5435,33.0456682685823,-,-,-,-
5343,5436,33.075883883812295,-,-,-,-
5343,5437,33.10607479290229,-,-,-,-
5343,5438,33.13624100939691,-,-,-,-
5343,5439,33.16638254687347,-,-,-,-
5343,5440,33.19649941894167,-,-,-,-
5343,5441,33.22659163924347,-,-,-,-
5343,5442,33.256659221452985,-,-,-,-
5343,5443,33.286702179276105,-,-,-,-
5343,5444,33.316720526450524,-,-,-,-
5343,5445,33.346714276745445,-,-,-,-
5343,5446,33.3766834439615,-,-,-,-
5343,5447,33.406628041930404,-,-,-,-
5343,5448,33.43654808451501,-,-,-,-
5343,5449,33.466443585608914,-,-,-,-
5343,5450,33.496314559136465,-,-,-,-
5343,5451,33.526161019052445,-,-,-,-
5343,5452,33.555982979342,-,-,-,-
5343,5453,33.58578045402036,-,-,-,-
5343,5454,33.615553457132776,-,-,-,-
5343,5455,33.64530200275435,-,-,-,-
5343,5456,33.67502610498975,-,-,-,-
5343,5457,33.704725777973046,-,-,-,-
5343,5458,33.73440103586774,-,-,-,-
5343,5459,33.76405189286635,-,-,-,-
5343,5460,33.79367836319038,-,-,-,-
5343,5461,33.823280461090114,-,-,-,-
5343,5462,33.852858200844395,-,-,-,-
5343,5463,33.8824115967606,-,-,-,-
5343,5464,33.911940663174306,-,-,-,-
5343,5465,33.94144541444922,-,-,-,-
5343,5466,33.970925864976955,-,-,-,-
5343,5467,34.00038202917697,-,-,-,-
5343,5468,34.02981392149621,-,-,-,-
5343,5469,34.05922155640919,-,-,-,-
5343,5470,34.08860494841764,-,-,-,-
5343,5471,34.11796411205035,-,-,-,-
5343,5472,34.14729906186311,-,-,-,-
5343,5473,34.17660981243849,-,-,-,-
5343,5474,34.20589637838567,-,-,-,-
5343,5475,34.23515877434024,-,-,-,-
5343,5476,34.23515877434024,-,-,-,-
5343,5477,34.23515877434024,-,-,-,-
5343,5478,34.23515877434024,-,-,-,-
5343,5479,34.23515877434024,-,-,-,-
5343,5480,34.23515877434024,-,-,-,-
5343,5481,34.23515877434024,-,-,-,-
5343,5482,34.23515877434024,-,-,-,-
5343,5483,34.23515877434024,-,-,-,-
5343,5484,34.23515877434024,-,-,-,-
5343,5485,34.23515877434024,-,-,-,-
5343,5486,34.23515877434024,-,-,-,-
5343,5487,34.23515877434024,-,-,-,-
5343,5488,34.23515877434024,-,-,-,-
5343,5489,34.23515877434024,-,-,-,-
5343,5490,34.23515877434024,-,-,-,-
5343,5491,34.23515877434024,-,-,-,-
5343,5492,34.23515877434024,-,-,-,-
5343,5493,34.23515877434024,-,-,-,-
5343,5494,34.23515877434024,-,-,-,-
5343,5495,29.52931938202643,-,-,-,-
5343,5496,23.090708021993773,-,-,-,-
5343,5497,14.041849742523635,-,-,-,-
5343,5498,1.2417588047616774,-,-,-,-
5343,5499,15.968334900606822,-,-,-,-
5343,5500,35.88451774047697,-,-,-,-
5343,5501,35.88451774047697,-,-,-,-
5343,5502,35.88451774047697,-,-,-,-
5343,5503,35.88451774047697,-,-,-,-
5343,5504,35.88451774047697,-,-,-,-
5343,5505,35.88451774047697,-,-,-,-
5343,5506,35.88451774047697,-,-,-,-
5343,5507,35.88451774047697,-,-,-,-
5343,5508,35.88451774047697,-,-,-,-
5343,5509,35.88451774047697,-,-,-,-
5343,5510,35.88451774047697,-,-,-,-
5343,5511,35.88451774047697,-,-,-,-
5343,5512,35.008598825282455,-,-,-,-
5343,5513,34.150596839129406,-,-,-,-
5343,5514,33.31034073033001,-,-,-,-
5343,5515,32.48763591460537,-,-,-,-
5343,5516,31.68226689850783,-,-,-,-
5343,5517,30.89399976801965,-,-,-,-
5343,5518,30.122584536107947,-,-,-,-
5343,5519,29.367757345606485,-,-,-,-
5343,5520,28.629242526038713,-,-,-,-
5343,5521,27.906754504905482,-,-,-,-
5343,5522,27.1999995755624,-,-,-,-
5343,5523,26.50867752512088,-,-,-,-
5343,5524,25.832483126860733,-,-,-,-
5343,5525,25.171107502457733,-,-,-,-
5343,5526,24.524239359942282,-,-,-,-
5343,5527,23.89156611373524,-,-,-,-
5343,5528,23.272774893384664,-,-,-,-
5343,5529,22.667553447769222,-,-,-,-
5343,5530,22.07559095157115,-,-,-,-
5343,5531,21.496578720761573,-,-,-,-
5343,5532,20.930210843712878,-,-,-,-
5343,5533,20.376184734363108,-,-,-,-
5343,5534,19.83420161362306,-,-,-,-
5343,5535,19.30396692495125,-,-,-,-
5343,5536,18.785190689729347,-,-,-,-
5343,5537,18.277587807767606,-,-,-,-
5343,5538,17.78087830795188,-,-,-,-
5343,5539,17.29478755373271,-,-,-,-
5343,5540,16.81904640783711,-,-,-,-
5343,5541,16.353391360280234,-,-,-,-
5343,5542,15.897564623450165,-,-,-,-
5343,5543,15.451314197754261,-,-,-,-
5343,5544,15.014393911035201,-,-,-,-
5343,5545,14.586563434706887,-,-,-,-
5343,5546,14.16758827930689,-,-,-,-
5343,5547,13.757239771933563,-,-,-,-
5343,5548,13.355295017812526,-,-,-,-
5343,5549,12.961536848036978,-,-,-,-
5343,5550,12.575753755332977,-,-,-,-
5343,5551,12.197739819526504,-,-,-,-
5343,5552,11.827294624226603,-,-,-,-
5343,5553,11.464223166086871,-,-,-,-
5343,5554,11.108335757872354,-,-,-,-
5343,5555,10.759447926429006,-,-,-,-
5343,5556,10.417380306540808,-,-,-,-
5343,5557,10.08195853154979,-,-,-,-
5343,5558,9.75301312152048,-,-,-,-
5343,5559,9.430379369642194,-,-,-,-
5343,5560,9.113897227479754,-,-,-,-
5343,5561,8.803411189617243,-,-,-,-
5343,5562,8.498770178164346,-,-,-,-
5343,5563,8.19982742754597,-,-,-,-
5343,5564,7.906440369935875,-,-,-,-
5343,5565,7.618470521646337,-,-,-,-
5343,5566,7.335783370748253,-,-,-,-
5343,5567,7.335783370748253,-,-,-,-
5343,5568,7.335783370748253,-,-,-,-
5343,5569,7.335783370748253,-,-,-,-
5343,5570,7.335783370748253,-,-,-,-
5343,5571,7.335783370748253,-,-,-,-
5343,5572,7.335783370748253,-,-,-,-
5343,5573,7.335783370748253,-,-,-,-
5343,5574,7.335783370748253,-,-,-,-
5343,5575,7.335783370748253,-,-,-,-
5343,5576,7.335783370748253,-,-,-,-
5343,5577,7.335783370748253,-,-,-,-
5343,5578,7.335783370748253,-,-,-,-
5343,5579,7.335783370748253,-,-,-,-
5343,5580,7.335783370748253,-,-,-,-
5343,5581,1.4428870603346962,-,-,-,-
5343,5582,7.3677370436249525,-,-,-,-
5343,5583,21.036825450978437,-,-,-,-
5343,5584,41.577251359175506,-,-,-,-
5343,5585,66.8000105010333,-,-,-,-
5343,5586,88.80937312124323,-,-,-,-
5343,5587,103.84846551634186,-,-,-,-
5343,5588,103.84846551634186,-,-,-,-
5343,5589,103.84846551634186,-,-,-,-
5343,5590,103.84846551634186,-,-,-,-
5343,5591,103.84846551634186,-,-,-,-
5343,5592,103.84846551634186,-,-,-,-
5343,5593,103.84846551634186,-,-,-,-
5343,5594,103.84846551634186,-,-,-,-
5343,5595,103.84846551634186,-,-,-,-
5343,5596,103.84846551634186,-,-,-,-
5343,5597,103.84846551634186,-,-,-,-
5343,5598,103.84846551634186,-,-,-,-
5343,5599,103.84846551634186,-,-,-,-
5343,5600,103.84846551634186,-,-,-,-
5343,5601,103.84846551634186,-,-,-,-
5343,5602,103.02461575341245,-,-,-,-
5343,5603,102.16801647147896,-,-,-,-
5343,5604,101.27708195694238,-,-,-,-
5343,5605,100.35016336217538,-,-,-,-
5343,5606,99.38555143670658,-,-,-,-
5343,5607,98.38148071485682,-,-,-,-
5343,5608,97.33613545831896,-,-,-,-
5343,5609,96.2476576911973,-,-,-,-
5343,5610,95.11415770355903,-,-,-,-
5343,5611,93.93372743503208,-,-,-,-
5343,5612,92.70445717884797,-,-,-,-
5343,5613,91.42445606427673,-,-,-,-
5343,5614,90.09187677539988,-,-,-,-
5343,5615,88.7049449390005,-,-,-,-
5343,5616,87.26199355484873,-,-,-,-
5343,5617,85.76150273745216,-,-,-,-
5343,5618,84.20214487837595,-,-,-,-
5343,5619,82.58283511185522,-,-,-,-
5343,5620,80.90278666491676,-,-,-,-
5343,5621,79.16157029210959,-,-,-,-
5343,5622,77.35917653676591,-,-,-,-
5343,5623,75.49607903832812,-,-,-,-
5343,5624,73.57329654508482,-,-,-,-
5343,5625,71.59245073610361,-,-,-,-
5343,5626,69.5558164645039,-,-,-,-
5343,5627,67.46636068046219,-,-,-,-
5343,5628,65.32776615911598,-,-,-,-
5343,5629,63.14443632654151,-,-,-,-
5343,5630,60.921478010336585,-,-,-,-
5343,5631,58.664659870655846,-,-,-,-
5343,5632,56.38034557407231,-,-,-,-
5343,5633,54.07540237790441,-,-,-,-
5343,5634,51.757087558082006,-,-,-,-
5343,5635,49.432916853032566,-,-,-,-
5343,5636,47.11052060109463,-,-,-,-
5343,5637,44.79749432346828,-,-,-,-
5343,5638,42.501251001019135,-,-,-,-
5343,5639,40.228882141166615,-,-,-,-
5343,5640,37.9870339522598,-,-,-,-
5343,5641,35.78180364625571,-,-,-,-
5343,5642,33.61865925062926,-,-,-,-
5343,5643,31.502384533649057,-,-,-,-
5343,5644,29.437048935395772,-,-,-,-
5343,5645,27.426000916672375,-,-,-,-
5343,5646,25.471882000645245,-,-,-,-
5343,5647,23.57665803764476,-,-,-,-
5343,5648,21.741663866135365,-,-,-,-
5343,5649,19.967657524138993,-,-,-,-
5343,5650,18.254880411499474,-,-,-,-
5343,5651,16.603120231126244,-,-,-,-
5343,5652,15.011774067080257,-,-,-,-
5343,5653,13.479909521437216,-,-,-,-
5343,5654,12.006322378756565,-,-,-,-
5343,5655,10.58958976193533,-,-,-,-
5343,5656,9.228118166508827,-,-,-,-
5343,5657,7.920186104414837,-,-,-,-
5343,5658,6.663981353976351,-,-,-,-
5343,5659,5.45763300714608,-,-,-,-
5343,5660,4.299238637742023,-,-,-,-
5343,5661,3.1868869964962068,-,-,-,-
5343,5662,2.1186766810687354,-,-,-,-
5343,5663,1.0927312415942076,-,-,-,-
5343,5664,0.10721117334279834,-,-,-,-
5343,5665,0.8396767754368711,-,-,-,-
5343,5666,1.7496725848325991,-,-,-,-
5343,5667,2.6244578754319168,-,-,-,-
5343,5668,3.4656524319493482,-,-,-,-
5343,5669,3.4656524319493482,-,-,-,-
5343,5670,3.4656524319493482,-,-,-,-
5343,5671,3.4656524319493482,-,-,-,-
5343,5672,3.4656524319493482,-,-,-,-
5343,5673,3.4656524319493482,-,-,-,-
5343,5674,3.4656524319493482,-,-,-,-
5343,5675,3.4656524319493482,-,-,-,-
5343,5676,3.4656524319493482,-,-,-,-
5343,5677,3.4656524319493482,-,-,-,-
5343,5678,3.4656524319493482,-,-,-,-
5343,5679,3.4656524319493482,-,-,-,-
5343,5680,3.4656524319493482,-,-,-,-
5343,5681,3.4656524319493482,-,-,-,-
5343,5682,3.4656524319493482,-,-,-,-
5343,5683,3.4656524319493482,-,-,-,-
5343,5684,3.4656524319493482,-,-,-,-
5343,5685,3.4656524319493482,-,-,-,-
5343,5686,3.4656524319493482,-,-,-,-
5343,5687,3.4656524319493482,-,-,-,-
5343,5688,3.4656524319493482,-,-,-,-
5343,5689,3.4162626855032197,-,-,-,-
5343,5690,3.3673958315470385,-,-,-,-
5343,5691,3.3190436799380487,-,-,-,-
5343,5692,3.271198209226175,-,-,-,-
5343,5693,3.2238515623705655,-,-,-,-
5343,5694,3.1769960425866235,-,-,-,-
5343,5695,3.1306241093142972,-,-,-,-
5343,5696,3.084728374309601,-,-,-,-
5343,5697,3.0393015978492817,-,-,-,-
5343,5698,2.9943366850488404,-,-,-,-
5343,5699,2.9498266822890016,-,-,-,-
5343,5700,2.9057647737440684,-,-,-,-
5343,5701,2.862144278014921,-,-,-,-
5343,5702,2.8189586448562367,-,-,-,-
5343,5703,2.7762014519998996,-,-,-,-
5343,5704,2.73386640206887,-,-,-,-
5343,5705,2.691947319579821,-,-,-,-
5343,5706,2.650438148029437,-,-,-,-
5343,5707,2.609332947066341,-,-,-,-
5343,5708,2.5686258897382643,-,-,-,-
5343,5709,2.528311259820736,-,-,-,-
5343,5710,2.488383449217981,-,-,-,-
5343,5711,2.448836955436238,-,-,-,-
5343,5712,2.4096663791292428,-,-,-,-
5343,5713,2.3708664217063036,-,-,-,-
5343,5714,2.3324318830148156,-,-,-,-
5343,5715,2.294357659074763,-,-,-,-
5343,5716,2.2566387398855166,-,-,-,-
5343,5717,2.219270207284443,-,-,-,-
5343,5718,2.18224723286838,-,-,-,-
5343,5719,2.145565075968017,-,-,-,-
5343,5720,2.1092190816776606,-,-,-,-
5343,5721,2.073204678935743,-,-,-,-
5343,5722,2.037517378660893,-,-,-,-
5343,5723,2.0021527719311774,-,-,-,-
5343,5724,1.967106528215451,-,-,-,-
5343,5725,1.9323743936497435,-,-,-,-
5343,5726,1.8979521893586104,-,-,-,-
5343,5727,1.8638358098196948,-,-,-,-
5343,5728,1.8300212212725058,-,-,-,-
5343,5729,1.7965044601652005,-,-,-,-
5343,5730,1.7632816316436635,-,-,-,-
5343,5731,1.7303489080787349,-,-,-,-
5343,5732,1.6977025276299662,-,-,-,-
5343,5733,1.6653387928463927,-,-,-,-
5343,5734,1.6332540693040127,-,-,-,-
5343,5735,1.6014447842748212,-,-,-,-
5343,5736,1.5699074254298153,-,-,-,-
5343,5737,1.5386385395793003,-,-,-,-
5343,5738,1.5076347314346294,-,-,-,-
5343,5739,1.4768926624119014,-,-,-,-
5343,5740,1.4464090494561674,-,-,-,-
5343,5741,1.4161806638968535,-,-,-,-
5343,5742,1.3862043303379628,-,-,-,-
5343,5743,1.3564769255626574,-,-,-,-
5343,5744,1.3269953774788938,-,-,-,-
5343,5745,1.297756664075496,-,-,-,-
5343,5746,1.2687578124166683,-,-,-,-
5343,5747,1.239995897652606,-,-,-,-
5343,5748,1.2114680420559556,-,-,-,-
5343,5749,1.183171414084342,-,-,-,-
5343,5750,1.1551032274565876,-,-,-,-
5343,5751,1.1272607402636607,-,-,-,-
5343,5752,1.099641254086982,-,-,-,-
5343,5753,1.0722421131464686,-,-,-,-
5343,5754,1.0450607034653734,-,-,-,-
5343,5755,1.0180944520580506,-,-,-,-
5343,5756,0.9913408261257701,-,-,-,-
5343,5757,0.9647973322878126,-,-,-,-
5343,5758,0.9384615158145436,-,-,-,-
5343,5759,0.9123309598886515,-,-,-,-
5343,5760,0.8864032848785697,-,-,-,-
5343,5761,0.860676147627199,-,-,-,-
5343,5762,0.835147240761752,-,-,-,-
5343,5763,0.8098142920146034,-,-,-,-
5343,5764,0.7846750635644291,-,-,-,-
5343,5765,0.7846750635644291,-,-,-,-
5343,5766,0.7846750635644291,-,-,-,-
5343,5767,0.7846750635644291,-,-,-,-
5343,5768,0.7846750635644291,-,-,-,-
5343,5769,0.7846750635644291,-,-,-,-
5343,5770,0.7846750635644291,-,-,-,-
5343,5771,0.7846750635644291,-,-,-,-
5343,5772,0.7846750635644291,-,-,-,-
5343,5773,0.7846750635644291,-,-,-,-
5343,5774,0.7846750635644291,-,-,-,-
5343,5775,0.7846750635644291,-,-,-,-
5343,5776,0.7846750635644291,-,-,-,-
5343,5777,0.7846750635644291,-,-,-,-
5343,5778,0.7846750635644291,-,-,-,-
5343,5779,0.7846750635644291,-,-,-,-
5343,5780,0.7846750635644291,-,-,-,-
5343,5781,0.7846750635644291,-,-,-,-
5343,5782,0.7846750635644291,-,-,-,-
5343,5783,0.7846750635644291,-,-,-,-
5343,5784,3.657494267829388,-,-,-,-
5343,5785,6.412774132842211,-,-,-,-
5343,5786,9.045639225721608,-,-,-,-
5343,5787,9.045639225721608,-,-,-,-
5343,5788,9.045639225721608,-,-,-,-
5343,5789,9.045639225721608,-,-,-,-
5343,5790,9.045639225721608,-,-,-,-
5343,5791,9.045639225721608,-,-,-,-
5343,5792,9.045639225721608,-,-,-,-
5343,5793,9.045639225721608,-,-,-,-
5343,5794,9.045639225721608,-,-,-,-
5343,5795,9.045639225721608,-,-,-,-
5343,5796,9.045639225721608,-,-,-,-
5343,5797,9.045639225721608,-,-,-,-
5343,5798,9.045639225721608,-,-,-,-
5343,5799,9.045639225721608,-,-,-,-
5343,5800,9.045639225721608,-,-,-,-
5343,5801,9.045639225721608,-,-,-,-
5343,5802,9.045639225721608,-,-,-,-
5343,5803,9.045639225721608,-,-,-,-
5343,5804,9.045639225721608,-,-,-,-
5343,5805,9.045639225721608,-,-,-,-
5343,5806,9.045639225721608,-,-,-,-
5343,5807,9.045639225721608,-,-,-,-
5343,5808,9.045639225721608,-,-,-,-
5343,5809,9.045639225721608,-,-,-,-
5343,5810,9.045639225721608,-,-,-,-
5343,5811,9.045639225721608,-,-,-,-
5343,5812,9.045639225721608,-,-,-,-
5343,5813,9.045639225721608,-,-,-,-
5343,5814,9.045639225721608,-,-,-,-
5343,5815,9.045639225721608,-,-,-,-
5343,5816,9.045639225721608,-,-,-,-
5343,5817,9.045639225721608,-,-,-,-
5343,5818,9.045639225721608,-,-,-,-
5343,5819,9.045639225721608,-,-,-,-
5343,5820,9.045639225721608,-,-,-,-
5343,5821,9.045639225721608,-,-,-,-
5343,5822,9.045639225721608,-,-,-,-
5343,5823,9.045639225721608,-,-,-,-
5343,5824,9.045639225721608,-,-,-,-
5343,5825,9.045639225721608,-,-,-,-
5343,5826,9.045639225721608,-,-,-,-
5343,5827,9.045639225721608,-,-,-,-
5343,5828,9.045639225721608,-,-,-,-
5343,5829,9.045639225721608,-,-,-,-
5343,5830,9.045639225721608,-,-,-,-
5343,5831,9.045639225721608,-,-,-,-
5343,5832,9.045639225721608,-,-,-,-
5343,5833,9.045639225721608,-,-,-,-
5343,5834,9.045639225721608,-,-,-,-
5343,5835,9.045639225721608,-,-,-,-
5343,5836,9.045639225721608,-,-,-,-
5343,5837,9.045639225721608,-,-,-,-
5343,5838,9.045639225721608,-,-,-,-
5343,5839,9.045639225721608,-,-,-,-
5343,5840,9.045639225721608,-,-,-,-
5343,5841,9.045639225721608,-,-,-,-
5343,5842,9.045639225721608,-,-,-,-
5343,5843,9.045639225721608,-,-,-,-
5343,5844,9.045639225721608,-,-,-,-
5343,5845,9.045639225721608,-,-,-,-
5343,5846,9.364678481287307,-,-,-,-
5343,5847,9.855102909130002,-,-,-,-
5343,5848,10.70553512550312,-,-,-,-
5343,5849,12.540658851777735,-,-,-,-
5343,5850,12.540658851777735,-,-,-,-
5343,5851,12.540658851777735,-,-,-,-
5343,5852,12.540658851777735,-,-,-,-
5343,5853,12.540658851777735,-,-,-,-
5343,5854,12.540658851777735,-,-,-,-
5343,5855,12.540658851777735,-,-,-,-
5343,5856,12.540658851777735,-,-,-,-
5343,5857,12.540658851777735,-,-,-,-
5343,5858,12.540658851777735,-,-,-,-
5343,5859,12.540658851777735,-,-,-,-
5343,5860,12.540658851777735,-,-,-,-
5343,5861,12.540658851777735,-,-,-,-
5343,5862,12.540658851777735,-,-,-,-
5343,5863,12.540658851777735,-,-,-,-
5343,5864,12.540658851777735,-,-,-,-
5343,5865,12.540658851777735,-,-,-,-
5343,5866,12.540658851777735,-,-,-,-
5343,5867,12.540658851777735,-,-,-,-
5343,5868,12.540658851777735,-,-,-,-
5344,5869,12.540658851777735,-,-,-,-
5345,5870,12.540658851777735,-,-,-,-
5346,5871,12.540658851777735,-,-,-,-
5347,5872,12.540658851777735,-,-,-,-
5348,5873,12.540658851777735,-,-,-,-
5349,5874,12.540658851777735,-,-,-,-
5350,5875,12.540658851777735,-,-,-,-
5351,5876,0.11262881565496433,-,-,-,-
5352,5877,24.85114174850734,-,-,-,-
5353,5878,62.90202608011122,-,-,-,-
5354,5879,92.28225034505826,-,-,-,-
5354,5880,92.28225034505826,-,-,-,-
5354,5881,92.28225034505826,-,-,-,-
5354,5882,92.28225034505826,-,-,-,-
5354,5883,92.28225034505826,-,-,-,-
5354,5884,92.28225034505826,-,-,-,-
5354,5885,92.28225034505826,-,-,-,-
5354,5886,92.28225034505826,-,-,-,-
5354,5887,92.28225034505826,-,-,-,-
5354,5888,92.28225034505826,-,-,-,-
5354,5889,92.28225034505826,-,-,-,-
5354,5890,92.28225034505826,-,-,-,-
5354,5891,92.28225034505826,-,-,-,-
5354,5892,92.28225034505826,-,-,-,-
5354,5893,92.28225034505826,-,-,-,-
5354,5894,56.000679780594915,-,-,-,-
5354,5895,13.222644961794932,-,-,-,-
5354,5896,8.826447339181168,-,-,-,-
5354,5897,19.08195615549742,-,-,-,-
5354,5898,24.651528033871717,-,-,-,-
5354,5899,24.651528033871717,-,-,-,-
5354,5900,24.651528033871717,-,-,-,-
5354,5901,24.651528033871717,-,-,-,-
5354,5902,24.651528033871717,-,-,-,-
5354,5903,24.651528033871717,-,-,-,-
5355,5904,24.651528033871717,-,-,-,-
5356,5905,24.651528033871717,-,-,-,-
5357,5906,24.651528033871717,-,-,-,-
5358,5907,24.651528033871717,-,-,-,-
5359,5908,24.651528033871717,-,-,-,-
5360,5909,24.651528033871717,-,-,-,-
5361,5910,24.651528033871717,-,-,-,-
5362,5911,24.651528033871717,-,-,-,-
5363,5912,24.651528033871717,-,-,-,-
5364,5913,48.654713756552276,-,-,-,-
5365,5914,70.07858943850216,-,-,-,-
5366,5915,85.18348249529105,-,-,-,-
5367,5916,95.10901735979193,-,-,-,-
5368,5917,101.75841958897576,-,-,-,-
5369,5918,101.75841958897576,-,-,-,-
5370,5919,101.75841958897576,-,-,-,-
5371,5920,101.75841958897576,-,-,-,-
5372,5921,101.75841958897576,-,-,-,-
5373,5922,101.75841958897576,-,-,-,-
5374,5923,101.75841958897576,-,-,-,-
5375,5924,103.46656302025158,-,-,-,-
5376,5925,103.46656302025158,-,-,-,-
5377,5926,103.46656302025158,-,-,-,-
5378,5927,103.46656302025158,-,-,-,-
5379,5928,103.46656302025158,-,-,-,-
5380,5929,103.46656302025158,-,-,-,-
5381,5930,103.46656302025158,-,-,-,-
5382,5931,103.46656302025158,-,-,-,-
5383,5932,103.46656302025158,-,-,-,-
5384,5933,103.46656302025158,-,-,-,-
5385,5934,103.46656302025158,-,-,-,-
5386,5935,103.46656302025158,-,-,-,-
5387,5936,103.46656302025158,-,-,-,-
5388,5937,103.46656302025158,-,-,-,-
5389,5938,103.46656302025158,-,-,-,-
5390,5939,103.46656302025158,-,-,-,-
5391,5940,103.46656302025158,-,-,-,-
5392,5941,103.46656302025158,-,-,-,-
5393,5942,103.46656302025158,-,-,-,-
5394,5943,103.46656302025158,-,-,-,-
5395,5944,103.46656302025158,-,-,-,-
5396,5945,103.46656302025158,-,-,-,-
5397,5946,103.46656302025158,-,-,-,-
5398,5947,103.46656302025158,-,-,-,-
5399,5948,103.46656302025158,-,-,-,-
5400,5949,102.07665842952294,-,-,-,-
5401,5950,100.22551762966218,-,-,-,-
5402,5951,97.6446552785735,-,-,-,-
5403,5952,93.81732892752618,-,-,-,-
5404,5953,87.63314272530195,-,-,-,-
5405,5954,76.38487964200044,-,-,-,-
5406,5955,76.38487964200044,-,-,-,-
5407,5956,76.38487964200044,-,-,-,-
5408,5957,76.38487964200044,-,-,-,-
5409,5958,76.38487964200044,-,-,-,-
5410,5959,76.38487964200044,-,-,-,-
5411,5960,76.38487964200044,-,-,-,-
5412,5961,76.38487964200044,-,-,-,-
5413,5962,76.38487964200044,-,-,-,-
5414,5963,76.38487964200044,-,-,-,-
5415,5964,76.38487964200044,-,-,-,-
5416,5965,76.38487964200044,-,-,-,-
5417,5966,76.38487964200044,-,-,-,-
5418,5967,76.38487964200044,-,-,-,-
5419,5968,76.38487964200044,-,-,-,-
5420,5969,76.38487964200044,-,-,-,-
5421,5970,50.46065006549321,-,-,-,-
5422,5971,33.20900547669062,-,-,-,-
5423,5972,22.71265633310371,-,-,-,-
5424,5973,16.07165733558845,-,-,-,-
5425,5974,11.602631794128614,-,-,-,-
5426,5975,11.602631794128614,-,-,-,-
5427,5976,11.602631794128614,-,-,-,-
5428,5977,11.602631794128614,-,-,-,-
5429,5978,11.602631794128614,-,-,-,-
5430,5979,11.602631794128614,-,-,-,-
5431,5980,11.602631794128614,-,-,-,-
5432,5981,11.602631794128614,-,-,-,-
5433,5982,11.602631794128614,-,-,-,-
5434,5983,11.602631794128614,-,-,-,-
5435,5984,11.602631794128614,-,-,-,-
5436,5985,11.602631794128614,-,-,-,-
5437,5986,11.602631794128614,-,-,-,-
5438,5987,11.602631794128614,-,-,-,-
5439,5988,11.657141298364643,-,-,-,-
5440,5989,11.702487300895074,-,-,-,-
5441,5990,11.740801284419746,-,-,-,-
5442,5991,11.773601250062962,-,-,-,-
5443,5992,11.80199761337353,-,-,-,-
5444,5993,11.80199761337353,-,-,-,-
5445,5994,11.80199761337353,-,-,-,-
5446,5995,11.80199761337353,-,-,-,-
5447,5996,11.80199761337353,-,-,-,-
5448,5997,11.80199761337353,-,-,-,-
5449,5998,11.80199761337353,-,-,-,-
5450,5999,11.80199761337353,-,-,-,-
5451,6000,11.80199761337353,-,-,-,-
5452,6001,11.80199761337353,-,-,-,-
5453,6002,11.80199761337353,-,-,-,-
5454,6003,11.80199761337353,-,-,-,-
5455,6004,11.80199761337353,-,-,-,-
5456,6005,11.80199761337353,-,-,-,-
5457,6006,11.80199761337353,-,-,-,-
5458,6007,11.80199761337353,-,-,-,-
5459,6008,11.80199761337353,-,-,-,-
5460,6009,11.80199761337353,-,-,-,-
5461,6010,11.80199761337353,-,-,-,-
5462,6011,11.80199761337353,-,-,-,-
5463,6012,11.80199761337353,-,-,-,-
5464,6013,11.80199761337353,-,-,-,-
5465,6014,11.80199761337353,-,-,-,-
5466,6015,11.80199761337353,-,-,-,-
5467,6016,11.80199761337353,-,-,-,-
5468,6017,22.77745217560127,-,-,-,-
5469,6018,38.493322902553395,-,-,-,-
5470,6019,58.779291686026774,-,-,-,-
5471,6020,79.73584165971566,-,-,-,-
5472,6021,96.73664100235243,-,-,-,-
5473,6022,108.78685622991983,-,-,-,-
5474,6023,108.78685622991983,-,-,-,-
5475,6024,108.78685622991983,-,-,-,-
5476,6025,108.78685622991983,-,-,-,-
5477,6026,108.78685622991983,-,-,-,-
5478,6027,108.78685622991983,-,-,-,-
5479,6028,108.78685622991983,-,-,-,-
5480,6029,108.78685622991983,-,-,-,-
5481,6030,108.78685622991983,-,-,-,-
5482,6031,108.78685622991983,-,-,-,-
5483,6032,108.78685622991983,-,-,-,-
5484,6033,108.78685622991983,-,-,-,-
5485,6034,108.78685622991983,-,-,-,-
5486,6035,108.78685622991983,-,-,-,-
5487,6036,108.78685622991983,-,-,-,-
5488,6037,108.78685622991983,-,-,-,-
5489,6038,108.78685622991983,-,-,-,-
5490,6039,108.78685622991983,-,-,-,-
5491,6040,108.78685622991983,-,-,-,-
5492,6041,108.78685622991983,-,-,-,-
5493,6042,108.78685622991983,-,-,-,-
5494,6043,108.78685622991983,-,-,-,-
5495,6044,108.78685622991983,-,-,-,-
5496,6045,108.78685622991983,-,-,-,-
5497,6046,108.78685622991983,-,-,-,-
5498,6047,108.78685622991983,-,-,-,-
5499,6048,108.78685622991983,-,-,-,-
5500,6049,99.93874752499669,-,-,-,-
5501,6050,86.2145533682343,-,-,-,-
5502,6051,65.62165348467614,-,-,-,-
5503,6052,40.94715066087709,-,-,-,-
5504,6053,19.585271236616897,-,-,-,-
5505,6054,5.224542795717094,-,-,-,-
5506,6055,3.749175352755423,-,-,-,-
5507,6055,3.032989435817274,-,-,-,-
5508,6055,2.2569411281360146,-,-,-,-
5509,6055,1.413521723610525,-,-,-,-
5510,6055,0.4939782030153991,-,-,-,-
5511,6055,0.5119377645379903,-,-,-,-
5512,6055,1.616277948700121,-,-,-,-
5513,6055,2.8332758777323495,-,-,-,-
5514,6056,2.204881052061745,-,-,-,-
5515,6057,0.7087205802760498,-,-,-,-
5515,6058,0.7087205802760498,-,-,-,-
5516,6059,0.9610473073303435,-,-,-,-
5517,6060,2.8331035359740544,-,-,-,-
5518,6061,4.941753225674824,-,-,-,-
5519,6062,7.327922444884719,-,-,-,-
5520,6063,7.327922444884719,-,-,-,-
5521,6064,7.327922444884719,-,-,-,-
5522,6065,7.327922444884719,-,-,-,-
5523,6066,7.327922444884719,-,-,-,-
5524,6067,7.327922444884719,-,-,-,-
5525,6068,7.327922444884719,-,-,-,-
5526,6069,7.327922444884719,-,-,-,-
5527,6070,7.327922444884719,-,-,-,-
5528,6071,7.327922444884719,-,-,-,-
5529,6072,11.222444732762087,-,-,-,-
5530,6073,15.359260033115953,-,-,-,-
5531,6074,19.714763218774568,-,-,-,-
5532,6075,24.252835512868014,-,-,-,-
5533,6076,28.92528571696432,-,-,-,-
5534,6077,28.92528571696432,-,-,-,-
5535,6078,28.92528571696432,-,-,-,-
5536,6079,28.92528571696432,-,-,-,-
5537,6080,28.92528571696432,-,-,-,-
5538,6081,28.92528571696432,-,-,-,-
5539,6082,28.92528571696432,-,-,-,-
5540,6083,28.92528571696432,-,-,-,-
5541,6084,28.92528571696432,-,-,-,-
5542,6085,28.92528571696432,-,-,-,-
5543,6086,28.92528571696432,-,-,-,-
5544,6087,28.92528571696432,-,-,-,-
5545,6088,28.92528571696432,-,-,-,-
5546,6089,28.92528571696432,-,-,-,-
5547,6090,28.92528571696432,-,-,-,-
5548,6091,38.26790324354798,-,-,-,-
5549,6092,52.753804941595114,-,-,-,-
5550,6093,74.12923333749632,-,-,-,-
5551,6094,45.08619116746976,-,-,-,-
5551,6095,24.04320665863304,-,-,-,-
5551,6096,24.04320665863304,-,-,-,-
5551,6097,24.04320665863304,-,-,-,-
5552,6098,24.04320665863304,-,-,-,-
5553,6099,24.04320665863304,-,-,-,-
5554,6100,24.04320665863304,-,-,-,-
5555,6101,24.04320665863304,-,-,-,-
5556,6102,24.04320665863304,-,-,-,-
5557,6103,24.04320665863304,-,-,-,-
5558,6104,24.04320665863304,-,-,-,-
5559,6105,24.04320665863304,-,-,-,-
5560,6106,24.04320665863304,-,-,-,-
5561,6107,24.04320665863304,-,-,-,-
5562,6108,24.04320665863304,-,-,-,-
5563,6109,24.04320665863304,-,-,-,-
5564,6110,24.04320665863304,-,-,-,-
5565,6111,24.04320665863304,-,-,-,-
5566,6112,24.04320665863304,-,-,-,-
5567,6113,24.04320665863304,-,-,-,-
5568,6114,24.04320665863304,-,-,-,-
5569,6115,24.04320665863304,-,-,-,-
5570,6116,24.04320665863304,-,-,-,-
5571,6117,24.04320665863304,-,-,-,-
5572,6118,24.04320665863304,-,-,-,-
5573,6119,24.04320665863304,-,-,-,-
5574,6120,24.04320665863304,-,-,-,-
5575,6121,24.04320665863304,-,-,-,-
5576,6122,24.04320665863304,-,-,-,-
5577,6123,24.04320665863304,-,-,-,-
5578,6124,24.04320665863304,-,-,-,-
5579,6125,24.04320665863304,-,-,-,-
5580,6126,24.04320665863304,-,-,-,-
5581,6127,24.04320665863304,-,-,-,-
5582,6128,24.04320665863304,-,-,-,-
5583,6129,24.04320665863304,-,-,-,-
5584,6130,24.04320665863304,-,-,-,-
5585,6131,24.04320665863304,-,-,-,-
5586,6132,24.04320665863304,-,-,-,-
5587,6133,24.04320665863304,-,-,-,-
5588,6134,24.04320665863304,-,-,-,-
5589,6135,21.37093370678768,-,-,-,-
5590,6136,16.64766742767344,-,-,-,-
5591,6137,6.328266834555531,-,-,-,-
5592,6137,6.328266834555531,-,-,-,-
5593,6137,6.328266834555531,-,-,-,-
5594,6137,6.328266834555531,-,-,-,-
5595,6137,6.328266834555531,-,-,-,-
5596,6137,6.328266834555531,-,-,-,-
5597,6137,6.328266834555531,-,-,-,-
5598,6137,6.328266834555531,-,-,-,-
5599,6137,6.328266834555531,-,-,-,-
5600,6137,6.328266834555531,-,-,-,-
5601,6137,6.328266834555531,-,-,-,-
5602,6137,6.328266834555531,-,-,-,-
5603,6137,6.328266834555531,-,-,-,-
5604,6137,6.328266834555531,-,-,-,-
5605,6137,6.328266834555531,-,-,-,-
5606,6137,6.328266834555531,-,-,-,-
5607,6137,6.328266834555531,-,-,-,-
5608,6137,6.328266834555531,-,-,-,-
5609,6137,6.328266834555531,-,-,-,-
5610,6137,6.328266834555531,-,-,-,-
5611,6137,6.328266834555531,-,-,-,-
5612,6137,6.328266834555531,-,-,-,-
5613,6137,6.328266834555531,-,-,-,-
5614,6137,6.328266834555531,-,-,-,-
5615,6137,9.184106524101853,-,-,-,-
5616,6137,12.632269671459634,-,-,-,-
5617,6138,15.28510464126469,-,-,-,-
5618,6139,10.089978567739806,-,-,-,-
5619,6140,3.643642225412991,-,-,-,-
5620,6141,4.332865486402879,-,-,-,-
5621,6142,14.022571788798185,-,-,-,-
5622,6143,25.309392385760397,-,-,-,-
5623,6144,37.57831149094318,-,-,-,-
5624,6145,49.790984960430144,-,-,-,-
5625,6146,60.93578063825199,-,-,-,-
5626,6147,70.4513757818385,-,-,-,-
5627,6148,78.26266193820246,-,-,-,-
5628,6149,84.5700685061815,-,-,-,-
5629,6150,89.65471870137569,-,-,-,-
5630,6151,93.78016876880763,-,-,-,-
5631,6152,97.16173328928532,-,-,-,-
5632,6153,97.16173328928532,-,-,-,-
5633,6154,97.16173328928532,-,-,-,-
5634,6155,97.16173328928532,-,-,-,-
5635,6156,97.16173328928532,-,-,-,-
5636,6157,98.98795917829156,-,-,-,-
5637,6158,101.5391515593499,-,-,-,-
5638,6159,105.33383068519402,-,-,-,-
5639,6160,111.49529876350447,-,-,-,-
5640,6161,122.79990218817417,-,-,-,-
5641,6162,146.34743738189638,-,-,-,-
5642,6163,172.3910360422044,-,-,-,-
5643,6164,139.35883519805066,-,-,-,-
5644,6165,123.36614350932763,-,-,-,-
5645,6166,115.22822442654969,-,-,-,-
5646,6167,110.48435455031685,-,-,-,-
5647,6168,107.41682055152793,-,-,-,-
5648,6169,105.28176197795987,-,-,-,-
5649,6170,103.71409163708248,-,-,-,-
5650,6171,102.51581485617774,-,-,-,-
5651,6172,101.57089468897098,-,-,-,-
5652,6173,100.80704666935958,-,-,-,-
5653,6174,100.1769827925662,-,-,-,-
5654,6175,99.64850527090233,-,-,-,-
5655,6176,99.19895032483171,-,-,-,-
5656,6177,98.8119118425335,-,-,-,-
5657,6178,98.47522604794949,-,-,-,-
5658,6179,98.17968629027216,-,-,-,-
5659,6180,97.91819751116773,-,-,-,-
5660,6181,97.68520466280931,-,-,-,-
5661,6182,97.47629698368904,-,-,-,-
5662,6183,97.28792817231546,-,-,-,-
5663,6184,97.11721474903644,-,-,-,-
5664,6185,96.96178828007157,-,-,-,-
5665,6186,96.81968541036184,-,-,-,-
5666,6187,96.68926489154917,-,-,-,-
5667,6188,96.56914418423963,-,-,-,-
5668,6189,96.45815045512994,-,-,-,-
5669,6190,96.35528229764085,-,-,-,-
5670,6191,96.25967953648272,-,-,-,-
5671,6192,96.17059919341976,-,-,-,-
5672,6193,96.08739619666032,-,-,-,-
5673,6194,96.00950777697956,-,-,-,-
5674,6195,95.93644075435465,-,-,-,-
5675,6196,95.86776110944014,-,-,-,-
5676,6197,95.803085374969,-,-,-,-
5677,6198,95.74207348717641,-,-,-,-
5678,6199,95.68442281641785,-,-,-,-
5679,6200,95.62986315620788,-,-,-,-
5680,6201,95.57815249589947,-,-,-,-
5681,6202,95.52907343771024,-,-,-,-
5682,6203,95.48243014638999,-,-,-,-
5683,6204,95.43804574141409,-,-,-,-
5684,6205,95.39576005859385,-,-,-,-
5685,6206,95.35542772147737,-,-,-,-
5686,6207,95.31691647366257,-,-,-,-
5687,6208,95.28010573175993,-,-,-,-
5688,6209,95.24488532568964,-,-,-,-
5689,6210,95.2111543986227,-,-,-,-
5690,6211,95.1788204434557,-,-,-,-
5691,6212,95.14779845645528,-,-,-,-
5692,6213,95.11801019178104,-,-,-,-
5693,6214,95.0893835031373,-,-,-,-
5694,6215,95.0618517609008,-,-,-,-
5695,6216,95.0353533348215,-,-,-,-
5696,6217,95.00983113384983,-,-,-,-
5697,6218,94.98523219586434,-,-,-,-
5698,6218,94.98523219586434,-,-,-,-
5699,6218,94.98523219586434,-,-,-,-
5700,6219,94.98523219586434,-,-,-,-
5701,6220,94.98523219586434,-,-,-,-
5702,6221,94.98523219586434,-,-,-,-
5703,6222,94.98523219586434,-,-,-,-
5704,6223,94.98523219586434,-,-,-,-
5705,6224,94.98523219586434,-,-,-,-
5706,6225,94.98523219586434,-,-,-,-
5707,6226,94.98523219586434,-,-,-,-
5708,6227,94.98523219586434,-,-,-,-
5709,6228,94.98523219586434,-,-,-,-
5710,6229,94.98523219586434,-,-,-,-
5711,6230,92.3287820268295,-,-,-,-
5712,6231,89.2025310176683,-,-,-,-
5713,6232,85.49432246826446,-,-,-,-
5714,6233,81.06650626954516,-,-,-,-
5715,6234,75.75845951103999,-,-,-,-
5716,6235,69.40189004985625,-,-,-,-
5717,6236,61.86124878969929,-,-,-,-
5718,6237,53.11032056467299,-,-,-,-
5719,6238,43.332550081515635,-,-,-,-
5720,6239,32.97896980328143,-,-,-,-
5721,6240,22.68990684472617,-,-,-,-
5722,6241,13.083023771855,-,-,-,-
5723,6242,4.558718467712076,-,-,-,-
5724,6243,0.6776021582544974,-,-,-,-
5725,6244,0.27689661287721096,-,-,-,-
5726,6245,3.1714682117317654,-,-,-,-
5727,6245,1.1058998119476975,-,-,-,-
5728,6245,1.1058998119476975,-,-,-,-
5729,6245,1.1058998119476975,-,-,-,-
5730,6245,1.1058998119476975,-,-,-,-
5731,6245,1.1058998119476975,-,-,-,-
5732,6245,1.1058998119476975,-,-,-,-
5733,6245,1.1058998119476975,-,-,-,-
5734,6245,1.1058998119476975,-,-,-,-
5735,6245,1.1058998119476975,-,-,-,-
5736,6245,1.1058998119476975,-,-,-,-
5737,6245,1.1058998119476975,-,-,-,-
5738,6245,1.1058998119476975,-,-,-,-
5739,6245,1.1058998119476975,-,-,-,-
5740,6245,1.1058998119476975,-,-,-,-
5741,6245,1.1058998119476975,-,-,-,-
5742,6245,1.1058998119476975,-,-,-,-
5743,6245,1.1058998119476975,-,-,-,-
5744,6245,1.1058998119476975,-,-,-,-
5745,6245,1.1058998119476975,-,-,-,-
5746,6245,1.1058998119476975,-,-,-,-
5747,6245,1.1058998119476975,-,-,-,-
5748,6245,1.1058998119476975,-,-,-,-
5749,6245,1.1058998119476975,-,-,-,-
5750,6245,1.1058998119476975,-,-,-,-
5751,6245,1.1058998119476975,-,-,-,-
5752,6245,1.1058998119476975,-,-,-,-
5753,6245,1.1058998119476975,-,-,-,-
5754,6245,1.1058998119476975,-,-,-,-
5755,6245,1.1058998119476975,-,-,-,-
5756,6245,1.1058998119476975,-,-,-,-
5757,6245,1.1058998119476975,-,-,-,-
5758,6245,1.1058998119476975,-,-,-,-
5759,6245,1.1058998119476975,-,-,-,-
5760,6245,1.1058998119476975,-,-,-,-
5761,6245,1.1058998119476975,-,-,-,-
5762,6245,1.1058998119476975,-,-,-,-
5763,6245,1.1058998119476975,-,-,-,-
5764,6245,1.1058998119476975,-,-,-,-
5765,6245,1.1058998119476975,-,-,-,-
5766,6245,1.1058998119476975,-,-,-,-
5767,6245,1.1058998119476975,-,-,-,-
5768,6245,1.1058998119476975,-,-,-,-
5769,6245,1.1058998119476975,-,-,-,-
5770,6245,1.1058998119476975,-,-,-,-
5771,6245,1.1058998119476975,-,-,-,-
5772,6245,1.1058998119476975,-,-,-,-
5773,6245,1.1058998119476975,-,-,-,-
5774,6245,1.1058998119476975,-,-,-,-
5775,6245,1.1058998119476975,-,-,-,-
5776,6245,1.1058998119476975,-,-,-,-
5777,6245,1.1058998119476975,-,-,-,-
5778,6245,1.1058998119476975,-,-,-,-
5779,6245,1.1058998119476975,-,-,-,-
5780,6245,1.1058998119476975,-,-,-,-
5781,6245,1.1058998119476975,-,-,-,-
5782,6245,1.1058998119476975,-,-,-,-
5783,6245,1.1058998119476975,-,-,-,-
5784,6245,1.1058998119476975,-,-,-,-
5785,6245,1.1058998119476975,-,-,-,-
5786,6245,1.1058998119476975,-,-,-,-
5787,6245,1.1058998119476975,-,-,-,-
5788,6245,1.1058998119476975,-,-,-,-
5789,6245,1.1058998119476975,-,-,-,-
5790,6245,1.1058998119476975,-,-,-,-
5791,6245,1.1058998119476975,-,-,-,-
5792,6245,1.1058998119476975,-,-,-,-
5793,6245,1.1058998119476975,-,-,-,-
5794,6245,1.1058998119476975,-,-,-,-
5795,6245,1.1058998119476975,-,-,-,-
5796,6245,1.1058998119476975,-,-,-,-
5797,6245,1.1058998119476975,-,-,-,-
5798,6245,1.1058998119476975,-,-,-,-
5799,6245,1.1058998119476975,-,-,-,-
5800,6245,1.1058998119476975,-,-,-,-
5801,6245,1.1058998119476975,-,-,-,-
5802,6245,1.1058998119476975,-,-,-,-
5803,6245,1.1058998119476975,-,-,-,-
5804,6245,1.1058998119476975,-,-,-,-
5805,6245,1.1058998119476975,-,-,-,-
5806,6245,1.1058998119476975,-,-,-,-
5807,6245,1.1058998119476975,-,-,-,-
5808,6245,1.1058998119476975,-,-,-,-
5809,6245,1.1058998119476975,-,-,-,-
5810,6245,1.1058998119476975,-,-,-,-
5811,6245,1.1058998119476975,-,-,-,-
5812,6245,1.1058998119476975,-,-,-,-
5813,6245,1.1058998119476975,-,-,-,-
5814,6245,1.1058998119476975,-,-,-,-
5815,6245,1.1058998119476975,-,-,-,-
5816,6245,1.1058998119476975,-,-,-,-
5817,6245,1.1058998119476975,-,-,-,-
5818,6245,1.1058998119476975,-,-,-,-
5819,6245,1.1058998119476975,-,-,-,-
5820,6245,1.1058998119476975,-,-,-,-
5821,6245,1.1058998119476975,-,-,-,-
5822,6245,1.1058998119476975,-,-,-,-
5823,6245,1.1058998119476975,-,-,-,-
5824,6245,1.1058998119476975,-,-,-,-
5825,6245,1.1058998119476975,-,-,-,-
5826,6245,1.1058998119476975,-,-,-,-
5827,6245,1.1058998119476975,-,-,-,-
5828,6245,1.1058998119476975,-,-,-,-
5829,6245,1.1058998119476975,-,-,-,-
5830,6245,1.1058998119476975,-,-,-,-
5831,6245,1.1058998119476975,-,-,-,-
5832,6245,1.1058998119476975,-,-,-,-
5833,6245,1.1058998119476975,-,-,-,-
5834,6245,1.1058998119476975,-,-,-,-
5835,6245,1.1058998119476975,-,-,-,-
5836,6245,1.1058998119476975,-,-,-,-
5837,6245,1.1058998119476975,-,-,-,-
5838,6245,1.1058998119476975,-,-,-,-
5839,6245,0.9947361532325845,-,-,-,-
5840,6245,0.8854739863282959,-,-,-,-
5841,6245,0.7780657111695234,-,-,-,-
5842,6245,0.6724652772463365,-,-,-,-
5843,6245,0.5686281221509004,-,-,-,-
5844,6245,0.46651111296439507,-,-,-,-
5845,6245,0.3660724903548621,-,-,-,-
5846,6245,0.2672718152236884,-,-,-,-
5847,6245,0.17006991776963187,-,-,-,-
5848,6245,0.07442884886298415,-,-,-,-
5849,6245,0.019688166383062963,-,-,-,-
5850,6245,0.11231677306425625,-,-,-,-
5851,6245,0.2034915287750307,-,-,-,-
5852,6245,0.29324594427671963,-,-,-,-
5853,6245,0.38161252220185815,-,-,-,-
5854,6245,0.4686227941799693,-,-,-,-
5855,6245,0.554307356303516,-,-,-,-
5856,6245,0.554307356303516,-,-,-,-
5857,6245,0.554307356303516,-,-,-,-
5858,6245,0.554307356303516,-,-,-,-
5859,6245,0.554307356303516,-,-,-,-
5860,6245,0.554307356303516,-,-,-,-
5861,6245,0.554307356303516,-,-,-,-
5862,6245,0.554307356303516,-,-,-,-
5863,6245,0.554307356303516,-,-,-,-
5864,6245,0.554307356303516,-,-,-,-
5865,6245,0.554307356303516,-,-,-,-
5866,6245,0.554307356303516,-,-,-,-
5867,6245,0.554307356303516,-,-,-,-
5868,6245,0.554307356303516,-,-,-,-
5869,6245,0.554307356303516,-,-,-,-
5870,6245,0.554307356303516,-,-,-,-
5871,6245,0.554307356303516,-,-,-,-
5872,6245,0.554307356303516,-,-,-,-
5873,6245,0.554307356303516,-,-,-,-
5874,6245,0.554307356303516,-,-,-,-
5875,6245,0.554307356303516,-,-,-,-
5876,6245,0.554307356303516,-,-,-,-
5877,6245,0.554307356303516,-,-,-,-
5878,6245,0.554307356303516,-,-,-,-
5879,6245,0.554307356303516,-,-,-,-
5880,6245,0.554307356303516,-,-,-,-
5881,6245,0.554307356303516,-,-,-,-
5882,6245,0.554307356303516,-,-,-,-
5883,6245,0.554307356303516,-,-,-,-
5884,6245,0.554307356303516,-,-,-,-
5885,6245,0.554307356303516,-,-,-,-
5886,6245,0.554307356303516,-,-,-,-
5887,6245,0.554307356303516,-,-,-,-
5888,6245,0.554307356303516,-,-,-,-
5889,6245,0.554307356303516,-,-,-,-
5890,6245,0.554307356303516,-,-,-,-
5891,6245,0.554307356303516,-,-,-,-
5892,6245,0.554307356303516,-,-,-,-
5893,6245,0.554307356303516,-,-,-,-
5894,6245,0.554307356303516,-,-,-,-
5895,6245,0.554307356303516,-,-,-,-
5896,6245,0.554307356303516,-,-,-,-
5897,6245,0.554307356303516,-,-,-,-
5898,6245,0.554307356303516,-,-,-,-
5899,6245,0.554307356303516,-,-,-,-
5900,6245,0.554307356303516,-,-,-,-
5901,6245,0.554307356303516,-,-,-,-
5902,6245,0.554307356303516,-,-,-,-
5903,6245,0.14856350831943851,-,-,-,-
5904,6245,0.976506600340769,-,-,-,-
5905,6245,1.965706049052391,-,-,-,-
5906,6245,3.167548256247769,-,-,-,-
5907,6245,4.657356257193554,-,-,-,-
5908,6245,6.549730088840195,-,-,-,-
5909,6246,6.638519519384535,-,-,-,-
5910,6247,3.271544540604504,-,-,-,-
5911,6248,1.527026190659671,-,-,-,-
5911,6249,1.527026190659671,-,-,-,-
5911,6250,1.527026190659671,-,-,-,-
5911,6251,1.527026190659671,-,-,-,-
5911,6252,1.527026190659671,-,-,-,-
5911,6253,1.527026190659671,-,-,-,-
5911,6254,1.527026190659671,-,-,-,-
5911,6255,1.527026190659671,-,-,-,-
5911,6256,1.527026190659671,-,-,-,-
5911,6257,1.527026190659671,-,-,-,-
5911,6258,1.527026190659671,-,-,-,-
5911,6259,1.527026190659671,-,-,-,-
5911,6260,1.527026190659671,-,-,-,-
5911,6261,1.527026190659671,-,-,-,-
5911,6262,1.527026190659671,-,-,-,-
5911,6263,1.527026190659671,-,-,-,-
5911,6264,1.527026190659671,-,-,-,-
5911,6265,1.527026190659671,-,-,-,-
5911,6266,1.527026190659671,-,-,-,-
5912,6267,4.023703775634478,-,-,-,-
5913,6268,0.008982057628068115,-,-,-,-
5914,6268,0.050309350006077766,-,-,-,-
5915,6269,0.012872414585925303,-,-,-,-
5916,6269,0.013568901650361813,-,-,-,-
5917,6269,0.10525942300656597,-,-,-,-
5918,6269,6.354009714686264,-,-,-,-
5919,6270,20.92920001894282,-,-,-,-
5920,6270,20.92920001894282,-,-,-,-
5921,6270,20.92920001894282,-,-,-,-
5922,6270,20.92920001894282,-,-,-,-
5923,6270,20.92920001894282,-,-,-,-
5924,6270,20.92920001894282,-,-,-,-
5925,6270,20.92920001894282,-,-,-,-
5926,6271,30.293679588862148,-,-,-,-
5927,6272,33.708431084329064,-,-,-,-
5928,6273,33.708431084329064,-,-,-,-
5929,6274,33.708431084329064,-,-,-,-
5930,6275,33.708431084329064,-,-,-,-
5931,6276,33.708431084329064,-,-,-,-
5932,6277,33.708431084329064,-,-,-,-
5933,6278,33.708431084329064,-,-,-,-
5934,6279,33.708431084329064,-,-,-,-
5935,6280,33.708431084329064,-,-,-,-
5936,6281,33.708431084329064,-,-,-,-
5937,6282,33.708431084329064,-,-,-,-
5938,6283,33.708431084329064,-,-,-,-
5939,6284,33.708431084329064,-,-,-,-
5940,6285,33.708431084329064,-,-,-,-
5941,6286,14.655119767355695,-,-,-,-
5942,6287,2.0105386809096983,-,-,-,-
5943,6287,2.0105386809096983,-,-,-,-
5944,6287,2.0105386809096983,-,-,-,-
5945,6287,2.0105386809096983,-,-,-,-
5946,6287,2.0105386809096983,-,-,-,-
5947,6287,2.0105386809096983,-,-,-,-
5948,6287,2.0105386809096983,-,-,-,-
5949,6287,2.0105386809096983,-,-,-,-
5950,6287,2.0105386809096983,-,-,-,-
5951,6287,2.0105386809096983,-,-,-,-
5952,6287,2.0105386809096983,-,-,-,-
5953,6287,2.0105386809096983,-,-,-,-
5954,6287,2.0105386809096983,-,-,-,-
5955,6287,2.0105386809096983,-,-,-,-
5956,6287,2.0105386809096983,-,-,-,-
5957,6287,2.0105386809096983,-,-,-,-
5958,6287,2.0105386809096983,-,-,-,-
5959,6287,2.0105386809096983,-,-,-,-
5960,6287,2.0105386809096983,-,-,-,-
5961,6287,2.0105386809096983,-,-,-,-
5962,6287,2.0105386809096983,-,-,-,-
5963,6287,2.0105386809096983,-,-,-,-
5964,6287,2.0105386809096983,-,-,-,-
5965,6287,2.0105386809096983,-,-,-,-
5966,6287,2.0105386809096983,-,-,-,-
5967,6287,1.6724226615066504,-,-,-,-
5968,6287,4.6190353321912685,-,-,-,-
5969,6287,7.0182552953500466,-,-,-,-
5970,6287,9.003157559011148,-,-,-,-
5971,6287,10.66879181924779,-,-,-,-
5972,6287,12.08420846563814,-,-,-,-
5973,6287,13.300453300055198,-,-,-,-
5974,6287,14.355904617871673,-,-,-,-
5975,6287,15.279878087804175,-,-,-,-
5976,6287,16.09509809958149,-,-,-,-
5977,6287,16.819419184272352,-,-,-,-
5978,6287,17.467044297610936,-,-,-,-
5979,6287,18.049400389663735,-,-,-,-
5980,6287,18.575776934742564,-,-,-,-
5981,6287,19.053798042974908,-,-,-,-
5982,6287,19.489776048647993,-,-,-,-
5983,6287,19.888979530837037,-,-,-,-
5984,6287,19.888979530837037,-,-,-,-
5985,6287,19.888979530837037,-,-,-,-
5986,6287,19.888979530837037,-,-,-,-
5987,6287,19.888979530837037,-,-,-,-
5988,6287,19.888979530837037,-,-,-,-
5989,6287,19.888979530837037,-,-,-,-
5990,6287,19.888979530837037,-,-,-,-
5991,6287,19.888979530837037,-,-,-,-
5992,6287,19.888979530837037,-,-,-,-
5993,6287,19.888979530837037,-,-,-,-
5994,6287,19.888979530837037,-,-,-,-
5995,6287,19.888979530837037,-,-,-,-
5996,6287,19.888979530837037,-,-,-,-
5997,6287,19.888979530837037,-,-,-,-
5998,6287,19.888979530837037,-,-,-,-
5999,6287,19.888979530837037,-,-,-,-
6000,6287,19.888979530837037,-,-,-,-
6001,6287,19.888979530837037,-,-,-,-
6002,6287,19.888979530837037,-,-,-,-
6003,6287,19.888979530837037,-,-,-,-
6004,6287,19.888979530837037,-,-,-,-
6005,6287,19.888979530837037,-,-,-,-
6006,6287,19.888979530837037,-,-,-,-
6007,6287,19.888979530837037,-,-,-,-
6008,6287,19.888979530837037,-,-,-,-
6009,6287,19.888979530837037,-,-,-,-
6010,6287,19.888979530837037,-,-,-,-
6011,6287,19.888979530837037,-,-,-,-
6012,6287,19.888979530837037,-,-,-,-
6013,6287,19.888979530837037,-,-,-,-
6014,6287,19.888979530837037,-,-,-,-
6015,6287,19.888979530837037,-,-,-,-
6016,6287,19.888979530837037,-,-,-,-
6017,6287,19.888979530837037,-,-,-,-
6018,6287,19.888979530837037,-,-,-,-
6019,6287,19.888979530837037,-,-,-,-
6020,6287,19.888979530837037,-,-,-,-
6021,6287,19.888979530837037,-,-,-,-
6022,6287,19.888979530837037,-,-,-,-
6023,6287,19.888979530837037,-,-,-,-
6024,6287,19.888979530837037,-,-,-,-
6025,6287,19.888979530837037,-,-,-,-
6026,6287,19.888979530837037,-,-,-,-
6027,6287,19.888979530837037,-,-,-,-
6028,6287,19.888979530837037,-,-,-,-
6029,6287,19.888979530837037,-,-,-,-
6030,6287,19.888979530837037,-,-,-,-
6031,6287,19.888979530837037,-,-,-,-
6032,6287,19.888979530837037,-,-,-,-
6033,6287,19.888979530837037,-,-,-,-
6034,6287,19.888979530837037,-,-,-,-
6035,6287,19.888979530837037,-,-,-,-
6036,6287,19.888979530837037,-,-,-,-
6037,6287,19.888979530837037,-,-,-,-
6038,6287,19.888979530837037,-,-,-,-
6039,6287,19.888979530837037,-,-,-,-
6040,6287,19.888979530837037,-,-,-,-
6041,6287,19.888979530837037,-,-,-,-
6042,6287,19.888979530837037,-,-,-,-
6043,6287,19.888979530837037,-,-,-,-
6044,6287,19.888979530837037,-,-,-,-
6045,6287,19.888979530837037,-,-,-,-
6046,6287,19.888979530837037,-,-,-,-
6047,6287,21.702666443395934,-,-,-,-
6048,6287,21.702666443395934,-,-,-,-
6049,6287,21.702666443395934,-,-,-,-
6050,6287,21.702666443395934,-,-,-,-
6051,6287,21.702666443395934,-,-,-,-
6052,6287,21.702666443395934,-,-,-,-
6053,6287,21.702666443395934,-,-,-,-
6054,6287,21.702666443395934,-,-,-,-
6055,6287,21.702666443395934,-,-,-,-
6056,6287,21.702666443395934,-,-,-,-
6057,6287,21.702666443395934,-,-,-,-
6058,6287,21.702666443395934,-,-,-,-
6059,6287,21.702666443395934,-,-,-,-
6060,6287,21.702666443395934,-,-,-,-
6061,6287,21.702666443395934,-,-,-,-
6062,6287,21.702666443395934,-,-,-,-
6063,6287,21.702666443395934,-,-,-,-
6064,6287,21.702666443395934,-,-,-,-
6065,6287,21.702666443395934,-,-,-,-
6066,6287,21.702666443395934,-,-,-,-
6067,6287,21.702666443395934,-,-,-,-
6068,6287,21.702666443395934,-,-,-,-
6069,6287,21.702666443395934,-,-,-,-
6070,6287,21.702666443395934,-,-,-,-
6071,6287,21.702666443395934,-,-,-,-
6072,6287,21.702666443395934,-,-,-,-
6073,6287,21.702666443395934,-,-,-,-
6074,6287,21.702666443395934,-,-,-,-
6075,6287,21.702666443395934,-,-,-,-
6076,6287,21.702666443395934,-,-,-,-
6077,6287,21.702666443395934,-,-,-,-
6078,6287,21.702666443395934,-,-,-,-
6079,6287,21.702666443395934,-,-,-,-
6080,6287,21.702666443395934,-,-,-,-
6081,6287,21.702666443395934,-,-,-,-
6082,6287,21.702666443395934,-,-,-,-
6083,6287,21.702666443395934,-,-,-,-
6084,6287,21.702666443395934,-,-,-,-
6085,6287,21.702666443395934,-,-,-,-
6086,6287,21.702666443395934,-,-,-,-
6087,6287,21.702666443395934,-,-,-,-
6088,6287,21.702666443395934,-,-,-,-
6089,6287,21.702666443395934,-,-,-,-
6090,6287,21.702666443395934,-,-,-,-
6091,6287,21.702666443395934,-,-,-,-
6092,6287,21.702666443395934,-,-,-,-
6093,6287,21.702666443395934,-,-,-,-
6094,6287,21.702666443395934,-,-,-,-
6095,6287,21.702666443395934,-,-,-,-
6096,6287,21.702666443395934,-,-,-,-
6097,6287,21.702666443395934,-,-,-,-
6098,6287,21.702666443395934,-,-,-,-
6099,6287,21.702666443395934,-,-,-,-
6100,6287,21.702666443395934,-,-,-,-
6101,6287,21.702666443395934,-,-,-,-
6102,6287,21.702666443395934,-,-,-,-
6103,6287,21.702666443395934,-,-,-,-
6104,6287,21.702666443395934,-,-,-,-
6105,6287,21.702666443395934,-,-,-,-
6106,6287,21.702666443395934,-,-,-,-
6107,6287,21.702666443395934,-,-,-,-
6108,6287,21.702666443395934,-,-,-,-
6109,6287,21.702666443395934,-,-,-,-
6110,6287,21.702666443395934,-,-,-,-
6111,6287,20.400157706724958,-,-,-,-
6112,6287,18.972987437419814,-,-,-,-
6113,6287,17.40441246354825,-,-,-,-
6114,6287,15.675061711275832,-,-,-,-
6115,6287,13.762572042276311,-,-,-,-
6116,6287,11.641242663983968,-,-,-,-
6117,6287,9.281770880244572,-,-,-,-
6118,6287,6.651178393092114,-,-,-,-
6119,6287,3.7131070357662175,-,-,-,-
6120,6287,0.42875887855352335,-,-,-,-
6121,6287,3.2411299782399836,-,-,-,-
6122,6287,7.332796164682154,-,-,-,-
6123,6287,11.87396237994532,-,-,-,-
6124,6287,16.876168726695212,-,-,-,-
6125,6287,22.325500800850325,-,-,-,-
6126,6287,28.173622318125776,-,-,-,-
6127,6287,34.33251707982877,-,-,-,-
6128,6287,34.33251707982877,-,-,-,-
6129,6287,34.33251707982877,-,-,-,-
6130,6287,34.33251707982877,-,-,-,-
6131,6287,34.33251707982877,-,-,-,-
6132,6287,34.33251707982877,-,-,-,-
6133,6287,34.33251707982877,-,-,-,-
6134,6287,34.33251707982877,-,-,-,-
6135,6287,34.33251707982877,-,-,-,-
6136,6287,34.33251707982877,-,-,-,-
6137,6287,34.33251707982877,-,-,-,-
6138,6287,34.33251707982877,-,-,-,-
6139,6287,34.33251707982877,-,-,-,-
6140,6287,34.33251707982877,-,-,-,-
6141,6287,34.33251707982877,-,-,-,-
6142,6287,34.33251707982877,-,-,-,-
6143,6287,34.33251707982877,-,-,-,-
6144,6287,34.33251707982877,-,-,-,-
6145,6287,34.33251707982877,-,-,-,-
6146,6287,34.33251707982877,-,-,-,-
6147,6287,34.33251707982877,-,-,-,-
6148,6287,34.33251707982877,-,-,-,-
6149,6287,34.33251707982877,-,-,-,-
6150,6287,34.33251707982877,-,-,-,-
6151,6287,34.33251707982877,-,-,-,-
6152,6287,34.33251707982877,-,-,-,-
6153,6287,34.33251707982877,-,-,-,-
6154,6287,34.33251707982877,-,-,-,-
6155,6287,34.33251707982877,-,-,-,-
6156,6287,34.33251707982877,-,-,-,-
6157,6287,34.33251707982877,-,-,-,-
6158,6287,34.33251707982877,-,-,-,-
6159,6287,34.33251707982877,-,-,-,-
6160,6287,34.33251707982877,-,-,-,-
6161,6287,34.33251707982877,-,-,-,-
6162,6287,34.33251707982877,-,-,-,-
6163,6287,34.33251707982877,-,-,-,-
6164,6287,34.33251707982877,-,-,-,-
6165,6287,34.33251707982877,-,-,-,-
6166,6287,34.33251707982877,-,-,-,-
6167,6287,34.33251707982877,-,-,-,-
6168,6287,34.33251707982877,-,-,-,-
6169,6287,34.33251707982877,-,-,-,-
6170,6287,34.33251707982877,-,-,-,-
6171,6287,34.33251707982877,-,-,-,-
6172,6287,34.33251707982877,-,-,-,-
6173,6287,34.33251707982877,-,-,-,-
6174,6287,34.33251707982877,-,-,-,-
6175,6287,34.33251707982877,-,-,-,-
6176,6287,34.33251707982877,-,-,-,-
6177,6287,34.33251707982877,-,-,-,-
6178,6287,34.33251707982877,-,-,-,-
6179,6287,34.33251707982877,-,-,-,-
6180,6287,34.33251707982877,-,-,-,-
6181,6287,34.33251707982877,-,-,-,-
6182,6287,34.33251707982877,-,-,-,-
6183,6287,34.33251707982877,-,-,-,-
6184,6287,34.33251707982877,-,-,-,-
6185,6287,34.33251707982877,-,-,-,-
6186,6287,34.33251707982877,-,-,-,-
6187,6287,34.33251707982877,-,-,-,-
6188,6287,34.33251707982877,-,-,-,-
6189,6287,34.33251707982877,-,-,-,-
6190,6287,34.33251707982877,-,-,-,-
6191,6287,54.2501259753388,-,-,-,-
6192,6287,54.2501259753388,-,-,-,-
6193,6287,54.2501259753388,-,-,-,-
6194,6287,54.2501259753388,-,-,-,-
6195,6287,54.2501259753388,-,-,-,-
6196,6287,54.2501259753388,-,-,-,-
6197,6287,54.2501259753388,-,-,-,-
6198,6287,54.2501259753388,-,-,-,-
6199,6287,54.2501259753388,-,-,-,-
6200,6287,54.2501259753388,-,-,-,-
6201,6287,54.2501259753388,-,-,-,-
6202,6287,54.2501259753388,-,-,-,-
6203,6287,54.2501259753388,-,-,-,-
6204,6287,54.2501259753388,-,-,-,-
6205,6287,54.2501259753388,-,-,-,-
6206,6287,54.2501259753388,-,-,-,-
6207,6287,54.2501259753388,-,-,-,-
6208,6287,54.2501259753388,-,-,-,-
6209,6287,54.2501259753388,-,-,-,-
6210,6287,54.2501259753388,-,-,-,-
6211,6287,54.2501259753388,-,-,-,-
6212,6287,54.2501259753388,-,-,-,-
6213,6287,54.2501259753388,-,-,-,-
6214,6287,54.2501259753388,-,-,-,-
6215,6287,54.2501259753388,-,-,-,-
6216,6287,54.2501259753388,-,-,-,-
6217,6287,54.2501259753388,-,-,-,-
6218,6287,54.2501259753388,-,-,-,-
6219,6287,54.2501259753388,-,-,-,-
6220,6287,54.2501259753388,-,-,-,-
6221,6287,54.2501259753388,-,-,-,-
6222,6287,54.2501259753388,-,-,-,-
6223,6287,54.2501259753388,-,-,-,-
6224,6287,54.2501259753388,-,-,-,-
6225,6287,54.2501259753388,-,-,-,-
6226,6287,54.2501259753388,-,-,-,-
6227,6287,54.2501259753388,-,-,-,-
6228,6287,54.2501259753388,-,-,-,-
6229,6287,54.2501259753388,-,-,-,-
6230,6287,54.2501259753388,-,-,-,-
6231,6287,54.2501259753388,-,-,-,-
6232,6287,54.2501259753388,-,-,-,-
6233,6287,54.2501259753388,-,-,-,-
6234,6287,54.2501259753388,-,-,-,-
6235,6287,54.2501259753388,-,-,-,-
6236,6287,54.2501259753388,-,-,-,-
6237,6287,54.2501259753388,-,-,-,-
6238,6287,54.2501259753388,-,-,-,-
6239,6287,54.2501259753388,-,-,-,-
6240,6287,54.2501259753388,-,-,-,-
6241,6287,54.2501259753388,-,-,-,-
6242,6287,54.2501259753388,-,-,-,-
6243,6287,54.2501259753388,-,-,-,-
6244,6287,54.2501259753388,-,-,-,-
6245,6287,54.2501259753388,-,-,-,-
6246,6287,54.2501259753388,-,-,-,-
6247,6287,54.2501259753388,-,-,-,-
6248,6287,54.2501259753388,-,-,-,-
6249,6287,54.2501259753388,-,-,-,-
6250,6287,54.2501259753388,-,-,-,-
6251,6287,54.2501259753388,-,-,-,-
6252,6287,54.2501259753388,-,-,-,-
6253,6287,54.2501259753388,-,-,-,-
6254,6287,54.2501259753388,-,-,-,-
6255,6287,54.2501259753388,-,-,-,-
6256,6287,54.2501259753388,-,-,-,-
6257,6287,54.2501259753388,-,-,-,-
6258,6287,54.2501259753388,-,-,-,-
6259,6287,54.2501259753388,-,-,-,-
6260,6287,54.2501259753388,-,-,-,-
6261,6287,54.2501259753388,-,-,-,-
6262,6287,54.2501259753388,-,-,-,-
6263,6287,54.2501259753388,-,-,-,-
6264,6287,54.2501259753388,-,-,-,-
6265,6287,54.2501259753388,-,-,-,-
6266,6287,54.2501259753388,-,-,-,-
6267,6287,54.2501259753388,-,-,-,-
6268,6287,54.2501259753388,-,-,-,-
6269,6287,54.2501259753388,-,-,-,-
6270,6287,54.2501259753388,-,-,-,-
6271,6287,54.2501259753388,-,-,-,-
6272,6287,54.2501259753388,-,-,-,-
6273,6287,54.2501259753388,-,-,-,-
6274,6287,54.2501259753388,-,-,-,-
6275,6287,54.2501259753388,-,-,-,-
6276,6287,54.2501259753388,-,-,-,-
6277,6287,54.2501259753388,-,-,-,-
6278,6287,54.2501259753388,-,-,-,-
6279,6287,54.2501259753388,-,-,-,-
6280,6287,54.2501259753388,-,-,-,-
6281,6287,54.2501259753388,-,-,-,-
6282,6287,54.2501259753388,-,-,-,-
6283,6287,54.2501259753388,-,-,-,-
6284,6287,54.2501259753388,-,-,-,-
6285,6287,54.2501259753388,-,-,-,-
6286,6287,54.2501259753388,-,-,-,-
6287,6288,1.0611936688319685,-,-,-,-
6288,6288,1.0611936688319685,-,-,-,-
6289,6288,1.0611936688319685,-,-,-,-
6290,6288,1.0611936688319685,-,-,-,-
6291,6288,1.0611936688319685,-,-,-,-
6292,6288,1.0611936688319685,-,-,-,-
6293,6288,1.0611936688319685,-,-,-,-
6294,6288,1.0611936688319685,-,-,-,-
6295,6288,1.0611936688319685,-,-,-,-
6296,6288,1.0611936688319685,-,-,-,-
6297,6288,1.0611936688319685,-,-,-,-
6298,6288,1.0611936688319685,-,-,-,-
6299,6288,1.0611936688319685,-,-,-,-
6300,6288,1.0611936688319685,-,-,-,-
6301,6288,1.0611936688319685,-,-,-,-
6302,6288,1.0611936688319685,-,-,-,-
6303,6288,1.0611936688319685,-,-,-,-
6304,6288,1.0611936688319685,-,-,-,-
6305,6288,1.0611936688319685,-,-,-,-
6306,6288,1.0611936688319685,-,-,-,-
6307,6288,1.0611936688319685,-,-,-,-
6308,6288,1.0611936688319685,-,-,-,-
6309,6288,1.0611936688319685,-,-,-,-
6310,6288,1.0611936688319685,-,-,-,-
6311,6288,1.0611936688319685,-,-,-,-
6312,6288,1.0611936688319685,-,-,-,-
6313,6288,1.0611936688319685,-,-,-,-
6314,6288,1.0611936688319685,-,-,-,-
6315,6288,1.0611936688319685,-,-,-,-
6316,6288,1.0611936688319685,-,-,-,-
6317,6288,1.0611936688319685,-,-,-,-
6318,6288,1.0611936688319685,-,-,-,-
6319,6288,1.0611936688319685,-,-,-,-
6320,6288,1.0611936688319685,-,-,-,-
6321,6288,1.0611936688319685,-,-,-,-
6322,6288,1.0611936688319685,-,-,-,-
6323,6288,1.0611936688319685,-,-,-,-
6324,6288,1.0611936688319685,-,-,-,-
6325,6288,1.0611936688319685,-,-,-,-
6326,6288,1.0611936688319685,-,-,-,-
6327,6288,1.0611936688319685,-,-,-,-
6328,6288,1.0611936688319685,-,-,-,-
6329,6288,1.0611936688319685,-,-,-,-
6330,6288,1.0611936688319685,-,-,-,-
6331,6288,1.0611936688319685,-,-,-,-
6332,6288,1.0611936688319685,-,-,-,-
6333,6288,1.0611936688319685,-,-,-,-
6334,6288,1.0611936688319685,-,-,-,-
6335,6288,1.0611936688319685,-,-,-,-
6336,6288,1.0611936688319685,-,-,-,-
6337,6288,1.0611936688319685,-,-,-,-
6338,6288,1.0611936688319685,-,-,-,-
6339,6288,1.0611936688319685,-,-,-,-
6340,6288,1.0611936688319685,-,-,-,-
6341,6288,1.0611936688319685,-,-,-,-
6342,6288,1.0611936688319685,-,-,-,-
6343,6288,1.0611936688319685,-,-,-,-
6344,6288,1.0611936688319685,-,-,-,-
6345,6288,1.0611936688319685,-,-,-,-
6346,6288,1.0611936688319685,-,-,-,-
6347,6288,1.0611936688319685,-,-,-,-
6348,6288,1.0611936688319685,-,-,-,-
6349,6288,1.0611936688319685,-,-,-,-
6350,6288,1.0611936688319685,-,-,-,-
6351,6288,2.6078856852341095,-,-,-,-
6352,6288,4.296547116013489,-,-,-,-
6353,6288,6.1442872832457835,-,-,-,-
6354,6288,8.170255388280172,-,-,-,-
6355,6288,10.395672906682499,-,-,-,-
6356,6288,12.843713727799004,-,-,-,-
6357,6288,15.539135412534293,-,-,-,-
6358,6288,18.50752857681665,-,-,-,-
6359,6288,21.774015700955793,-,-,-,-
6360,6288,25.36121201920398,-,-,-,-
6361,6288,29.286290927881495,-,-,-,-
6362,6288,33.557122324391784,-,-,-,-
6363,6288,38.16772608752347,-,-,-,-
6364,6288,43.09371955101482,-,-,-,-
6365,6288,48.288944766262325,-,-,-,-
6366,6288,53.68477910344749,-,-,-,-
6367,6288,59.193391465202275,-,-,-,-
6368,6288,59.193391465202275,-,-,-,-
6369,6288,59.193391465202275,-,-,-,-
6370,6288,59.193391465202275,-,-,-,-
6371,6288,59.193391465202275,-,-,-,-
6372,6288,59.193391465202275,-,-,-,-
6373,6288,59.193391465202275,-,-,-,-
6374,6288,59.193391465202275,-,-,-,-
6375,6289,68.28362471713982,-,-,-,-
6376,6290,74.82966348692166,-,-,-,-
6377,6291,74.82966348692166,-,-,-,-
6378,6292,74.82966348692166,-,-,-,-
6379,6293,74.82966348692166,-,-,-,-
6380,6294,74.82966348692166,-,-,-,-
6381,6295,74.82966348692166,-,-,-,-
6382,6296,74.82966348692166,-,-,-,-
6383,6297,74.82966348692166,-,-,-,-
6384,6298,74.82966348692166,-,-,-,-
6385,6299,74.82966348692166,-,-,-,-
6386,6300,74.82966348692166,-,-,-,-
6387,6301,74.82966348692166,-,-,-,-
6388,6302,74.82966348692166,-,-,-,-
6389,6303,74.82966348692166,-,-,-,-
6390,6304,74.82966348692166,-,-,-,-
6391,6305,74.82966348692166,-,-,-,-
6392,6306,74.82966348692166,-,-,-,-
6393,6307,74.82966348692166,-,-,-,-
6394,6308,74.82966348692166,-,-,-,-
6395,6309,74.82966348692166,-,-,-,-
6396,6310,74.82966348692166,-,-,-,-
6397,6311,74.82966348692166,-,-,-,-
6398,6312,74.82966348692166,-,-,-,-
6399,6313,74.82966348692166,-,-,-,-
6400,6314,74.82966348692166,-,-,-,-
6401,6315,74.82966348692166,-,-,-,-
6402,6316,74.82966348692166,-,-,-,-
6403,6317,74.82966348692166,-,-,-,-
6404,6318,74.82966348692166,-,-,-,-
6405,6319,74.82966348692166,-,-,-,-
6406,6320,74.82966348692166,-,-,-,-
6407,6321,74.82966348692166,-,-,-,-
6408,6322,74.82966348692166,-,-,-,-
6409,6323,74.82966348692166,-,-,-,-
6410,6324,74.82966348692166,-,-,-,-
6411,6325,74.82966348692166,-,-,-,-
6412,6326,74.82966348692166,-,-,-,-
6413,6327,74.82966348692166,-,-,-,-
6414,6328,74.82966348692166,-,-,-,-
6415,6329,74.82966348692166,-,-,-,-
6416,6330,74.82966348692166,-,-,-,-
6417,6331,74.82966348692166,-,-,-,-
6418,6332,74.82966348692166,-,-,-,-
6419,6333,74.82966348692166,-,-,-,-
6420,6334,74.82966348692166,-,-,-,-
6421,6335,74.82966348692166,-,-,-,-
6422,6336,74.82966348692166,-,-,-,-
6423,6337,74.82966348692166,-,-,-,-
6424,6338,74.82966348692166,-,-,-,-
6425,6339,74.82966348692166,-,-,-,-
6426,6340,74.82966348692166,-,-,-,-
6427,6341,74.82966348692166,-,-,-,-
6428,6342,74.82966348692166,-,-,-,-
6429,6343,75.98749247544528,-,-,-,-
6430,6344,77.19961207957866,-,-,-,-
6431,6345,78.4687679732978,-,-,-,-
6432,6346,79.79774591598462,-,-,-,-
6433,6347,81.18934243680104,-,-,-,-
6434,6348,82.64632769512666,-,-,-,-
6435,6349,84.17139940297942,-,-,-,-
6436,6350,85.76712675588728,-,-,-,-
6437,6351,87.43588348506796,-,-,-,-
6438,6352,89.17976945272775,-,-,-,-
6439,6353,91.00052070274826,-,-,-,-
6440,6354,92.89940858704188,-,-,-,-
6441,6355,94.87712953844552,-,-,-,-
6442,6356,96.93368825681902,-,-,-,-
6443,6357,99.0682784822231,-,-,-,-
6444,6358,101.27916706263964,-,-,-,-
6445,6359,103.56358853556247,-,-,-,-
6446,6360,105.91765871832084,-,-,-,-
6447,6361,108.65847753934864,-,-,-,-
6448,6362,111.58519696397114,-,-,-,-
6449,6363,114.7847572320306,-,-,-,-
6450,6364,118.46629401411182,-,-,-,-
6451,6365,123.25890278795143,-,-,-,-
6452,6366,132.14801155454032,-,-,-,-
6453,6367,157.88562082392363,-,-,-,-
6454,6368,69.55362334292471,-,-,-,-
6455,6369,59.87426114364692,-,-,-,-
6456,6370,54.92531619910313,-,-,-,-
6457,6371,51.18530775019128,-,-,-,-
6458,6372,47.95522659618888,-,-,-,-
6459,6373,45.00852875500764,-,-,-,-
6460,6374,42.25236335083229,-,-,-,-
6461,6375,39.64307051596688,-,-,-,-
6462,6376,37.15810646768726,-,-,-,-
6463,6377,34.78487503637931,-,-,-,-
6463,6378,32.641369186248546,-,-,-,-
6463,6379,30.575744208022932,-,-,-,-
6463,6380,28.58890757872475,-,-,-,-
6463,6381,26.680942139333766,-,-,-,-
6463,6382,24.851225262274884,-,-,-,-
6463,6383,23.098546185422684,-,-,-,-
6463,6384,21.421217165940313,-,-,-,-
6463,6385,19.817175534519333,-,-,-,-
6463,6386,18.28407495336159,-,-,-,-
6463,6387,16.819365160565503,-,-,-,-
6463,6388,15.420360218627733,-,-,-,-
6463,6389,14.08429579863152,-,-,-,-
6463,6390,12.808376359608374,-,-,-,-
6463,6391,11.589813263461805,-,-,-,-
6463,6392,10.42585493687346,-,-,-,-
6463,6393,10.42585493687346,-,-,-,-
6463,6394,10.42585493687346,-,-,-,-
6463,6395,10.42585493687346,-,-,-,-
6463,6396,10.42585493687346,-,-,-,-
6463,6397,10.42585493687346,-,-,-,-
6463,6398,10.42585493687346,-,-,-,-
6463,6399,10.42585493687346,-,-,-,-
6463,6400,10.42585493687346,-,-,-,-
6463,6401,10.42585493687346,-,-,-,-
6463,6402,10.42585493687346,-,-,-,-
6463,6403,10.42585493687346,-,-,-,-
6463,6404,10.42585493687346,-,-,-,-
6463,6405,10.42585493687346,-,-,-,-
6463,6406,10.42585493687346,-,-,-,-
6463,6407,10.42585493687346,-,-,-,-
6463,6408,10.42585493687346,-,-,-,-
6463,6409,10.42585493687346,-,-,-,-
6463,6410,10.42585493687346,-,-,-,-
6463,6411,10.42585493687346,-,-,-,-
6463,6412,10.42585493687346,-,-,-,-
6464,6413,10.42585493687346,-,-,-,-
6465,6414,10.42585493687346,-,-,-,-
6466,6415,10.42585493687346,-,-,-,-
6467,6416,10.42585493687346,-,-,-,-
6468,6417,10.42585493687346,-,-,-,-
6469,6418,10.42585493687346,-,-,-,-
6470,6419,10.42585493687346,-,-,-,-
6471,6420,10.42585493687346,-,-,-,-
6472,6421,10.42585493687346,-,-,-,-
6473,6422,10.42585493687346,-,-,-,-
6474,6423,10.42585493687346,-,-,-,-
6475,6424,10.42585493687346,-,-,-,-
6476,6425,10.42585493687346,-,-,-,-
6477,6426,10.42585493687346,-,-,-,-
6478,6427,10.42585493687346,-,-,-,-
6479,6428,10.42585493687346,-,-,-,-
6480,6429,10.42585493687346,-,-,-,-
6481,6430,10.42585493687346,-,-,-,-
6482,6431,10.42585493687346,-,-,-,-
6483,6432,10.42585493687346,-,-,-,-
6484,6433,10.42585493687346,-,-,-,-
6485,6434,10.42585493687346,-,-,-,-
6486,6435,10.42585493687346,-,-,-,-
6487,6436,10.42585493687346,-,-,-,-
6488,6437,10.42585493687346,-,-,-,-
6489,6438,10.42585493687346,-,-,-,-
6490,6439,10.42585493687346,-,-,-,-
6491,6440,10.42585493687346,-,-,-,-
6492,6441,10.42585493687346,-,-,-,-
6493,6442,10.42585493687346,-,-,-,-
6494,6443,10.42585493687346,-,-,-,-
6495,6444,10.42585493687346,-,-,-,-
6496,6445,10.42585493687346,-,-,-,-
6497,6446,4.889406994941684,-,-,-,-
6498,6447,2.5357513108960403,-,-,-,-
6499,6448,12.589125043874223,-,-,-,-
6500,6449,12.589125043874223,-,-,-,-
6501,6450,12.589125043874223,-,-,-,-
6502,6451,12.589125043874223,-,-,-,-
6503,6452,12.589125043874223,-,-,-,-
6504,6453,12.589125043874223,-,-,-,-
6505,6454,12.589125043874223,-,-,-,-
6506,6455,12.589125043874223,-,-,-,-
6506,6456,12.589125043874223,-,-,-,-
6506,6457,12.306717643964024,-,-,-,-
6506,6458,12.030191133280159,-,-,-,-
6506,6459,11.759376197148514,-,-,-,-
6506,6460,11.49410942197402,-,-,-,-
6506,6461,11.23423306972475,-,-,-,-
6506,6462,10.979594860678999,-,-,-,-
6506,6463,10.730047764256641,-,-,-,-
6506,6464,10.485449797739092,-,-,-,-
6506,6465,10.245663832672559,-,-,-,-
6506,6466,10.010557408737379,-,-,-,-
6506,6467,9.78000255485996,-,-,-,-
6506,6468,9.553875617342218,-,-,-,-
6506,6469,9.332057094778241,-,-,-,-
6506,6470,9.114431479527875,-,-,-,-
6506,6471,8.900887105520216,-,-,-,-
6506,6472,8.691316002158592,-,-,-,-
6506,6473,8.485613754103682,-,-,-,-
6506,6474,8.283679366714965,-,-,-,-
6506,6475,8.0854151369349,-,-,-,-
6506,6476,7.890726529405121,-,-,-,-
6506,6477,7.699522057608243,-,-,-,-
6506,6478,7.51171316983812,-,-,-,-
6506,6479,7.327214139802819,-,-,-,-
6506,6480,7.145941961672133,-,-,-,-
6506,6481,6.967816249389887,-,-,-,-
6506,6482,6.792759140075492,-,-,-,-
6506,6483,6.620695201342476,-,-,-,-
6506,6484,6.451551342374853,-,-,-,-
6506,6485,6.285256728602206,-,-,-,-
6506,6486,6.1217426998215485,-,-,-,-
6506,6487,5.9609426916229955,-,-,-,-
6506,6488,5.8027921599783125,-,-,-,-
6506,6489,5.647228508857715,-,-,-,-
6506,6490,5.494191020748193,-,-,-,-
6506,6491,5.343620789949266,-,-,-,-
6506,6492,5.195460658527371,-,-,-,-
6506,6493,5.049655154816933,-,-,-,-
6506,6494,4.906150434359839,-,-,-,-
6506,6495,4.764894223177705,-,-,-,-
6506,6496,4.625835763279621,-,-,-,-
6506,6497,4.488925760309957,-,-,-,-
6506,6498,4.354116333244846,-,-,-,-
6506,6499,4.221360966049631,-,-,-,-
6506,6500,4.090614461216785,-,-,-,-
6506,6501,3.9618328951019035,-,-,-,-
6506,6502,3.8349735749822056,-,-,-,-
6506,6503,3.7099949977681512,-,-,-,-
6506,6504,3.586856810293027,-,-,-,-
6506,6505,3.465519771118997,-,-,-,-
6506,6506,3.3459457137938093,-,-,-,-
6507,6507,3.228097511497918,-,-,-,-
6508,6508,3.1119390430254583,-,-,-,-
6509,6509,2.997435160038902,-,-,-,-
6510,6510,2.884551655550555,-,-,-,-
6511,6511,2.77325523357778,-,-,-,-
6512,6512,2.6635134799211175,-,-,-,-
6513,6513,2.5552948340223822,-,-,-,-
6514,6514,2.448568561859023,-,-,-,-
6515,6515,2.3433047298252596,-,-,-,-
6516,6516,2.2394741795726416,-,-,-,-
6517,6517,2.1370485037564544,-,-,-,-
6518,6518,2.03600002266513,-,-,-,-
6519,6519,1.9363017616828193,-,-,-,-
6520,6520,1.8379274295686852,-,-,-,-
6521,6521,1.7408513975013367,-,-,-,-
6522,6522,1.6450486788730234,-,-,-,-
6523,6523,1.5504949097953333,-,-,-,-
6524,6524,1.4571663302948208,-,-,-,-
6525,6525,1.3650397661614464,-,-,-,-
6526,6526,1.3650397661614464,-,-,-,-
6527,6527,54.68006535640423,-,-,-,-
6528,6528,54.68006535640423,-,-,-,-
6529,6529,54.68006535640423,-,-,-,-
6530,6530,54.68006535640423,-,-,-,-
6531,6531,54.68006535640423,-,-,-,-
6532,6532,54.68006535640423,-,-,-,-
6533,6533,54.68006535640423,-,-,-,-
6534,6534,54.68006535640423,-,-,-,-
6535,6535,54.68006535640423,-,-,-,-
6536,6536,54.68006535640423,-,-,-,-
6537,6537,54.68006535640423,-,-,-,-
6538,6538,54.68006535640423,-,-,-,-
6539,6539,54.68006535640423,-,-,-,-
6540,6540,54.68006535640423,-,-,-,-
6541,6541,54.68006535640423,-,-,-,-
6542,6542,54.68006535640423,-,-,-,-
6543,6543,54.68006535640423,-,-,-,-
6544,6544,54.68006535640423,-,-,-,-
6545,6545,54.68006535640423,-,-,-,-
6546,6546,54.68006535640423,-,-,-,-
6547,6547,54.68006535640423,-,-,-,-
6548,6548,54.68006535640423,-,-,-,-
6549,6549,54.68006535640423,-,-,-,-
6550,6550,54.68006535640423,-,-,-,-
6551,6551,54.68006535640423,-,-,-,-
6552,6552,54.68006535640423,-,-,-,-
6553,6553,54.68006535640423,-,-,-,-
6554,6554,54.68006535640423,-,-,-,-
6555,6555,54.68006535640423,-,-,-,-
6556,6556,54.68006535640423,-,-,-,-
6557,6557,54.68006535640423,-,-,-,-
6558,6558,54.68006535640423,-,-,-,-
6559,6559,54.68006535640423,-,-,-,-
6560,6560,54.68006535640423,-,-,-,-
6561,6561,54.68006535640423,-,-,-,-
6562,6562,54.68006535640423,-,-,-,-
6563,6563,54.68006535640423,-,-,-,-
6564,6564,54.68006535640423,-,-,-,-
6565,6565,54.68006535640423,-,-,-,-
6566,6566,54.68006535640423,-,-,-,-
6567,6567,54.68006535640423,-,-,-,-
6568,6568,54.68006535640423,-,-,-,-
6569,6569,54.68006535640423,-,-,-,-
6570,6570,54.68006535640423,-,-,-,-
6571,6571,54.68006535640423,-,-,-,-
6572,6572,54.68006535640423,-,-,-,-
6573,6573,54.68006535640423,-,-,-,-
6574,6574,54.68006535640423,-,-,-,-
6575,6575,54.68006535640423,-,-,-,-
6576,6576,54.68006535640423,-,-,-,-
6577,6577,54.68006535640423,-,-,-,-
6578,6578,54.68006535640423,-,-,-,-
6579,6579,56.94345092615628,-,-,-,-
6580,6580,59.59874017092243,-,-,-,-
6581,6581,62.742383111336,-,-,-,-
6582,6582,66.49747357745238,-,-,-,-
6583,6583,66.49747357745238,-,-,-,-
6584,6584,66.49747357745238,-,-,-,-
6585,6585,66.49747357745238,-,-,-,-
6586,6586,66.49747357745238,-,-,-,-
6587,6587,66.49747357745238,-,-,-,-
6588,6588,66.49747357745238,-,-,-,-
6589,6589,66.49747357745238,-,-,-,-
6590,6590,66.49747357745238,-,-,-,-
6591,6591,66.49747357745238,-,-,-,-
6592,6592,66.49747357745238,-,-,-,-
6593,6593,66.49747357745238,-,-,-,-
6594,6594,66.49747357745238,-,-,-,-
6595,6595,66.49747357745238,-,-,-,-
6596,6596,66.49747357745238,-,-,-,-
6597,6597,66.49747357745238,-,-,-,-
6598,6598,66.49747357745238,-,-,-,-
6599,6599,66.49747357745238,-,-,-,-
6600,6600,66.49747357745238,-,-,-,-
6601,6601,66.49747357745238,-,-,-,-
6602,6602,66.49747357745238,-,-,-,-
6603,6603,66.49747357745238,-,-,-,-
6604,6604,66.49747357745238,-,-,-,-
6605,6605,66.49747357745238,-,-,-,-
6606,6606,66.49747357745238,-,-,-,-
6607,6607,66.49747357745238,-,-,-,-
6608,6608,66.49747357745238,-,-,-,-
6609,6609,66.49747357745238,-,-,-,-
6610,6610,66.49747357745238,-,-,-,-
6611,6611,66.49747357745238,-,-,-,-
6612,6612,66.49747357745238,-,-,-,-
6613,6613,66.49747357745238,-,-,-,-
6614,6614,66.49747357745238,-,-,-,-
6615,6615,66.49747357745238,-,-,-,-
