path_ref,path_query,path_distance,ref_x,ref_y,query_x,query_y
0,0,41.23371536860785,935.7578558907651,505.8591152320324,949.6,544.7
1,1,41.23371536860785,935.7578558907651,505.8591152320324,949.6,544.7
2,2,41.23371536860785,935.7578558907651,505.8591152320324,949.6,544.7
3,3,41.23371536860785,935.7578558907651,505.8591152320324,949.6,544.7
4,4,41.23371536860785,935.7578558907651,505.8591152320324,949.6,544.7
5,5,41.23371536860785,935.7578558907651,505.8591152320324,949.6,544.7
6,6,41.23371536860785,935.7578558907651,505.8591152320324,949.6,544.7
7,7,41.23371536860785,935.7578558907651,505.8591152320324,949.6,544.7
8,8,27.475540136550233,953.7578558907651,571.8591152320324,949.6,544.7
9,9,27.475540136550233,953.7578558907651,571.8591152320324,949.6,544.7
10,10,27.475540136550233,953.7578558907651,571.8591152320324,949.6,544.7
11,11,27.475540136550233,953.7578558907651,571.8591152320324,949.6,544.7
12,12,27.475540136550233,953.7578558907651,571.8591152320324,949.6,544.7
13,13,27.475540136550233,953.7578558907651,571.8591152320324,949.6,544.7
14,14,27.475540136550233,953.7578558907651,571.8591152320324,949.6,544.7
15,15,27.475540136550233,953.7578558907651,571.8591152320324,949.6,544.7
16,16,27.475540136550233,953.7578558907651,571.8591152320324,949.6,544.7
17,17,27.475540136550233,953.7578558907651,571.8591152320324,949.6,544.7
18,18,27.475540136550233,953.7578558907651,571.8591152320324,949.6,544.7
19,19,27.475540136550233,953.7578558907651,571.8591152320324,949.6,544.7
20,20,27.475540136550233,953.7578558907651,571.8591152320324,949.6,544.7
21,21,27.475540136550233,953.7578558907651,571.8591152320324,949.6,544.7
22,22,27.475540136550233,953.7578558907651,571.8591152320324,949.6,544.7
23,23,27.475540136550233,953.7578558907651,571.8591152320324,949.6,544.7
24,24,27.475540136550233,953.7578558907651,571.8591152320324,949.6,544.7
25,25,27.475540136550233,953.7578558907651,571.8591152320324,949.6,544.7
26,26,27.475540136550233,953.7578558907651,571.8591152320324,949.6,544.7
27,27,27.475540136550233,953.7578558907651,571.8591152320324,949.6,544.7
28,28,27.475540136550233,953.7578558907651,571.8591152320324,949.6,544.7
29,29,27.475540136550233,953.7578558907651,571.8591152320324,949.6,544.7
30,30,27.475540136550233,953.7578558907651,571.8591152320324,949.6,544.7
31,31,27.475540136550233,953.7578558907651,571.8591152320324,949.6,544.7
32,32,27.475540136550233,953.7578558907651,571.8591152320324,949.6,544.7
33,33,27.475540136550233,953.7578558907651,571.8591152320324,949.6,544.7
34,34,27.475540136550233,953.7578558907651,571.8591152320324,949.6,544.7
35,35,27.475540136550233,953.7578558907651,571.8591152320324,949.6,544.7
36,36,27.475540136550233,953.7578558907651,571.8591152320324,949.6,544.7
37,37,27.475540136550233,953.7578558907651,571.8591152320324,949.6,544.7
38,38,27.475540136550233,953.7578558907651,571.8591152320324,949.6,544.7
39,39,27.475540136550233,953.7578558907651,571.8591152320324,949.6,544.7
40,40,27.475540136550233,953.7578558907651,571.8591152320324,949.6,544.7
41,41,27.475540136550233,953.7578558907651,571.8591152320324,949.6,544.7
42,42,27.475540136550233,953.7578558907651,571.8591152320324,949.6,544.7
43,43,27.475540136550233,953.7578558907651,571.8591152320324,949.6,544.7
44,44,27.475540136550233,953.7578558907651,571.8591152320324,949.6,544.7
45,45,27.475540136550233,953.7578558907651,571.8591152320324,949.6,544.7
46,46,27.475540136550233,953.7578558907651,571.8591152320324,949.6,544.7
47,47,27.475540136550233,953.7578558907651,571.8591152320324,949.6,544.7
48,48,27.475540136550233,953.7578558907651,571.8591152320324,949.6,544.7
49,49,27.475540136550233,953.7578558907651,571.8591152320324,949.6,544.7
50,50,27.475540136550233,953.7578558907651,571.8591152320324,949.6,544.7
51,51,27.475540136550233,953.7578558907651,571.8591152320324,949.6,544.7
52,52,27.475540136550233,953.7578558907651,571.8591152320324,949.6,544.7
53,53,27.475540136550233,953.7578558907651,571.8591152320324,949.6,544.7
54,54,27.475540136550233,953.7578558907651,571.8591152320324,949.6,544.7
55,55,27.475540136550233,953.7578558907651,571.8591152320324,949.6,544.7
56,56,12.164382941044549,944.7578558907651,555.8591152320324,949.6,544.7
57,57,12.164382941044549,944.7578558907651,555.8591152320324,949.6,544.7
58,58,12.164382941044549,944.7578558907651,555.8591152320324,949.6,544.7
59,59,12.164382941044549,944.7578558907651,555.8591152320324,949.6,544.7
60,60,12.164382941044549,944.7578558907651,555.8591152320324,949.6,544.7
61,61,12.164382941044549,944.7578558907651,555.8591152320324,949.6,544.7
62,62,12.164382941044549,944.7578558907651,555.8591152320324,949.6,544.7
63,63,12.164382941044549,944.7578558907651,555.8591152320324,949.6,544.7
64,64,12.164382941044549,944.7578558907651,555.8591152320324,949.6,544.7
65,65,12.164382941044549,944.7578558907651,555.8591152320324,949.6,544.7
66,66,12.164382941044549,944.7578558907651,555.8591152320324,949.6,544.7
67,67,12.164382941044549,944.7578558907651,555.8591152320324,949.6,544.7
68,68,12.164382941044549,944.7578558907651,555.8591152320324,949.6,544.7
69,69,12.164382941044549,944.7578558907651,555.8591152320324,949.6,544.7
70,70,12.164382941044549,944.7578558907651,555.8591152320324,949.6,544.7
71,71,12.164382941044549,944.7578558907651,555.8591152320324,949.6,544.7
72,72,12.164382941044549,944.7578558907651,555.8591152320324,949.6,544.7
73,73,12.164382941044549,944.7578558907651,555.8591152320324,949.6,544.7
74,74,12.164382941044549,944.7578558907651,555.8591152320324,949.6,544.7
75,75,12.164382941044549,944.7578558907651,555.8591152320324,949.6,544.7
76,76,12.164382941044549,944.7578558907651,555.8591152320324,949.6,544.7
77,77,12.164382941044549,944.7578558907651,555.8591152320324,949.6,544.7
78,78,12.164382941044549,944.7578558907651,555.8591152320324,949.6,544.7
79,79,12.164382941044549,944.7578558907651,555.8591152320324,949.6,544.7
80,80,12.164382941044549,944.7578558907651,555.8591152320324,949.6,544.7
81,81,12.164382941044549,944.7578558907651,555.8591152320324,949.6,544.7
82,82,12.164382941044549,944.7578558907651,555.8591152320324,949.6,544.7
83,83,12.164382941044549,944.7578558907651,555.8591152320324,949.6,544.7
84,84,12.164382941044549,944.7578558907651,555.8591152320324,949.6,544.7
85,85,12.164382941044549,944.7578558907651,555.8591152320324,949.6,544.7
86,86,12.164382941044549,944.7578558907651,555.8591152320324,949.6,544.7
87,87,12.164382941044549,944.7578558907651,555.8591152320324,949.6,544.7
88,88,12.164382941044549,944.7578558907651,555.8591152320324,949.6,544.7
89,89,12.164382941044549,944.7578558907651,555.8591152320324,949.6,544.7
90,90,12.164382941044549,944.7578558907651,555.8591152320324,949.6,544.7
91,91,12.164382941044549,944.7578558907651,555.8591152320324,949.6,544.7
92,92,12.164382941044549,944.7578558907651,555.8591152320324,949.6,544.7
93,93,12.164382941044549,944.7578558907651,555.8591152320324,949.6,544.7
94,94,12.164382941044549,944.7578558907651,555.8591152320324,949.6,544.7
95,95,12.164382941044549,944.7578558907651,555.8591152320324,949.6,544.7
96,96,12.164382941044549,944.7578558907651,555.8591152320324,949.6,544.7
97,97,12.164382941044549,944.7578558907651,555.8591152320324,949.6,544.7
98,98,10.960833268886697,944.7578558907651,555.8591152320324,948.6166666666667,545.6
99,99,9.790883946262467,944.7578558907651,555.8591152320324,947.6333333333333,546.5
100,100,8.668150889256262,944.7578558907651,555.8591152320324,946.6500000000001,547.4000000000001
101,101,7.613551084581919,944.7578558907651,555.8591152320324,945.6666666666667,548.3000000000001
102,102,6.659532212179154,944.7578558907651,555.8591152320324,944.6833333333334,549.2
103,103,5.8554647417138375,944.7578558907651,555.8591152320324,943.7,550.1
104,103,5.8554647417138375,944.7578558907651,555.8591152320324,943.7,550.1
105,103,5.8554647417138375,944.7578558907651,555.8591152320324,943.7,550.1
106,104,5.8554647417138375,944.7578558907651,555.8591152320324,943.7,550.1
107,105,5.8554647417138375,944.7578558907651,555.8591152320324,943.7,550.1
108,106,5.8554647417138375,944.7578558907651,555.8591152320324,943.7,550.1
109,107,5.8554647417138375,944.7578558907651,555.8591152320324,943.7,550.1
110,108,5.8554647417138375,944.7578558907651,555.8591152320324,943.7,550.1
111,109,5.8554647417138375,944.7578558907651,555.8591152320324,943.7,550.1
112,110,5.8554647417138375,944.7578558907651,555.8591152320324,943.7,550.1
113,111,5.8554647417138375,944.7578558907651,555.8591152320324,943.7,550.1
114,112,5.8554647417138375,944.7578558907651,555.8591152320324,943.7,550.1
115,113,5.8554647417138375,944.7578558907651,555.8591152320324,943.7,550.1
116,114,5.8554647417138375,944.7578558907651,555.8591152320324,943.7,550.1
117,115,5.8554647417138375,944.7578558907651,555.8591152320324,943.7,550.1
118,116,5.8554647417138375,944.7578558907651,555.8591152320324,943.7,550.1
119,117,5.8554647417138375,944.7578558907651,555.8591152320324,943.7,550.1
120,118,5.8554647417138375,944.7578558907651,555.8591152320324,943.7,550.1
121,119,5.8554647417138375,944.7578558907651,555.8591152320324,943.7,550.1
122,120,5.8554647417138375,944.7578558907651,555.8591152320324,943.7,550.1
123,121,5.8554647417138375,944.7578558907651,555.8591152320324,943.7,550.1
124,122,5.8554647417138375,944.7578558907651,555.8591152320324,943.7,550.1
125,123,5.8554647417138375,944.7578558907651,555.8591152320324,943.7,550.1
126,124,5.8554647417138375,944.7578558907651,555.8591152320324,943.7,550.1
127,125,5.8554647417138375,944.7578558907651,555.8591152320324,943.1,549.4333333333334
128,126,5.8554647417138375,944.7578558907651,555.8591152320324,942.5,548.7666666666667
129,127,6.636200657318351,944.7578558907651,555.8591152320324,941.9,548.1
130,128,7.4431673282159645,944.7578558907651,555.8591152320324,941.9,548.1
131,129,8.268688497962541,944.7578558907651,555.8591152320324,941.9,548.1
132,130,8.268688497962541,944.7578558907651,555.8591152320324,941.9,548.1
133,131,8.268688497962541,944.7578558907651,555.8591152320324,941.9,548.1
134,132,8.268688497962541,944.7578558907651,555.8591152320324,940.25,573.825
135,133,8.268688497962541,944.7578558907651,555.8591152320324,938.5999999999999,599.55
136,134,7.67855418532523,946.5356336685429,569.414670787588,936.9499999999999,625.275
137,134,12.192365193840763,948.3134114463206,582.9702263431435,935.3,651.0
138,135,11.882479745754866,950.0911892240985,596.525781898699,935.3,651.0
139,135,16.940323310736066,951.8689670018762,610.0813374542546,935.3,651.0
140,136,16.776909153601988,953.646744779654,623.6368930098101,935.3,651.0
141,136,21.984848510581,955.4245225574317,637.1924485653658,935.3,651.0
142,137,21.90374995056314,957.2023003352095,650.7480041209213,935.3,651.0
143,137,27.16120025887593,958.9800781129873,664.3035596764769,935.3,651.0
144,137,37.006952017189434,960.7578558907651,677.8591152320324,935.3,651.0
145,137,37.006952017189434,960.7578558907651,677.8591152320324,935.3,651.0
146,137,37.006952017189434,960.7578558907651,677.8591152320324,935.3,651.0
147,138,37.006952017189434,960.7578558907651,677.8591152320324,935.3,651.0
148,139,37.006952017189434,960.7578558907651,677.8591152320324,935.3,651.0
149,140,37.006952017189434,960.7578558907651,677.8591152320324,935.3,651.0
150,141,37.006952017189434,960.7578558907651,677.8591152320324,935.3,651.0
151,142,37.006952017189434,960.7578558907651,677.8591152320324,935.3,651.0
152,143,37.006952017189434,960.7578558907651,677.8591152320324,935.3,651.0
153,144,37.006952017189434,960.7578558907651,677.8591152320324,935.3,651.0
154,145,37.006952017189434,960.7578558907651,677.8591152320324,935.3,651.0
155,146,37.006952017189434,960.7578558907651,677.8591152320324,935.3,651.0
156,147,37.006952017189434,960.7578558907651,677.8591152320324,935.3,651.0
157,148,37.006952017189434,960.7578558907651,677.8591152320324,935.3,651.0
158,149,37.006952017189434,960.7578558907651,677.8591152320324,935.3,651.0
159,150,37.006952017189434,960.7578558907651,677.8591152320324,935.3,651.0
160,151,37.006952017189434,960.7578558907651,677.8591152320324,935.3,651.0
161,152,37.006952017189434,960.7578558907651,677.8591152320324,935.3,651.0
162,153,37.006952017189434,960.7578558907651,677.8591152320324,935.3,651.0
163,154,37.006952017189434,960.7578558907651,677.8591152320324,935.3,651.0
164,155,37.006952017189434,960.7578558907651,677.8591152320324,935.3,651.0
165,156,37.006952017189434,960.7578558907651,677.8591152320324,935.3,651.0
166,157,37.006952017189434,960.7578558907651,677.8591152320324,935.3,651.0
167,158,37.006952017189434,960.7578558907651,677.8591152320324,935.3,651.0
168,159,37.006952017189434,960.7578558907651,677.8591152320324,935.3,651.0
169,160,37.006952017189434,960.7578558907651,677.8591152320324,935.3,651.0
170,161,37.006952017189434,960.7578558907651,677.8591152320324,935.3,651.0
171,162,37.006952017189434,960.7578558907651,677.8591152320324,935.3,651.0
172,163,37.006952017189434,960.7578558907651,677.8591152320324,935.3,651.0
173,164,37.006952017189434,960.7578558907651,677.8591152320324,935.3,651.0
174,165,37.006952017189434,960.7578558907651,677.8591152320324,935.3,651.0
175,166,37.006952017189434,960.7578558907651,677.8591152320324,935.3,651.0
176,167,37.006952017189434,960.7578558907651,677.8591152320324,935.3,651.0
177,168,37.006952017189434,960.7578558907651,677.8591152320324,935.3,651.0
178,169,37.006952017189434,960.7578558907651,677.8591152320324,935.3,651.0
179,170,37.006952017189434,960.7578558907651,677.8591152320324,935.3,651.0
180,171,37.006952017189434,960.7578558907651,677.8591152320324,935.3,651.0
181,172,37.006952017189434,960.7578558907651,677.8591152320324,935.3,651.0
182,173,37.006952017189434,960.7578558907651,677.8591152320324,935.3,651.0
183,174,37.006952017189434,960.7578558907651,677.8591152320324,935.3,651.0
184,175,37.006952017189434,960.7578558907651,677.8591152320324,935.3,651.0
185,176,37.006952017189434,960.7578558907651,677.8591152320324,935.3,651.0
186,177,37.006952017189434,960.7578558907651,677.8591152320324,935.3,651.0
187,178,37.006952017189434,960.7578558907651,677.8591152320324,935.3,651.0
188,179,37.006952017189434,960.7578558907651,677.8591152320324,935.3,651.0
189,180,37.006952017189434,960.7578558907651,677.8591152320324,935.3,651.0
190,181,37.006952017189434,960.7578558907651,677.8591152320324,935.3,651.0
191,182,37.006952017189434,960.7578558907651,677.8591152320324,935.3,651.0
192,183,37.006952017189434,960.7578558907651,677.8591152320324,935.3,651.0
193,184,37.006952017189434,960.7578558907651,677.8591152320324,935.3,651.0
194,185,37.006952017189434,960.7578558907651,677.8591152320324,935.3,651.0
195,186,37.006952017189434,960.7578558907651,677.8591152320324,935.3,651.0
196,187,37.006952017189434,960.7578558907651,677.8591152320324,935.3,651.0
197,188,37.006952017189434,960.7578558907651,677.8591152320324,935.3,651.0
198,189,37.006952017189434,960.7578558907651,677.8591152320324,935.3,651.0
199,190,37.006952017189434,960.7578558907651,677.8591152320324,935.3,651.0
200,191,37.006952017189434,960.7578558907651,677.8591152320324,915.0428571428571,603.9285714285714
201,192,37.006952017189434,960.7578558907651,677.8591152320324,894.7857142857142,556.8571428571429
202,193,37.006952017189434,960.7578558907651,677.8591152320324,874.5285714285715,509.7857142857143
203,194,37.006952017189434,960.7578558907651,677.8591152320324,854.2714285714286,462.7142857142857
204,195,37.006952017189434,960.7578558907651,677.8591152320324,834.0142857142857,415.64285714285717
205,196,37.006952017189434,960.7578558907651,677.8591152320324,813.7571428571429,368.57142857142856
206,197,37.006952017189434,960.7578558907651,677.8591152320324,793.5,321.5
207,198,37.006952017189434,960.7578558907651,677.8591152320324,793.5,321.5
208,199,17.240499203564735,941.646744779654,634.9702263431435,793.5,321.5
209,200,14.017797719544726,922.5356336685429,592.0813374542547,793.5,321.5
210,201,11.548876436341978,903.4245225574317,549.1924485653658,793.5,321.5
211,202,10.385975875938605,884.3134114463206,506.3035596764769,793.5,321.5
212,203,10.95328703025389,865.2023003352095,463.41467078758797,793.5,321.5
213,204,13.026686169419333,846.0911892240985,420.5257818986991,793.5,321.5
214,205,16.032113468405086,826.9800781129873,377.63689300981025,793.5,321.5
215,206,19.544227431365893,807.8689670018762,334.74800412092134,793.5,321.5
216,207,30.017827712555814,788.7578558907651,291.8591152320324,793.5,321.5
217,208,30.017827712555814,788.7578558907651,291.8591152320324,793.5,321.5
218,209,30.017827712555814,788.7578558907651,291.8591152320324,793.5,321.5
219,210,30.017827712555814,788.7578558907651,291.8591152320324,793.5,321.5
220,211,30.017827712555814,788.7578558907651,291.8591152320324,793.5,321.5
221,212,30.017827712555814,788.7578558907651,291.8591152320324,793.5,321.5
222,213,30.017827712555814,788.7578558907651,291.8591152320324,793.5,321.5
223,214,30.017827712555814,788.7578558907651,291.8591152320324,793.5,321.5
224,215,30.017827712555814,788.7578558907651,291.8591152320324,793.5,321.5
225,216,30.017827712555814,788.7578558907651,291.8591152320324,793.5,321.5
226,217,30.017827712555814,788.7578558907651,291.8591152320324,793.5,321.5
227,218,30.017827712555814,788.7578558907651,291.8591152320324,793.5,321.5
228,219,30.017827712555814,788.7578558907651,291.8591152320324,793.5,321.5
229,220,30.017827712555814,788.7578558907651,291.8591152320324,793.5,321.5
230,221,30.017827712555814,788.7578558907651,291.8591152320324,793.5,321.5
231,222,30.017827712555814,788.7578558907651,291.8591152320324,793.5,321.5
232,223,30.017827712555814,788.7578558907651,291.8591152320324,793.5,321.5
233,224,30.017827712555814,788.7578558907651,291.8591152320324,793.5,321.5
234,225,30.017827712555814,788.7578558907651,291.8591152320324,793.5,321.5
235,226,30.017827712555814,788.7578558907651,291.8591152320324,793.5,321.5
236,227,30.017827712555814,788.7578558907651,291.8591152320324,793.5,321.5
237,228,30.017827712555814,788.7578558907651,291.8591152320324,793.5,321.5
238,229,30.017827712555814,788.7578558907651,291.8591152320324,793.5,321.5
239,230,30.017827712555814,788.7578558907651,291.8591152320324,793.5,321.5
240,231,15.467810682350857,795.720818853728,306.19244856536574,793.5,321.5
241,232,9.235309922546605,802.6837818166911,320.5257818986991,815.7428571428571,371.8285714285714
241,233,9.235309922546605,809.646744779654,334.8591152320324,837.9857142857143,422.15714285714284
241,234,9.235309922546605,816.6097077426169,349.19244856536574,860.2285714285715,472.48571428571427
241,235,9.235309922546605,823.5726707055799,363.5257818986991,882.4714285714286,522.8142857142857
241,236,9.235309922546605,830.5356336685429,377.8591152320324,904.7142857142858,573.1428571428571
241,237,9.235309922546605,837.4985966315058,392.1924485653658,926.9571428571429,623.4714285714285
241,238,9.235309922546605,844.4615595944688,406.5257818986991,949.2,673.8
241,239,9.235309922546605,851.4245225574317,420.8591152320324,949.2,673.8
242,240,20.9567012375995,858.3874855203948,435.1924485653658,949.2,673.8
243,241,22.652714809497937,865.3504484833577,449.5257818986991,949.2,673.8
244,241,11.412374617245712,872.3134114463206,463.8591152320324,949.2,673.8
245,241,15.974783125424336,879.2763744092836,478.1924485653658,949.2,673.8
246,241,29.7993236960238,886.2393373722466,492.5257818986991,949.2,673.8
247,242,16.9196931968661,893.2023003352095,506.8591152320324,949.2,673.8
248,242,13.501349691032045,900.1652632981725,521.1924485653658,949.2,673.8
249,242,24.21056514043128,907.1282262611354,535.525781898699,949.2,673.8
250,243,23.524287869787955,914.0911892240985,549.8591152320324,949.2,673.8
251,243,14.847948325865595,921.0541521870614,564.1924485653658,949.2,673.8
252,243,19.88430573418576,928.0171151500243,578.525781898699,949.2,673.8
253,244,30.521969138934736,934.9800781129873,592.8591152320324,949.2,673.8
254,244,19.228080349542854,941.9430410759503,607.1924485653658,949.2,673.8
255,244,17.768008978918896,948.9060040389132,621.525781898699,949.2,673.8
256,244,27.740580519475152,955.8689670018762,635.8591152320324,949.2,673.8
257,245,25.10097521615906,962.8319299648392,650.1924485653658,949.2,673.8
258,245,18.630648138273845,969.7948929278022,664.525781898699,949.2,673.8
259,245,23.916474210012204,976.7578558907651,678.8591152320324,949.2,673.8
260,246,31.646188050203442,976.7578558907651,678.8591152320324,949.2,673.8
261,246,22.126507529708455,976.7578558907651,678.8591152320324,949.2,673.8
262,246,22.034927913467918,976.7578558907651,678.8591152320324,949.2,673.8
263,247,38.52253701209596,976.7578558907651,678.8591152320324,949.2,673.8
264,248,27.260704306843902,976.7578558907651,678.8591152320324,949.2,673.8
265,249,22.586738057942995,976.7578558907651,678.8591152320324,949.2,673.8
265,250,22.586738057942995,976.7578558907651,678.8591152320324,949.2,673.8
265,251,22.586738057942995,976.7578558907651,678.8591152320324,949.2,673.8
265,252,22.586738057942995,976.7578558907651,678.8591152320324,949.2,673.8
265,253,22.586738057942995,976.7578558907651,678.8591152320324,949.2,673.8
265,254,22.586738057942995,976.7578558907651,678.8591152320324,949.2,673.8
265,255,22.586738057942995,976.7578558907651,678.8591152320324,949.2,673.8
265,256,22.586738057942995,976.7578558907651,678.8591152320324,949.2,673.8
265,257,22.586738057942995,976.7578558907651,678.8591152320324,949.2,673.8
265,258,22.586738057942995,976.7578558907651,678.8591152320324,949.2,673.8
265,259,22.586738057942995,976.7578558907651,678.8591152320324,949.2,673.8
265,260,22.586738057942995,976.7578558907651,678.8591152320324,949.2,673.8
265,261,22.586738057942995,976.7578558907651,678.8591152320324,949.2,673.8
265,262,22.586738057942995,976.7578558907651,678.8591152320324,949.2,673.8
265,263,22.586738057942995,976.7578558907651,678.8591152320324,949.2,673.8
265,264,22.586738057942995,976.7578558907651,678.8591152320324,949.2,673.8
265,265,22.586738057942995,976.7578558907651,678.8591152320324,949.2,673.8
265,266,22.586738057942995,976.7578558907651,678.8591152320324,949.2,673.8
265,267,22.586738057942995,976.7578558907651,678.8591152320324,949.2,673.8
265,268,22.586738057942995,976.7578558907651,678.8591152320324,949.2,673.8
265,269,22.586738057942995,976.7578558907651,678.8591152320324,949.2,673.8
265,270,22.586738057942995,976.7578558907651,678.8591152320324,949.2,673.8
265,271,22.586738057942995,976.7578558907651,678.8591152320324,949.2,673.8
265,272,22.586738057942995,976.7578558907651,678.8591152320324,949.2,673.8
265,273,22.586738057942995,976.7578558907651,678.8591152320324,949.2,673.8
265,274,22.586738057942995,976.7578558907651,678.8591152320324,949.2,673.8
265,275,22.586738057942995,976.7578558907651,678.8591152320324,949.2,673.8
265,276,22.586738057942995,976.7578558907651,678.8591152320324,949.2,673.8
265,277,22.586738057942995,976.7578558907651,678.8591152320324,949.2,673.8
265,278,22.586738057942995,976.7578558907651,678.8591152320324,949.2,673.8
265,279,22.586738057942995,976.7578558907651,678.8591152320324,949.2,673.8
265,280,22.586738057942995,976.7578558907651,678.8591152320324,949.2,673.8
265,281,22.586738057942995,976.7578558907651,678.8591152320324,949.2,673.8
265,282,22.586738057942995,976.7578558907651,678.8591152320324,949.2,673.8
266,283,28.01838803762908,976.7578558907651,678.8591152320324,949.2,673.8
267,284,28.01838803762908,976.7578558907651,678.8591152320324,949.2,673.8
268,285,28.01838803762908,976.7578558907651,678.8591152320324,949.2,673.8
269,286,28.01838803762908,976.7578558907651,678.8591152320324,949.2,673.8
270,287,28.01838803762908,976.7578558907651,678.8591152320324,949.2,673.8
271,288,28.01838803762908,976.7578558907651,678.8591152320324,949.2,673.8
272,289,28.01838803762908,976.7578558907651,678.8591152320324,949.2,673.8
273,290,28.01838803762908,976.7578558907651,678.8591152320324,949.2,673.8
274,291,28.01838803762908,976.7578558907651,678.8591152320324,949.2,673.8
275,292,28.01838803762908,976.7578558907651,678.8591152320324,949.2,673.8
276,293,28.01838803762908,976.7578558907651,678.8591152320324,949.2,673.8
277,294,28.01838803762908,976.7578558907651,678.8591152320324,949.2,673.8
278,295,28.01838803762908,976.7578558907651,678.8591152320324,949.2,673.8
279,296,28.01838803762908,976.7578558907651,678.8591152320324,949.2,673.8
280,297,28.01838803762908,976.7578558907651,678.8591152320324,949.2,673.8
281,298,28.01838803762908,976.7578558907651,678.8591152320324,949.2,673.8
282,299,28.01838803762908,976.7578558907651,678.8591152320324,949.2,673.8
283,300,28.01838803762908,976.7578558907651,678.8591152320324,949.2,673.8
284,301,28.01838803762908,976.7578558907651,678.8591152320324,949.2,673.8
285,302,28.01838803762908,976.7578558907651,678.8591152320324,949.2,673.8
286,303,28.01838803762908,976.7578558907651,678.8591152320324,949.2,673.8
287,304,28.01838803762908,976.7578558907651,678.8591152320324,949.2,673.8
288,305,28.01838803762908,966.7578558907651,637.8591152320324,949.2,673.8
289,306,28.01838803762908,966.7578558907651,637.8591152320324,949.2,673.8
290,307,28.01838803762908,966.7578558907651,637.8591152320324,949.2,673.8
291,308,28.01838803762908,966.7578558907651,637.8591152320324,949.2,673.8
292,309,28.01838803762908,966.7578558907651,637.8591152320324,949.2,673.8
293,310,28.01838803762908,966.7578558907651,637.8591152320324,949.2,673.8
294,311,28.01838803762908,966.7578558907651,637.8591152320324,949.2,673.8
295,312,28.01838803762908,966.7578558907651,637.8591152320324,949.2,673.8
296,313,28.01838803762908,966.7578558907651,637.8591152320324,949.2,673.8
297,314,28.01838803762908,966.7578558907651,637.8591152320324,949.2,673.8
298,315,28.01838803762908,966.7578558907651,637.8591152320324,949.2,673.8
299,316,28.01838803762908,966.7578558907651,637.8591152320324,949.2,673.8
300,317,28.01838803762908,966.7578558907651,637.8591152320324,949.2,673.8
301,318,28.01838803762908,966.7578558907651,637.8591152320324,949.2,673.8
302,319,28.01838803762908,966.7578558907651,637.8591152320324,949.2,673.8
303,320,28.01838803762908,966.7578558907651,637.8591152320324,949.2,673.8
304,321,28.01838803762908,1275.757855890765,691.8591152320324,949.2,673.8
305,322,28.01838803762908,1275.757855890765,691.8591152320324,949.2,673.8
306,323,28.01838803762908,1275.757855890765,691.8591152320324,949.2,673.8
307,324,28.01838803762908,1275.757855890765,691.8591152320324,949.2,673.8
308,325,28.01838803762908,1275.757855890765,691.8591152320324,949.2,673.8
309,326,28.01838803762908,1275.757855890765,691.8591152320324,949.2,673.8
310,327,28.01838803762908,1275.757855890765,691.8591152320324,949.2,673.8
311,328,28.01838803762908,1275.757855890765,691.8591152320324,949.2,673.8
312,329,28.01838803762908,1275.757855890765,691.8591152320324,949.2,673.8
313,330,28.01838803762908,1275.757855890765,691.8591152320324,949.2,673.8
314,331,28.01838803762908,1275.757855890765,691.8591152320324,949.2,673.8
315,332,28.01838803762908,1275.757855890765,691.8591152320324,949.2,673.8
316,333,28.01838803762908,1275.757855890765,691.8591152320324,949.2,673.8
317,334,28.01838803762908,1275.757855890765,691.8591152320324,949.2,673.8
318,335,28.01838803762908,1275.757855890765,691.8591152320324,990.7166666666667,667.4666666666666
319,336,28.01838803762908,1275.757855890765,691.8591152320324,1032.2333333333333,661.1333333333333
320,337,28.01838803762908,1274.757855890765,690.0591152320325,1073.75,654.8
321,338,28.01838803762908,1273.757855890765,688.2591152320324,1115.2666666666667,648.4666666666666
322,339,28.01838803762908,1272.757855890765,686.4591152320324,1156.7833333333333,642.1333333333333
323,340,28.01838803762908,1271.757855890765,684.6591152320324,1198.3,635.8
324,341,28.01838803762908,1270.757855890765,682.8591152320324,1198.3,635.8
325,342,28.01838803762908,1269.757855890765,681.0591152320325,1198.3,635.8
326,343,28.01838803762908,1268.757855890765,679.2591152320324,1198.3,635.8
327,344,28.01838803762908,1267.757855890765,677.4591152320324,1198.3,635.8
328,345,40.000318766044764,1266.757855890765,675.6591152320324,1198.3,635.8
329,346,40.000318766044764,1265.757855890765,673.8591152320324,1198.3,635.8
330,347,40.000318766044764,1264.757855890765,672.0591152320325,1198.3,635.8
331,348,40.000318766044764,1263.757855890765,670.2591152320324,1198.3,635.8
332,349,40.000318766044764,1262.757855890765,668.4591152320324,1198.3,635.8
333,350,40.000318766044764,1261.757855890765,666.6591152320324,1198.3,635.8
334,351,40.000318766044764,1260.757855890765,664.8591152320324,1198.3,635.8
335,352,40.000318766044764,1259.757855890765,663.0591152320325,1198.3,635.8
336,353,40.000318766044764,1258.757855890765,661.2591152320324,1198.3,635.8
337,354,40.000318766044764,1257.757855890765,659.4591152320324,1198.3,635.8
338,355,40.000318766044764,1256.757855890765,657.6591152320324,1198.3,635.8
339,356,40.000318766044764,1255.757855890765,655.8591152320324,1198.3,635.8
340,357,40.000318766044764,1254.757855890765,654.0591152320325,1198.3,635.8
341,358,38.08715946024285,1253.757855890765,652.2591152320324,1198.3,635.8
342,359,69.48904499674167,1252.757855890765,650.4591152320324,1198.3,635.8
343,360,108.32503163079551,1251.757855890765,648.6591152320324,1198.3,635.8
344,361,166.25380119282474,1250.757855890765,646.8591152320324,1198.3,635.8
345,362,128.94801434378832,1250.757855890765,646.8591152320324,1198.3,635.8
346,363,95.61560458310575,1250.757855890765,646.8591152320324,1159.8,616.16
347,363,95.61560458310575,1250.757855890765,646.8591152320324,1121.3,596.52
348,363,95.61560458310575,1250.757855890765,646.8591152320324,1082.8,576.88
349,363,95.61560458310575,1250.757855890765,646.8591152320324,1044.3,557.24
350,363,95.61560458310575,1250.757855890765,646.8591152320324,1005.8,537.6
351,363,95.61560458310575,1250.757855890765,646.8591152320324,1005.8,537.6
352,363,95.61560458310575,1223.757855890765,598.7480041209213,1005.8,537.6
353,363,95.61560458310575,1196.757855890765,550.6368930098101,1005.8,537.6
354,363,95.61560458310575,1169.757855890765,502.52578189869905,1005.8,537.6
355,363,95.61560458310575,1142.757855890765,454.41467078758797,1005.8,537.6
356,363,95.61560458310575,1115.757855890765,406.3035596764769,1005.8,537.6
357,363,95.61560458310575,1088.757855890765,358.19244856536574,1005.8,537.6
358,363,95.61560458310575,1061.757855890765,310.0813374542546,1005.8,537.6
359,363,95.61560458310575,1034.757855890765,261.9702263431435,1005.8,537.6
360,363,93.75422824158915,1007.7578558907651,213.85911523203242,1005.8,537.6
361,363,91.90128827475237,1007.7578558907651,213.85911523203242,1005.8,537.6
362,363,90.05730542239365,1007.7578558907651,213.85911523203242,1005.8,537.6
363,363,88.22284133559427,1007.7578558907651,213.85911523203242,1005.8,537.6
364,363,86.39850234065749,1007.7578558907651,213.85911523203242,1005.8,537.6
365,363,84.58494357799002,1007.7578558907651,213.85911523203242,1005.8,537.6
366,363,82.78287355168882,1007.7578558907651,213.85911523203242,1005.8,537.6
367,363,80.99305912766883,1007.7578558907651,213.85911523203242,1005.8,537.6
368,363,79.2163310198169,1007.7578558907651,213.85911523203242,1005.8,537.6
369,364,77.45358980463308,1007.7578558907651,213.85911523203242,1005.8,537.6
370,365,75.70581250477085,1007.7578558907651,213.85911523203242,1005.8,537.6
371,366,73.97405978037617,1007.7578558907651,213.85911523203242,1005.8,537.6
372,367,72.25948376354361,1007.7578558907651,213.85911523203242,1005.8,537.6
373,368,70.56333656479809,1007.7578558907651,213.85911523203242,994.2428571428571,495.8285714285714
374,369,68.88697947028979,1007.7578558907651,213.85911523203242,982.6857142857142,454.0571428571429
375,370,67.23189283311366,1007.7578558907651,213.85911523203242,971.1285714285714,412.2857142857143
376,371,65.59968664030669,1007.7578558907651,213.85911523203242,959.5714285714286,370.51428571428573
377,372,63.99211170675325,1007.7578558907651,213.85911523203242,948.0142857142857,328.74285714285713
378,373,62.411071406223556,1007.7578558907651,213.85911523203242,936.4571428571428,286.97142857142853
379,374,60.858633795509164,1007.7578558907651,213.85911523203242,924.9,245.2
380,375,59.33704391726171,1007.7578558907651,213.85911523203242,924.9,245.2
381,376,57.84873597773935,1007.7578558907651,213.85911523203242,924.9,245.2
382,377,56.39634498445223,1007.7578558907651,213.85911523203242,924.9,245.2
383,378,54.98271729360509,1007.7578558907651,213.85911523203242,924.9,245.2
384,379,53.610919357642565,1007.7578558907651,213.85911523203242,924.9,245.2
385,380,53.610919357642565,1007.7578558907651,213.85911523203242,924.9,245.2
386,381,53.610919357642565,1007.7578558907651,213.85911523203242,924.9,245.2
387,382,53.610919357642565,1007.7578558907651,213.85911523203242,924.9,245.2
388,383,53.610919357642565,1007.7578558907651,213.85911523203242,924.9,245.2
389,384,53.610919357642565,1007.7578558907651,213.85911523203242,924.9,245.2
390,385,53.610919357642565,1007.7578558907651,213.85911523203242,924.9,245.2
391,386,95.99878761877571,1007.7578558907651,213.85911523203242,924.9,245.2
392,387,102.48207763358252,1007.7578558907651,242.7480041209213,924.9,245.2
393,388,116.94055576966848,1007.7578558907651,271.6368930098102,924.9,245.2
394,389,136.86971639900742,1007.7578558907651,300.5257818986991,924.9,245.2
395,390,160.24123466315706,1007.7578558907651,329.41467078758797,924.9,245.2
395,391,160.24123466315706,1007.7578558907651,358.3035596764769,924.9,245.2
395,392,160.24123466315706,1007.7578558907651,387.1924485653658,924.9,245.2
395,393,160.24123466315706,1007.7578558907651,416.08133745425465,924.9,245.2
395,394,160.24123466315706,1007.7578558907651,444.9702263431435,924.9,245.2
395,395,160.24123466315706,1007.7578558907651,473.8591152320324,924.9,245.2
395,396,160.24123466315706,1007.7578558907651,473.8591152320324,924.9,245.2
395,397,160.24123466315706,1007.7578558907651,473.8591152320324,924.9,245.2
395,398,160.24123466315706,1007.7578558907651,473.8591152320324,924.9,245.2
395,399,160.24123466315706,1007.7578558907651,473.8591152320324,924.9,245.2
395,400,160.24123466315706,1007.7578558907651,473.8591152320324,924.9,245.2
395,401,160.24123466315706,1007.7578558907651,473.8591152320324,924.9,245.2
395,402,160.24123466315706,1007.7578558907651,473.8591152320324,924.9,245.2
395,403,160.24123466315706,1007.7578558907651,473.8591152320324,924.9,245.2
395,404,160.24123466315706,1007.7578558907651,473.8591152320324,924.9,245.2
395,405,160.24123466315706,1007.7578558907651,473.8591152320324,924.9,245.2
395,406,160.24123466315706,1007.7578558907651,473.8591152320324,924.9,245.2
395,407,160.24123466315706,1007.7578558907651,473.8591152320324,924.9,245.2
395,408,160.24123466315706,1007.7578558907651,473.8591152320324,924.9,245.2
395,409,160.24123466315706,1007.7578558907651,473.8591152320324,924.9,245.2
395,410,160.24123466315706,1007.7578558907651,473.8591152320324,924.9,245.2
395,411,160.24123466315706,1007.7578558907651,473.8591152320324,924.9,245.2
395,412,160.24123466315706,1007.7578558907651,473.8591152320324,924.9,245.2
396,413,150.93251024851054,1007.7578558907651,473.8591152320324,924.9,245.2
397,414,142.97321020505154,1007.7578558907651,473.8591152320324,924.9,245.2
398,415,136.59942110285914,1007.7578558907651,473.8591152320324,924.9,245.2
399,416,132.04094697408044,1007.7578558907651,473.8591152320324,924.9,245.2
400,417,129.48964565889003,1007.7578558907651,473.8591152320324,924.9,245.2
401,418,102.12346469318886,1007.7578558907651,473.8591152320324,924.9,245.2
402,419,88.58710595145222,965.7578558907651,243.85911523203242,924.9,245.2
403,419,88.58710595145222,965.7578558907651,243.85911523203242,924.9,245.2
404,419,88.58710595145222,965.7578558907651,243.85911523203242,924.9,245.2
405,419,88.58710595145222,965.7578558907651,243.85911523203242,924.9,245.2
406,419,88.58710595145222,965.7578558907651,243.85911523203242,924.9,245.2
407,419,88.58710595145222,965.7578558907651,243.85911523203242,924.9,245.2
408,419,88.58710595145222,965.7578558907651,243.85911523203242,924.9,245.2
409,419,88.58710595145222,965.7578558907651,243.85911523203242,924.9,245.2
410,419,88.58710595145222,965.7578558907651,243.85911523203242,924.9,245.2
411,419,88.58710595145222,965.7578558907651,243.85911523203242,924.9,245.2
412,419,88.58710595145222,965.7578558907651,243.85911523203242,924.9,245.2
413,419,88.58710595145222,965.7578558907651,243.85911523203242,924.9,245.2
414,419,88.58710595145222,965.7578558907651,243.85911523203242,924.9,245.2
415,419,88.58710595145222,965.7578558907651,243.85911523203242,924.9,245.2
416,419,88.58710595145222,965.7578558907651,243.85911523203242,924.9,245.2
417,419,88.58710595145222,965.7578558907651,243.85911523203242,924.9,245.2
418,419,88.58710595145222,965.7578558907651,243.85911523203242,924.9,245.2
419,419,88.58710595145222,965.7578558907651,243.85911523203242,924.9,245.2
420,419,88.58710595145222,965.7578558907651,243.85911523203242,924.9,245.2
421,419,88.58710595145222,965.7578558907651,243.85911523203242,924.9,245.2
422,419,88.58710595145222,965.7578558907651,243.85911523203242,924.9,245.2
423,419,88.58710595145222,965.7578558907651,243.85911523203242,924.9,245.2
424,419,88.58710595145222,965.7578558907651,243.85911523203242,924.9,245.2
425,419,88.58710595145222,965.7578558907651,243.85911523203242,924.9,245.2
426,419,88.58710595145222,965.7578558907651,243.85911523203242,924.9,245.2
427,419,88.58710595145222,965.7578558907651,243.85911523203242,924.9,245.2
428,419,88.58710595145222,965.7578558907651,243.85911523203242,924.9,245.2
429,419,88.58710595145222,965.7578558907651,243.85911523203242,924.9,245.2
430,419,88.58710595145222,965.7578558907651,243.85911523203242,924.9,245.2
431,420,88.58710595145222,965.7578558907651,243.85911523203242,926.8125,287.025
432,421,82.8941286618408,965.7578558907651,243.85911523203242,928.725,328.84999999999997
433,422,86.97317744469814,965.7578558907651,243.85911523203242,930.6375,370.67499999999995
434,423,99.63115188291873,965.7578558907651,243.85911523203242,932.55,412.5
435,424,118.14201225083573,965.7578558907651,243.85911523203242,934.4625,454.32499999999993
436,425,140.20641745050463,965.7578558907651,243.85911523203242,936.375,496.15
437,426,164.39975587695636,965.7578558907651,243.85911523203242,938.2875,537.9749999999999
438,427,189.91012551459613,965.7578558907651,243.85911523203242,940.2,579.8
439,428,216.27197603019582,965.7578558907651,243.85911523203242,940.2,579.8
440,429,243.20858385655447,965.7578558907651,243.85911523203242,940.2,579.8
441,430,243.20858385655447,965.7578558907651,243.85911523203242,940.2,579.8
442,431,243.20858385655447,966.646744779654,278.8591152320324,940.2,579.8
443,432,243.20858385655447,967.5356336685429,313.8591152320324,940.2,579.8
444,433,243.20858385655447,968.4245225574317,348.8591152320324,940.2,579.8
445,434,243.20858385655447,969.3134114463206,383.8591152320324,940.2,579.8
446,435,243.20858385655447,970.2023003352095,418.8591152320324,940.2,579.8
447,436,243.20858385655447,971.0911892240985,453.8591152320324,940.2,579.8
448,437,243.20858385655447,971.9800781129873,488.8591152320324,940.2,579.8
449,438,243.20858385655447,972.8689670018762,523.8591152320324,940.2,579.8
450,439,243.20858385655447,973.7578558907651,558.8591152320324,940.2,579.8
451,440,243.20858385655447,973.7578558907651,558.8591152320324,940.2,579.8
452,441,243.20858385655447,973.7578558907651,558.8591152320324,940.2,579.8
453,442,243.20858385655447,973.7578558907651,558.8591152320324,940.2,579.8
454,443,243.20858385655447,973.7578558907651,558.8591152320324,940.2,579.8
455,444,243.20858385655447,973.7578558907651,558.8591152320324,938.8416666666667,585.9083333333333
456,445,243.20858385655447,973.7578558907651,558.8591152320324,937.4833333333333,592.0166666666667
457,446,243.20858385655447,973.7578558907651,558.8591152320324,936.125,598.125
458,447,243.20858385655447,973.7578558907651,558.8591152320324,934.7666666666667,604.2333333333333
459,448,243.20858385655447,973.7578558907651,558.8591152320324,933.4083333333333,610.3416666666667
460,449,243.20858385655447,973.7578558907651,558.8591152320324,932.05,616.45
461,450,243.20858385655447,973.7578558907651,558.8591152320324,930.6916666666667,622.5583333333333
462,451,243.20858385655447,973.7578558907651,558.8591152320324,929.3333333333334,628.6666666666666
463,452,243.20858385655447,973.7578558907651,558.8591152320324,927.975,634.775
464,453,40.87985273886755,973.7578558907651,558.8591152320324,926.6166666666667,640.8833333333333
465,454,40.87985273886755,973.7578558907651,558.8591152320324,925.2583333333333,646.9916666666667
466,455,40.87985273886755,972.5356336685429,570.414670787588,923.9,653.1
467,456,40.87985273886755,971.3134114463206,581.9702263431435,923.9,653.1
468,457,40.87985273886755,970.0911892240985,593.525781898699,923.9,653.1
469,458,40.87985273886755,968.8689670018762,605.0813374542546,923.9,653.1
470,459,40.87985273886755,967.646744779654,616.6368930098103,923.9,653.1
471,460,40.87985273886755,966.4245225574317,628.1924485653658,923.9,653.1
472,461,40.87985273886755,965.2023003352095,639.7480041209213,923.9,653.1
473,462,40.87985273886755,963.9800781129873,651.3035596764769,923.9,653.1
474,463,40.87985273886755,962.7578558907651,662.8591152320324,923.9,653.1
475,464,40.87985273886755,962.7578558907651,662.8591152320324,923.9,653.1
476,465,40.87985273886755,962.7578558907651,662.8591152320324,923.9,653.1
477,466,40.87985273886755,962.7578558907651,662.8591152320324,923.9,653.1
478,467,40.87985273886755,962.7578558907651,662.8591152320324,923.9,653.1
479,468,40.87985273886755,962.7578558907651,662.8591152320324,923.9,653.1
480,469,40.87985273886755,962.7578558907651,662.8591152320324,923.9,653.1
481,470,40.87985273886755,962.7578558907651,662.8591152320324,923.9,653.1
482,471,40.87985273886755,962.7578558907651,662.8591152320324,923.9,653.1
483,472,40.87985273886755,962.7578558907651,662.8591152320324,923.9,653.1
484,473,40.87985273886755,962.7578558907651,662.8591152320324,923.9,653.1
485,474,40.87985273886755,962.7578558907651,662.8591152320324,923.9,653.1
486,475,40.87985273886755,962.7578558907651,662.8591152320324,923.9,653.1
487,476,40.87985273886755,962.7578558907651,662.8591152320324,923.9,653.1
488,477,40.87985273886755,962.7578558907651,662.8591152320324,923.9,653.1
489,478,40.87985273886755,962.7578558907651,662.8591152320324,923.9,653.1
490,479,40.87985273886755,962.7578558907651,662.8591152320324,923.9,653.1
491,480,40.87985273886755,962.7578558907651,662.8591152320324,923.9,653.1
492,481,40.87985273886755,962.7578558907651,662.8591152320324,923.9,653.1
493,482,40.87985273886755,962.7578558907651,662.8591152320324,923.9,653.1
494,483,40.87985273886755,962.7578558907651,662.8591152320324,923.9,653.1
495,484,40.87985273886755,962.7578558907651,662.8591152320324,923.9,653.1
496,485,40.87985273886755,962.7578558907651,662.8591152320324,923.9,653.1
497,486,40.87985273886755,962.7578558907651,662.8591152320324,923.9,653.1
498,487,40.87985273886755,962.7578558907651,662.8591152320324,923.9,653.1
499,488,40.87985273886755,962.7578558907651,662.8591152320324,923.9,653.1
500,489,40.87985273886755,962.7578558907651,662.8591152320324,923.9,653.1
501,490,40.87985273886755,962.7578558907651,662.8591152320324,923.9,653.1
502,491,40.87985273886755,962.7578558907651,662.8591152320324,923.9,653.1
503,492,40.87985273886755,962.7578558907651,662.8591152320324,950.8249999999999,644.225
504,493,40.662620810876376,962.7578558907651,662.8591152320324,977.75,635.35
505,494,41.60519092469492,962.7578558907651,662.8591152320324,1004.675,626.475
506,495,43.63246385393664,962.7578558907651,662.8591152320324,1031.6,617.6
507,495,40.86131447537074,962.7578558907651,662.8591152320324,1031.6,617.6
508,496,38.185521694316165,962.7578558907651,662.8591152320324,1031.6,617.6
509,497,36.631651926887116,962.7578558907651,662.8591152320324,1031.6,617.6
510,498,36.34389340909564,962.7578558907651,662.8591152320324,1031.6,617.6
511,499,37.351520220526304,962.7578558907651,662.8591152320324,1031.6,617.6
512,500,39.555661375467466,962.7578558907651,662.8591152320324,1031.6,617.6
513,501,39.555661375467466,962.7578558907651,662.8591152320324,1031.6,617.6
514,502,39.555661375467466,962.7578558907651,662.8591152320324,1031.6,617.6
515,503,39.555661375467466,962.7578558907651,662.8591152320324,1031.6,617.6
516,504,39.555661375467466,962.7578558907651,662.8591152320324,1031.6,617.6
517,505,39.555661375467466,962.7578558907651,662.8591152320324,1031.6,617.6
518,506,39.555661375467466,962.7578558907651,662.8591152320324,1031.6,617.6
519,507,39.555661375467466,962.7578558907651,662.8591152320324,1031.6,617.6
520,508,39.555661375467466,962.7578558907651,662.8591152320324,1031.6,617.6
521,509,39.555661375467466,962.7578558907651,662.8591152320324,1031.6,617.6
522,510,39.555661375467466,963.5178558907651,663.6591152320324,1031.6,617.6
523,511,39.555661375467466,964.2778558907651,664.4591152320324,1031.6,617.6
524,512,39.555661375467466,965.0378558907651,665.2591152320324,1031.6,617.6
525,513,39.555661375467466,965.797855890765,666.0591152320325,1050.85,620.6
526,514,39.555661375467466,966.557855890765,666.8591152320324,1070.1,623.6
527,515,39.555661375467466,967.317855890765,667.6591152320324,1070.1,623.6
528,516,33.67012933107856,968.0778558907651,668.4591152320324,1070.1,623.6
529,517,32.70967587276224,968.8378558907651,669.2591152320324,1070.1,623.6
530,518,32.64275868514267,969.5978558907651,670.0591152320325,1070.1,623.6
531,519,33.47473682939749,970.3578558907651,670.8591152320324,1070.1,623.6
532,520,35.1418245024938,971.1178558907651,671.6591152320324,1070.1,623.6
533,521,37.53290776473887,971.8778558907651,672.4591152320324,1070.1,623.6
534,522,40.52001991034066,972.6378558907651,673.2591152320324,1070.1,623.6
535,523,43.981886886968375,973.3978558907651,674.0591152320325,1070.1,623.6
536,524,47.815502162870224,974.1578558907651,674.8591152320324,1070.1,623.6
537,525,44.705308323327856,974.917855890765,675.6591152320324,1070.1,623.6
538,526,42.29799698084151,975.677855890765,676.4591152320324,1070.1,623.6
539,527,40.71842477318911,976.437855890765,677.2591152320324,1070.1,623.6
540,528,40.06461399464065,977.1978558907651,678.0591152320325,1070.1,623.6
541,529,40.06461399464065,977.9578558907651,678.8591152320324,1070.1,623.6
542,530,40.06461399464065,978.7178558907651,679.6591152320324,1070.1,623.6
543,531,40.06461399464065,979.4778558907651,680.4591152320324,1070.1,623.6
544,532,40.06461399464065,980.2378558907651,681.2591152320324,1070.1,623.6
545,533,40.06461399464065,980.9978558907651,682.0591152320325,1070.1,623.6
546,534,40.06461399464065,981.7578558907651,682.8591152320324,1070.1,623.6
547,535,40.06461399464065,981.7578558907651,682.8591152320324,1070.1,623.6
548,536,40.06461399464065,981.7578558907651,682.8591152320324,1070.1,623.6
549,537,40.06461399464065,981.7578558907651,682.8591152320324,1070.1,623.6
550,538,40.06461399464065,981.7578558907651,682.8591152320324,1070.1,623.6
551,539,40.06461399464065,981.7578558907651,682.8591152320324,1070.1,623.6
552,540,40.06461399464065,981.7578558907651,682.8591152320324,1070.1,623.6
553,541,40.06461399464065,981.7578558907651,682.8591152320324,1070.1,623.6
554,542,40.06461399464065,981.7578558907651,682.8591152320324,1070.1,623.6
555,543,40.06461399464065,981.7578558907651,682.8591152320324,1070.1,623.6
556,544,40.06461399464065,981.7578558907651,682.8591152320324,1070.1,623.6
557,545,40.06461399464065,981.7578558907651,682.8591152320324,1070.1,623.6
558,546,40.06461399464065,981.7578558907651,682.8591152320324,1070.1,623.6
559,547,40.06461399464065,981.7578558907651,682.8591152320324,1070.1,623.6
560,548,40.06461399464065,981.7578558907651,682.8591152320324,1070.1,623.6
561,549,40.06461399464065,981.7578558907651,682.8591152320324,1070.1,623.6
562,550,40.06461399464065,981.7578558907651,682.8591152320324,1070.1,623.6
563,551,40.06461399464065,981.7578558907651,682.8591152320324,1070.1,623.6
564,552,40.06461399464065,981.7578558907651,682.8591152320324,1070.1,623.6
565,553,40.06461399464065,981.7578558907651,682.8591152320324,1070.1,623.6
566,554,40.06461399464065,981.7578558907651,682.8591152320324,1070.1,623.6
567,555,40.06461399464065,981.7578558907651,682.8591152320324,1070.1,623.6
568,556,40.06461399464065,981.7578558907651,682.8591152320324,1070.1,623.6
569,557,40.06461399464065,981.7578558907651,682.8591152320324,1070.1,623.6
570,558,40.06461399464065,981.7578558907651,682.8591152320324,1070.1,623.6
571,559,40.06461399464065,981.7578558907651,682.8591152320324,1070.1,623.6
572,560,40.06461399464065,981.7578558907651,682.8591152320324,1070.1,623.6
573,561,40.06461399464065,981.7578558907651,682.8591152320324,1070.1,623.6
574,562,40.06461399464065,981.7578558907651,682.8591152320324,1070.1,623.6
575,563,40.06461399464065,981.7578558907651,682.8591152320324,1070.1,623.6
576,564,40.06461399464065,981.7578558907651,682.8591152320324,1070.1,623.6
577,565,22.12743320384067,981.7578558907651,682.8591152320324,1070.1,623.6
578,565,22.12743320384067,1017.7578558907651,684.9702263431435,1070.1,623.6
579,565,22.12743320384067,1053.757855890765,687.0813374542546,1070.1,623.6
580,565,22.12743320384067,1089.757855890765,689.1924485653658,1070.1,623.6
581,565,22.12743320384067,1125.757855890765,691.3035596764769,1116.1599999999999,631.14
582,565,22.12743320384067,1161.757855890765,693.414670787588,1162.22,638.68
583,565,22.12743320384067,1197.757855890765,695.525781898699,1208.28,646.22
584,565,23.21192420967386,1233.757855890765,697.6368930098103,1254.3400000000001,653.76
585,565,24.298122372744377,1269.757855890765,699.7480041209213,1300.4,661.3
586,565,25.385808558446065,1305.757855890765,701.8591152320324,1300.4,661.3
587,565,26.474799366402966,1305.757855890765,701.8591152320324,1300.4,661.3
588,565,27.5649401743683,1305.757855890765,701.8591152320324,1300.4,661.3
589,565,28.656099737084176,1305.757855890765,701.8591152320324,1300.4,661.3
590,565,29.748165951314338,1305.757855890765,701.8591152320324,1300.4,661.3
591,565,30.84104250495028,1305.757855890765,701.8591152320324,1300.4,661.3
592,566,35.65361319373171,1305.757855890765,701.8591152320324,1300.4,661.3
593,567,56.103618998637884,1305.757855890765,701.8591152320324,1300.4,661.3
594,568,81.12014358789314,1305.757855890765,701.8591152320324,1300.4,661.3
595,569,81.09412445452274,1305.757855890765,701.8591152320324,1300.4,661.3
596,570,81.08311505098231,1305.757855890765,701.8591152320324,1300.4,661.3
597,571,81.08712149099915,1305.757855890765,701.8591152320324,1300.4,661.3
598,572,81.1061415493381,1305.757855890765,701.8591152320324,1300.4,661.3
599,573,81.14016466797734,1305.757855890765,701.8591152320324,1300.4,661.3
600,574,81.18917198538055,1305.757855890765,701.8591152320324,1300.4,661.3
601,575,81.2531363886768,1305.757855890765,701.8591152320324,1300.4,661.3
602,576,81.33202258841301,1305.757855890765,701.8591152320324,1300.4,661.3
603,577,81.42578721539839,1305.757855890765,701.8591152320324,1300.4,661.3
604,578,81.53437893902515,1305.757855890765,701.8591152320324,1300.4,661.3
605,579,81.65773860631808,1305.757855890765,701.8591152320324,1300.4,661.3
606,580,81.7957994008432,1305.757855890765,701.8591152320324,1300.4,661.3
607,581,81.9484870204948,1305.757855890765,701.8591152320324,1300.4,661.3
608,582,82.11571987307555,1305.757855890765,701.8591152320324,1252.0142857142857,659.5142857142856
609,583,82.11571987307555,1305.757855890765,701.8591152320324,1203.6285714285716,657.7285714285714
610,584,82.11571987307555,1305.757855890765,701.8591152320324,1155.2428571428572,655.9428571428571
611,585,82.11571987307555,1305.757855890765,701.8591152320324,1106.857142857143,654.1571428571428
612,586,82.11571987307555,1305.757855890765,701.8591152320324,1058.4714285714285,652.3714285714285
613,587,93.00495582003553,1305.757855890765,701.8591152320324,1010.0857142857144,650.5857142857143
614,588,106.37658183970805,1305.757855890765,701.8591152320324,961.7,648.8
615,589,106.37658183970805,1305.757855890765,701.8591152320324,961.7,648.8
616,590,106.37658183970805,1305.757855890765,701.8591152320324,961.7,648.8
617,591,106.37658183970805,1305.757855890765,701.8591152320324,961.7,648.8
618,592,106.37658183970805,1267.3134114463207,700.6368930098103,961.7,648.8
619,593,106.37658183970805,1228.8689670018762,699.414670787588,961.7,648.8
620,594,106.37658183970805,1190.4245225574318,698.1924485653658,961.7,648.8
621,595,106.37658183970805,1151.9800781129873,696.9702263431435,961.7,648.8
622,596,106.37658183970805,1113.535633668543,695.7480041209213,961.7,648.8
623,597,106.37658183970805,1075.0911892240983,694.525781898699,961.7,648.8
624,598,106.37658183970805,1036.646744779654,693.3035596764769,961.7,648.8
625,599,106.37658183970805,998.2023003352095,692.0813374542546,961.7,648.8
626,600,106.37658183970805,959.7578558907651,690.8591152320324,961.7,648.8
627,601,106.37658183970805,959.7578558907651,690.8591152320324,961.7,648.8
628,602,106.37658183970805,959.7578558907651,690.8591152320324,961.7,648.8
629,603,106.37658183970805,959.7578558907651,690.8591152320324,961.7,648.8
630,604,106.37658183970805,959.7578558907651,690.8591152320324,961.7,648.8
631,605,106.37658183970805,959.7578558907651,690.8591152320324,961.7,648.8
632,606,106.37658183970805,959.7578558907651,690.8591152320324,961.7,648.8
633,607,106.37658183970805,959.7578558907651,690.8591152320324,961.7,648.8
634,608,106.37658183970805,959.7578558907651,690.8591152320324,961.7,648.8
635,609,106.37658183970805,959.7578558907651,690.8591152320324,961.7,648.8
636,610,106.37658183970805,959.7578558907651,690.8591152320324,961.7,648.8
637,611,106.37658183970805,959.7578558907651,690.8591152320324,961.7,648.8
638,612,106.37658183970805,959.7578558907651,690.8591152320324,961.7,648.8
639,613,106.37658183970805,959.7578558907651,690.8591152320324,961.7,648.8
640,614,80.65980864941702,959.7578558907651,690.8591152320324,961.7,648.8
641,615,65.55109365272209,959.7578558907651,690.8591152320324,961.7,648.8
641,616,65.55109365272209,959.7578558907651,690.8591152320324,961.9000000000001,649.4159999999999
641,617,65.55109365272209,959.7578558907651,690.8591152320324,962.1,650.0319999999999
641,618,65.55109365272209,959.7578558907651,690.8591152320324,962.3000000000001,650.6479999999999
641,619,65.55109365272209,959.7578558907651,690.8591152320324,962.5,651.264
641,620,65.55109365272209,959.7578558907651,690.8591152320324,962.7,651.88
641,621,65.55109365272209,959.7578558907651,690.8591152320324,962.9000000000001,652.496
641,622,65.55109365272209,959.7578558907651,690.8591152320324,963.1,653.112
641,623,65.55109365272209,959.7578558907651,690.8591152320324,963.3000000000001,653.728
641,624,65.55109365272209,959.7578558907651,690.8591152320324,963.5,654.3439999999999
641,625,65.55109365272209,959.7578558907651,690.8591152320324,963.7,654.96
641,626,65.55109365272209,939.7578558907651,258.8591152320324,963.9000000000001,655.576
641,627,65.55109365272209,939.7578558907651,258.8591152320324,964.1,656.192
641,628,65.55109365272209,939.7578558907651,258.8591152320324,964.3000000000001,656.808
641,629,65.55109365272209,939.7578558907651,258.8591152320324,964.5,657.424
641,630,65.55109365272209,939.7578558907651,258.8591152320324,964.7,658.04
641,631,65.55109365272209,939.7578558907651,258.8591152320324,964.9000000000001,658.6560000000001
641,632,65.55109365272209,939.7578558907651,258.8591152320324,965.1,659.272
641,633,65.55109365272209,939.7578558907651,258.8591152320324,965.3000000000001,659.888
641,634,65.55109365272209,939.7578558907651,258.8591152320324,965.5,660.504
641,635,65.55109365272209,939.7578558907651,258.8591152320324,965.7,661.12
641,636,65.55109365272209,939.7578558907651,258.8591152320324,965.9000000000001,661.736
641,637,65.55109365272209,939.7578558907651,258.8591152320324,966.1,662.3520000000001
641,638,65.55109365272209,939.7578558907651,258.8591152320324,966.3000000000001,662.9680000000001
641,639,65.55109365272209,939.7578558907651,258.8591152320324,966.5,663.5840000000001
641,640,65.55109365272209,939.7578558907651,258.8591152320324,966.7,664.2
641,641,65.55109365272209,939.7578558907651,258.8591152320324,966.7,664.2
642,642,68.4748173201086,939.7578558907651,258.8591152320324,966.7,664.2
643,643,60.92431986198035,939.7578558907651,258.8591152320324,966.7,664.2
644,644,54.73662177558405,939.7578558907651,258.8591152320324,966.7,664.2
645,645,50.416025679317315,939.7578558907651,258.8591152320324,966.7,664.2
646,646,48.464485928643214,939.7578558907651,258.8591152320324,966.7,664.2
647,646,48.503678244997815,939.7578558907651,258.8591152320324,966.7,664.2
648,647,40.91147086272374,939.7578558907651,258.8591152320324,966.7,664.2
649,647,40.91147086272374,939.7578558907651,258.8591152320324,966.7,664.2
650,647,40.91147086272374,939.7578558907651,258.8591152320324,966.7,664.2
651,647,40.91147086272374,939.7578558907651,258.8591152320324,966.7,664.2
652,647,40.91147086272374,939.7578558907651,258.8591152320324,999.5666666666667,653.2666666666667
653,647,40.91147086272374,939.7578558907651,258.8591152320324,1032.4333333333334,642.3333333333334
654,647,40.91147086272374,939.7578558907651,258.8591152320324,1065.3,631.4
655,647,40.91147086272374,939.7578558907651,258.8591152320324,1065.3,631.4
656,647,40.91147086272374,939.7578558907651,258.8591152320324,1065.3,631.4
657,647,40.91147086272374,939.7578558907651,258.8591152320324,1065.3,631.4
658,648,40.91147086272374,939.7578558907651,258.8591152320324,1065.3,631.4
659,649,40.91147086272374,939.7578558907651,258.8591152320324,1065.3,631.4
660,650,40.91147086272374,939.7578558907651,258.8591152320324,1065.3,631.4
661,651,40.91147086272374,939.7578558907651,258.8591152320324,1065.3,631.4
662,652,40.91147086272374,939.7578558907651,258.8591152320324,1065.3,631.4
663,653,40.91147086272374,939.7578558907651,258.8591152320324,1065.3,631.4
664,654,40.91147086272374,939.7578558907651,258.8591152320324,1065.3,631.4
665,655,40.91147086272374,939.7578558907651,258.8591152320324,1065.3,631.4
666,656,40.91147086272374,939.7578558907651,258.8591152320324,1065.3,631.4
667,657,40.91147086272374,939.7578558907651,258.8591152320324,1065.3,631.4
668,658,40.91147086272374,939.7578558907651,258.8591152320324,1065.3,631.4
669,659,40.91147086272374,939.7578558907651,258.8591152320324,1065.3,631.4
670,660,40.91147086272374,939.7578558907651,258.8591152320324,1065.3,631.4
671,661,40.91147086272374,939.7578558907651,258.8591152320324,1065.3,631.4
672,662,40.91147086272374,936.2284441260592,256.7414681732089,1065.3,631.4
673,663,40.91147086272374,932.6990323613534,254.62382111438535,1065.3,631.4
674,664,40.91147086272374,929.1696205966474,252.50617405556184,1065.3,631.4
675,665,40.91147086272374,925.6402088319415,250.3885269967383,1065.3,631.4
676,666,40.91147086272374,922.1107970672357,248.27087993791477,1065.3,631.4
677,667,40.91147086272374,918.5813853025298,246.15323287909123,1065.3,631.4
678,668,40.91147086272374,915.0519735378239,244.03558582026773,1065.3,631.4
679,669,40.91147086272374,911.522561773118,241.9179387614442,1065.3,631.4
680,670,43.87632709043171,907.9931500084122,239.80029170262065,1065.3,631.4
681,670,46.12750272122722,904.4637382437063,237.68264464379712,1065.3,631.4
682,671,42.563743485894655,900.9343264790003,235.5649975849736,1065.3,631.4
683,672,41.15690404408927,897.4049147142945,233.44735052615007,1065.3,631.4
684,673,42.12365107847164,893.8755029495886,231.32970346732654,1065.3,631.4
685,674,45.31231563926519,890.3460911848828,229.212056408503,1065.3,631.4
686,675,50.30211382963032,886.8166794201768,227.0944093496795,1065.3,631.4
687,676,56.61883168691227,883.2872676554709,224.97676229085596,1065.3,631.4
687,677,56.61883168691227,879.7578558907651,222.85911523203242,1065.3,631.4
687,678,56.61883168691227,879.7578558907651,222.85911523203242,1065.3,631.4
687,679,56.61883168691227,879.7578558907651,222.85911523203242,1065.3,631.4
687,680,56.61883168691227,879.7578558907651,222.85911523203242,1065.3,631.4
687,681,56.61883168691227,879.7578558907651,222.85911523203242,1065.3,631.4
687,682,56.61883168691227,879.7578558907651,222.85911523203242,1065.3,631.4
687,683,56.61883168691227,879.7578558907651,222.85911523203242,1065.3,631.4
687,684,56.61883168691227,879.7578558907651,222.85911523203242,1065.3,631.4
687,685,56.61883168691227,879.7578558907651,222.85911523203242,1065.3,631.4
687,686,56.61883168691227,879.7578558907651,222.85911523203242,1065.3,631.4
687,687,56.61883168691227,879.7578558907651,222.85911523203242,1065.3,631.4
687,688,56.61883168691227,879.7578558907651,222.85911523203242,1065.3,631.4
687,689,56.61883168691227,879.7578558907651,222.85911523203242,1065.3,631.4
687,690,56.61883168691227,879.7578558907651,222.85911523203242,1065.3,631.4
687,691,56.61883168691227,879.7578558907651,222.85911523203242,1065.3,631.4
687,692,56.61883168691227,879.7578558907651,222.85911523203242,1065.3,631.4
687,693,56.61883168691227,641.7578558907651,250.85911523203242,1065.3,631.4
687,694,56.61883168691227,641.7578558907651,250.85911523203242,1065.3,631.4
687,695,56.61883168691227,641.7578558907651,250.85911523203242,1065.3,631.4
687,696,56.61883168691227,641.7578558907651,250.85911523203242,1065.3,631.4
687,697,56.61883168691227,641.7578558907651,250.85911523203242,1065.3,631.4
687,698,56.61883168691227,641.7578558907651,250.85911523203242,1065.3,631.4
687,699,56.61883168691227,641.7578558907651,250.85911523203242,1065.3,631.4
687,700,56.61883168691227,641.7578558907651,250.85911523203242,1065.3,631.4
687,701,56.61883168691227,641.7578558907651,250.85911523203242,1065.3,631.4
687,702,56.61883168691227,641.7578558907651,250.85911523203242,1065.3,631.4
687,703,56.61883168691227,641.7578558907651,250.85911523203242,1065.3,631.4
687,704,56.019532573140715,641.7578558907651,250.85911523203242,1065.3,631.4
687,705,55.42132143710987,641.7578558907651,250.85911523203242,1065.3,631.4
687,706,54.82423389303061,641.7578558907651,250.85911523203242,1065.3,631.4
687,707,54.22830705526402,641.7578558907651,250.85911523203242,1065.3,631.4
687,708,53.63357961391604,641.7578558907651,250.85911523203242,1065.3,631.4
687,709,53.04009191474448,641.7578558907651,250.85911523203242,1065.3,631.4
687,710,52.447886043641674,641.7578558907651,250.85911523203242,1065.3,631.4
687,711,51.85700591597143,641.7578558907651,250.85911523203242,1065.3,631.4
687,712,51.26749737105738,641.7578558907651,250.85911523203242,1065.3,631.4
687,713,50.679408272133955,641.7578558907651,250.85911523203242,1065.3,631.4
687,714,50.09278861209378,641.7578558907651,250.85911523203242,1065.3,631.4
687,715,49.50769062537852,641.7578558907651,250.85911523203242,1035.425,637.65
687,716,48.92416890638476,641.7578558907651,250.85911523203242,1005.55,643.9
687,717,48.34228053477354,891.7578558907651,581.8591152320324,975.675,650.15
687,718,47.76208520809176,891.7578558907651,581.8591152320324,945.8,656.4
687,719,47.18364538213726,891.7578558907651,581.8591152320324,945.8,656.4
687,720,46.60702641951708,891.7578558907651,581.8591152320324,945.8,656.4
687,721,46.032296746869314,891.7578558907651,581.8591152320324,945.8,656.4
687,722,45.45952802124231,891.7578558907651,581.8591152320324,945.8,656.4
687,723,44.88879530613834,891.7578558907651,581.8591152320324,945.8,656.4
687,724,44.32017725775315,891.7578558907651,581.8591152320324,945.8,656.4
687,725,43.753756321954036,891.7578558907651,581.8591152320324,945.8,656.4
687,726,43.18961894255616,891.7578558907651,581.8591152320324,945.8,656.4
687,727,42.627855781466245,891.7578558907651,581.8591152320324,945.8,656.4
687,728,42.068561951269004,891.7578558907651,581.8591152320324,945.8,656.4
687,729,42.068561951269004,891.7578558907651,581.8591152320324,945.8,656.4
687,730,42.068561951269004,891.7578558907651,581.8591152320324,945.8,656.4
687,731,42.068561951269004,891.7578558907651,581.8591152320324,945.8,656.4
687,732,42.068561951269004,891.7578558907651,581.8591152320324,945.8,656.4
687,733,42.068561951269004,891.7578558907651,581.8591152320324,945.8,656.4
687,734,42.068561951269004,891.7578558907651,581.8591152320324,945.8,656.4
687,735,42.068561951269004,950.7578558907651,665.8591152320324,945.8,656.4
687,736,42.068561951269004,950.7578558907651,665.8591152320324,945.8,656.4
687,737,42.068561951269004,950.7578558907651,665.8591152320324,945.8,656.4
687,738,42.068561951269004,950.7578558907651,665.8591152320324,945.8,656.4
687,739,42.068561951269004,950.7578558907651,665.8591152320324,945.8,656.4
687,740,38.838642662112264,950.7578558907651,665.8591152320324,945.8,656.4
687,741,60.387312691771925,950.7578558907651,665.8591152320324,945.8,656.4
687,742,90.46726488373316,950.7578558907651,665.8591152320324,945.8,656.4
687,743,90.46726488373316,950.7578558907651,665.8591152320324,945.8,656.4
687,744,90.46726488373316,950.7578558907651,665.8591152320324,945.8,656.4
687,745,90.46726488373316,950.7578558907651,665.8591152320324,945.8,656.4
687,746,90.46726488373316,950.7578558907651,665.8591152320324,945.8,656.4
687,747,90.46726488373316,950.7578558907651,665.8591152320324,945.8,656.4
687,748,90.46726488373316,950.7578558907651,665.8591152320324,945.8,656.4
687,749,90.46726488373316,950.7578558907651,665.8591152320324,945.8,656.4
687,750,90.46726488373316,950.7578558907651,665.8591152320324,945.8,656.4
687,751,90.46726488373316,950.7578558907651,665.8591152320324,945.8,656.4
687,752,90.46726488373316,950.7578558907651,665.8591152320324,945.8,656.4
687,753,90.46726488373316,950.7578558907651,665.8591152320324,945.8,656.4
687,754,90.46726488373316,950.7578558907651,665.8591152320324,945.8,656.4
687,755,90.46726488373316,950.7578558907651,665.8591152320324,948.925,605.55
687,756,90.46726488373316,950.7578558907651,665.8591152320324,952.05,554.7
687,757,90.46726488373316,950.7578558907651,665.8591152320324,955.175,503.85
687,758,90.46726488373316,950.7578558907651,665.8591152320324,958.3,453.0
687,759,90.46726488373316,950.7578558907651,665.8591152320324,961.425,402.15
687,760,90.46726488373316,950.7578558907651,665.8591152320324,964.55,351.3
687,761,90.46726488373316,950.7578558907651,665.8591152320324,967.675,300.45000000000005
687,762,90.46726488373316,950.7578558907651,665.8591152320324,970.8,249.6
687,763,90.46726488373316,950.7578558907651,665.8591152320324,970.8,249.6
687,764,90.46726488373316,950.7578558907651,665.8591152320324,970.8,249.6
687,765,90.46726488373316,950.7578558907651,665.8591152320324,970.8,249.6
687,766,90.46726488373316,950.7578558907651,665.8591152320324,970.8,249.6
687,767,90.46726488373316,950.7578558907651,665.8591152320324,970.8,249.6
687,768,90.46726488373316,950.7578558907651,665.8591152320324,970.8,249.6
687,769,90.46726488373316,950.7578558907651,665.8591152320324,970.8,249.6
687,770,90.46726488373316,950.7578558907651,665.8591152320324,970.8,249.6
687,771,90.46726488373316,950.7578558907651,665.8591152320324,970.8,249.6
687,772,90.46726488373316,950.7578558907651,665.8591152320324,970.8,249.6
687,773,90.46726488373316,952.7578558907651,631.9702263431435,970.8,249.6
687,774,90.46726488373316,954.7578558907651,598.0813374542547,970.8,249.6
687,775,90.46726488373316,956.7578558907651,564.1924485653658,970.8,249.6
687,776,90.46726488373316,958.7578558907651,530.3035596764769,970.8,249.6
687,777,90.46726488373316,960.7578558907651,496.41467078758797,970.8,249.6
687,778,90.46726488373316,962.7578558907651,462.5257818986991,970.8,249.6
687,779,90.46726488373316,964.7578558907651,428.63689300981025,970.8,249.6
687,780,90.46726488373316,966.7578558907651,394.74800412092134,970.8,249.6
687,781,90.46726488373316,968.7578558907651,360.8591152320324,970.8,249.6
687,782,90.46726488373316,968.7578558907651,360.8591152320324,970.8,249.6
687,783,90.46726488373316,968.7578558907651,360.8591152320324,970.8,249.6
687,784,90.46726488373316,968.7578558907651,360.8591152320324,970.8,249.6
687,785,90.46726488373316,968.7578558907651,360.8591152320324,970.8,249.6
687,786,90.46726488373316,968.7578558907651,360.8591152320324,970.8,249.6
687,787,90.46726488373316,968.7578558907651,360.8591152320324,970.8,249.6
687,788,90.46726488373316,968.7578558907651,360.8591152320324,970.8,249.6
687,789,90.46726488373316,968.7578558907651,360.8591152320324,970.8,249.6
687,790,90.46726488373316,968.7578558907651,360.8591152320324,970.8,249.6
687,791,90.46726488373316,968.7578558907651,360.8591152320324,970.8,249.6
687,792,90.46726488373316,968.7578558907651,360.8591152320324,970.8,249.6
687,793,90.46726488373316,968.7578558907651,360.8591152320324,970.8,249.6
687,794,90.46726488373316,968.7578558907651,360.8591152320324,970.8,249.6
687,795,90.46726488373316,968.7578558907651,360.8591152320324,970.8,249.6
687,796,90.46726488373316,968.7578558907651,360.8591152320324,970.8,249.6
687,797,90.46726488373316,968.646744779654,347.9702263431435,970.8,249.6
687,798,90.46726488373316,968.5356336685429,335.08133745425465,970.8,249.6
687,799,90.46726488373316,968.4245225574317,322.19244856536574,970.8,249.6
687,800,90.46726488373316,968.3134114463206,309.3035596764769,970.8,249.6
687,801,90.46726488373316,968.2023003352095,296.41467078758797,970.8,249.6
687,802,90.46726488373316,968.0911892240985,283.52578189869905,970.8,249.6
687,803,90.46726488373316,967.9800781129873,270.6368930098102,970.8,249.6
687,804,90.46726488373316,967.8689670018762,257.74800412092134,970.8,249.6
687,805,90.46726488373316,967.7578558907651,244.85911523203242,970.8,249.6
687,806,90.46726488373316,967.7578558907651,244.85911523203242,970.8,249.6
687,807,90.46726488373316,967.7578558907651,244.85911523203242,970.8,249.6
687,808,90.46726488373316,967.7578558907651,244.85911523203242,970.8,249.6
687,809,90.46726488373316,967.7578558907651,244.85911523203242,970.8,249.6
687,810,90.46726488373316,967.7578558907651,244.85911523203242,970.8,249.6
687,811,90.46726488373316,967.7578558907651,244.85911523203242,970.8,249.6
687,812,90.46726488373316,967.7578558907651,244.85911523203242,970.8,249.6
687,813,90.46726488373316,967.7578558907651,244.85911523203242,970.8,249.6
687,814,65.9416398597588,967.7578558907651,244.85911523203242,970.8,249.6
687,815,48.73838291577512,967.7578558907651,244.85911523203242,970.8,249.6
688,816,43.710268125110446,967.7578558907651,244.85911523203242,970.8,249.6
688,817,37.1786546776757,967.7578558907651,244.85911523203242,970.8,249.6
688,818,37.1786546776757,967.7578558907651,244.85911523203242,970.8,249.6
688,819,37.1786546776757,967.7578558907651,244.85911523203242,970.8,249.6
688,820,37.1786546776757,967.7578558907651,244.85911523203242,970.8,249.6
688,821,37.1786546776757,967.7578558907651,244.85911523203242,970.8,249.6
688,822,37.1786546776757,967.7578558907651,244.85911523203242,970.8,249.6
688,823,37.1786546776757,967.7578558907651,244.85911523203242,970.8,249.6
688,824,37.1786546776757,967.7578558907651,244.85911523203242,970.8,249.6
688,825,37.1786546776757,967.7578558907651,244.85911523203242,1006.5625,307.0625
688,826,37.1786546776757,967.7578558907651,244.85911523203242,1042.325,364.525
688,827,37.1786546776757,967.7578558907651,244.85911523203242,1078.0875,421.98749999999995
688,828,37.1786546776757,967.7578558907651,244.85911523203242,1113.85,479.44999999999993
688,829,37.1786546776757,967.7578558907651,244.85911523203242,1149.6125,536.9124999999999
688,830,37.1786546776757,967.7578558907651,244.85911523203242,1185.375,594.375
688,831,37.1786546776757,967.7578558907651,244.85911523203242,1221.1375,651.8375
689,832,37.1786546776757,967.7578558907651,244.85911523203242,1256.9,709.3
690,833,37.1786546776757,967.7578558907651,244.85911523203242,1256.9,709.3
691,834,37.1786546776757,967.7578558907651,244.85911523203242,1256.9,709.3
692,835,37.1786546776757,967.7578558907651,244.85911523203242,1256.9,709.3
693,836,37.1786546776757,967.7578558907651,244.85911523203242,1256.9,709.3
694,837,37.1786546776757,999.9800781129873,298.19244856536574,1256.9,709.3
695,838,37.1786546776757,1032.2023003352094,351.5257818986991,1256.9,709.3
696,839,37.1786546776757,1064.4245225574318,404.8591152320324,1256.9,709.3
697,840,37.1786546776757,1096.646744779654,458.1924485653658,1256.9,709.3
698,841,37.1786546776757,1128.8689670018762,511.5257818986991,1256.9,709.3
699,842,37.1786546776757,1161.0911892240983,564.8591152320324,1256.9,709.3
700,843,37.1786546776757,1193.3134114463205,618.1924485653658,1256.9,709.3
701,844,37.1786546776757,1225.535633668543,671.525781898699,1256.9,709.3
702,845,37.1786546776757,1257.757855890765,724.8591152320324,1256.9,709.3
703,846,37.1786546776757,1257.757855890765,724.8591152320324,1256.9,709.3
704,847,37.1786546776757,1257.757855890765,724.8591152320324,1256.9,709.3
705,848,37.1786546776757,1257.757855890765,724.8591152320324,1256.9,709.3
706,849,37.1786546776757,1257.757855890765,724.8591152320324,1256.9,709.3
707,850,37.1786546776757,1257.757855890765,724.8591152320324,1256.9,709.3
708,851,37.1786546776757,1257.757855890765,724.8591152320324,1256.9,709.3
709,852,37.1786546776757,1257.757855890765,724.8591152320324,1256.9,709.3
710,853,37.1786546776757,1257.757855890765,724.8591152320324,1256.9,709.3
711,854,85.99416206012056,1257.757855890765,724.8591152320324,1256.9,709.3
712,855,136.37710842807408,1257.757855890765,724.8591152320324,1256.9,709.3
713,856,187.06526066585184,1257.757855890765,724.8591152320324,1256.9,709.3
714,857,195.02434270279414,1257.757855890765,724.8591152320324,1256.9,709.3
715,858,144.91978053888056,1257.757855890765,724.8591152320324,1242.3736842105263,686.6263157894737
716,859,95.70771957484794,1257.757855890765,724.8591152320324,1227.8473684210528,663.9526315789474
717,860,50.09160239998466,1257.757855890765,724.8591152320324,1213.321052631579,641.278947368421
718,861,32.39360933546245,1257.757855890765,724.8591152320324,1198.7947368421053,618.6052631578947
719,861,32.39360933546245,1257.757855890765,724.8591152320324,1184.2684210526315,595.9315789473684
720,861,32.39360933546245,1257.757855890765,724.8591152320324,1169.742105263158,573.2578947368421
721,861,32.39360933546245,1257.757855890765,724.8591152320324,1155.2157894736843,550.5842105263157
722,861,32.39360933546245,1257.757855890765,724.8591152320324,1140.6894736842105,527.9105263157894
723,861,32.39360933546245,1257.757855890765,724.8591152320324,1126.163157894737,505.2368421052631
724,861,32.39360933546245,1257.757855890765,724.8591152320324,1111.6368421052632,482.56315789473683
725,861,32.39360933546245,1257.757855890765,724.8591152320324,1097.1105263157895,459.8894736842105
726,861,32.39360933546245,1242.4637382437063,699.9179387614441,1082.584210526316,437.2157894736842
727,861,32.39360933546245,1227.1696205966475,674.976762290856,1068.0578947368422,414.54210526315785
728,861,32.39360933546245,1211.8755029495885,650.0355858202677,1053.5315789473684,391.86842105263156
729,861,32.39360933546245,1196.5813853025297,625.0944093496795,1039.0052631578947,369.1947368421052
730,861,32.39360933546245,1181.287267655471,600.1532328790912,1024.4789473684211,346.5210526315789
731,861,32.39360933546245,1165.9931500084122,575.212056408503,1009.9526315789474,323.84736842105264
732,861,32.39360933546245,1150.6990323613534,550.2708799379147,995.4263157894736,301.1736842105263
733,861,32.39360933546245,1135.4049147142946,525.3297034673266,980.9,278.5
734,861,32.39360933546245,1120.1107970672356,500.3885269967383,980.9,278.5
735,861,32.39360933546245,1104.8166794201768,475.4473505261501,980.9,278.5
736,861,32.39360933546245,1089.522561773118,450.5061740555618,980.9,278.5
737,861,32.39360933546245,1074.2284441260592,425.5649975849736,980.9,278.5
738,861,32.39360933546245,1058.9343264790004,400.62382111438535,980.9,278.5
739,861,32.39360933546245,1043.6402088319414,375.6826446437971,980.9,278.5
740,861,32.39360933546245,1028.3460911848827,350.7414681732089,980.9,278.5
741,861,32.39360933546245,1013.0519735378239,325.80029170262065,980.9,278.5
742,861,32.39360933546245,997.7578558907651,300.8591152320324,980.9,278.5
743,861,32.39360933546245,997.7578558907651,300.8591152320324,980.9,278.5
744,861,32.39360933546245,997.7578558907651,300.8591152320324,980.9,278.5
745,861,32.39360933546245,997.7578558907651,300.8591152320324,980.9,278.5
746,861,32.39360933546245,997.7578558907651,300.8591152320324,980.9,278.5
747,861,32.39360933546245,997.7578558907651,300.8591152320324,980.9,278.5
748,861,32.39360933546245,997.7578558907651,300.8591152320324,980.9,278.5
749,861,32.39360933546245,997.7578558907651,300.8591152320324,980.9,278.5
750,861,32.39360933546245,997.7578558907651,300.8591152320324,980.9,278.5
751,861,32.39360933546245,997.7578558907651,300.8591152320324,980.9,278.5
752,861,32.39360933546245,997.7578558907651,300.8591152320324,980.9,278.5
753,862,32.39360933546245,997.7578558907651,300.8591152320324,980.9,278.5
754,863,32.39360933546245,997.7578558907651,300.8591152320324,980.9,278.5
755,864,32.39360933546245,997.7578558907651,300.8591152320324,980.9,278.5
756,865,32.39360933546245,997.7578558907651,300.8591152320324,980.9,278.5
757,866,32.39360933546245,997.7578558907651,300.8591152320324,980.9,278.5
758,867,32.39360933546245,997.7578558907651,300.8591152320324,980.9,278.5
759,868,32.39360933546245,997.7578558907651,300.8591152320324,980.9,278.5
760,869,35.30145950543633,997.7578558907651,300.8591152320324,980.9,278.5
761,870,38.43074958403151,997.7578558907651,300.8591152320324,980.9,278.5
762,871,41.73169463259671,997.7578558907651,300.8591152320324,980.9,278.5
763,872,45.16667480750859,997.7578558907651,300.8591152320324,980.9,278.5
764,873,48.707340744156184,997.7578558907651,300.8591152320324,980.9,278.5
765,874,52.33224555194072,997.7578558907651,300.8591152320324,980.9,278.5
766,875,56.02504046933916,997.7578558907651,300.8591152320324,980.9,278.5
767,876,59.77314403320881,997.7578558907651,300.8591152320324,980.9,278.5
768,877,63.56677346365425,997.7578558907651,300.8591152320324,980.9,278.5
769,878,67.39824168689807,997.7578558907651,300.8591152320324,980.9,278.5
770,879,71.26144560232204,997.7578558907651,300.8591152320324,980.9,278.5
771,880,75.151491196922,997.7578558907651,300.8591152320324,980.9,278.5
772,881,79.06441666040774,997.7578558907651,300.8591152320324,980.9,278.5
773,882,82.99698601468161,997.7578558907651,300.8591152320324,980.9,278.5
774,883,86.9465338362211,997.7578558907651,300.8591152320324,980.9,278.5
775,884,90.9108473048524,997.7578558907651,300.8591152320324,980.9,278.5
776,885,94.8880757639252,997.7578558907651,300.8591152320324,980.9,278.5
777,886,94.8880757639252,997.7578558907651,300.8591152320324,980.9,278.5
778,887,94.8880757639252,997.7578558907651,300.8591152320324,980.9,278.5
779,888,94.8880757639252,997.7578558907651,300.8591152320324,980.9,278.5
780,889,94.8880757639252,997.7578558907651,300.8591152320324,980.9,278.5
781,890,94.8880757639252,997.7578558907651,300.8591152320324,980.9,278.5
782,891,94.8880757639252,997.7578558907651,300.8591152320324,980.9,278.5
783,892,94.8880757639252,997.7578558907651,300.8591152320324,980.9,278.5
784,893,94.8880757639252,997.7578558907651,300.8591152320324,980.9,278.5
785,894,94.8880757639252,997.7578558907651,300.8591152320324,980.9,278.5
786,895,94.8880757639252,997.7578558907651,300.8591152320324,980.9,278.5
787,896,94.8880757639252,997.7578558907651,300.8591152320324,980.9,278.5
788,897,94.8880757639252,997.7578558907651,300.8591152320324,980.9,278.5
789,898,94.8880757639252,997.7578558907651,300.8591152320324,980.9,278.5
790,899,94.8880757639252,994.6402088319415,297.7414681732089,980.9,278.5
791,900,94.8880757639252,991.522561773118,294.62382111438535,980.9,278.5
792,901,329.04455317049394,988.4049147142945,291.5061740555618,980.9,278.5
793,902,329.04455317049394,985.2872676554709,288.3885269967383,980.9,278.5
794,903,329.04455317049394,982.1696205966474,285.2708799379148,980.9,278.5
795,904,329.04455317049394,979.0519735378239,282.15323287909126,980.9,278.5
796,905,329.04455317049394,975.9343264790003,279.0355858202677,980.9,278.5
797,906,329.04455317049394,972.8166794201768,275.9179387614442,980.9,278.5
798,907,329.04455317049394,969.6990323613534,272.80029170262065,980.9,278.5
799,908,329.04455317049394,966.5813853025298,269.6826446437971,980.9,278.5
800,909,329.04455317049394,963.4637382437063,266.5649975849736,980.9,278.5
801,910,329.04455317049394,960.3460911848828,263.44735052615005,980.9,278.5
802,911,329.04455317049394,957.2284441260592,260.32970346732657,980.9,278.5
803,912,329.04455317049394,954.1107970672357,257.21205640850303,980.9,278.5
804,913,329.04455317049394,950.9931500084122,254.0944093496795,980.9,278.5
805,914,329.04455317049394,947.8755029495886,250.97676229085596,980.9,278.5
806,915,329.04455317049394,944.7578558907651,247.85911523203242,980.9,278.5
807,916,329.04455317049394,944.7578558907651,247.85911523203242,980.9,278.5
808,917,329.04455317049394,944.7578558907651,247.85911523203242,980.9,278.5
809,918,329.04455317049394,944.7578558907651,247.85911523203242,980.9,278.5
810,919,329.04455317049394,944.7578558907651,247.85911523203242,980.9,278.5
811,920,329.04455317049394,944.7578558907651,247.85911523203242,980.9,278.5
812,921,329.04455317049394,944.7578558907651,247.85911523203242,980.9,278.5
813,922,329.04455317049394,944.7578558907651,247.85911523203242,980.9,278.5
814,923,329.04455317049394,944.7578558907651,247.85911523203242,980.9,278.5
815,924,369.10872222563603,944.7578558907651,247.85911523203242,969.05,319.575
816,925,264.394747544087,944.7578558907651,247.85911523203242,957.2,360.65
817,926,245.51511079926058,944.7578558907651,247.85911523203242,945.35,401.725
818,927,244.5660388476798,944.7578558907651,247.85911523203242,933.5,442.8
819,927,244.5660388476798,944.7578558907651,247.85911523203242,933.5,442.8
820,927,244.5660388476798,944.7578558907651,247.85911523203242,933.5,442.8
821,927,244.5660388476798,944.7578558907651,247.85911523203242,933.5,442.8
822,927,244.5660388476798,937.7578558907651,396.8591152320324,933.5,442.8
823,927,244.5660388476798,937.7578558907651,396.8591152320324,933.5,442.8
824,927,244.5660388476798,937.7578558907651,396.8591152320324,933.5,442.8
825,927,244.5660388476798,937.7578558907651,396.8591152320324,933.5,442.8
826,927,244.5660388476798,937.7578558907651,396.8591152320324,933.5,442.8
827,927,244.5660388476798,937.7578558907651,396.8591152320324,933.5,442.8
828,927,244.5660388476798,937.7578558907651,396.8591152320324,933.5,442.8
829,927,244.5660388476798,937.7578558907651,396.8591152320324,933.5,442.8
830,927,244.5660388476798,937.7578558907651,396.8591152320324,933.5,442.8
831,927,244.5660388476798,937.7578558907651,396.8591152320324,933.5,442.8
832,927,244.5660388476798,937.7578558907651,396.8591152320324,933.5,442.8
833,927,244.5660388476798,937.7578558907651,396.8591152320324,933.5,442.8
834,928,237.00295159260844,937.7578558907651,396.8591152320324,933.5,442.8
835,929,245.2655357780216,937.7578558907651,396.8591152320324,933.5,442.8
836,930,270.7429733942355,937.7578558907651,396.8591152320324,933.5,442.8
837,931,309.20886609090536,937.7578558907651,396.8591152320324,933.5,442.8
838,932,309.20886609090536,937.7578558907651,396.8591152320324,933.5,442.8
839,933,309.20886609090536,937.7578558907651,396.8591152320324,933.5,442.8
840,934,309.20886609090536,937.7578558907651,396.8591152320324,933.5,442.8
841,935,309.20886609090536,937.7578558907651,396.8591152320324,933.5,442.8
842,936,309.20886609090536,937.7578558907651,396.8591152320324,933.5,442.8
843,937,309.20886609090536,937.7578558907651,396.8591152320324,939.725,405.325
844,938,309.20886609090536,937.7578558907651,396.8591152320324,945.95,367.85
845,939,309.20886609090536,937.7578558907651,396.8591152320324,952.175,330.375
846,940,309.20886609090536,937.7578558907651,396.8591152320324,958.4,292.9
847,941,309.20886609090536,937.7578558907651,396.8591152320324,958.4,292.9
848,942,309.20886609090536,937.7578558907651,396.8591152320324,958.4,292.9
849,943,309.20886609090536,937.7578558907651,396.8591152320324,958.4,292.9
850,944,309.20886609090536,937.7578558907651,396.8591152320324,958.4,292.9
851,945,309.20886609090536,937.7578558907651,396.8591152320324,958.4,292.9
852,946,309.20886609090536,937.7578558907651,396.8591152320324,958.4,292.9
853,947,309.20886609090536,937.7578558907651,396.8591152320324,958.4,292.9
854,948,309.20886609090536,937.7578558907651,396.8591152320324,958.4,292.9
855,949,309.20886609090536,937.7578558907651,396.8591152320324,958.4,292.9
856,950,309.20886609090536,937.7578558907651,396.8591152320324,958.4,292.9
857,951,309.20886609090536,937.7578558907651,396.8591152320324,958.4,292.9
858,952,309.20886609090536,937.7578558907651,396.8591152320324,958.4,292.9
859,953,309.20886609090536,937.7578558907651,396.8591152320324,958.4,292.9
860,954,309.20886609090536,937.7578558907651,396.8591152320324,958.4,292.9
861,955,309.20886609090536,937.7578558907651,396.8591152320324,958.4,292.9
862,956,309.20886609090536,948.7578558907651,332.8591152320324,958.4,292.9
863,957,292.35435338919353,948.7578558907651,332.8591152320324,958.4,292.9
864,958,277.0960711273113,948.7578558907651,332.8591152320324,958.4,292.9
865,959,263.7112377866342,948.7578558907651,332.8591152320324,958.4,292.9
866,960,252.49796206685275,948.7578558907651,332.8591152320324,958.4,292.9
867,961,243.75611658593775,948.7578558907651,332.8591152320324,958.4,292.9
868,962,237.7584646450873,948.7578558907651,332.8591152320324,958.4,292.9
869,963,234.71546659713215,948.7578558907651,332.8591152320324,958.4,292.9
870,963,234.71546659713215,948.7578558907651,332.8591152320324,958.4,292.9
871,964,234.7420555026688,948.7578558907651,332.8591152320324,958.4,292.9
872,965,214.78070081707742,948.7578558907651,332.8591152320324,958.4,292.9
873,966,194.82162642898172,948.7578558907651,332.8591152320324,959.175,329.525
874,967,174.86561315620182,948.7578558907651,332.8591152320324,959.95,366.15
875,968,154.91384400258468,948.7578558907651,332.8591152320324,960.725,402.775
876,969,134.96820115094428,948.7578558907651,332.8591152320324,961.5,439.4
877,970,115.0318714065294,948.7578558907651,332.8591152320324,962.275,476.025
878,971,95.1107113618484,948.7578558907651,332.8591152320324,963.05,512.65
879,972,75.21677506598726,948.7578558907651,332.8591152320324,963.825,549.275
880,972,57.53625009153652,948.7578558907651,332.8591152320324,964.6,585.9
881,972,57.53625009153652,948.7578558907651,332.8591152320324,964.6,585.9
882,972,57.53625009153652,948.7578558907651,332.8591152320324,964.6,585.9
883,972,57.53625009153652,948.7578558907651,332.8591152320324,964.6,585.9
884,972,57.53625009153652,948.7578558907651,332.8591152320324,964.6,585.9
885,972,57.53625009153652,948.7578558907651,332.8591152320324,964.6,585.9
886,972,57.53625009153652,948.7578558907651,332.8591152320324,964.6,585.9
887,972,57.53625009153652,948.7578558907651,332.8591152320324,964.6,585.9
888,972,57.53625009153652,948.7578558907651,332.8591152320324,964.6,585.9
889,972,57.53625009153652,948.7578558907651,332.8591152320324,964.6,585.9
890,972,57.53625009153652,948.7578558907651,332.8591152320324,964.6,585.9
891,972,57.53625009153652,948.7578558907651,332.8591152320324,964.6,585.9
892,972,57.53625009153652,948.7578558907651,332.8591152320324,964.6,585.9
893,972,57.53625009153652,948.7578558907651,332.8591152320324,964.6,585.9
894,972,57.53625009153652,978.7578558907651,671.8591152320324,964.6,585.9
895,972,57.53625009153652,978.7578558907651,671.8591152320324,964.6,585.9
896,972,55.85100670855831,978.7578558907651,671.8591152320324,964.6,585.9
897,972,57.100975745264506,978.7578558907651,671.8591152320324,964.6,585.9
898,972,61.106296866210364,978.7578558907651,671.8591152320324,964.6,585.9
899,972,67.37736420549436,978.7578558907651,671.8591152320324,964.6,585.9
900,972,75.35058395789981,978.7578558907651,671.8591152320324,964.6,585.9
901,972,84.54574739897602,978.7578558907651,671.8591152320324,964.6,585.9
902,972,94.6072296848644,978.7578558907651,671.8591152320324,964.6,585.9
903,972,105.2869603463609,978.7578558907651,671.8591152320324,964.6,585.9
904,972,116.41491199260487,978.7578558907651,671.8591152320324,964.6,585.9
905,972,116.41491199260487,978.7578558907651,671.8591152320324,964.6,585.9
906,972,116.41491199260487,978.7578558907651,671.8591152320324,964.6,585.9
907,972,116.41491199260487,978.7578558907651,671.8591152320324,964.6,585.9
908,972,116.41491199260487,978.7578558907651,671.8591152320324,964.6,585.9
909,972,116.41491199260487,978.7578558907651,671.8591152320324,964.6,585.9
910,972,116.41491199260487,978.7578558907651,671.8591152320324,964.6,585.9
911,972,116.41491199260487,978.7578558907651,671.8591152320324,964.6,585.9
912,972,116.41491199260487,978.7578558907651,671.8591152320324,964.6,585.9
913,972,116.41491199260487,978.7578558907651,671.8591152320324,964.6,585.9
914,972,116.41491199260487,978.7578558907651,671.8591152320324,964.6,585.9
915,972,116.41491199260487,978.7578558907651,671.8591152320324,964.6,585.9
916,972,116.41491199260487,978.7578558907651,671.8591152320324,964.6,585.9
917,972,116.41491199260487,978.7578558907651,671.8591152320324,964.6,585.9
918,972,116.41491199260487,978.7578558907651,671.8591152320324,964.6,585.9
919,972,116.41491199260487,978.7578558907651,671.8591152320324,964.6,585.9
920,972,116.41491199260487,978.7578558907651,671.8591152320324,964.6,585.9
921,972,116.41491199260487,978.7578558907651,671.8591152320324,964.6,585.9
922,972,116.41491199260487,978.7578558907651,671.8591152320324,964.6,585.9
923,972,116.41491199260487,978.7578558907651,671.8591152320324,964.6,585.9
924,972,116.41491199260487,978.7578558907651,671.8591152320324,964.6,585.9
925,972,116.41491199260487,978.7578558907651,671.8591152320324,964.6,585.9
926,972,116.41491199260487,978.7578558907651,671.8591152320324,964.6,585.9
927,972,116.41491199260487,978.7578558907651,671.8591152320324,964.6,585.9
928,972,116.41491199260487,978.7578558907651,671.8591152320324,964.6,585.9
929,972,116.41491199260487,978.7578558907651,671.8591152320324,956.94,597.16
930,972,116.41491199260487,978.7578558907651,671.8591152320324,949.28,608.42
931,972,116.41491199260487,978.7578558907651,671.8591152320324,941.62,619.6800000000001
932,972,116.41491199260487,978.7578558907651,671.8591152320324,933.9599999999999,630.94
933,972,116.41491199260487,978.7578558907651,671.8591152320324,926.3,642.2
934,972,116.41491199260487,978.7578558907651,671.8591152320324,926.3,642.2
935,972,116.41491199260487,978.7578558907651,671.8591152320324,926.3,642.2
936,972,54.183471333826894,978.7578558907651,671.8591152320324,926.3,642.2
937,972,9.203124256836203,978.7578558907651,671.8591152320324,926.3,642.2
938,972,70.7034548318209,978.7578558907651,671.8591152320324,926.3,642.2
939,972,132.96124116820414,978.7578558907651,671.8591152320324,926.3,642.2
940,972,195.2532634287805,978.7578558907651,671.8591152320324,926.3,642.2
941,972,257.5546819705547,978.7578558907651,671.8591152320324,926.3,642.2
942,972,319.860006298199,977.7178558907651,669.6991152320325,926.3,642.2
943,972,382.1673261177355,976.677855890765,667.5391152320324,926.3,642.2
944,972,444.4758022363431,975.6378558907651,665.3791152320324,926.3,642.2
945,972,444.4758022363431,974.5978558907651,663.2191152320324,926.3,642.2
946,972,444.4758022363431,973.557855890765,661.0591152320325,926.3,642.2
947,972,444.4758022363431,972.5178558907651,658.8991152320324,926.3,642.2
948,972,444.4758022363431,971.4778558907651,656.7391152320324,926.3,642.2
949,972,444.4758022363431,970.437855890765,654.5791152320324,926.3,642.2
950,972,444.4758022363431,969.3978558907651,652.4191152320324,926.3,642.2
951,972,444.4758022363431,968.3578558907651,650.2591152320324,926.3,642.2
952,972,444.4758022363431,967.317855890765,648.0991152320324,926.3,642.2
953,972,444.4758022363431,966.2778558907651,645.9391152320325,926.3,642.2
954,972,444.4758022363431,965.2378558907651,643.7791152320324,926.3,642.2
955,972,444.4758022363431,964.1978558907651,641.6191152320324,926.3,642.2
956,972,444.4758022363431,963.1578558907651,639.4591152320324,926.3,642.2
957,972,444.4758022363431,962.1178558907651,637.2991152320324,926.3,642.2
958,972,444.4758022363431,961.0778558907651,635.1391152320324,926.3,642.2
959,972,444.4758022363431,960.0378558907651,632.9791152320324,926.3,642.2
960,972,444.4758022363431,958.9978558907651,630.8191152320325,926.3,642.2
961,972,444.4758022363431,957.9578558907651,628.6591152320324,926.3,642.2
962,972,444.4758022363431,956.917855890765,626.4991152320324,926.3,642.2
963,972,444.4758022363431,955.8778558907651,624.3391152320324,926.3,642.2
964,972,444.4758022363431,954.8378558907651,622.1791152320325,926.3,642.2
965,972,444.4758022363431,953.797855890765,620.0191152320324,926.3,642.2
966,972,444.4758022363431,952.7578558907651,617.8591152320324,926.3,642.2
967,972,444.4758022363431,952.7578558907651,617.8591152320324,926.3,642.2
968,972,415.2188918862276,952.7578558907651,617.8591152320324,926.3,642.2
969,972,385.96199582535445,952.7578558907651,617.8591152320324,926.3,642.2
970,972,356.70511756972763,952.7578558907651,617.8591152320324,926.3,642.2
971,972,327.44826189194197,952.7578558907651,617.8591152320324,926.3,642.2
972,972,298.19143543762715,952.7578558907651,617.8591152320324,926.3,642.2
973,972,268.93464774426064,952.7578558907651,617.8591152320324,926.3,642.2
974,972,239.6779130061523,952.7578558907651,617.8591152320324,926.3,642.2
975,972,210.4212533118223,952.7578558907651,617.8591152320324,926.3,642.2
976,972,181.164705018195,952.7578558907651,617.8591152320324,926.3,642.2
977,972,151.90833249041805,952.7578558907651,617.8591152320324,926.3,642.2
978,972,122.6522615053932,952.7578558907651,617.8591152320324,926.3,642.2
979,972,93.39677543380996,952.7578558907651,617.8591152320324,926.3,642.2
980,972,64.14267461805672,952.7578558907651,617.8591152320324,926.3,642.2
981,972,34.89344336061513,952.7578558907651,617.8591152320324,926.3,642.2
982,972,5.724221225741394,952.7578558907651,617.8591152320324,926.3,642.2
983,973,3.6633086031267936,952.7578558907651,617.8591152320324,926.3,642.2
984,974,2.35266506034346,952.7578558907651,617.8591152320324,926.3,642.2
985,974,2.35266506034346,952.7578558907651,617.8591152320324,926.3,642.2
986,974,2.35266506034346,952.7578558907651,617.8591152320324,926.3,642.2
987,974,2.35266506034346,952.7578558907651,617.8591152320324,926.3,642.2
988,974,2.35266506034346,952.7578558907651,617.8591152320324,926.3,642.2
989,974,2.35266506034346,952.7578558907651,617.8591152320324,926.3,642.2
990,974,2.35266506034346,952.7578558907651,617.8591152320324,926.3,642.2
991,974,2.35266506034346,952.7578558907651,617.8591152320324,926.3,642.2
992,974,2.35266506034346,952.7578558907651,617.8591152320324,926.3,642.2
993,974,2.35266506034346,952.7578558907651,617.8591152320324,926.3,642.2
994,974,2.35266506034346,952.7578558907651,617.8591152320324,926.3,642.2
995,974,2.35266506034346,952.7578558907651,617.8591152320324,926.3,642.2
996,974,2.35266506034346,952.7578558907651,617.8591152320324,926.3,642.2
997,974,2.35266506034346,952.7578558907651,617.8591152320324,926.3,642.2
998,974,2.35266506034346,952.7578558907651,617.8591152320324,926.3,642.2
999,974,2.35266506034346,952.7578558907651,617.8591152320324,926.3,642.2
1000,974,2.35266506034346,952.7578558907651,617.8591152320324,926.3,642.2
1001,974,2.35266506034346,952.7578558907651,617.8591152320324,926.3,642.2
1002,974,2.35266506034346,952.7578558907651,617.8591152320324,926.3,642.2
1003,974,2.35266506034346,952.7578558907651,617.8591152320324,926.3,642.2
1004,974,2.35266506034346,952.7578558907651,617.8591152320324,926.3,642.2
1005,974,2.35266506034346,952.7578558907651,617.8591152320324,926.3,642.2
1006,974,2.35266506034346,953.317855890765,618.4591152320324,926.3,642.2
1007,974,2.35266506034346,953.8778558907651,619.0591152320325,926.3,642.2
1008,974,2.35266506034346,954.437855890765,619.6591152320324,926.3,642.2
1009,974,2.35266506034346,954.9978558907651,620.2591152320324,926.3,642.2
1010,974,2.35266506034346,955.557855890765,620.8591152320324,926.3,642.2
1011,975,28.00209526433885,956.1178558907651,621.4591152320324,926.3,642.2
1012,976,28.00209526433885,956.677855890765,622.0591152320325,926.3,642.2
1013,977,28.00209526433885,957.2378558907651,622.6591152320324,926.3,642.2
1014,978,28.00209526433885,957.797855890765,623.2591152320324,926.3,642.2
1015,979,28.00209526433885,958.3578558907651,623.8591152320324,926.3,642.2
1016,980,28.00209526433885,958.917855890765,624.4591152320324,926.3,642.2
1017,981,28.00209526433885,959.4778558907651,625.0591152320325,926.3,642.2
1018,982,28.00209526433885,960.0378558907651,625.6591152320324,926.3,642.2
1019,983,28.00209526433885,960.5978558907651,626.2591152320324,926.3,642.2
1020,984,28.00209526433885,961.1578558907651,626.8591152320324,926.3,642.2
1021,985,28.00209526433885,961.7178558907651,627.4591152320324,926.3,642.2
1022,986,28.00209526433885,962.2778558907651,628.0591152320325,926.3,642.2
1023,987,28.00209526433885,962.8378558907651,628.6591152320324,926.3,642.2
1024,988,28.00209526433885,963.3978558907651,629.2591152320324,926.3,642.2
1025,989,28.00209526433885,963.9578558907651,629.8591152320324,926.3,642.2
1026,990,28.00209526433885,964.5178558907651,630.4591152320324,926.3,642.2
1027,991,28.00209526433885,965.0778558907651,631.0591152320325,926.3,642.2
1028,992,28.00209526433885,965.6378558907651,631.6591152320324,926.3,642.2
1029,993,28.00209526433885,966.1978558907651,632.2591152320324,929.55,589.75
1030,994,28.00209526433885,966.7578558907651,632.8591152320324,932.8,537.3000000000001
1031,995,28.00209526433885,966.7578558907651,632.8591152320324,936.05,484.85
1032,996,23.643761041889586,966.7578558907651,632.8591152320324,939.3,432.40000000000003
1033,997,19.308454778992736,966.7578558907651,632.8591152320324,942.55,379.95000000000005
1034,998,15.016134936540873,966.7578558907651,632.8591152320324,945.8,327.5
1035,999,10.818090573015343,966.7578558907651,632.8591152320324,949.05,275.05
1036,1000,6.888886092329331,966.7578558907651,632.8591152320324,952.3,222.6
1037,1001,4.094058166877527,966.7578558907651,632.8591152320324,952.3,222.6
1037,1002,4.094058166877527,966.7578558907651,632.8591152320324,952.3,222.6
1037,1003,4.094058166877527,966.7578558907651,632.8591152320324,952.3,222.6
1037,1004,4.094058166877527,966.7578558907651,632.8591152320324,952.3,222.6
1037,1005,4.094058166877527,966.7578558907651,632.8591152320324,952.3,222.6
1037,1006,4.094058166877527,966.7578558907651,632.8591152320324,952.3,222.6
1037,1007,4.094058166877527,966.7578558907651,632.8591152320324,952.3,222.6
1037,1008,4.094058166877527,966.7578558907651,632.8591152320324,952.3,222.6
1037,1009,4.094058166877527,966.7578558907651,632.8591152320324,952.3,222.6
1037,1010,4.094058166877527,967.7578558907651,589.9702263431435,952.3,222.6
1037,1011,4.094058166877527,968.7578558907651,547.0813374542547,952.3,222.6
1037,1012,4.094058166877527,969.7578558907651,504.1924485653658,952.3,222.6
1037,1013,4.094058166877527,970.7578558907651,461.3035596764769,952.3,222.6
1037,1014,4.094058166877527,971.7578558907651,418.41467078758797,952.3,222.6
1037,1015,4.094058166877527,972.7578558907651,375.5257818986991,952.3,222.6
1037,1016,4.094058166877527,973.7578558907651,332.63689300981025,952.3,222.6
1037,1017,4.094058166877527,974.7578558907651,289.74800412092134,952.3,222.6
1037,1018,4.094058166877527,975.7578558907651,246.85911523203242,952.3,222.6
1037,1019,4.094058166877527,975.7578558907651,246.85911523203242,952.3,222.6
1037,1020,4.094058166877527,975.7578558907651,246.85911523203242,952.3,222.6
1037,1021,4.094058166877527,975.7578558907651,246.85911523203242,952.3,222.6
1037,1022,4.094058166877527,975.7578558907651,246.85911523203242,952.3,222.6
1037,1023,4.094058166877527,975.7578558907651,246.85911523203242,952.3,222.6
1037,1024,4.094058166877527,975.7578558907651,246.85911523203242,952.3,222.6
1037,1025,4.094058166877527,975.7578558907651,246.85911523203242,952.3,222.6
1037,1026,4.094058166877527,975.7578558907651,246.85911523203242,952.3,222.6
1037,1027,4.094058166877527,975.7578558907651,246.85911523203242,952.3,222.6
1037,1028,4.094058166877527,975.7578558907651,246.85911523203242,952.3,222.6
1037,1029,4.094058166877527,975.7578558907651,246.85911523203242,952.3,222.6
1037,1030,4.094058166877527,975.7578558907651,246.85911523203242,952.3,222.6
1037,1031,4.094058166877527,975.7578558907651,246.85911523203242,952.3,222.6
1038,1032,4.994473514598797,975.7578558907651,246.85911523203242,952.3,222.6
1039,1033,8.48570043283672,975.614998747908,246.10911523203242,952.3,222.6
1040,1034,12.567750423891438,975.4721416050508,245.35911523203242,952.3,222.6
1041,1035,16.815721284921665,975.3292844621936,244.60911523203242,952.3,222.6
1042,1036,21.12977772435564,975.1864273193365,243.85911523203242,952.3,222.6
1043,1037,25.476369909442518,975.0435701764794,243.10911523203242,952.3,222.6
1044,1038,29.84128404707785,974.9007130336222,242.35911523203242,952.3,222.6
1045,1039,34.217509204025696,974.7578558907651,241.60911523203242,952.3,222.6
1046,1040,38.60119857478972,974.614998747908,240.85911523203242,952.3,222.6
1047,1041,42.99006884649845,974.4721416050508,240.10911523203242,952.3,222.6
1048,1042,47.3826803819346,974.3292844621936,239.35911523203242,952.3,222.6
1049,1043,47.3826803819346,974.1864273193365,238.60911523203242,952.3,222.6
1050,1044,47.3826803819346,974.0435701764794,237.85911523203242,952.3,222.6
1051,1045,47.3826803819346,973.9007130336222,237.10911523203242,952.3,222.6
1052,1046,47.3826803819346,973.7578558907651,236.35911523203242,952.3,222.6
1053,1047,47.3826803819346,973.614998747908,235.60911523203242,952.3,222.6
1054,1048,47.3826803819346,973.4721416050508,234.85911523203242,952.3,222.6
1055,1049,47.3826803819346,973.3292844621936,234.10911523203242,952.3,222.6
1056,1050,47.3826803819346,973.1864273193365,233.35911523203242,952.3,222.6
1057,1051,47.3826803819346,973.0435701764794,232.60911523203242,952.3,222.6
1058,1052,47.3826803819346,972.9007130336222,231.85911523203242,952.3,222.6
1059,1053,47.3826803819346,972.7578558907651,231.10911523203242,952.3,222.6
1060,1054,47.3826803819346,972.614998747908,230.35911523203242,952.3,222.6
1061,1055,47.3826803819346,972.4721416050508,229.60911523203242,952.3,222.6
1062,1056,47.3826803819346,972.3292844621936,228.85911523203242,952.3,222.6
1063,1057,75.71840194745421,972.1864273193365,228.10911523203242,952.3,222.6
1064,1058,41.098625201469495,972.0435701764794,227.35911523203242,952.3,222.6
1065,1059,9.01762090301704,971.9007130336222,226.60911523203242,951.9888888888888,273.76666666666665
1066,1059,9.01762090301704,971.7578558907651,225.85911523203242,951.6777777777777,324.93333333333334
1067,1059,9.01762090301704,971.7578558907651,225.85911523203242,951.3666666666667,376.1
1068,1059,9.01762090301704,971.7578558907651,225.85911523203242,951.0555555555555,427.26666666666665
1069,1060,46.13777443754953,971.7578558907651,225.85911523203242,950.7444444444444,478.4333333333333
1070,1061,46.13777443754953,971.7578558907651,225.85911523203242,950.4333333333333,529.6
1071,1062,46.13777443754953,971.7578558907651,225.85911523203242,950.1222222222223,580.7666666666667
1072,1063,46.13777443754953,974.7578558907651,268.6368930098102,949.8111111111111,631.9333333333333
1073,1064,46.13777443754953,977.7578558907651,311.41467078758797,949.5,683.1
1074,1065,46.13777443754953,980.7578558907651,354.1924485653658,949.5,683.1
1075,1066,46.13777443754953,983.7578558907651,396.9702263431435,949.5,683.1
1076,1067,46.13777443754953,986.7578558907651,439.74800412092134,949.5,683.1
1077,1068,46.13777443754953,989.7578558907651,482.5257818986991,949.5,683.1
1078,1069,46.13777443754953,992.7578558907651,525.3035596764769,949.5,683.1
1079,1070,46.13777443754953,995.7578558907651,568.0813374542547,949.5,683.1
1080,1071,46.13777443754953,998.7578558907651,610.8591152320324,949.5,683.1
1081,1072,46.13777443754953,998.7578558907651,610.8591152320324,949.5,683.1
1082,1073,46.13777443754953,998.7578558907651,610.8591152320324,949.5,683.1
1083,1074,46.13777443754953,998.7578558907651,610.8591152320324,949.5,683.1
1084,1075,46.13777443754953,998.7578558907651,610.8591152320324,949.5,683.1
1085,1076,46.13777443754953,998.7578558907651,610.8591152320324,949.5,683.1
1086,1077,46.13777443754953,998.7578558907651,610.8591152320324,949.5,683.1
1087,1078,46.13777443754953,998.7578558907651,610.8591152320324,949.5,683.1
1088,1079,46.13777443754953,998.7578558907651,610.8591152320324,949.5,683.1
1089,1080,46.13777443754953,998.7578558907651,610.8591152320324,949.5,683.1
1090,1081,46.13777443754953,998.7578558907651,610.8591152320324,949.5,683.1
1091,1082,46.13777443754953,998.7578558907651,610.8591152320324,949.5,683.1
1092,1083,46.13777443754953,998.7578558907651,610.8591152320324,949.5,683.1
1093,1084,46.13777443754953,998.7578558907651,610.8591152320324,949.5,683.1
1094,1085,8.691424558206954,998.7578558907651,610.8591152320324,949.5,683.1
1095,1085,8.691424558206954,998.7578558907651,610.8591152320324,949.5,683.1
1096,1085,8.691424558206954,998.7578558907651,610.8591152320324,949.5,683.1
1097,1085,8.691424558206954,998.7578558907651,610.8591152320324,949.5,683.1
1098,1085,8.691424558206954,998.7578558907651,610.8591152320324,949.5,683.1
1099,1085,8.691424558206954,998.7578558907651,610.8591152320324,949.5,683.1
1100,1085,8.691424558206954,998.7578558907651,610.8591152320324,949.5,683.1
1101,1085,8.691424558206954,998.7578558907651,610.8591152320324,1000.65,681.3333333333334
1102,1085,8.691424558206954,998.7578558907651,610.8591152320324,1051.8,679.5666666666667
1103,1086,30.143655910519666,998.7578558907651,610.8591152320324,1102.95,677.8
1104,1087,4.224654110018246,998.7578558907651,610.8591152320324,1154.1000000000001,676.0333333333333
1105,1088,41.10598293618705,998.7578558907651,610.8591152320324,1205.25,674.2666666666667
1106,1089,41.10598293618705,998.7578558907651,610.8591152320324,1256.4,672.5
1107,1090,41.10598293618705,998.7578558907651,610.8591152320324,1256.4,672.5
1108,1091,41.10598293618705,998.7578558907651,610.8591152320324,1256.4,672.5
1109,1092,41.10598293618705,998.7578558907651,610.8591152320324,1256.4,672.5
1110,1093,41.10598293618705,998.7578558907651,610.8591152320324,1256.4,672.5
1111,1094,41.10598293618705,1259.757855890765,684.8591152320324,1256.4,672.5
1112,1095,41.10598293618705,1259.757855890765,684.8591152320324,1256.4,672.5
1113,1096,41.10598293618705,1259.757855890765,684.8591152320324,1256.4,672.5
1114,1097,41.10598293618705,1259.757855890765,684.8591152320324,1256.4,672.5
1115,1098,41.10598293618705,1259.757855890765,684.8591152320324,1256.4,672.5
1116,1099,41.10598293618705,1259.757855890765,684.8591152320324,1256.4,672.5
1117,1100,41.10598293618705,1259.757855890765,684.8591152320324,1256.4,672.5
1118,1101,41.10598293618705,1259.757855890765,684.8591152320324,1256.4,672.5
1119,1102,41.10598293618705,1259.757855890765,684.8591152320324,1256.4,672.5
1120,1103,41.10598293618705,1258.997855890765,685.0591152320325,1256.4,672.5
1121,1104,41.10598293618705,1258.237855890765,685.2591152320324,1256.4,672.5
1122,1105,41.10598293618705,1257.477855890765,685.4591152320324,1256.4,672.5
1123,1106,41.10598293618705,1256.7178558907651,685.6591152320324,1256.4,672.5
1124,1107,41.10598293618705,1255.9578558907651,685.8591152320324,1256.4,672.5
1125,1108,41.10598293618705,1255.1978558907651,686.0591152320325,1256.4,672.5
1126,1109,41.10598293618705,1254.4378558907651,686.2591152320324,1256.4,672.5
1127,1110,41.10598293618705,1253.6778558907652,686.4591152320324,1256.4,672.5
1128,1111,41.10598293618705,1252.9178558907652,686.6591152320324,1256.4,672.5
1129,1112,41.10598293618705,1252.1578558907652,686.8591152320324,1256.4,672.5
1130,1113,41.10598293618705,1251.3978558907652,687.0591152320325,1256.4,672.5
1131,1114,41.10598293618705,1250.6378558907652,687.2591152320324,1256.4,672.5
1132,1115,10.937697004993213,1249.877855890765,687.4591152320324,1256.4,672.5
1133,1116,35.12188916325511,1249.117855890765,687.6591152320324,1256.4,672.5
1134,1117,70.9326686444188,1248.357855890765,687.8591152320324,1256.4,672.5
1135,1118,107.30015080903591,1247.597855890765,688.0591152320325,1256.4,672.5
1136,1119,196.52655094675805,1246.837855890765,688.2591152320324,1256.4,672.5
1137,1120,159.98212121875252,1246.077855890765,688.4591152320324,1256.4,672.5
1138,1121,123.49030525622068,1245.317855890765,688.6591152320324,1256.4,672.5
1139,1122,87.11724499143384,1244.557855890765,688.8591152320324,1256.4,672.5
1140,1123,87.11724499143384,1243.797855890765,689.0591152320325,1256.4,672.5
1141,1124,87.11724499143384,1243.037855890765,689.2591152320324,1256.4,672.5
1142,1125,87.11724499143384,1242.277855890765,689.4591152320324,1256.4,672.5
1143,1126,87.11724499143384,1241.517855890765,689.6591152320324,1256.4,672.5
1144,1127,87.11724499143384,1240.757855890765,689.8591152320324,1256.4,672.5
1145,1128,87.11724499143384,1240.757855890765,689.8591152320324,1256.4,672.5
1146,1129,87.11724499143384,1240.757855890765,689.8591152320324,1256.4,672.5
1147,1130,87.11724499143384,1240.757855890765,689.8591152320324,1208.0375000000001,624.1
1148,1131,87.11724499143384,1240.757855890765,689.8591152320324,1159.6750000000002,575.7
1149,1132,87.11724499143384,1240.757855890765,689.8591152320324,1111.3125,527.3
1150,1133,87.11724499143384,1240.757855890765,689.8591152320324,1062.95,478.9
1151,1134,87.11724499143384,1240.757855890765,689.8591152320324,1014.5875000000001,430.5
1152,1135,87.11724499143384,1240.757855890765,689.8591152320324,966.225,382.1
1153,1136,87.11724499143384,1240.757855890765,689.8591152320324,917.8625,333.7
1154,1137,87.11724499143384,1240.757855890765,689.8591152320324,869.5,285.3
1155,1138,87.11724499143384,1240.757855890765,689.8591152320324,869.5,285.3
1156,1139,87.11724499143384,1240.757855890765,689.8591152320324,869.5,285.3
1157,1140,87.11724499143384,1240.757855890765,689.8591152320324,869.5,285.3
1158,1141,87.11724499143384,1240.757855890765,689.8591152320324,869.5,285.3
1159,1142,87.11724499143384,1240.757855890765,689.8591152320324,869.5,285.3
1160,1143,87.11724499143384,1240.757855890765,689.8591152320324,869.5,285.3
1161,1144,87.11724499143384,1240.757855890765,689.8591152320324,869.5,285.3
1162,1145,87.11724499143384,1240.757855890765,689.8591152320324,869.5,285.3
1163,1146,87.11724499143384,1240.757855890765,689.8591152320324,869.5,285.3
1164,1147,87.11724499143384,1240.757855890765,689.8591152320324,869.5,285.3
1165,1148,87.11724499143384,1240.757855890765,689.8591152320324,869.5,285.3
1166,1149,87.11724499143384,1240.757855890765,689.8591152320324,869.5,285.3
1167,1150,87.11724499143384,1240.757855890765,689.8591152320324,869.5,285.3
1168,1151,87.11724499143384,1209.646744779654,685.414670787588,869.5,285.3
1169,1152,87.11724499143384,1178.535633668543,680.9702263431435,869.5,285.3
1170,1153,87.11724499143384,1147.4245225574318,676.525781898699,869.5,285.3
1171,1154,87.11724499143384,1116.3134114463207,672.0813374542546,869.5,285.3
1172,1155,87.11724499143384,1085.2023003352097,667.6368930098103,881.8285714285714,338.1142857142857
1173,1156,87.11724499143384,1054.0911892240983,663.1924485653658,894.1571428571428,390.92857142857144
1174,1157,87.11724499143384,1022.9800781129873,658.7480041209213,906.4857142857143,443.74285714285713
1175,1158,87.11724499143384,991.8689670018762,654.3035596764769,918.8142857142857,496.5571428571428
1176,1159,87.11724499143384,960.7578558907651,649.8591152320324,931.1428571428571,549.3714285714286
1177,1160,87.11724499143384,960.7578558907651,649.8591152320324,943.4714285714285,602.1857142857143
1178,1161,87.11724499143384,960.7578558907651,649.8591152320324,955.8,655.0
1179,1162,87.11724499143384,960.7578558907651,649.8591152320324,955.8,655.0
1180,1163,87.11724499143384,960.7578558907651,649.8591152320324,955.8,655.0
1181,1164,87.11724499143384,960.7578558907651,649.8591152320324,955.8,655.0
1182,1165,87.11724499143384,960.7578558907651,649.8591152320324,955.8,655.0
1183,1166,87.11724499143384,959.3578558907651,648.6991152320325,955.8,655.0
1184,1167,84.81963131753368,957.9578558907651,647.5391152320324,955.8,655.0
1185,1168,82.52769073945515,956.557855890765,646.3791152320324,955.8,655.0
1186,1169,80.24190937865316,955.1578558907651,645.2191152320324,955.8,655.0
1187,1170,77.96282898071888,953.7578558907651,644.0591152320325,955.8,655.0
1188,1171,66.0246170897098,952.3578558907651,642.8991152320324,955.8,655.0
1189,1172,55.5710268126186,950.9578558907651,641.7391152320324,955.8,655.0
1190,1173,47.590645931472174,949.557855890765,640.5791152320324,955.8,655.0
1191,1174,43.467709156806656,948.1578558907651,639.4191152320324,955.8,655.0
1192,1175,44.292838004656154,946.7578558907651,638.2591152320324,955.8,655.0
1193,1176,42.82303796382906,945.3578558907651,637.0991152320324,955.8,655.0
1194,1177,41.43988492257632,943.9578558907651,635.9391152320325,955.8,655.0
1195,1178,40.15233423278402,942.557855890765,634.7791152320324,955.8,655.0
1196,1179,38.9698630519281,941.1578558907651,633.6191152320324,955.8,655.0
1197,1180,37.902307426209056,939.7578558907651,632.4591152320324,955.8,655.0
1198,1181,36.95962648858461,938.3578558907651,631.2991152320325,955.8,655.0
1199,1182,36.15159017416131,936.9578558907651,630.1391152320324,955.8,655.0
1200,1183,35.48739711595298,935.557855890765,628.9791152320324,955.8,655.0
1201,1184,34.97524318729136,934.1578558907651,627.8191152320325,955.8,655.0
1202,1185,34.62187629165989,932.7578558907651,626.6591152320324,955.8,655.0
1203,1186,34.432185523138585,931.3578558907651,625.4991152320324,955.8,655.0
1204,1187,34.40887795096866,929.9578558907651,624.3391152320324,955.8,655.0
1205,1188,34.552290282837795,928.557855890765,623.1791152320325,955.8,655.0
1206,1189,34.86036496846119,927.1578558907651,622.0191152320324,955.8,655.0
1207,1190,35.32879459703011,925.7578558907651,620.8591152320324,955.8,655.0
1208,1191,35.951311653734884,925.7578558907651,620.8591152320324,955.8,655.0
1209,1192,35.951311653734884,925.7578558907651,620.8591152320324,955.8,655.0
1210,1193,35.951311653734884,925.7578558907651,620.8591152320324,955.8,655.0
1211,1194,35.951311653734884,925.7578558907651,620.8591152320324,955.8,655.0
1212,1195,35.951311653734884,925.7578558907651,620.8591152320324,955.8,655.0
1213,1196,35.951311653734884,925.7578558907651,620.8591152320324,955.8,655.0
1214,1197,35.951311653734884,925.7578558907651,620.8591152320324,955.8,655.0
1215,1198,35.951311653734884,925.7578558907651,620.8591152320324,955.8,655.0
1216,1199,35.951311653734884,925.7578558907651,620.8591152320324,955.8,655.0
1217,1200,35.951311653734884,925.7578558907651,620.8591152320324,955.8,655.0
1218,1201,35.951311653734884,925.7578558907651,620.8591152320324,955.8,655.0
1219,1202,35.951311653734884,925.7578558907651,620.8591152320324,955.8,655.0
1220,1203,35.951311653734884,925.7578558907651,620.8591152320324,955.8,655.0
1221,1204,35.951311653734884,925.7578558907651,620.8591152320324,955.8,655.0
1222,1205,35.951311653734884,925.7578558907651,620.8591152320324,955.8,655.0
1223,1206,35.951311653734884,925.7578558907651,620.8591152320324,955.8,655.0
1224,1207,35.951311653734884,925.7578558907651,620.8591152320324,955.8,655.0
1225,1208,35.951311653734884,925.7578558907651,620.8591152320324,955.8,655.0
1226,1209,35.951311653734884,925.7578558907651,620.8591152320324,955.8,655.0
1227,1210,35.951311653734884,925.7578558907651,620.8591152320324,955.8,655.0
1228,1211,35.951311653734884,925.7578558907651,620.8591152320324,955.8,655.0
1229,1212,35.951311653734884,925.7578558907651,620.8591152320324,955.8,655.0
1230,1213,35.951311653734884,925.7578558907651,620.8591152320324,955.8,655.0
1231,1214,35.951311653734884,925.7578558907651,620.8591152320324,955.8,655.0
1232,1215,35.951311653734884,925.7578558907651,620.8591152320324,939.8333333333333,644.6333333333333
1233,1216,35.951311653734884,925.7578558907651,620.8591152320324,923.8666666666667,634.2666666666667
1234,1217,35.951311653734884,925.7578558907651,620.8591152320324,907.9,623.9
1235,1218,35.951311653734884,925.7578558907651,620.8591152320324,907.9,623.9
1236,1219,35.951311653734884,925.7578558907651,620.8591152320324,907.9,623.9
1237,1220,35.951311653734884,925.7578558907651,620.8591152320324,907.9,623.9
1238,1221,35.951311653734884,925.7578558907651,620.8591152320324,907.9,623.9
1239,1222,35.951311653734884,925.7578558907651,620.8591152320324,907.9,623.9
1240,1223,35.951311653734884,925.7578558907651,620.8591152320324,907.9,623.9
1241,1224,35.951311653734884,925.7578558907651,620.8591152320324,907.9,623.9
1242,1225,35.951311653734884,925.7578558907651,620.8591152320324,907.9,623.9
1243,1226,35.951311653734884,925.7578558907651,620.8591152320324,907.9,623.9
1244,1227,35.951311653734884,925.7578558907651,620.8591152320324,907.9,623.9
1245,1228,35.951311653734884,925.7578558907651,620.8591152320324,907.9,623.9
1246,1229,35.951311653734884,925.7578558907651,620.8591152320324,907.9,623.9
1247,1230,35.951311653734884,925.7578558907651,620.8591152320324,907.9,623.9
1248,1231,35.9665698461789,925.7578558907651,620.8591152320324,907.9,623.9
1249,1232,36.0005372651043,925.7578558907651,620.8591152320324,907.9,623.9
1250,1233,36.053161029960464,925.7578558907651,620.8591152320324,907.9,623.9
1251,1234,36.124359608557185,925.7578558907651,620.8591152320324,907.9,623.9
1252,1235,36.21402344402579,925.7578558907651,620.8591152320324,907.9,623.9
1253,1236,36.322015787681,925.7578558907651,620.8591152320324,907.9,623.9
1254,1237,36.448173723200995,925.7578558907651,620.8591152320324,907.9,623.9
1255,1238,36.59230936457472,925.7578558907651,620.8591152320324,907.9,623.9
1256,1239,36.754211207817185,925.7578558907651,620.8591152320324,907.9,623.9
1257,1240,36.93364561460096,925.7578558907651,620.8591152320324,907.9,623.9
1258,1241,37.130358404693915,925.7578558907651,620.8591152320324,907.9,623.9
1259,1242,37.34407653346275,925.7578558907651,620.8591152320324,907.9,623.9
1260,1243,37.57450983064474,925.7578558907651,620.8591152320324,907.9,623.9
1261,1244,37.82135277709296,925.7578558907651,620.8591152320324,907.9,623.9
1262,1245,38.084286297177854,925.7578558907651,620.8591152320324,907.9,623.9
1263,1246,38.36297954593084,925.7578558907651,620.8591152320324,907.9,623.9
1264,1247,38.65709167174374,925.7578558907651,620.8591152320324,907.9,623.9
1265,1248,38.96627353742852,925.7578558907651,620.8591152320324,907.9,623.9
1266,1249,39.29016938459025,925.7578558907651,620.8591152320324,907.9,623.9
1267,1250,39.62841842852037,925.7578558907651,620.8591152320324,907.9,623.9
1268,1251,39.980656373076016,925.7578558907651,620.8591152320324,907.9,623.9
1269,1252,40.34651683724487,925.7578558907651,620.8591152320324,907.9,623.9
1270,1253,40.72563268721773,925.7578558907651,620.8591152320324,907.9,623.9
1271,1254,41.117637269793086,925.7578558907651,620.8591152320324,907.9,623.9
1272,1255,41.52216554475896,925.7578558907651,620.8591152320324,907.9,623.9
1273,1256,41.52216554475896,925.7578558907651,620.8591152320324,907.9,623.9
1274,1257,41.52216554475896,925.7578558907651,620.8591152320324,907.9,623.9
1275,1258,41.52216554475896,925.7578558907651,620.8591152320324,907.9,623.9
1276,1259,41.52216554475896,925.7578558907651,620.8591152320324,907.9,623.9
1277,1260,41.52216554475896,925.7578558907651,620.8591152320324,907.9,623.9
1278,1261,41.52216554475896,925.7578558907651,620.8591152320324,907.9,623.9
1279,1262,41.52216554475896,925.7578558907651,620.8591152320324,907.9,623.9
1280,1263,41.52216554475896,925.7578558907651,620.8591152320324,907.9,623.9
1281,1264,41.52216554475896,925.7578558907651,620.8591152320324,907.9,623.9
1282,1265,41.52216554475896,925.7578558907651,620.8591152320324,907.9,623.9
1283,1266,41.52216554475896,925.7578558907651,620.8591152320324,907.9,623.9
1284,1267,41.52216554475896,925.7578558907651,620.8591152320324,907.9,623.9
1285,1268,41.52216554475896,925.7578558907651,620.8591152320324,907.9,623.9
1286,1269,41.52216554475896,925.7578558907651,620.8591152320324,907.9,623.9
1287,1270,41.52216554475896,925.7578558907651,620.8591152320324,907.9,623.9
1288,1271,38.20849056704138,925.7578558907651,620.8591152320324,907.9,623.9
1289,1272,37.26448661467158,925.7578558907651,620.8591152320324,907.9,623.9
1290,1273,38.86321995481602,925.7578558907651,620.8591152320324,907.9,623.9
1291,1273,41.94126980008303,925.7578558907651,620.8591152320324,907.9,623.9
1292,1274,35.342634907505456,925.7578558907651,620.8591152320324,907.9,623.9
1293,1275,30.530120591394862,925.7578558907651,620.8591152320324,907.9,623.9
1294,1276,28.425857520979523,925.7578558907651,620.8591152320324,907.9,623.9
1295,1277,29.61292251094052,925.7578558907651,620.8591152320324,907.9,623.9
1296,1278,33.74575047073234,925.7578558907651,620.8591152320324,944.1,625.675
1297,1279,33.74575047073234,925.7578558907651,620.8591152320324,980.3,627.45
1298,1280,33.74575047073234,925.7578558907651,620.8591152320324,1016.5,629.225
1299,1281,33.74575047073234,925.7578558907651,620.8591152320324,1052.7,631.0
1300,1282,33.74575047073234,925.7578558907651,620.8591152320324,1088.9,632.775
1301,1283,33.74575047073234,925.7578558907651,620.8591152320324,1125.1,634.55
1302,1284,33.74575047073234,925.7578558907651,620.8591152320324,1161.3,636.325
1303,1285,33.74575047073234,925.7578558907651,620.8591152320324,1197.5,638.1
1304,1286,33.74575047073234,925.7578558907651,620.8591152320324,1197.5,638.1
1305,1287,33.74575047073234,925.7578558907651,620.8591152320324,1197.5,638.1
1306,1288,33.74575047073234,925.7578558907651,620.8591152320324,1197.5,638.1
1307,1289,33.74575047073234,925.7578558907651,620.8591152320324,1197.5,638.1
1308,1290,33.74575047073234,925.7578558907651,620.8591152320324,1197.5,638.1
1309,1291,33.74575047073234,925.7578558907651,620.8591152320324,1197.5,638.1
1310,1292,33.74575047073234,925.7578558907651,620.8591152320324,1197.5,638.1
1311,1293,33.10993303538881,925.7578558907651,620.8591152320324,1197.5,638.1
1312,1294,32.47961626481225,1208.757855890765,646.8591152320324,1197.5,638.1
1313,1295,31.855126685315778,1208.757855890765,646.8591152320324,1197.5,638.1
1314,1296,31.236813792256545,1208.757855890765,646.8591152320324,1197.5,638.1
1315,1297,30.625051705641752,1208.757855890765,646.8591152320324,1197.5,638.1
1316,1298,30.020240911439704,1208.757855890765,646.8591152320324,1197.5,638.1
1317,1299,29.42281008189159,1208.757855890765,646.8591152320324,1197.5,638.1
1318,1300,28.83321796428167,1208.757855890765,646.8591152320324,1197.5,638.1
1319,1301,28.25195532282703,1208.757855890765,646.8591152320324,1197.5,638.1
1320,1302,27.679546912418736,1208.757855890765,646.8591152320324,1197.5,638.1
1321,1303,27.116553455723224,1208.757855890765,646.8591152320324,1197.5,638.1
1322,1304,26.563573586472348,1208.757855890765,646.8591152320324,1197.5,638.1
1323,1305,26.021245711481477,1208.757855890765,646.8591152320324,1197.5,638.1
1324,1306,25.490249731950268,1208.757855890765,646.8591152320324,1197.5,638.1
1325,1307,24.97130855088733,1208.757855890765,646.8591152320324,1197.5,638.1
1326,1308,24.465189278167713,1208.757855890765,646.8591152320324,1143.6571428571428,590.5428571428572
1327,1309,23.972704028041175,1186.146744779654,629.2480041209213,1089.8142857142857,542.9857142857143
1328,1310,23.494710186381987,1163.535633668543,611.6368930098103,1035.9714285714285,495.42857142857144
1329,1311,23.032110007435964,1140.9245225574318,594.025781898699,982.1285714285714,447.87142857142857
1330,1312,22.58584938349028,1118.3134114463207,576.414670787588,928.2857142857142,400.3142857142857
1331,1313,22.15691561746174,1095.7023003352094,558.8035596764769,874.4428571428572,352.75714285714287
1332,1314,21.746334020047197,1073.0911892240983,541.1924485653658,820.6,305.2
1333,1315,21.35516315250554,1050.4800781129873,523.5813374542547,820.6,305.2
1334,1316,20.98448854643195,1027.8689670018762,505.9702263431435,820.6,305.2
1335,1317,20.635414756361644,1005.2578558907651,488.3591152320324,820.6,305.2
1336,1318,20.309055642873513,982.646744779654,470.74800412092134,820.6,305.2
1337,1319,20.006522845565225,960.0356336685429,453.1368930098102,820.6,305.2
1338,1320,19.728912488057954,937.4245225574318,435.5257818986991,820.6,305.2
1338,1321,19.728912488057954,914.8134114463206,417.91467078758797,820.6,305.2
1338,1322,19.728912488057954,892.2023003352095,400.3035596764769,820.6,305.2
1338,1323,19.728912488057954,869.5911892240983,382.69244856536574,820.6,305.2
1338,1324,19.728912488057954,846.9800781129873,365.08133745425465,820.6,305.2
1338,1325,19.728912488057954,824.3689670018762,347.47022634314357,820.6,305.2
1338,1326,19.728912488057954,801.7578558907651,329.8591152320324,820.6,305.2
1338,1327,19.728912488057954,801.7578558907651,329.8591152320324,820.6,305.2
1338,1328,19.728912488057954,801.7578558907651,329.8591152320324,820.6,305.2
1338,1329,19.728912488057954,801.7578558907651,329.8591152320324,820.6,305.2
1338,1330,19.728912488057954,801.7578558907651,329.8591152320324,820.6,305.2
1338,1331,19.728912488057954,801.7578558907651,329.8591152320324,820.6,305.2
1339,1332,19.728912488057954,801.7578558907651,329.8591152320324,820.6,305.2
1340,1333,19.728912488057954,801.7578558907651,329.8591152320324,820.6,305.2
1341,1334,19.728912488057954,801.7578558907651,329.8591152320324,820.6,305.2
1342,1335,19.728912488057954,801.7578558907651,329.8591152320324,820.6,305.2
1343,1336,19.728912488057954,801.7578558907651,329.8591152320324,820.6,305.2
1344,1337,23.339675149905332,801.7578558907651,329.8591152320324,820.6,305.2
1345,1338,29.375580188402456,801.7578558907651,329.8591152320324,820.6,305.2
1346,1339,36.657643321248884,801.7578558907651,329.8591152320324,820.6,305.2
1347,1339,38.53252505306899,801.7578558907651,329.8591152320324,820.6,305.2
1348,1340,37.82113210722921,801.7578558907651,329.8591152320324,820.6,305.2
1349,1341,39.22747006805397,784.5356336685429,317.41467078758797,820.6,305.2
1350,1342,42.54203343950721,767.3134114463206,304.9702263431435,820.6,305.2
1351,1343,47.365901633524416,750.0911892240985,292.5257818986991,820.6,305.2
1352,1344,53.29077305787352,732.8689670018762,280.08133745425465,820.6,305.2
1352,1345,87.43615841866655,715.646744779654,267.6368930098102,820.6,305.2
1353,1346,87.43615841866655,698.4245225574317,255.19244856536574,820.6,305.2
1354,1347,87.43615841866655,681.2023003352095,242.7480041209213,820.6,305.2
1355,1348,87.43615841866655,663.9800781129873,230.30355967647688,791.15,287.43333333333334
1356,1349,87.43615841866655,646.7578558907651,217.85911523203242,761.7,269.66666666666663
1357,1350,87.43615841866655,646.7578558907651,217.85911523203242,732.25,251.89999999999998
1358,1351,87.43615841866655,646.7578558907651,217.85911523203242,702.8,234.13333333333333
1359,1352,87.43615841866655,646.7578558907651,217.85911523203242,673.35,216.36666666666667
1360,1353,87.43615841866655,646.7578558907651,217.85911523203242,643.9,198.6
1361,1354,87.43615841866655,646.7578558907651,217.85911523203242,643.9,198.6
1362,1355,87.43615841866655,646.7578558907651,217.85911523203242,643.9,198.6
1363,1356,87.43615841866655,646.7578558907651,217.85911523203242,643.9,198.6
1364,1357,87.43615841866655,646.7578558907651,217.85911523203242,643.9,198.6
1365,1358,87.43615841866655,646.7578558907651,217.85911523203242,643.9,198.6
1366,1359,87.43615841866655,646.7578558907651,217.85911523203242,643.9,198.6
1367,1360,87.43615841866655,646.7578558907651,217.85911523203242,643.9,198.6
1368,1361,87.43615841866655,646.7578558907651,217.85911523203242,643.9,198.6
1369,1362,87.43615841866655,646.7578558907651,217.85911523203242,643.9,198.6
1370,1363,87.43615841866655,646.7578558907651,217.85911523203242,649.9105263157894,202.06842105263158
1371,1364,87.43615841866655,646.7578558907651,217.85911523203242,655.921052631579,205.53684210526316
1372,1365,87.43615841866655,683.3134114463206,263.08133745425465,661.9315789473684,209.00526315789472
1373,1366,87.43615841866655,719.8689670018762,308.3035596764769,667.9421052631578,212.4736842105263
1374,1367,87.43615841866655,756.4245225574317,353.52578189869905,673.9526315789474,215.94210526315788
1375,1368,87.43615841866655,792.9800781129873,398.74800412092134,679.9631578947368,219.41052631578947
1376,1369,87.43615841866655,829.5356336685429,443.9702263431435,685.9736842105264,222.87894736842105
1377,1370,87.43615841866655,866.0911892240985,489.19244856536574,691.9842105263158,226.34736842105264
1378,1371,87.43615841866655,902.646744779654,534.414670787588,697.9947368421052,229.81578947368422
1379,1372,87.43615841866655,939.2023003352095,579.6368930098101,704.0052631578948,233.2842105263158
1380,1373,70.49961437000806,975.7578558907651,624.8591152320324,710.0157894736842,236.75263157894736
1381,1374,86.79975043655227,975.7578558907651,624.8591152320324,716.0263157894736,240.22105263157894
1382,1375,123.84298505606967,975.7578558907651,624.8591152320324,722.0368421052632,243.68947368421053
1383,1376,106.02583146364407,975.7578558907651,624.8591152320324,728.0473684210526,247.1578947368421
1384,1377,55.52752759144183,975.7578558907651,624.8591152320324,734.0578947368422,250.6263157894737
1385,1378,12.80714353405165,975.7578558907651,624.8591152320324,740.0684210526316,254.09473684210525
1386,1378,12.80714353405165,975.7578558907651,624.8591152320324,746.078947368421,257.56315789473683
1387,1378,12.80714353405165,975.7578558907651,624.8591152320324,752.0894736842106,261.0315789473684
1388,1378,12.80714353405165,975.7578558907651,624.8591152320324,758.1,264.5
1389,1378,12.80714353405165,975.7578558907651,624.8591152320324,758.1,264.5
1390,1378,12.80714353405165,975.7578558907651,624.8591152320324,758.1,264.5
1391,1378,12.80714353405165,975.7578558907651,624.8591152320324,758.1,264.5
1392,1378,12.824984625357349,975.7578558907651,624.8591152320324,758.1,264.5
1393,1378,12.890800432071737,975.7578558907651,624.8591152320324,758.1,264.5
1394,1378,13.00386253842881,975.7578558907651,624.8591152320324,758.1,264.5
1395,1378,13.162953546115725,975.7578558907651,624.8591152320324,758.1,264.5
1396,1378,13.366430009394875,975.7578558907651,624.8591152320324,758.1,264.5
1397,1378,13.612301654566107,975.7578558907651,624.8591152320324,758.1,264.5
1398,1378,13.898318656360969,975.7578558907651,624.8591152320324,758.1,264.5
1399,1378,14.222059155150587,975.7578558907651,624.8591152320324,758.1,264.5
1400,1378,14.581010656036526,975.7578558907651,624.8591152320324,758.1,264.5
1401,1379,14.972640945748417,975.7578558907651,624.8591152320324,758.1,264.5
1402,1380,15.394456210894665,975.7578558907651,624.8591152320324,758.1,264.5
1403,1381,15.84404579544004,975.7578558907651,624.8591152320324,758.1,264.5
1404,1382,16.319114323603944,1239.757855890765,678.8591152320324,758.1,264.5
1405,1383,16.81750271133332,1239.757855890765,678.8591152320324,758.1,264.5
1406,1384,17.33719996379332,1239.757855890765,678.8591152320324,758.1,264.5
1407,1385,17.876347717680105,1239.757855890765,678.8591152320324,758.1,264.5
1408,1386,18.43323934804338,1239.757855890765,678.8591152320324,758.1,264.5
1409,1387,19.006315213662702,1239.757855890765,678.8591152320324,758.1,264.5
1410,1388,19.59415533111734,1239.757855890765,678.8591152320324,758.1,264.5
1411,1389,20.195470489166762,1239.757855890765,678.8591152320324,778.6750000000001,305.7375
1412,1390,20.809092565935142,1239.757855890765,678.8591152320324,799.25,346.975
1413,1391,21.43396460192339,1239.757855890765,678.8591152320324,819.825,388.2125
1414,1392,22.069131013598074,1239.757855890765,678.8591152320324,840.4000000000001,429.45
1415,1393,22.713728201997224,1239.757855890765,678.8591152320324,860.975,470.6875
1416,1394,23.36697571302404,1239.757855890765,678.8591152320324,881.5500000000001,511.92499999999995
1417,1395,23.36697571302404,1239.757855890765,678.8591152320324,902.125,553.1624999999999
1418,1396,23.36697571302404,1239.757855890765,678.8591152320324,922.7,594.4
1419,1397,23.36697571302404,1239.757855890765,678.8591152320324,922.7,594.4
1420,1398,23.36697571302404,1239.757855890765,678.8591152320324,922.7,594.4
1421,1399,23.36697571302404,1239.757855890765,678.8591152320324,922.7,594.4
1422,1400,23.36697571302404,1239.757855890765,678.8591152320324,922.7,594.4
1423,1401,23.36697571302404,1239.757855890765,678.8591152320324,922.7,594.4
1424,1402,23.36697571302404,1239.757855890765,678.8591152320324,922.7,594.4
1425,1403,23.36697571302404,1239.757855890765,678.8591152320324,922.7,594.4
1426,1404,23.36697571302404,1239.757855890765,678.8591152320324,922.7,594.4
1427,1405,23.36697571302404,1239.757855890765,678.8591152320324,922.7,594.4
1428,1406,23.36697571302404,1239.757855890765,678.8591152320324,922.7,594.4
1429,1407,23.36697571302404,1239.757855890765,678.8591152320324,922.7,594.4
1430,1408,23.36697571302404,1239.757855890765,678.8591152320324,922.7,594.4
1431,1409,23.36697571302404,1239.757855890765,678.8591152320324,922.7,594.4
1432,1410,23.36697571302404,1239.757855890765,678.8591152320324,922.7,594.4
1433,1411,23.36697571302404,1239.757855890765,678.8591152320324,922.7,594.4
1434,1412,23.36697571302404,1239.757855890765,678.8591152320324,922.7,594.4
1435,1413,23.36697571302404,1239.757855890765,678.8591152320324,922.7,594.4
1436,1414,23.36697571302404,1239.757855890765,678.8591152320324,922.7,594.4
1437,1415,23.36697571302404,1239.757855890765,678.8591152320324,922.7,594.4
1438,1416,23.36697571302404,1239.757855890765,678.8591152320324,922.7,594.4
1439,1417,23.36697571302404,1239.757855890765,678.8591152320324,922.7,594.4
1440,1418,48.50418121410356,1239.757855890765,678.8591152320324,922.7,594.4
1441,1419,64.06701773424092,1239.757855890765,678.8591152320324,922.7,594.4
1442,1420,101.56728062252576,1239.757855890765,678.8591152320324,922.7,594.4
1443,1421,144.86768028216886,1239.757855890765,678.8591152320324,922.7,594.4
1444,1422,190.04415185215498,1239.757855890765,678.8591152320324,922.7,594.4
1445,1423,236.0218572116988,1239.757855890765,678.8591152320324,922.7,594.4
1446,1424,282.4097326150439,1239.757855890765,678.8591152320324,922.7,594.4
1447,1425,329.0343441577612,1239.757855890765,678.8591152320324,922.7,594.4
1448,1426,375.8075900784096,1239.757855890765,678.8591152320324,922.7,594.4
1449,1427,375.8075900784096,1239.757855890765,678.8591152320324,922.7,594.4
1450,1428,375.8075900784096,1239.757855890765,678.8591152320324,922.7,594.4
1451,1429,375.8075900784096,1239.757855890765,678.8591152320324,922.7,594.4
1452,1430,375.8075900784096,1239.757855890765,678.8591152320324,922.7,594.4
1453,1431,375.8075900784096,1239.757855890765,678.8591152320324,922.7,594.4
1454,1432,375.8075900784096,1239.757855890765,678.8591152320324,922.7,594.4
1455,1433,374.34389432273304,1239.757855890765,678.8591152320324,922.7,594.4
1455,1434,374.34389432273304,1239.757855890765,678.8591152320324,922.7,594.4
1455,1435,374.34389432273304,1239.757855890765,678.8591152320324,922.7,594.4
1455,1436,374.34389432273304,1239.757855890765,678.8591152320324,922.7,594.4
1455,1437,374.34389432273304,989.7578558907651,669.8591152320324,922.7,594.4
1455,1438,374.34389432273304,989.7578558907651,669.8591152320324,922.7,594.4
1455,1439,374.34389432273304,989.7578558907651,669.8591152320324,922.7,594.4
1455,1440,374.34389432273304,989.7578558907651,669.8591152320324,922.7,594.4
1455,1441,374.34389432273304,989.7578558907651,669.8591152320324,922.7,594.4
1455,1442,374.34389432273304,989.7578558907651,669.8591152320324,922.7,594.4
1455,1443,374.34389432273304,989.7578558907651,669.8591152320324,922.7,594.4
1455,1444,320.115176578349,989.7578558907651,669.8591152320324,922.7,594.4
1455,1445,265.8886726297771,989.7578558907651,669.8591152320324,922.7,594.4
1455,1446,211.6660839336836,989.7578558907651,669.8591152320324,922.7,594.4
1455,1447,157.4514555054249,989.7578558907651,669.8591152320324,922.7,594.4
1455,1448,103.2573265763333,989.7578558907651,669.8591152320324,922.7,594.4
1455,1449,49.151551761521354,989.7578558907651,669.8591152320324,922.7,594.4
1455,1450,7.235985585851989,989.7578558907651,669.8591152320324,922.7,594.4
1455,1451,7.235985585851989,989.7578558907651,669.8591152320324,922.7,594.4
1455,1452,7.235985585851989,989.7578558907651,669.8591152320324,922.7,594.4
1455,1453,7.235985585851989,989.7578558907651,669.8591152320324,922.7,594.4
1455,1454,7.235985585851989,989.7578558907651,669.8591152320324,922.7,594.4
1455,1455,7.235985585851989,989.7578558907651,669.8591152320324,933.5666666666667,607.6333333333333
1455,1456,7.235985585851989,989.7578558907651,669.8591152320324,944.4333333333333,620.8666666666667
1455,1457,7.235985585851989,989.7578558907651,669.8591152320324,955.3,634.1
1455,1458,7.235985585851989,989.7578558907651,669.8591152320324,955.3,634.1
1455,1459,7.235985585851989,989.7578558907651,669.8591152320324,955.3,634.1
1455,1460,7.235985585851989,989.7578558907651,669.8591152320324,955.3,634.1
1455,1461,7.235985585851989,988.4778558907651,669.0191152320324,955.3,634.1
1455,1462,7.235985585851989,987.1978558907651,668.1791152320325,955.3,634.1
1455,1463,7.235985585851989,985.917855890765,667.3391152320324,955.3,634.1
1455,1464,7.235985585851989,984.6378558907651,666.4991152320324,955.3,634.1
1455,1465,7.235985585851989,983.3578558907651,665.6591152320324,955.3,634.1
1455,1466,7.235985585851989,982.0778558907651,664.8191152320325,955.3,634.1
1455,1467,7.235985585851989,980.797855890765,663.9791152320324,955.3,634.1
1455,1468,7.235985585851989,979.5178558907651,663.1391152320324,955.3,634.1
1455,1469,7.235985585851989,978.2378558907651,662.2991152320325,955.3,634.1
1455,1470,7.235985585851989,976.9578558907651,661.4591152320324,955.3,634.1
1455,1471,7.235985585851989,975.677855890765,660.6191152320324,955.3,634.1
1455,1472,7.235985585851989,974.3978558907651,659.7791152320324,955.3,634.1
1455,1473,7.235985585851989,973.1178558907651,658.9391152320325,955.3,634.1
1455,1474,7.235985585851989,971.8378558907651,658.0991152320324,955.3,634.1
1455,1475,7.235985585851989,970.557855890765,657.2591152320324,955.3,634.1
1455,1476,7.235985585851989,969.2778558907651,656.4191152320324,955.3,634.1
1455,1477,7.235985585851989,967.9978558907651,655.5791152320324,955.3,634.1
1455,1478,7.235985585851989,966.7178558907651,654.7391152320324,955.3,634.1
1455,1479,7.235985585851989,965.437855890765,653.8991152320324,955.3,634.1
1455,1480,7.235985585851989,964.1578558907651,653.0591152320325,955.3,634.1
1455,1481,7.235985585851989,962.8778558907651,652.2191152320324,955.3,634.1
1455,1482,7.235985585851989,961.5978558907651,651.3791152320324,955.3,634.1
1455,1483,7.235985585851989,960.317855890765,650.5391152320324,955.3,634.1
1455,1484,7.235985585851989,959.0378558907651,649.6991152320325,955.3,634.1
1455,1485,7.235985585851989,957.7578558907651,648.8591152320324,955.3,634.1
1455,1486,7.235985585851989,957.7578558907651,648.8591152320324,948.1142857142856,584.8142857142857
1455,1487,7.235985585851989,957.7578558907651,648.8591152320324,940.9285714285714,535.5285714285715
1455,1488,7.235985585851989,957.7578558907651,648.8591152320324,933.7428571428571,486.24285714285713
1455,1489,7.235985585851989,957.7578558907651,648.8591152320324,926.5571428571428,436.9571428571429
1455,1490,7.235985585851989,957.7578558907651,648.8591152320324,919.3714285714285,387.6714285714286
1455,1491,7.235985585851989,957.7578558907651,648.8591152320324,912.1857142857143,338.3857142857143
1455,1492,7.235985585851989,957.7578558907651,648.8591152320324,905.0,289.1
1455,1493,7.235985585851989,957.7578558907651,648.8591152320324,905.0,289.1
1455,1494,7.235985585851989,957.7578558907651,648.8591152320324,905.0,289.1
1455,1495,7.235985585851989,957.7578558907651,648.8591152320324,905.0,289.1
1455,1496,7.235985585851989,957.7578558907651,648.8591152320324,905.0,289.1
1456,1497,7.766668756049876,957.7578558907651,648.8591152320324,905.0,289.1
1457,1498,8.654131945709116,957.7578558907651,648.8591152320324,905.0,289.1
1458,1499,9.801941435311933,957.7578558907651,648.8591152320324,905.0,289.1
1459,1500,11.129838815940985,957.7578558907651,648.8591152320324,905.0,289.1
1460,1501,12.580928750945645,957.7578558907651,648.8591152320324,905.0,289.1
1461,1502,14.117273972120543,957.3828558907651,601.3591152320324,905.0,289.1
1462,1503,15.713888143023503,957.0078558907651,553.8591152320324,905.0,289.1
1463,1504,9.822715826955676,956.6328558907651,506.3591152320324,905.0,289.1
1464,1504,9.411677270887193,956.2578558907651,458.8591152320324,905.0,289.1
1465,1504,9.342633027446995,955.8828558907651,411.3591152320324,905.0,289.1
1466,1504,9.62294729902185,955.5078558907651,363.8591152320324,905.0,289.1
1467,1504,10.223924762729908,955.1328558907651,316.3591152320324,905.0,289.1
1468,1504,11.093572931574856,954.7578558907651,268.8591152320324,905.0,289.1
1469,1504,12.174452070724934,954.7578558907651,268.8591152320324,905.0,289.1
1470,1504,13.415603082105054,954.7578558907651,268.8591152320324,905.0,289.1
1471,1505,13.726467722859471,954.7578558907651,268.8591152320324,905.0,289.1
1472,1505,12.831293997394658,954.7578558907651,268.8591152320324,905.0,289.1
1473,1505,12.144113600771867,954.7578558907651,268.8591152320324,905.0,289.1
1474,1505,11.701627435930854,954.7578558907651,268.8591152320324,905.0,289.1
1475,1505,11.5320368604252,954.7578558907651,268.8591152320324,905.0,289.1
1476,1505,11.647268506009507,954.7578558907651,268.8591152320324,905.0,289.1
1477,1505,12.039146695341621,954.7578558907651,268.8591152320324,905.0,289.1
1478,1505,12.68205198904472,954.7578558907651,268.8591152320324,905.0,289.1
1479,1505,13.540274448980284,954.7578558907651,268.8591152320324,905.0,289.1
1480,1505,13.540274448980284,954.7578558907651,268.8591152320324,905.0,289.1
1481,1505,13.540274448980284,954.7578558907651,268.8591152320324,905.0,289.1
1482,1505,13.540274448980284,954.7578558907651,268.8591152320324,905.0,289.1
1483,1505,13.540274448980284,954.7578558907651,268.8591152320324,905.0,289.1
1484,1505,13.540274448980284,954.7578558907651,268.8591152320324,905.0,289.1
1485,1505,13.540274448980284,952.3828558907651,308.9841152320324,905.0,289.1
1486,1505,13.540274448980284,950.0078558907651,349.1091152320324,905.0,289.1
1487,1505,13.540274448980284,947.6328558907651,389.2341152320324,905.0,289.1
1488,1505,13.540274448980284,945.2578558907651,429.3591152320324,905.0,289.1
1489,1505,13.540274448980284,942.8828558907651,469.4841152320324,905.0,289.1
1490,1505,13.540274448980284,940.5078558907651,509.6091152320324,905.0,289.1
1491,1505,13.540274448980284,938.1328558907651,549.7341152320324,905.0,289.1
1492,1505,13.540274448980284,935.7578558907651,589.8591152320324,905.0,289.1
1493,1505,13.540274448980284,935.7578558907651,589.8591152320324,905.0,289.1
1494,1505,13.540274448980284,935.7578558907651,589.8591152320324,905.0,289.1
1495,1505,13.540274448980284,935.7578558907651,589.8591152320324,905.0,289.1
1496,1505,13.540274448980284,935.7578558907651,589.8591152320324,905.0,289.1
1497,1505,13.540274448980284,935.7578558907651,589.8591152320324,907.3857142857142,335.37142857142857
1498,1505,13.540274448980284,935.7578558907651,589.8591152320324,909.7714285714286,381.64285714285717
1499,1505,13.540274448980284,935.7578558907651,589.8591152320324,912.1571428571428,427.9142857142857
1500,1505,13.540274448980284,935.7578558907651,589.8591152320324,914.5428571428572,474.1857142857143
1501,1505,13.540274448980284,935.7578558907651,589.8591152320324,916.9285714285714,520.4571428571428
1502,1505,13.540274448980284,935.7578558907651,589.8591152320324,919.3142857142858,566.7285714285714
1503,1505,13.540274448980284,935.7578558907651,589.8591152320324,921.7,613.0
1504,1505,13.540274448980284,935.7578558907651,589.8591152320324,921.7,613.0
1505,1505,13.540274448980284,935.7578558907651,589.8591152320324,921.7,613.0
1506,1505,13.540274448980284,935.7578558907651,589.8591152320324,921.7,613.0
1507,1505,13.540274448980284,935.7578558907651,589.8591152320324,921.7,613.0
1508,1505,13.540274448980284,935.7578558907651,589.8591152320324,921.7,613.0
1509,1505,13.540274448980284,935.7578558907651,589.8591152320324,921.7,613.0
1510,1505,13.540274448980284,935.7578558907651,589.8591152320324,921.7,613.0
1511,1505,13.540274448980284,935.7578558907651,589.8591152320324,921.7,613.0
1512,1505,13.540274448980284,935.7578558907651,589.8591152320324,921.7,613.0
1513,1505,13.540274448980284,935.7578558907651,589.8591152320324,921.7,613.0
1514,1505,13.540274448980284,935.7578558907651,589.8591152320324,921.7,613.0
1515,1505,13.540274448980284,935.7578558907651,589.8591152320324,921.7,613.0
1516,1505,13.540274448980284,935.7578558907651,633.8591152320324,921.7,613.0
1517,1505,13.540274448980284,935.7578558907651,633.8591152320324,921.7,613.0
1518,1506,18.114910907520112,935.7578558907651,633.8591152320324,921.7,613.0
1519,1507,18.114910907520112,935.7578558907651,633.8591152320324,921.7,613.0
1520,1508,18.114910907520112,935.7578558907651,633.8591152320324,921.7,613.0
1521,1509,18.114910907520112,935.7578558907651,633.8591152320324,921.7,613.0
1522,1510,18.114910907520112,935.7578558907651,633.8591152320324,921.7,613.0
1523,1511,18.114910907520112,935.7578558907651,633.8591152320324,921.7,613.0
1524,1512,18.114910907520112,935.7578558907651,633.8591152320324,921.7,613.0
1525,1513,18.114910907520112,935.7578558907651,633.8591152320324,921.7,613.0
1526,1514,18.114910907520112,935.7578558907651,633.8591152320324,921.7,613.0
1527,1515,18.114910907520112,935.7578558907651,633.8591152320324,921.7,613.0
1528,1516,18.114910907520112,935.7578558907651,633.8591152320324,921.7,613.0
1529,1517,18.114910907520112,935.7578558907651,633.8591152320324,921.7,613.0
1530,1518,18.114910907520112,935.7578558907651,633.8591152320324,921.7,613.0
1531,1519,18.114910907520112,935.7578558907651,633.8591152320324,921.7,613.0
1532,1520,18.114910907520112,935.7578558907651,633.8591152320324,921.7,613.0
1533,1521,18.114910907520112,935.7578558907651,633.8591152320324,921.7,613.0
1534,1522,18.114910907520112,935.7578558907651,633.8591152320324,921.7,613.0
1535,1523,18.114910907520112,935.7578558907651,633.8591152320324,921.7,613.0
1536,1524,18.114910907520112,935.7578558907651,633.8591152320324,921.7,613.0
1537,1525,18.114910907520112,935.7578558907651,633.8591152320324,921.7,613.0
1538,1526,18.114910907520112,935.7578558907651,633.8591152320324,921.7,613.0
1539,1527,18.114910907520112,935.7578558907651,633.8591152320324,921.7,613.0
1540,1528,18.114910907520112,935.7578558907651,633.8591152320324,921.7,613.0
1541,1529,18.114910907520112,935.7578558907651,633.8591152320324,921.7,613.0
1542,1530,18.114910907520112,935.7578558907651,633.8591152320324,921.7,613.0
1543,1531,18.114910907520112,935.7578558907651,633.8591152320324,921.7,613.0
1544,1532,18.114910907520112,935.7578558907651,633.8591152320324,921.7,613.0
1545,1533,18.114910907520112,935.7578558907651,633.8591152320324,921.7,613.0
1546,1534,18.114910907520112,935.7578558907651,633.8591152320324,921.7,613.0
1547,1535,18.114910907520112,935.7578558907651,633.8591152320324,921.7,613.0
1548,1536,18.114910907520112,935.7578558907651,633.8591152320324,921.7,613.0
1549,1537,18.114910907520112,935.7578558907651,633.8591152320324,921.7,613.0
1550,1538,18.114910907520112,935.7578558907651,633.8591152320324,921.7,613.0
1551,1539,18.114910907520112,935.7578558907651,633.8591152320324,921.7,613.0
1552,1540,18.114910907520112,935.7578558907651,633.8591152320324,921.7,613.0
1553,1541,18.114910907520112,935.7578558907651,633.8591152320324,921.7,613.0
1554,1542,18.114910907520112,935.7578558907651,633.8591152320324,921.7,613.0
1555,1543,18.114910907520112,935.7578558907651,633.8591152320324,921.7,613.0
1556,1544,18.114910907520112,935.7578558907651,633.8591152320324,921.7,613.0
1557,1545,18.114910907520112,935.7578558907651,633.8591152320324,921.7,613.0
1558,1546,18.114910907520112,935.7578558907651,633.8591152320324,921.7,613.0
1559,1547,18.114910907520112,935.7578558907651,633.8591152320324,921.7,613.0
1560,1548,18.114910907520112,935.7578558907651,633.8591152320324,921.7,613.0
1561,1549,18.114910907520112,935.7578558907651,633.8591152320324,921.7,613.0
1562,1550,18.114910907520112,935.7578558907651,633.8591152320324,921.7,613.0
1563,1551,18.114910907520112,935.7578558907651,633.8591152320324,921.7,613.0
1564,1552,18.114910907520112,935.7578558907651,633.8591152320324,921.7,613.0
1565,1553,18.114910907520112,935.7578558907651,633.8591152320324,921.7,613.0
1566,1554,18.114910907520112,935.7578558907651,633.8591152320324,921.7,613.0
1567,1555,18.114910907520112,935.7578558907651,633.8591152320324,965.4166666666667,615.9666666666667
1568,1556,18.114910907520112,935.7578558907651,633.8591152320324,1009.1333333333333,618.9333333333333
1569,1557,18.114910907520112,935.7578558907651,633.8591152320324,1052.85,621.9
1570,1558,18.114910907520112,935.7578558907651,633.8591152320324,1096.5666666666666,624.8666666666667
1571,1559,18.114910907520112,935.7578558907651,633.8591152320324,1140.2833333333333,627.8333333333333
1572,1560,18.114910907520112,935.7578558907651,633.8591152320324,1184.0,630.8
1573,1561,18.114910907520112,935.7578558907651,633.8591152320324,1184.0,630.8
1574,1562,18.114910907520112,935.7578558907651,633.8591152320324,1184.0,630.8
1575,1563,18.114910907520112,935.7578558907651,633.8591152320324,1184.0,630.8
1576,1564,18.114910907520112,935.7578558907651,633.8591152320324,1184.0,630.8
1577,1565,18.114910907520112,935.7578558907651,633.8591152320324,1184.0,630.8
1578,1566,18.114910907520112,935.7578558907651,633.8591152320324,1184.0,630.8
1579,1567,18.114910907520112,935.7578558907651,633.8591152320324,1184.0,630.8
1580,1568,18.963833911482233,1195.757855890765,667.8591152320324,1184.0,630.8
1581,1569,54.93892286946634,1195.757855890765,667.8591152320324,1184.0,630.8
1582,1570,91.12697046150535,1195.757855890765,667.8591152320324,1184.0,630.8
1583,1571,127.34655666694319,1195.757855890765,667.8591152320324,1184.0,630.8
1584,1572,120.68250875997133,1195.757855890765,667.8591152320324,1184.0,630.8
1584,1573,84.55856650887293,1195.757855890765,667.8591152320324,1184.0,630.8
1584,1574,48.61291669371801,1195.757855890765,667.8591152320324,1184.0,630.8
1584,1575,14.263990286916776,1195.757855890765,667.8591152320324,1184.0,630.8
1585,1576,14.263990286916776,1195.757855890765,667.8591152320324,1184.0,630.8
1586,1577,14.263990286916776,1195.757855890765,667.8591152320324,1184.0,630.8
1587,1578,14.263990286916776,1195.757855890765,667.8591152320324,1184.0,630.8
1588,1579,14.263990286916776,1195.757855890765,667.8591152320324,1184.0,630.8
1589,1580,14.263990286916776,1195.757855890765,667.8591152320324,1184.0,630.8
1590,1581,14.263990286916776,1195.757855890765,667.8591152320324,1184.0,630.8
1591,1582,14.263990286916776,1195.757855890765,667.8591152320324,1184.0,630.8
1592,1583,14.263990286916776,1195.757855890765,667.8591152320324,1184.0,630.8
1593,1584,14.263990286916776,1195.757855890765,667.8591152320324,1184.0,630.8
1594,1585,14.263990286916776,1195.757855890765,667.8591152320324,1184.0,630.8
1595,1586,14.263990286916776,1195.757855890765,667.8591152320324,1184.0,630.8
1596,1587,14.263990286916776,1195.757855890765,667.8591152320324,1140.1833333333334,625.25
1596,1588,14.263990286916776,1195.757855890765,667.8591152320324,1096.3666666666668,619.6999999999999
1596,1589,14.263990286916776,1195.757855890765,667.8591152320324,1052.55,614.15
1596,1590,14.263990286916776,1195.757855890765,667.8591152320324,1008.7333333333333,608.6
1596,1591,14.263990286916776,1195.757855890765,667.8591152320324,964.9166666666667,603.05
1596,1592,14.263990286916776,1181.3689670018762,666.5813374542546,921.1,597.5
1596,1593,14.263990286916776,1166.9800781129873,665.3035596764769,921.1,597.5
1597,1594,14.263990286916776,1152.5911892240983,664.025781898699,921.1,597.5
1598,1595,14.263990286916776,1138.2023003352094,662.7480041209213,921.1,597.5
1599,1596,14.39632714068209,1123.8134114463207,661.4702263431435,921.1,597.5
1600,1597,43.056639579415,1109.4245225574318,660.1924485653658,921.1,597.5
1601,1598,4.426960419661411,1095.035633668543,658.914670787588,921.1,597.5
1602,1598,29.01569181517316,1080.646744779654,657.6368930098103,921.1,597.5
1603,1599,16.87817967028085,1066.257855890765,656.3591152320324,921.1,597.5
1604,1599,16.818970187377502,1051.8689670018762,655.0813374542546,921.1,597.5
1605,1600,31.67142476139395,1037.4800781129873,653.8035596764769,921.1,597.5
1606,1600,13.295727577834702,1023.0911892240983,652.525781898699,921.1,597.5
1607,1600,31.516674280849813,1008.7023003352095,651.2480041209213,921.1,597.5
1608,1601,22.88244332437912,994.3134114463206,649.9702263431435,921.1,597.5
1609,1601,22.711737375646827,979.9245225574317,648.6924485653658,921.1,597.5
1610,1602,36.37811540160066,965.5356336685429,647.414670787588,921.1,597.5
1611,1602,22.164758029918897,951.146744779654,646.1368930098103,921.1,597.5
1612,1602,36.08341554469813,936.7578558907651,644.8591152320324,921.1,597.5
1613,1603,30.325916464942562,936.7578558907651,644.8591152320324,921.1,597.5
1614,1603,30.101328949249773,936.7578558907651,644.8591152320324,921.1,597.5
1615,1604,42.43792110084824,936.7578558907651,644.8591152320324,921.1,597.5
1616,1605,31.033826039659225,936.7578558907651,644.8591152320324,921.1,597.5
1616,1606,31.033826039659225,936.7578558907651,644.8591152320324,921.1,597.5
1616,1607,31.033826039659225,936.7578558907651,644.8591152320324,921.1,597.5
1616,1608,31.033826039659225,936.7578558907651,644.8591152320324,921.1,597.5
1616,1609,31.033826039659225,936.7578558907651,644.8591152320324,921.1,597.5
1616,1610,31.033826039659225,936.7578558907651,644.8591152320324,921.1,597.5
1616,1611,31.033826039659225,936.7578558907651,644.8591152320324,921.1,597.5
1616,1612,31.033826039659225,936.7578558907651,644.8591152320324,921.1,597.5
1616,1613,31.033826039659225,936.7578558907651,644.8591152320324,921.1,597.5
1616,1614,31.033826039659225,936.7578558907651,644.8591152320324,921.1,597.5
1616,1615,31.033826039659225,936.7578558907651,644.8591152320324,921.1,597.5
1616,1616,31.033826039659225,936.7578558907651,644.8591152320324,921.1,597.5
1616,1617,31.033826039659225,936.7578558907651,644.8591152320324,921.1,597.5
1616,1618,31.033826039659225,936.7578558907651,644.8591152320324,921.1,597.5
1616,1619,31.033826039659225,936.7578558907651,644.8591152320324,921.1,597.5
1616,1620,31.033826039659225,936.7578558907651,644.8591152320324,921.1,597.5
1616,1621,31.033826039659225,936.7578558907651,644.8591152320324,921.1,597.5
1616,1622,31.033826039659225,936.7578558907651,644.8591152320324,921.1,597.5
1617,1623,31.033826039659225,936.7578558907651,644.8591152320324,921.1,597.5
1618,1624,31.033826039659225,936.7578558907651,644.8591152320324,921.1,597.5
1619,1625,31.033826039659225,936.7578558907651,644.8591152320324,921.1,597.5
1620,1626,31.033826039659225,936.7578558907651,644.8591152320324,921.1,597.5
1621,1627,31.033826039659225,936.7578558907651,644.8591152320324,921.1,597.5
1622,1628,31.033826039659225,936.7578558907651,644.8591152320324,921.1,597.5
1623,1629,31.033826039659225,936.7578558907651,644.8591152320324,921.1,597.5
1624,1630,31.033826039659225,936.7578558907651,644.8591152320324,921.1,597.5
1625,1631,31.033826039659225,936.7578558907651,644.8591152320324,921.1,597.5
1626,1632,31.033826039659225,936.7578558907651,644.8591152320324,921.1,597.5
1627,1633,31.033826039659225,936.7578558907651,644.8591152320324,921.1,597.5
1628,1634,31.033826039659225,936.7578558907651,644.8591152320324,921.1,597.5
1629,1635,31.033826039659225,936.7578558907651,644.8591152320324,921.1,597.5
1630,1636,31.033826039659225,936.7578558907651,644.8591152320324,921.1,597.5
1631,1637,31.033826039659225,936.7578558907651,644.8591152320324,921.1,597.5
1632,1638,38.07672125247514,936.7578558907651,644.8591152320324,921.1,597.5
1633,1639,29.592660750850477,936.7578558907651,644.8591152320324,921.1,597.5
1634,1640,25.6379335521026,936.7578558907651,644.8591152320324,921.1,597.5
1635,1641,28.18813404360049,936.7578558907651,644.8591152320324,921.1,597.5
1636,1641,22.87614227780026,936.7578558907651,644.8591152320324,921.1,597.5
1637,1642,21.508861829637638,936.7578558907651,644.8591152320324,921.1,597.5
1638,1642,23.25238017040427,936.7578558907651,644.8591152320324,921.1,597.5
1639,1643,16.7938209748591,936.7578558907651,644.8591152320324,919.9047619047619,592.6476190476191
1640,1644,19.469998967978512,936.7578558907651,644.8591152320324,918.7095238095238,587.7952380952381
1640,1645,19.469998967978512,936.7578558907651,644.8591152320324,917.5142857142857,582.9428571428572
1640,1646,19.469998967978512,936.7578558907651,644.8591152320324,916.3190476190476,578.0904761904762
1640,1647,19.469998967978512,936.7578558907651,644.8591152320324,915.1238095238095,573.2380952380953
1640,1648,19.469998967978512,936.7578558907651,644.8591152320324,913.9285714285714,568.3857142857142
1640,1649,19.469998967978512,936.7578558907651,644.8591152320324,912.7333333333333,563.5333333333333
1640,1650,19.469998967978512,936.7578558907651,644.8591152320324,911.5380952380953,558.6809523809524
1640,1651,19.469998967978512,936.7578558907651,644.8591152320324,910.3428571428572,553.8285714285714
1640,1652,19.469998967978512,936.7578558907651,644.8591152320324,909.1476190476191,548.9761904761905
1641,1653,19.469998967978512,936.7578558907651,644.8591152320324,907.952380952381,544.1238095238095
1642,1654,16.10234000001822,936.7578558907651,644.8591152320324,906.7571428571429,539.2714285714286
1643,1655,15.35586498773553,936.7578558907651,644.8591152320324,905.5619047619048,534.4190476190477
1644,1656,17.56794148297425,936.7578558907651,644.8591152320324,904.3666666666667,529.5666666666667
1645,1657,21.858071478497887,936.7578558907651,644.8591152320324,903.1714285714286,524.7142857142858
1646,1658,27.26225874632025,936.7578558907651,644.8591152320324,901.9761904761905,519.8619047619047
1647,1659,33.241524596891956,936.7578558907651,644.8591152320324,900.7809523809524,515.0095238095238
1648,1660,39.535805360236566,936.7578558907651,644.8591152320324,899.5857142857143,510.15714285714284
1649,1661,46.01601455821126,936.7578558907651,644.8591152320324,898.3904761904762,505.3047619047619
1650,1662,52.613496638626685,936.7578558907651,644.8591152320324,897.1952380952381,500.45238095238096
1651,1663,59.28911538930511,936.7578558907651,644.8591152320324,896.0,495.6
1652,1664,66.01917237539523,936.7578558907651,644.8591152320324,896.0,495.6
1653,1665,72.78856902701298,936.7578558907651,644.8591152320324,896.0,495.6
1654,1666,79.58726772072657,936.7578558907651,644.8591152320324,896.0,495.6
1655,1667,86.40835218821864,936.7578558907651,644.8591152320324,896.0,495.6
1656,1668,52.25064735572357,936.7578558907651,644.8591152320324,896.0,495.6
1656,1669,57.462075371280626,936.7578558907651,644.8591152320324,896.0,495.6
1657,1670,57.109994254833154,936.7578558907651,644.8591152320324,896.0,495.6
1657,1671,57.208401593818,932.2578558907651,605.8591152320324,896.0,495.6
1657,1672,58.14089545607555,927.7578558907651,566.8591152320324,896.0,495.6
1657,1673,58.14089545607555,923.2578558907651,527.8591152320324,899.8,456.95714285714286
1657,1674,58.14089545607555,918.7578558907651,488.8591152320324,903.6,418.31428571428575
1657,1675,58.14089545607555,914.2578558907651,449.8591152320324,907.4,379.6714285714286
1657,1676,58.14089545607555,909.7578558907651,410.8591152320324,911.2,341.02857142857147
1657,1677,58.14089545607555,905.2578558907651,371.8591152320324,915.0,302.3857142857143
1657,1678,58.14089545607555,900.7578558907651,332.8591152320324,918.8000000000001,263.74285714285713
1657,1679,58.14089545607555,896.2578558907651,293.8591152320324,922.6,225.1
1657,1680,58.14089545607555,891.7578558907651,254.85911523203242,922.6,225.1
1657,1681,58.14089545607555,891.7578558907651,254.85911523203242,922.6,225.1
1657,1682,58.14089545607555,891.7578558907651,254.85911523203242,922.6,225.1
1657,1683,58.14089545607555,891.7578558907651,254.85911523203242,922.6,225.1
1657,1684,58.14089545607555,891.7578558907651,254.85911523203242,922.6,225.1
1657,1685,58.14089545607555,891.7578558907651,254.85911523203242,922.6,225.1
1657,1686,58.14089545607555,891.7578558907651,254.85911523203242,922.6,225.1
1657,1687,58.14089545607555,891.7578558907651,254.85911523203242,922.6,225.1
1657,1688,58.14089545607555,891.7578558907651,254.85911523203242,922.6,225.1
1657,1689,58.14089545607555,891.7578558907651,254.85911523203242,922.6,225.1
1657,1690,58.14089545607555,891.7578558907651,254.85911523203242,922.6,225.1
1657,1691,58.14089545607555,891.7578558907651,254.85911523203242,922.6,225.1
1657,1692,58.14089545607555,891.7578558907651,254.85911523203242,922.6,225.1
1657,1693,58.14089545607555,891.7578558907651,254.85911523203242,922.6,225.1
1657,1694,58.14089545607555,891.7578558907651,254.85911523203242,922.6,225.1
1658,1695,52.714358890645435,891.7578558907651,254.85911523203242,922.6,225.1
1658,1696,43.323599361874905,891.7578558907651,254.85911523203242,922.6,225.1
1659,1697,28.838284938632693,891.7578558907651,254.85911523203242,922.6,225.1
1660,1698,18.134812622142512,891.7578558907651,254.85911523203242,922.6,225.1
1661,1699,19.199180023730502,891.7578558907651,254.85911523203242,922.6,225.1
1661,1700,27.490793464966085,891.7578558907651,254.85911523203242,885.6,230.7
1662,1701,18.755087784195062,891.7578558907651,254.85911523203242,848.6,236.29999999999998
1663,1702,22.142159884646475,891.7578558907651,254.85911523203242,811.6,241.89999999999998
1663,1703,22.142159884646475,891.7578558907651,254.85911523203242,774.6,247.5
1663,1704,22.142159884646475,891.7578558907651,254.85911523203242,737.6,253.1
1663,1705,22.142159884646475,891.7578558907651,254.85911523203242,700.6,258.7
1663,1706,22.142159884646475,891.7578558907651,254.85911523203242,700.6,258.7
1663,1707,22.142159884646475,891.7578558907651,254.85911523203242,700.6,258.7
1663,1708,22.142159884646475,891.7578558907651,254.85911523203242,700.6,258.7
1663,1709,22.142159884646475,891.7578558907651,254.85911523203242,700.6,258.7
1663,1710,22.142159884646475,687.7578558907651,308.8591152320324,700.6,258.7
1663,1711,22.142159884646475,687.7578558907651,308.8591152320324,700.6,258.7
1663,1712,22.142159884646475,687.7578558907651,308.8591152320324,700.6,258.7
1664,1713,61.17919395058602,687.7578558907651,308.8591152320324,700.6,258.7
1665,1714,61.17919395058602,687.7578558907651,308.8591152320324,700.6,258.7
1666,1715,61.17919395058602,687.7578558907651,308.8591152320324,700.6,258.7
1667,1716,61.17919395058602,687.7578558907651,308.8591152320324,700.6,258.7
1668,1717,61.17919395058602,687.7578558907651,308.8591152320324,700.6,258.7
1669,1718,61.17919395058602,687.7578558907651,308.8591152320324,700.6,258.7
1670,1719,61.17919395058602,687.7578558907651,308.8591152320324,700.6,258.7
1671,1720,61.17919395058602,687.7578558907651,308.8591152320324,700.6,258.7
1672,1721,61.17919395058602,687.7578558907651,308.8591152320324,741.875,301.3625
1673,1722,61.17919395058602,687.7578558907651,308.8591152320324,783.15,344.025
1674,1723,61.17919395058602,687.7578558907651,308.8591152320324,824.425,386.6875
1675,1724,61.17919395058602,687.7578558907651,308.8591152320324,865.7,429.35
1676,1725,61.17919395058602,687.7578558907651,308.8591152320324,906.9749999999999,472.0125
1677,1726,61.17919395058602,741.2023003352095,358.9702263431435,948.25,514.675
1678,1727,61.17919395058602,794.646744779654,409.08133745425465,989.525,557.3375
1679,1728,61.17919395058602,848.0911892240983,459.1924485653658,1030.8,600.0
1680,1729,61.17919395058602,901.5356336685429,509.3035596764769,1030.8,600.0
1681,1730,61.17919395058602,954.9800781129873,559.414670787588,1030.8,600.0
1682,1731,61.17919395058602,1008.4245225574317,609.525781898699,1030.8,600.0
1683,1732,61.17919395058602,1061.8689670018762,659.6368930098103,1030.8,600.0
1684,1733,61.17919395058602,1115.3134114463205,709.7480041209213,1030.8,600.0
1685,1734,61.17919395058602,1168.757855890765,759.8591152320324,1030.8,600.0
1686,1735,61.17919395058602,1168.757855890765,759.8591152320324,1030.8,600.0
1687,1736,61.17919395058602,1168.757855890765,759.8591152320324,1030.8,600.0
1688,1737,328.1143491647795,1168.757855890765,759.8591152320324,1030.8,600.0
1689,1738,328.1143491647795,1168.757855890765,759.8591152320324,1030.8,600.0
1690,1739,328.1143491647795,1168.757855890765,759.8591152320324,1030.8,600.0
1691,1740,328.1143491647795,1168.757855890765,759.8591152320324,1030.8,600.0
1692,1741,328.1143491647795,1168.757855890765,759.8591152320324,1030.8,600.0
1693,1742,328.1143491647795,1168.757855890765,759.8591152320324,1030.8,600.0
1694,1743,328.1143491647795,1168.757855890765,759.8591152320324,1030.8,600.0
1695,1744,328.1143491647795,1168.757855890765,759.8591152320324,1030.8,600.0
1696,1745,328.1143491647795,1168.757855890765,759.8591152320324,1030.8,600.0
1697,1746,328.1143491647795,1168.757855890765,759.8591152320324,1030.8,600.0
1698,1747,328.1143491647795,1168.757855890765,759.8591152320324,1030.8,600.0
1699,1748,328.1143491647795,1168.757855890765,759.8591152320324,1030.8,600.0
1700,1749,328.1143491647795,1168.757855890765,759.8591152320324,1030.8,600.0
1701,1750,328.1143491647795,1259.757855890765,703.8591152320324,1030.8,600.0
1702,1751,328.1143491647795,1259.757855890765,703.8591152320324,1030.8,600.0
1703,1752,328.1143491647795,1259.757855890765,703.8591152320324,1030.8,600.0
1704,1753,328.1143491647795,1259.757855890765,703.8591152320324,1030.8,600.0
1705,1754,328.1143491647795,1259.757855890765,703.8591152320324,1055.8833333333332,609.55
1706,1755,328.1143491647795,1259.757855890765,703.8591152320324,1080.9666666666667,619.1
1707,1756,328.1143491647795,1259.757855890765,703.8591152320324,1106.05,628.65
1708,1757,328.1143491647795,1259.757855890765,703.8591152320324,1131.1333333333332,638.1999999999999
1709,1758,328.1143491647795,1259.757855890765,703.8591152320324,1156.2166666666667,647.75
1710,1759,328.1143491647795,1259.757855890765,703.8591152320324,1181.3,657.3
1711,1760,328.1143491647795,1259.757855890765,703.8591152320324,1181.3,657.3
1712,1761,314.3662773987513,1259.757855890765,703.8591152320324,1181.3,657.3
1713,1762,300.96461206324847,1259.757855890765,703.8591152320324,1181.3,657.3
1714,1763,287.9577228940486,1259.757855890765,703.8591152320324,1181.3,657.3
1715,1763,287.9577228940486,1259.757855890765,703.8591152320324,1181.3,657.3
1716,1763,287.9577228940486,1259.757855890765,703.8591152320324,1181.3,657.3
1717,1763,287.9577228940486,1259.757855890765,703.8591152320324,1181.3,657.3
1718,1763,287.9577228940486,1259.757855890765,703.8591152320324,1181.3,657.3
1719,1763,287.9577228940486,1259.757855890765,703.8591152320324,1181.3,657.3
1720,1763,287.9577228940486,1259.757855890765,703.8591152320324,1181.3,657.3
1721,1763,287.9577228940486,1259.757855890765,703.8591152320324,1181.3,657.3
1722,1763,287.9577228940486,1259.757855890765,703.8591152320324,1181.3,657.3
1723,1763,287.9577228940486,1259.757855890765,703.8591152320324,1181.3,657.3
1724,1763,287.9577228940486,1259.757855890765,703.8591152320324,1181.3,657.3
1725,1763,287.9577228940486,1259.757855890765,703.8591152320324,1181.3,657.3
1726,1763,287.9577228940486,1259.757855890765,703.8591152320324,1136.3875,652.3874999999999
1727,1763,287.9577228940486,1259.757855890765,703.8591152320324,1091.475,647.4749999999999
1728,1763,287.9577228940486,1259.757855890765,703.8591152320324,1046.5625,642.5625
1729,1763,287.9577228940486,1259.757855890765,703.8591152320324,1001.65,637.65
1730,1763,287.9577228940486,1259.757855890765,703.8591152320324,956.7375,632.7375
1731,1763,287.9577228940486,1259.757855890765,703.8591152320324,911.825,627.825
1732,1763,287.9577228940486,1259.757855890765,703.8591152320324,866.9125,622.9125
1733,1763,287.9577228940486,1204.757855890765,699.6591152320324,822.0,618.0
1734,1763,287.9577228940486,1149.757855890765,695.4591152320324,822.0,618.0
1735,1763,287.9577228940486,1094.757855890765,691.2591152320324,822.0,618.0
1736,1763,287.9577228940486,1039.757855890765,687.0591152320325,822.0,618.0
1737,1763,287.9577228940486,984.7578558907651,682.8591152320324,822.0,618.0
1738,1763,287.9577228940486,929.7578558907651,678.6591152320324,822.0,618.0
1739,1763,287.9577228940486,874.7578558907651,674.4591152320324,822.0,618.0
1740,1763,287.9577228940486,819.7578558907651,670.2591152320324,822.0,618.0
1741,1763,287.9577228940486,764.7578558907651,666.0591152320325,822.0,618.0
1742,1763,287.9577228940486,709.7578558907651,661.8591152320324,822.0,618.0
1743,1763,49.659421611276436,709.7578558907651,661.8591152320324,822.0,618.0
1744,1763,49.659421611276436,709.7578558907651,661.8591152320324,822.0,618.0
1745,1763,49.659421611276436,709.7578558907651,661.8591152320324,822.0,618.0
1746,1763,49.659421611276436,709.7578558907651,661.8591152320324,822.0,618.0
1747,1763,49.659421611276436,709.7578558907651,661.8591152320324,822.0,618.0
1748,1763,49.659421611276436,709.7578558907651,661.8591152320324,822.0,618.0
1749,1763,49.659421611276436,709.7578558907651,661.8591152320324,822.0,618.0
1750,1763,49.659421611276436,709.7578558907651,661.8591152320324,822.0,618.0
1751,1763,49.659421611276436,709.7578558907651,661.8591152320324,822.0,618.0
1752,1763,49.659421611276436,709.7578558907651,661.8591152320324,822.0,618.0
1753,1763,49.659421611276436,709.7578558907651,661.8591152320324,822.0,618.0
1754,1763,49.659421611276436,709.7578558907651,661.8591152320324,822.0,618.0
1755,1763,49.659421611276436,709.7578558907651,661.8591152320324,822.0,618.0
1756,1763,49.659421611276436,709.7578558907651,661.8591152320324,822.0,618.0
1757,1763,49.659421611276436,709.7578558907651,661.8591152320324,822.0,618.0
1758,1763,49.659421611276436,709.7578558907651,661.8591152320324,822.0,618.0
1759,1763,49.659421611276436,709.7578558907651,661.8591152320324,822.0,618.0
1760,1763,49.659421611276436,709.7578558907651,661.8591152320324,822.0,618.0
1761,1763,49.659421611276436,709.7578558907651,661.8591152320324,822.0,618.0
1762,1763,49.659421611276436,709.7578558907651,661.8591152320324,822.0,618.0
1763,1763,49.659421611276436,709.7578558907651,661.8591152320324,822.0,618.0
1764,1763,49.659421611276436,709.7578558907651,661.8591152320324,822.0,618.0
1765,1763,49.659421611276436,709.7578558907651,661.8591152320324,822.0,618.0
1766,1763,49.659421611276436,709.7578558907651,661.8591152320324,822.0,618.0
1767,1763,48.16756927743329,709.7578558907651,661.8591152320324,822.0,618.0
1768,1763,46.67825302457419,709.7578558907651,661.8591152320324,822.0,618.0
1769,1763,45.19172358691344,709.7578558907651,661.8591152320324,822.0,618.0
1770,1763,43.708265306298934,709.7578558907651,661.8591152320324,822.0,618.0
1771,1763,42.22820184918654,709.7578558907651,661.8591152320324,822.0,618.0
1772,1763,40.75190310581181,709.7578558907651,661.8591152320324,822.0,618.0
1773,1763,39.27979355947909,735.0911892240985,659.7480041209213,822.0,618.0
1774,1763,37.81236249436316,760.4245225574317,657.6368930098103,822.0,618.0
1775,1763,36.35017651587065,785.7578558907651,655.525781898699,822.0,618.0
1776,1763,34.89389499704469,811.0911892240985,653.414670787588,822.0,618.0
1777,1763,33.44428924935619,836.4245225574317,651.3035596764769,822.0,618.0
1778,1763,32.00226646230589,861.7578558907651,649.1924485653658,822.0,618.0
1779,1763,30.568899784818232,887.0911892240983,647.0813374542546,822.0,618.0
1780,1764,29.145466360723862,912.4245225574317,644.9702263431435,822.0,618.0
1781,1765,27.733495717523763,937.7578558907651,642.8591152320324,822.0,618.0
1782,1766,26.334831688160364,937.7578558907651,642.8591152320324,822.0,618.0
1783,1767,24.951712072993434,937.7578558907651,642.8591152320324,822.0,618.0
1784,1768,23.586871575166395,937.7578558907651,642.8591152320324,822.0,618.0
1785,1769,22.243675191685753,937.7578558907651,642.8591152320324,822.0,618.0
1786,1770,20.926291151636182,937.7578558907651,642.8591152320324,822.0,618.0
1787,1771,19.639914375904823,937.7578558907651,642.8591152320324,822.0,618.0
1788,1772,18.391052499046893,937.7578558907651,642.8591152320324,822.0,618.0
1789,1773,17.18788490049092,937.7578558907651,642.8591152320324,822.0,618.0
1790,1774,16.040697075948838,937.7578558907651,642.8591152320324,822.0,618.0
1791,1775,14.96237073501989,937.7578558907651,642.8591152320324,822.0,618.0
1792,1776,14.96237073501989,937.7578558907651,642.8591152320324,822.0,618.0
1793,1777,14.96237073501989,937.7578558907651,642.8591152320324,822.0,618.0
1794,1778,14.96237073501989,937.7578558907651,642.8591152320324,822.0,618.0
1795,1779,14.96237073501989,937.7578558907651,642.8591152320324,822.0,618.0
1796,1780,14.96237073501989,937.7578558907651,642.8591152320324,822.0,618.0
1797,1781,14.96237073501989,937.7578558907651,642.8591152320324,822.0,618.0
1798,1782,14.96237073501989,937.7578558907651,642.8591152320324,822.0,618.0
1799,1783,14.96237073501989,937.7578558907651,642.8591152320324,822.0,618.0
1800,1784,14.96237073501989,937.7578558907651,642.8591152320324,822.0,618.0
1801,1785,14.96237073501989,937.7578558907651,642.8591152320324,822.0,618.0
1802,1786,14.96237073501989,937.7578558907651,642.8591152320324,822.0,618.0
1803,1787,14.96237073501989,937.7578558907651,642.8591152320324,822.0,618.0
1804,1788,14.96237073501989,937.7578558907651,642.8591152320324,822.0,618.0
1805,1789,14.96237073501989,937.7578558907651,642.8591152320324,822.0,618.0
1806,1790,14.96237073501989,937.7578558907651,642.8591152320324,822.0,618.0
1807,1791,14.96237073501989,937.7578558907651,642.8591152320324,822.0,618.0
1808,1792,18.964118141575362,937.7578558907651,642.8591152320324,822.0,618.0
1809,1793,24.383441614069632,937.7578558907651,642.8591152320324,822.0,618.0
1810,1794,30.47319940848906,937.7578558907651,642.8591152320324,822.0,618.0
1811,1795,36.90296395434929,937.7578558907651,642.8591152320324,822.0,618.0
1812,1796,43.52230260712485,937.7578558907651,642.8591152320324,822.0,618.0
1813,1797,50.25636386588222,937.7578558907651,642.8591152320324,822.0,618.0
1814,1798,57.06454768941431,943.6578558907651,607.6591152320324,822.0,618.0
1815,1799,53.71720058823141,949.557855890765,572.4591152320324,822.0,618.0
1815,1800,53.71720058823141,955.4578558907651,537.2591152320324,822.0,618.0
1815,1801,53.71720058823141,961.3578558907651,502.0591152320324,822.0,618.0
1815,1802,53.71720058823141,967.2578558907651,466.8591152320324,822.0,618.0
1815,1803,53.71720058823141,973.1578558907651,431.6591152320324,822.0,618.0
1815,1804,53.71720058823141,979.057855890765,396.4591152320324,822.0,618.0
1815,1805,53.71720058823141,984.9578558907651,361.2591152320324,822.0,618.0
1815,1806,53.71720058823141,990.8578558907651,326.0591152320324,822.0,618.0
1815,1807,53.71720058823141,996.7578558907651,290.8591152320324,822.0,618.0
1815,1808,53.71720058823141,996.7578558907651,290.8591152320324,822.0,618.0
1815,1809,53.71720058823141,996.7578558907651,290.8591152320324,822.0,618.0
1815,1810,53.71720058823141,996.7578558907651,290.8591152320324,822.0,618.0
1815,1811,53.71720058823141,996.7578558907651,290.8591152320324,822.0,618.0
1815,1812,53.71720058823141,996.7578558907651,290.8591152320324,822.0,618.0
1815,1813,53.71720058823141,996.7578558907651,290.8591152320324,822.0,618.0
1815,1814,53.71720058823141,996.7578558907651,290.8591152320324,822.0,618.0
1815,1815,53.71720058823141,996.7578558907651,290.8591152320324,822.0,618.0
1815,1816,53.71720058823141,996.7578558907651,290.8591152320324,822.0,618.0
1815,1817,53.71720058823141,996.7578558907651,290.8591152320324,822.0,618.0
1815,1818,53.71720058823141,996.7578558907651,290.8591152320324,822.0,618.0
1815,1819,53.71720058823141,996.7578558907651,290.8591152320324,822.0,618.0
1815,1820,53.71720058823141,996.7578558907651,290.8591152320324,822.0,618.0
1815,1821,53.71720058823141,996.7578558907651,290.8591152320324,822.0,618.0
1816,1822,53.71720058823141,994.0078558907651,345.9841152320324,822.0,618.0
1817,1823,53.71720058823141,991.2578558907651,401.1091152320324,822.0,618.0
1818,1824,53.71720058823141,988.5078558907651,456.2341152320324,822.0,618.0
1819,1825,53.71720058823141,985.7578558907651,511.3591152320324,822.0,618.0
1820,1826,53.71720058823141,983.0078558907651,566.4841152320324,822.0,618.0
1821,1827,53.71720058823141,980.2578558907651,621.6091152320324,822.0,618.0
1822,1828,53.71720058823141,977.5078558907651,676.7341152320324,822.0,618.0
1823,1829,53.71720058823141,974.7578558907651,731.8591152320324,822.0,618.0
1824,1830,53.71720058823141,974.7578558907651,731.8591152320324,822.0,618.0
1825,1831,53.71720058823141,974.7578558907651,731.8591152320324,822.0,618.0
1826,1832,53.71720058823141,974.7578558907651,731.8591152320324,822.0,618.0
1827,1833,53.71720058823141,974.7578558907651,731.8591152320324,822.0,618.0
1828,1834,53.71720058823141,974.7578558907651,731.8591152320324,822.0,618.0
1829,1835,53.71720058823141,974.7578558907651,731.8591152320324,822.0,618.0
1830,1836,53.71720058823141,974.7578558907651,731.8591152320324,822.0,618.0
1831,1837,53.71720058823141,974.7578558907651,731.8591152320324,822.0,618.0
1832,1838,51.38592288677663,974.7578558907651,731.8591152320324,822.0,618.0
1832,1839,51.38592288677663,974.7578558907651,731.8591152320324,822.0,618.0
1832,1840,51.38592288677663,974.7578558907651,731.8591152320324,861.225,615.625
1832,1841,51.38592288677663,974.7578558907651,731.8591152320324,900.45,613.25
1832,1842,51.38592288677663,974.7578558907651,731.8591152320324,939.675,610.875
1832,1843,51.38592288677663,974.7578558907651,731.8591152320324,978.9,608.5
1833,1844,44.781368779727345,974.7578558907651,731.8591152320324,978.9,608.5
1834,1845,38.61495666233316,974.7578558907651,731.8591152320324,978.9,608.5
1835,1846,33.13223106990475,939.2578558907651,716.1091152320324,978.9,608.5
1836,1847,28.72734868888883,903.7578558907651,700.3591152320324,978.9,608.5
1837,1848,25.95500643621967,868.2578558907651,684.6091152320324,978.9,608.5
1838,1849,25.35646120623218,832.7578558907651,668.8591152320324,978.9,608.5
1839,1850,27.076260083140568,797.2578558907651,653.1091152320324,978.9,608.5
1840,1850,27.076260083140568,761.7578558907651,637.3591152320324,978.9,608.5
1841,1850,27.076260083140568,726.2578558907651,621.6091152320324,978.9,608.5
1842,1850,27.076260083140568,690.7578558907651,605.8591152320324,978.9,608.5
1843,1850,27.076260083140568,690.7578558907651,605.8591152320324,978.9,608.5
1844,1850,27.076260083140568,690.7578558907651,605.8591152320324,978.9,608.5
1845,1850,27.076260083140568,690.7578558907651,605.8591152320324,978.9,608.5
1846,1850,27.076260083140568,690.7578558907651,605.8591152320324,978.9,608.5
1847,1850,27.076260083140568,690.7578558907651,605.8591152320324,978.9,608.5
1848,1850,27.076260083140568,690.7578558907651,605.8591152320324,978.9,608.5
1849,1850,27.076260083140568,690.7578558907651,605.8591152320324,978.9,608.5
1850,1850,27.076260083140568,690.7578558907651,605.8591152320324,978.9,608.5
1851,1850,27.076260083140568,690.7578558907651,605.8591152320324,978.9,608.5
1852,1850,27.076260083140568,690.7578558907651,605.8591152320324,978.9,608.5
1853,1850,27.076260083140568,690.7578558907651,605.8591152320324,978.9,608.5
1854,1850,27.076260083140568,690.7578558907651,605.8591152320324,978.9,608.5
1855,1850,27.076260083140568,690.7578558907651,605.8591152320324,978.9,608.5
1856,1850,27.076260083140568,690.7578558907651,605.8591152320324,978.9,608.5
1857,1850,27.076260083140568,690.7578558907651,605.8591152320324,978.9,608.5
1858,1850,27.076260083140568,690.7578558907651,605.8591152320324,978.9,608.5
1859,1850,27.076260083140568,690.7578558907651,605.8591152320324,978.9,608.5
1860,1850,27.076260083140568,690.7578558907651,605.8591152320324,978.9,608.5
1861,1851,27.076260083140568,690.7578558907651,605.8591152320324,978.9,608.5
1862,1852,27.076260083140568,690.7578558907651,605.8591152320324,978.9,608.5
1863,1853,25.15404541040515,690.7578558907651,605.8591152320324,978.9,608.5
1864,1854,25.15404541040515,690.7578558907651,605.8591152320324,978.9,608.5
1865,1855,25.15404541040515,690.7578558907651,605.8591152320324,978.9,608.5
1866,1856,25.15404541040515,690.7578558907651,605.8591152320324,978.9,608.5
1867,1857,25.15404541040515,690.7578558907651,605.8591152320324,978.9,608.5
1868,1858,25.15404541040515,690.7578558907651,605.8591152320324,978.9,608.5
1869,1859,25.15404541040515,690.7578558907651,605.8591152320324,978.9,608.5
1870,1860,25.15404541040515,690.7578558907651,605.8591152320324,978.9,608.5
1871,1861,25.15404541040515,690.7578558907651,605.8591152320324,978.9,608.5
1872,1862,25.15404541040515,690.7578558907651,605.8591152320324,945.8833333333333,609.3666666666667
1873,1863,25.15404541040515,690.7578558907651,605.8591152320324,912.8666666666667,610.2333333333333
1874,1864,25.15404541040515,690.7578558907651,605.8591152320324,879.8499999999999,611.1
1875,1865,25.15404541040515,690.7578558907651,605.8591152320324,846.8333333333333,611.9666666666667
1876,1866,25.15404541040515,690.7578558907651,605.8591152320324,813.8166666666666,612.8333333333334
1877,1867,25.15404541040515,690.7578558907651,605.8591152320324,780.8,613.7
1878,1868,25.15404541040515,690.7578558907651,605.8591152320324,780.8,613.7
1879,1869,25.15404541040515,690.7578558907651,605.8591152320324,780.8,613.7
1880,1870,25.15404541040515,690.7578558907651,605.8591152320324,780.8,613.7
1881,1871,25.15404541040515,690.7578558907651,605.8591152320324,780.8,613.7
1882,1872,25.15404541040515,690.7578558907651,605.8591152320324,780.8,613.7
1883,1873,25.15404541040515,690.7578558907651,605.8591152320324,780.8,613.7
1884,1874,25.15404541040515,690.7578558907651,605.8591152320324,780.8,613.7
1885,1875,25.15404541040515,690.7578558907651,605.8591152320324,780.8,613.7
1886,1876,25.15404541040515,690.7578558907651,605.8591152320324,780.8,613.7
1887,1877,25.15404541040515,690.7578558907651,605.8591152320324,780.8,613.7
1888,1878,25.15404541040515,690.7578558907651,605.8591152320324,780.8,613.7
1889,1879,25.15404541040515,690.7578558907651,605.8591152320324,780.8,613.7
1890,1880,25.15404541040515,690.7578558907651,605.8591152320324,780.8,613.7
1891,1881,25.15404541040515,690.7578558907651,605.8591152320324,780.8,613.7
1892,1882,25.15404541040515,690.7578558907651,605.8591152320324,780.8,613.7
1893,1883,25.15404541040515,690.7578558907651,605.8591152320324,780.8,613.7
1894,1884,25.15404541040515,690.7578558907651,605.8591152320324,780.8,613.7
1895,1885,25.15404541040515,690.7578558907651,605.8591152320324,780.8,613.7
1896,1886,25.15404541040515,690.7578558907651,605.8591152320324,780.8,613.7
1897,1887,25.15404541040515,690.7578558907651,605.8591152320324,780.8,613.7
1898,1888,25.15404541040515,690.7578558907651,605.8591152320324,780.8,613.7
1899,1889,25.15404541040515,690.7578558907651,605.8591152320324,780.8,613.7
1900,1890,25.15404541040515,690.7578558907651,605.8591152320324,780.8,613.7
1901,1891,25.15404541040515,690.7578558907651,605.8591152320324,780.8,613.7
1902,1892,25.15404541040515,690.7578558907651,605.8591152320324,780.8,613.7
1903,1893,25.15404541040515,690.7578558907651,605.8591152320324,780.8,613.7
1904,1894,25.15404541040515,690.7578558907651,605.8591152320324,780.8,613.7
1905,1895,25.15404541040515,690.7578558907651,605.8591152320324,780.8,613.7
1906,1896,25.15404541040515,690.7578558907651,605.8591152320324,780.8,613.7
1907,1897,25.15404541040515,690.7578558907651,605.8591152320324,780.8,613.7
1908,1898,25.15404541040515,690.7578558907651,605.8591152320324,780.8,613.7
1909,1899,25.15404541040515,690.7578558907651,605.8591152320324,780.8,613.7
1910,1900,25.15404541040515,690.7578558907651,605.8591152320324,780.8,613.7
1911,1901,25.15404541040515,690.7578558907651,605.8591152320324,780.8,613.7
1912,1902,25.15404541040515,690.7578558907651,605.8591152320324,780.8,613.7
1913,1903,25.15404541040515,690.7578558907651,605.8591152320324,780.8,613.7
1914,1904,25.15404541040515,690.7578558907651,605.8591152320324,780.8,613.7
1915,1905,25.15404541040515,690.7578558907651,605.8591152320324,780.8,613.7
1916,1906,25.15404541040515,690.7578558907651,605.8591152320324,780.8,613.7
1917,1907,25.15404541040515,690.7578558907651,605.8591152320324,780.8,613.7
1918,1908,25.15404541040515,690.7578558907651,605.8591152320324,780.8,613.7
1919,1909,25.15404541040515,690.7578558907651,605.8591152320324,780.8,613.7
1920,1910,25.15404541040515,690.7578558907651,605.8591152320324,780.8,613.7
1921,1911,25.15404541040515,690.7578558907651,605.8591152320324,773.3285714285714,614.2809523809524
1922,1912,25.15404541040515,941.7578558907651,660.8591152320324,765.8571428571428,614.8619047619048
1923,1913,25.15404541040515,941.7578558907651,660.8591152320324,758.3857142857142,615.4428571428572
1924,1914,34.63790946787924,941.7578558907651,660.8591152320324,750.9142857142857,616.0238095238095
1925,1915,74.87816541030087,941.7578558907651,660.8591152320324,743.4428571428571,616.604761904762
1926,1916,117.70127717756867,941.7578558907651,660.8591152320324,735.9714285714285,617.1857142857143
1927,1917,108.10755132430172,941.7578558907651,660.8591152320324,728.5,617.7666666666667
1928,1918,68.40676771765526,941.7578558907651,660.8591152320324,721.0285714285714,618.3476190476191
1929,1919,38.87962444429036,941.7578558907651,660.8591152320324,713.5571428571428,618.9285714285714
1930,1920,38.87962444429036,941.7578558907651,660.8591152320324,706.0857142857143,619.5095238095238
1931,1921,38.87962444429036,941.7578558907651,660.8591152320324,698.6142857142856,620.0904761904762
1932,1922,38.87962444429036,941.7578558907651,660.8591152320324,691.1428571428571,620.6714285714286
1933,1923,38.87962444429036,941.7578558907651,660.8591152320324,683.6714285714286,621.2523809523809
1934,1924,38.87962444429036,941.7578558907651,660.8591152320324,676.1999999999999,621.8333333333334
1935,1925,38.87962444429036,941.7578558907651,660.8591152320324,668.7285714285714,622.4142857142857
1936,1926,38.87962444429036,941.7578558907651,660.8591152320324,661.2571428571429,622.995238095238
1937,1927,38.87962444429036,941.7578558907651,660.8591152320324,653.7857142857142,623.5761904761905
1938,1928,38.87962444429036,926.2578558907651,656.6368930098103,646.3142857142857,624.1571428571428
1939,1929,38.87962444429036,910.7578558907651,652.414670787588,638.8428571428572,624.7380952380952
1940,1930,38.87962444429036,895.2578558907651,648.1924485653658,631.3714285714285,625.3190476190476
1941,1931,38.87962444429036,879.7578558907651,643.9702263431435,623.9,625.9
1942,1932,38.87962444429036,864.2578558907651,639.7480041209213,623.9,625.9
1943,1933,38.87962444429036,848.7578558907651,635.525781898699,623.9,625.9
1944,1934,38.87962444429036,833.2578558907651,631.3035596764769,623.9,625.9
1945,1935,38.87962444429036,817.7578558907651,627.0813374542546,623.9,625.9
1946,1936,38.87962444429036,802.2578558907651,622.8591152320324,623.9,625.9
1947,1937,38.87962444429036,786.7578558907651,618.6368930098103,623.9,625.9
1948,1938,38.87962444429036,771.2578558907651,614.414670787588,623.9,625.9
1949,1939,38.87962444429036,755.7578558907651,610.1924485653658,623.9,625.9
1950,1940,38.87962444429036,740.2578558907651,605.9702263431435,623.9,625.9
1951,1941,35.877938132680676,724.7578558907651,601.7480041209213,623.9,625.9
1952,1942,38.47302134468022,709.2578558907651,597.525781898699,623.9,625.9
1953,1943,45.7216138947032,693.7578558907651,593.3035596764769,623.9,625.9
1954,1944,55.83998801841533,678.2578558907651,589.0813374542546,623.9,625.9
1955,1945,67.55063453195338,662.7578558907651,584.8591152320324,623.9,625.9
1956,1946,46.55189740591626,662.7578558907651,584.8591152320324,623.9,625.9
1957,1947,39.23725339293011,662.7578558907651,584.8591152320324,623.9,625.9
1958,1947,41.06487301053759,662.7578558907651,584.8591152320324,623.9,625.9
1959,1948,44.37921497495171,662.7578558907651,584.8591152320324,623.9,625.9
1960,1948,40.937002720504594,662.7578558907651,584.8591152320324,681.24,574.38
1961,1948,42.42060042828931,662.7578558907651,584.8591152320324,738.58,522.86
1962,1949,46.212794128812966,957.7578558907651,294.8591152320324,795.9200000000001,471.34
1963,1949,42.6480154115651,957.7578558907651,294.8591152320324,853.26,419.82
1964,1949,43.81129734338475,957.7578558907651,294.8591152320324,910.6,368.3
1965,1950,48.046527964880404,957.7578558907651,294.8591152320324,910.6,368.3
1966,1950,44.368988429312616,957.7578558907651,294.8591152320324,910.6,368.3
1967,1950,45.233738492559645,957.7578558907651,294.8591152320324,910.6,368.3
1968,1951,49.88039942359014,957.7578558907651,294.8591152320324,910.6,368.3
1969,1951,49.88039942359014,957.7578558907651,294.8591152320324,910.6,368.3
1970,1951,49.88039942359014,957.7578558907651,294.8591152320324,910.6,368.3
1971,1951,49.88039942359014,957.7578558907651,294.8591152320324,910.6,368.3
1972,1951,49.88039942359014,957.7578558907651,294.8591152320324,910.6,368.3
1973,1951,49.88039942359014,957.7578558907651,294.8591152320324,910.6,368.3
1974,1951,49.88039942359014,957.7578558907651,294.8591152320324,910.6,368.3
1975,1951,49.88039942359014,957.7578558907651,294.8591152320324,910.6,368.3
1976,1951,49.88039942359014,957.7578558907651,294.8591152320324,910.6,368.3
1977,1951,49.88039942359014,957.7578558907651,294.8591152320324,910.6,368.3
1978,1952,49.88039942359014,957.7578558907651,294.8591152320324,910.6,368.3
1979,1953,49.88039942359014,957.2378558907651,291.6191152320324,910.6,368.3
1980,1954,49.88039942359014,956.7178558907651,288.3791152320324,910.6,368.3
1981,1955,49.88039942359014,956.1978558907651,285.1391152320324,910.6,368.3
1982,1956,49.88039942359014,955.677855890765,281.89911523203244,910.6,368.3
1983,1957,49.88039942359014,955.1578558907651,278.65911523203243,910.6,368.3
1984,1958,49.88039942359014,954.6378558907651,275.4191152320324,910.6,368.3
1985,1959,49.88039942359014,954.1178558907651,272.1791152320324,910.6,368.3
1986,1960,49.88039942359014,953.5978558907651,268.9391152320324,910.6,368.3
1987,1961,49.88039942359014,953.0778558907651,265.6991152320324,910.6,368.3
1988,1962,49.88039942359014,952.557855890765,262.45911523203245,910.6,368.3
1989,1963,49.88039942359014,952.0378558907651,259.21911523203244,910.6,368.3
1990,1964,49.88039942359014,951.5178558907651,255.97911523203243,910.6,368.3
1991,1965,49.88039942359014,950.9978558907651,252.73911523203242,910.6,368.3
1992,1966,49.88039942359014,950.4778558907651,249.4991152320324,910.6,368.3
1993,1967,49.88039942359014,949.9578558907651,246.25911523203243,910.6,368.3
1994,1968,49.88039942359014,949.437855890765,243.01911523203242,910.6,368.3
1995,1969,49.88039942359014,948.917855890765,239.7791152320324,910.6,368.3
1996,1970,49.88039942359014,948.3978558907651,236.53911523203243,910.6,368.3
1997,1971,49.88039942359014,947.8778558907651,233.29911523203242,910.6,368.3
1998,1972,49.88039942359014,947.3578558907651,230.0591152320324,910.6,368.3
1999,1973,49.88039942359014,946.8378558907651,226.8191152320324,910.6,368.3
2000,1974,49.88039942359014,946.317855890765,223.57911523203242,910.6,368.3
2001,1975,49.88039942359014,945.797855890765,220.3391152320324,910.6,368.3
2002,1976,49.88039942359014,945.2778558907651,217.09911523203243,910.6,368.3
2003,1977,49.88039942359014,944.7578558907651,213.85911523203242,910.6,368.3
2004,1978,49.88039942359014,944.7578558907651,213.85911523203242,910.6,368.3
2005,1979,49.88039942359014,944.7578558907651,213.85911523203242,910.6,368.3
2006,1980,49.88039942359014,944.7578558907651,213.85911523203242,910.6,368.3
2007,1981,49.88039942359014,944.7578558907651,213.85911523203242,910.6,368.3
2008,1982,49.88039942359014,944.7578558907651,213.85911523203242,910.6,368.3
2009,1983,49.88039942359014,944.7578558907651,213.85911523203242,910.6,368.3
2010,1984,49.88039942359014,944.7578558907651,213.85911523203242,910.6,368.3
2011,1985,49.88039942359014,944.7578558907651,213.85911523203242,910.6,368.3
2012,1986,49.88039942359014,944.7578558907651,213.85911523203242,912.1857142857143,421.8285714285714
2013,1987,49.88039942359014,944.7578558907651,213.85911523203242,913.7714285714286,475.3571428571429
2014,1988,49.88039942359014,944.7578558907651,213.85911523203242,915.3571428571429,528.8857142857144
2015,1989,49.88039942359014,944.7578558907651,213.85911523203242,916.9428571428572,582.4142857142857
2016,1990,49.88039942359014,944.7578558907651,213.85911523203242,918.5285714285715,635.9428571428571
2017,1991,49.88039942359014,944.7578558907651,213.85911523203242,920.1142857142858,689.4714285714285
2018,1992,49.88039942359014,947.057855890765,271.2591152320324,921.7,743.0
2019,1993,49.88039942359014,949.3578558907651,328.65911523203243,921.7,743.0
2020,1994,49.88039942359014,951.6578558907651,386.0591152320324,921.7,743.0
2021,1995,49.88039942359014,953.9578558907651,443.45911523203245,921.7,743.0
2022,1996,49.88039942359014,956.2578558907651,500.8591152320324,921.7,743.0
2023,1997,49.88039942359014,958.557855890765,558.2591152320324,921.7,743.0
2024,1998,49.88039942359014,960.8578558907651,615.6591152320325,921.7,743.0
2025,1999,49.88039942359014,963.1578558907651,673.0591152320324,921.7,743.0
2026,2000,49.88039942359014,965.4578558907651,730.4591152320324,921.7,743.0
2027,2001,49.88039942359014,967.7578558907651,787.8591152320324,921.7,743.0
2028,2002,49.88039942359014,967.7578558907651,787.8591152320324,921.7,743.0
2029,2003,49.88039942359014,967.7578558907651,787.8591152320324,921.7,743.0
2030,2004,49.88039942359014,967.7578558907651,787.8591152320324,921.7,743.0
2031,2005,49.88039942359014,967.7578558907651,787.8591152320324,921.7,743.0
2032,2006,49.88039942359014,967.7578558907651,787.8591152320324,921.7,743.0
2033,2007,49.88039942359014,967.7578558907651,787.8591152320324,921.7,743.0
2034,2008,49.88039942359014,967.7578558907651,787.8591152320324,921.7,743.0
2035,2009,49.88039942359014,967.7578558907651,787.8591152320324,921.7,743.0
2036,2010,49.88039942359014,967.7578558907651,787.8591152320324,921.7,743.0
2037,2011,49.88039942359014,967.7578558907651,787.8591152320324,921.7,743.0
2038,2012,54.8640785096776,967.7578558907651,787.8591152320324,921.7,743.0
2039,2013,59.85004899578544,967.7578558907651,787.8591152320324,921.7,743.0
2040,2014,27.24936231104246,967.7578558907651,787.8591152320324,921.7,743.0
2041,2015,16.030901523494162,967.7578558907651,787.8591152320324,921.7,743.0
2041,2016,14.153109676679982,967.7578558907651,787.8591152320324,921.7,743.0
2041,2017,13.913289093775516,967.7578558907651,787.8591152320324,921.7,743.0
2041,2018,15.388213129421162,967.7578558907651,787.8591152320324,921.7,743.0
2041,2019,18.16488324346409,967.7578558907651,787.8591152320324,921.7,743.0
2041,2020,21.750339151460388,967.7578558907651,787.8591152320324,921.7,743.0
2042,2021,25.397433938040052,967.7578558907651,787.8591152320324,921.7,743.0
2042,2022,22.33378256127859,967.7578558907651,787.8591152320324,921.7,743.0
2042,2023,20.062762182075282,967.7578558907651,787.8591152320324,921.7,743.0
2042,2024,18.872715736671925,967.7578558907651,787.8591152320324,921.7,743.0
2042,2025,18.968203979360133,967.7578558907651,787.8591152320324,921.7,743.0
2042,2026,20.331121836993614,967.7578558907651,787.8591152320324,921.7,743.0
2042,2027,22.73465764249422,967.7578558907651,787.8591152320324,921.7,743.0
2042,2028,25.890600439442075,967.7578558907651,787.8591152320324,921.7,743.0
2043,2029,28.656185971690064,967.7578558907651,787.8591152320324,921.7,743.0
2043,2030,26.178033737085723,967.7578558907651,787.8591152320324,921.7,743.0
2043,2031,24.481631813639094,967.7578558907651,787.8591152320324,921.7,743.0
2043,2032,23.7351960640701,967.7578558907651,787.8591152320324,921.7,743.0
2043,2033,23.7351960640701,967.7578558907651,787.8591152320324,920.36,724.94
2043,2034,23.7351960640701,959.7578558907651,708.8591152320324,919.02,706.88
2043,2035,23.7351960640701,959.7578558907651,708.8591152320324,917.6800000000001,688.82
2043,2036,23.7351960640701,959.7578558907651,708.8591152320324,916.34,670.76
2043,2037,23.7351960640701,959.7578558907651,708.8591152320324,915.0,652.7
2043,2038,23.7351960640701,959.7578558907651,708.8591152320324,915.0,652.7
2043,2039,23.7351960640701,959.7578558907651,708.8591152320324,915.0,652.7
2043,2040,23.7351960640701,959.7578558907651,708.8591152320324,915.0,652.7
2043,2041,23.7351960640701,959.7578558907651,708.8591152320324,915.0,652.7
2044,2042,16.10625943926655,959.7578558907651,708.8591152320324,915.0,652.7
2045,2043,9.669475481684165,959.7578558907651,708.8591152320324,915.0,652.7
2046,2044,8.100680286101708,959.7578558907651,708.8591152320324,915.0,652.7
2047,2045,13.258144219505253,959.7578558907651,708.8591152320324,915.0,652.7
2048,2046,20.590552620888484,959.7578558907651,708.8591152320324,915.0,652.7
2049,2047,28.463984759038496,959.7578558907651,708.8591152320324,915.0,652.7
2050,2048,42.85840399091175,959.7578558907651,708.8591152320324,915.0,652.7
2051,2049,42.85840399091175,959.7578558907651,708.8591152320324,915.0,652.7
2052,2050,42.85840399091175,959.7578558907651,708.8591152320324,915.0,652.7
2053,2051,42.85840399091175,959.7578558907651,708.8591152320324,915.0,652.7
2054,2052,42.85840399091175,959.7578558907651,708.8591152320324,915.0,652.7
2055,2053,42.85840399091175,959.7578558907651,708.8591152320324,915.0,652.7
2056,2054,42.85840399091175,959.7578558907651,708.8591152320324,915.0,652.7
2057,2055,42.85840399091175,959.7578558907651,708.8591152320324,915.0,652.7
2058,2056,42.85840399091175,959.7578558907651,708.8591152320324,915.0,652.7
2059,2057,42.85840399091175,959.7578558907651,708.8591152320324,915.0,652.7
2060,2058,42.85840399091175,959.7578558907651,708.8591152320324,915.0,652.7
2061,2059,42.85840399091175,959.7578558907651,708.8591152320324,915.0,652.7
2062,2060,42.85840399091175,959.7578558907651,708.8591152320324,915.0,652.7
2063,2061,42.85840399091175,959.7578558907651,708.8591152320324,915.0,652.7
2064,2062,42.85840399091175,959.7578558907651,708.8591152320324,915.0,652.7
2065,2063,42.85840399091175,959.7578558907651,708.8591152320324,915.0,652.7
2066,2064,42.85840399091175,963.3033104362196,669.495478868396,915.0,652.7
2067,2065,42.85840399091175,966.8487649816742,630.1318425047597,915.0,652.7
2068,2066,42.85840399091175,970.3942195271287,590.7682061411233,915.0,652.7
2069,2067,42.85840399091175,973.9396740725832,551.4045697774869,915.0,652.7
2070,2068,42.85840399091175,977.4851286180378,512.0409334138506,915.0,652.7
2071,2069,24.93154704317507,981.0305831634923,472.67729705021424,915.0,652.7
2072,2069,24.93154704317507,984.576037708947,433.31366068657786,915.0,652.7
2073,2069,24.93154704317507,988.1214922544015,393.9500243229415,915.0,652.7
2074,2069,24.93154704317507,991.666946799856,354.5863879593051,915.0,652.7
2075,2069,24.93154704317507,995.2124013453106,315.22275159566874,915.0,652.7
2076,2070,46.97915796695278,998.7578558907651,275.8591152320324,915.0,652.7
2077,2071,81.19864856388779,998.7578558907651,275.8591152320324,915.0,652.7
2078,2072,117.3887548869976,998.7578558907651,275.8591152320324,915.0,652.7
2079,2073,74.7884901630245,998.7578558907651,275.8591152320324,915.0,652.7
2079,2074,51.7769978482981,998.7578558907651,275.8591152320324,915.0,652.7
2079,2075,51.7769978482981,998.7578558907651,275.8591152320324,915.0,652.7
2080,2076,51.7769978482981,998.7578558907651,275.8591152320324,915.0,652.7
2081,2077,51.7769978482981,998.7578558907651,275.8591152320324,915.0,652.7
2082,2078,51.7769978482981,998.7578558907651,275.8591152320324,915.0,652.7
2083,2079,51.7769978482981,998.7578558907651,275.8591152320324,915.0,652.7
2084,2080,51.7769978482981,998.7578558907651,275.8591152320324,915.0,652.7
2085,2081,51.7769978482981,998.7578558907651,275.8591152320324,915.0,652.7
2086,2082,51.7769978482981,998.7578558907651,275.8591152320324,915.0,652.7
2087,2083,51.7769978482981,998.7578558907651,275.8591152320324,915.0,652.7
2088,2084,51.7769978482981,1025.9800781129873,323.41467078758797,915.0,652.7
2089,2085,51.7769978482981,1053.2023003352094,370.9702263431435,915.0,652.7
2090,2086,51.7769978482981,1080.4245225574318,418.5257818986991,915.0,652.7
2091,2087,51.7769978482981,1107.646744779654,466.08133745425465,915.0,652.7
2092,2088,51.7769978482981,1134.8689670018762,513.6368930098101,915.0,652.7
2093,2089,51.7769978482981,1162.0911892240983,561.1924485653658,915.0,652.7
2094,2090,54.63391370272534,1189.3134114463205,608.7480041209213,915.0,652.7
2095,2091,44.53054342375861,1216.535633668543,656.3035596764769,915.0,652.7
2096,2092,37.25893771829303,1243.757855890765,703.8591152320324,915.0,652.7
2097,2093,34.65028071052259,1243.757855890765,703.8591152320324,915.0,652.7
2098,2094,37.68567151958883,1243.757855890765,703.8591152320324,915.0,652.7
2099,2095,45.24303364705627,1243.757855890765,703.8591152320324,915.0,652.7
2099,2096,34.6073152189045,1243.757855890765,703.8591152320324,915.0,652.7
2100,2097,24.318768709876384,1243.757855890765,703.8591152320324,915.0,652.7
2100,2098,24.318768709876384,1243.757855890765,703.8591152320324,915.0,652.7
2100,2099,24.318768709876384,1243.757855890765,703.8591152320324,915.0,652.7
2100,2100,24.318768709876384,1243.757855890765,703.8591152320324,915.0,652.7
2100,2101,24.318768709876384,1243.757855890765,703.8591152320324,915.0,652.7
2100,2102,24.318768709876384,1243.757855890765,703.8591152320324,915.0,652.7
2100,2103,24.318768709876384,1243.757855890765,703.8591152320324,915.0,652.7
2100,2104,24.318768709876384,1243.757855890765,703.8591152320324,915.0,652.7
2100,2105,24.318768709876384,1243.757855890765,703.8591152320324,915.0,652.7
2100,2106,24.318768709876384,1243.757855890765,703.8591152320324,915.0,652.7
2100,2107,24.318768709876384,1243.757855890765,703.8591152320324,915.0,652.7
2100,2108,24.318768709876384,1177.2023003352094,698.0813374542546,915.0,652.7
2100,2109,24.318768709876384,1110.646744779654,692.3035596764769,915.0,652.7
2100,2110,24.318768709876384,1044.0911892240983,686.525781898699,915.0,652.7
2100,2111,24.318768709876384,977.5356336685429,680.7480041209213,915.0,652.7
2100,2112,24.318768709876384,910.9800781129873,674.9702263431435,915.0,652.7
2100,2113,24.318768709876384,844.4245225574317,669.1924485653658,915.0,652.7
2100,2114,24.318768709876384,777.8689670018762,663.414670787588,915.0,652.7
2100,2115,24.318768709876384,711.3134114463206,657.6368930098103,915.0,652.7
2100,2116,24.318768709876384,644.7578558907651,651.8591152320324,915.0,652.7
2100,2117,24.318768709876384,644.7578558907651,651.8591152320324,915.0,652.7
2100,2118,24.318768709876384,644.7578558907651,651.8591152320324,915.0,652.7
2100,2119,24.318768709876384,644.7578558907651,651.8591152320324,915.0,652.7
2100,2120,24.318768709876384,644.7578558907651,651.8591152320324,915.0,652.7
2100,2121,24.318768709876384,644.7578558907651,651.8591152320324,915.0,652.7
2100,2122,24.318768709876384,644.7578558907651,651.8591152320324,915.0,652.7
2100,2123,47.45881695511652,644.7578558907651,651.8591152320324,915.0,652.7
2101,2124,44.81028707088743,644.7578558907651,651.8591152320324,915.0,652.7
2102,2125,81.62534572068164,644.7578558907651,651.8591152320324,915.0,652.7
2103,2126,127.34419899122088,644.7578558907651,651.8591152320324,915.0,652.7
2104,2127,112.80840015381729,644.7578558907651,651.8591152320324,915.0,652.7
2105,2128,103.32317017994622,644.7578558907651,651.8591152320324,915.0,652.7
2106,2128,103.32317017994622,644.7578558907651,651.8591152320324,915.0,652.7
2107,2128,103.32317017994622,644.7578558907651,651.8591152320324,915.0,652.7
2108,2128,103.32317017994622,644.7578558907651,651.8591152320324,915.0,652.7
2109,2128,103.32317017994622,644.7578558907651,651.8591152320324,915.0,652.7
2110,2128,103.32317017994622,644.7578558907651,651.8591152320324,915.0,652.7
2111,2128,103.32317017994622,644.7578558907651,651.8591152320324,915.0,652.7
2112,2128,103.32317017994622,644.7578558907651,651.8591152320324,915.0,652.7
2113,2128,103.32317017994622,644.7578558907651,651.8591152320324,915.0,652.7
2114,2128,103.32317017994622,644.7578558907651,651.8591152320324,915.0,652.7
2115,2128,103.32317017994622,644.7578558907651,651.8591152320324,915.0,652.7
2116,2128,103.32317017994622,644.7578558907651,651.8591152320324,915.0,652.7
2117,2128,103.32317017994622,644.7578558907651,651.8591152320324,915.0,652.7
2118,2128,103.32317017994622,644.7578558907651,651.8591152320324,915.0,652.7
2119,2128,91.23259484507578,644.7578558907651,651.8591152320324,915.0,652.7
2120,2128,91.23259484507578,644.7578558907651,651.8591152320324,915.0,652.7
2121,2128,91.23259484507578,644.7578558907651,651.8591152320324,915.0,652.7
2122,2128,91.23259484507578,644.7578558907651,651.8591152320324,915.0,652.7
2123,2128,91.23259484507578,644.7578558907651,651.8591152320324,915.0,652.7
2124,2128,91.23259484507578,644.7578558907651,651.8591152320324,915.0,652.7
2125,2128,91.23259484507578,644.7578558907651,651.8591152320324,915.0,652.7
2126,2128,91.23259484507578,644.7578558907651,651.8591152320324,915.0,652.7
2127,2128,91.23259484507578,644.7578558907651,651.8591152320324,915.0,652.7
2128,2128,91.23259484507578,644.7578558907651,651.8591152320324,915.0,652.7
2129,2128,91.23259484507578,644.7578558907651,651.8591152320324,915.0,652.7
2130,2128,91.23259484507578,644.7578558907651,651.8591152320324,915.0,652.7
2131,2128,91.23259484507578,644.7578558907651,651.8591152320324,915.0,652.7
2132,2128,91.23259484507578,644.7578558907651,651.8591152320324,915.0,652.7
2133,2128,91.23259484507578,644.7578558907651,651.8591152320324,915.0,652.7
2134,2128,91.23259484507578,644.7578558907651,651.8591152320324,915.0,652.7
2135,2128,91.23259484507578,644.7578558907651,651.8591152320324,915.0,652.7
2136,2128,91.23259484507578,644.7578558907651,651.8591152320324,915.0,652.7
2137,2129,91.23259484507578,644.7578558907651,651.8591152320324,915.0,652.7
2138,2130,91.23259484507578,644.7578558907651,651.8591152320324,915.0,652.7
2139,2131,91.23259484507578,644.7578558907651,651.8591152320324,915.0,652.7
2140,2132,91.23259484507578,644.7578558907651,651.8591152320324,915.0,652.7
2141,2133,91.23259484507578,644.7578558907651,651.8591152320324,915.0,652.7
2142,2134,91.23259484507578,644.7578558907651,651.8591152320324,915.0,652.7
2143,2135,91.23259484507578,644.7578558907651,651.8591152320324,915.0,652.7
2144,2136,91.23259484507578,644.7578558907651,651.8591152320324,915.0,652.7
2145,2137,91.23259484507578,644.7578558907651,651.8591152320324,915.0,652.7
2146,2138,91.23259484507578,644.7578558907651,651.8591152320324,915.0,652.7
2147,2139,91.23259484507578,644.7578558907651,651.8591152320324,915.0,652.7
2148,2140,91.23259484507578,644.7578558907651,651.8591152320324,915.0,652.7
2149,2141,91.23259484507578,673.0911892240985,654.1924485653658,915.0,652.7
2150,2142,91.23259484507578,701.4245225574317,656.525781898699,915.0,652.7
2151,2143,48.42071505288316,729.7578558907651,658.8591152320324,915.0,652.7
2152,2144,45.099118121555,758.0911892240985,661.1924485653658,915.0,652.7
2153,2145,43.907014125893724,786.4245225574317,663.525781898699,915.0,652.7
2154,2146,45.01390839019524,814.7578558907651,665.8591152320324,915.0,652.7
2155,2147,48.26187556105074,843.0911892240983,668.1924485653658,915.0,652.7
2156,2148,53.26064158250259,871.4245225574317,670.525781898699,915.0,652.7
2156,2149,53.90449509848402,899.7578558907651,672.8591152320324,897.55,645.0250000000001
2157,2150,52.14022584274026,899.7578558907651,672.8591152320324,880.1,637.35
2158,2151,52.307192001114124,899.7578558907651,672.8591152320324,862.6500000000001,629.675
2159,2152,74.74183312649076,899.7578558907651,672.8591152320324,845.2,622.0
2160,2153,120.50693300874832,899.7578558907651,672.8591152320324,845.2,622.0
2161,2154,120.50693300874832,899.7578558907651,672.8591152320324,845.2,622.0
2162,2155,120.50693300874832,899.7578558907651,672.8591152320324,845.2,622.0
2163,2156,120.50693300874832,899.7578558907651,672.8591152320324,845.2,622.0
2164,2157,120.50693300874832,899.7578558907651,672.8591152320324,845.2,622.0
2165,2158,120.50693300874832,899.7578558907651,672.8591152320324,845.2,622.0
2166,2159,120.50693300874832,899.7578558907651,672.8591152320324,845.2,622.0
2167,2160,120.50693300874832,899.7578558907651,672.8591152320324,845.2,622.0
2168,2161,120.50693300874832,899.7578558907651,672.8591152320324,845.2,622.0
2169,2162,120.50693300874832,899.7578558907651,672.8591152320324,845.2,622.0
2170,2163,120.50693300874832,899.7578558907651,672.8591152320324,845.2,622.0
2171,2164,120.50693300874832,899.7578558907651,672.8591152320324,845.2,622.0
2172,2165,120.50693300874832,899.7578558907651,672.8591152320324,845.2,622.0
2173,2166,120.50693300874832,899.7578558907651,672.8591152320324,845.2,622.0
2174,2167,120.50693300874832,899.7578558907651,672.8591152320324,845.2,622.0
2175,2168,120.50693300874832,899.7578558907651,672.8591152320324,845.2,622.0
2176,2169,120.50693300874832,899.7578558907651,672.8591152320324,845.2,622.0
2177,2170,120.50693300874832,899.7578558907651,672.8591152320324,845.2,622.0
2178,2171,120.50693300874832,899.7578558907651,672.8591152320324,845.2,622.0
2179,2172,120.50693300874832,899.7578558907651,672.8591152320324,845.2,622.0
2180,2173,120.50693300874832,899.7578558907651,672.8591152320324,845.2,622.0
2181,2174,120.50693300874832,899.7578558907651,672.8591152320324,845.2,622.0
2182,2175,120.50693300874832,899.7578558907651,672.8591152320324,845.2,622.0
2183,2176,120.50693300874832,899.7578558907651,672.8591152320324,845.2,622.0
2184,2177,120.50693300874832,899.7578558907651,672.8591152320324,845.2,622.0
2185,2178,120.50693300874832,899.7578558907651,672.8591152320324,845.2,622.0
2186,2179,120.50693300874832,899.7578558907651,672.8591152320324,845.2,622.0
2187,2180,120.50693300874832,899.7578558907651,672.8591152320324,845.2,622.0
2188,2181,120.50693300874832,899.7578558907651,672.8591152320324,845.2,622.0
2189,2182,120.50693300874832,899.7578558907651,672.8591152320324,845.2,622.0
2190,2183,120.50693300874832,899.7578558907651,672.8591152320324,845.2,622.0
2191,2184,96.41595945984216,899.7578558907651,672.8591152320324,845.2,622.0
2192,2185,73.22993042295876,899.7578558907651,672.8591152320324,845.2,622.0
2193,2186,52.16969730354279,899.7578558907651,672.8591152320324,845.2,622.0
2194,2187,37.05672758808665,899.7578558907651,672.8591152320324,845.2,622.0
2195,2188,36.29316654873908,899.7578558907651,672.8591152320324,845.2,622.0
2195,2189,36.29316654873908,899.7578558907651,672.8591152320324,845.2,622.0
2195,2190,36.29316654873908,899.7578558907651,672.8591152320324,845.2,622.0
2195,2191,36.29316654873908,899.7578558907651,672.8591152320324,845.2,622.0
2195,2192,36.29316654873908,899.7578558907651,672.8591152320324,845.2,622.0
2195,2193,36.29316654873908,899.7578558907651,672.8591152320324,845.2,622.0
2195,2194,36.29316654873908,899.7578558907651,672.8591152320324,845.2,622.0
2195,2195,36.29316654873908,899.7578558907651,672.8591152320324,845.2,622.0
2195,2196,36.29316654873908,899.7578558907651,672.8591152320324,845.2,622.0
2195,2197,36.29316654873908,899.7578558907651,672.8591152320324,845.2,622.0
2195,2198,36.29316654873908,899.7578558907651,672.8591152320324,845.2,622.0
2195,2199,36.29316654873908,899.7578558907651,672.8591152320324,845.2,622.0
2195,2200,36.29316654873908,899.7578558907651,672.8591152320324,845.2,622.0
2195,2201,36.29316654873908,899.7578558907651,672.8591152320324,789.45,614.7
2195,2202,36.29316654873908,899.7578558907651,672.8591152320324,733.7,607.4
2195,2203,36.29316654873908,899.7578558907651,672.8591152320324,677.95,600.0999999999999
2195,2204,36.29316654873908,899.7578558907651,672.8591152320324,622.2,592.8
2195,2205,36.29316654873908,899.7578558907651,672.8591152320324,622.2,592.8
2195,2206,36.29316654873908,899.7578558907651,672.8591152320324,622.2,592.8
2195,2207,36.29316654873908,899.7578558907651,672.8591152320324,622.2,592.8
2195,2208,36.29316654873908,899.7578558907651,672.8591152320324,622.2,592.8
2195,2209,36.29316654873908,899.7578558907651,672.8591152320324,622.2,592.8
2195,2210,36.29316654873908,899.7578558907651,672.8591152320324,622.2,592.8
2195,2211,36.29316654873908,899.7578558907651,672.8591152320324,622.2,592.8
2195,2212,36.29316654873908,899.7578558907651,672.8591152320324,622.2,592.8
2195,2213,36.29316654873908,648.7578558907651,647.8591152320324,622.2,592.8
2195,2214,36.29316654873908,648.7578558907651,647.8591152320324,622.2,592.8
2195,2215,36.29316654873908,648.7578558907651,647.8591152320324,622.2,592.8
2195,2216,36.29316654873908,648.7578558907651,647.8591152320324,622.2,592.8
2195,2217,36.29316654873908,648.7578558907651,647.8591152320324,622.2,592.8
2195,2218,36.29316654873908,648.7578558907651,647.8591152320324,622.2,592.8
2195,2219,36.29316654873908,648.7578558907651,647.8591152320324,622.2,592.8
2195,2220,36.29316654873908,648.7578558907651,647.8591152320324,622.2,592.8
2195,2221,36.29316654873908,648.7578558907651,647.8591152320324,622.2,592.8
2195,2222,36.29316654873908,648.7578558907651,647.8591152320324,622.2,592.8
2195,2223,36.29316654873908,648.7578558907651,647.8591152320324,622.2,592.8
2195,2224,36.29316654873908,648.7578558907651,647.8591152320324,622.2,592.8
2195,2225,36.29316654873908,648.7578558907651,647.8591152320324,622.2,592.8
2195,2226,36.29316654873908,648.7578558907651,647.8591152320324,622.2,592.8
2195,2227,36.29316654873908,648.7578558907651,647.8591152320324,632.9583333333334,594.3791666666666
2195,2228,36.29316654873908,648.7578558907651,647.8591152320324,643.7166666666667,595.9583333333333
2195,2229,36.29316654873908,648.7578558907651,647.8591152320324,654.475,597.5374999999999
2195,2230,36.29316654873908,648.7578558907651,647.8591152320324,665.2333333333333,599.1166666666667
2195,2231,36.29316654873908,648.7578558907651,647.8591152320324,675.9916666666667,600.6958333333333
2195,2232,36.29316654873908,648.7578558907651,647.8591152320324,686.75,602.275
2195,2233,36.29316654873908,648.7578558907651,647.8591152320324,697.5083333333333,603.8541666666666
2195,2234,36.29316654873908,648.7578558907651,647.8591152320324,708.2666666666667,605.4333333333333
2195,2235,36.29316654873908,648.7578558907651,647.8591152320324,719.025,607.0125
2195,2236,36.29316654873908,648.7578558907651,647.8591152320324,729.7833333333333,608.5916666666667
2195,2237,36.29316654873908,679.646744779654,649.3035596764769,740.5416666666667,610.1708333333333
2195,2238,36.29316654873908,710.5356336685429,650.7480041209213,751.3,611.75
2195,2239,36.29316654873908,741.4245225574317,652.1924485653658,762.0583333333334,613.3291666666667
2195,2240,36.29316654873908,772.3134114463206,653.6368930098103,772.8166666666667,614.9083333333333
2195,2241,36.29316654873908,803.2023003352095,655.0813374542546,783.575,616.4875
2195,2242,36.29316654873908,834.0911892240985,656.525781898699,794.3333333333334,618.0666666666667
2195,2243,36.29316654873908,864.9800781129873,657.9702263431435,805.0916666666667,619.6458333333334
2195,2244,36.29316654873908,895.8689670018762,659.414670787588,815.85,621.225
2195,2245,36.29316654873908,926.7578558907651,660.8591152320324,826.6083333333333,622.8041666666667
2195,2246,36.29316654873908,926.7578558907651,660.8591152320324,837.3666666666667,624.3833333333333
2195,2247,36.29316654873908,926.7578558907651,660.8591152320324,848.125,625.9625000000001
2195,2248,36.29316654873908,926.7578558907651,660.8591152320324,858.8833333333333,627.5416666666667
2195,2249,36.29316654873908,926.7578558907651,660.8591152320324,869.6416666666667,629.1208333333334
2195,2250,36.29316654873908,926.7578558907651,660.8591152320324,880.4,630.7
2195,2251,36.29316654873908,926.7578558907651,660.8591152320324,880.4,630.7
2195,2252,36.29316654873908,926.7578558907651,660.8591152320324,880.4,630.7
2195,2253,36.29316654873908,926.7578558907651,660.8591152320324,880.4,630.7
2195,2254,36.29316654873908,926.7578558907651,660.8591152320324,880.4,630.7
2195,2255,36.29316654873908,926.7578558907651,660.8591152320324,880.4,630.7
2195,2256,36.29316654873908,926.7578558907651,660.8591152320324,880.4,630.7
2195,2257,36.29316654873908,926.7578558907651,660.8591152320324,880.4,630.7
2195,2258,36.29316654873908,926.7578558907651,660.8591152320324,880.4,630.7
2195,2259,36.29316654873908,926.7578558907651,660.8591152320324,880.4,630.7
2195,2260,36.29316654873908,926.7578558907651,660.8591152320324,880.4,630.7
2195,2261,36.29316654873908,926.7578558907651,660.8591152320324,880.4,630.7
2195,2262,36.29316654873908,926.7578558907651,660.8591152320324,880.4,630.7
2195,2263,36.29316654873908,926.7578558907651,660.8591152320324,880.4,630.7
2195,2264,36.29316654873908,926.7578558907651,660.8591152320324,880.4,630.7
2195,2265,36.29316654873908,926.7578558907651,660.8591152320324,880.4,630.7
2195,2266,36.29316654873908,926.7578558907651,660.8591152320324,880.4,630.7
2195,2267,36.29316654873908,926.7578558907651,660.8591152320324,880.4,630.7
2195,2268,36.29316654873908,926.7578558907651,660.8591152320324,880.4,630.7
2195,2269,36.29316654873908,926.7578558907651,660.8591152320324,880.4,630.7
2195,2270,36.29316654873908,926.7578558907651,660.8591152320324,880.4,630.7
2195,2271,36.29316654873908,926.7578558907651,660.8591152320324,880.4,630.7
2195,2272,36.29316654873908,926.7578558907651,660.8591152320324,880.4,630.7
2196,2273,50.53371105048426,926.7578558907651,660.8591152320324,880.4,630.7
2197,2274,40.72543322068901,926.7578558907651,660.8591152320324,846.4166666666666,628.3833333333333
2198,2275,33.905190601716065,926.7578558907651,660.8591152320324,812.4333333333333,626.0666666666667
2199,2276,32.04152101120517,926.7578558907651,660.8591152320324,778.45,623.75
2200,2276,32.04152101120517,926.7578558907651,660.8591152320324,744.4666666666667,621.4333333333333
2201,2276,32.04152101120517,926.7578558907651,660.8591152320324,710.4833333333333,619.1166666666667
2202,2276,32.04152101120517,926.7578558907651,660.8591152320324,676.5,616.8
2203,2276,32.04152101120517,926.7578558907651,660.8591152320324,676.5,616.8
2204,2276,32.04152101120517,926.7578558907651,660.8591152320324,676.5,616.8
2205,2276,32.04152101120517,926.7578558907651,660.8591152320324,676.5,616.8
2206,2276,32.04152101120517,926.7578558907651,660.8591152320324,676.5,616.8
2207,2276,32.04152101120517,926.7578558907651,660.8591152320324,676.5,616.8
2208,2276,32.04152101120517,926.7578558907651,660.8591152320324,676.5,616.8
2209,2276,32.04152101120517,926.7578558907651,660.8591152320324,676.5,616.8
2210,2276,32.04152101120517,926.7578558907651,660.8591152320324,676.5,616.8
2211,2276,32.04152101120517,926.7578558907651,660.8591152320324,676.5,616.8
2212,2276,32.04152101120517,926.7578558907651,660.8591152320324,676.5,616.8
2213,2276,32.04152101120517,926.7578558907651,660.8591152320324,676.5,616.8
2214,2276,32.04152101120517,926.7578558907651,660.8591152320324,676.5,616.8
2215,2276,32.04152101120517,926.7578558907651,660.8591152320324,676.5,616.8
2216,2276,32.04152101120517,926.7578558907651,660.8591152320324,676.5,616.8
2217,2276,32.04152101120517,926.7578558907651,660.8591152320324,676.5,616.8
2218,2276,32.04152101120517,926.7578558907651,660.8591152320324,676.5,616.8
2219,2276,32.04152101120517,926.7578558907651,660.8591152320324,676.5,616.8
2220,2276,32.04152101120517,926.7578558907651,660.8591152320324,676.5,616.8
2221,2276,32.04152101120517,926.7578558907651,660.8591152320324,676.5,616.8
2222,2276,32.04152101120517,926.7578558907651,660.8591152320324,676.5,616.8
2223,2276,32.04152101120517,926.7578558907651,660.8591152320324,676.5,616.8
2224,2276,32.04152101120517,926.7578558907651,660.8591152320324,676.5,616.8
2225,2276,32.04152101120517,926.7578558907651,660.8591152320324,714.65,618.2833333333333
2226,2276,32.04152101120517,1297.757855890765,689.8591152320324,752.8,619.7666666666667
2227,2276,32.04152101120517,1297.757855890765,689.8591152320324,790.95,621.25
2228,2276,32.04152101120517,1297.757855890765,689.8591152320324,829.1,622.7333333333333
2229,2276,32.04152101120517,1297.757855890765,689.8591152320324,867.25,624.2166666666667
2230,2276,32.04152101120517,1297.757855890765,689.8591152320324,905.4,625.7
2231,2276,32.04152101120517,1297.757855890765,689.8591152320324,905.4,625.7
2232,2276,5.1190874076781006,1297.757855890765,689.8591152320324,905.4,625.7
2233,2276,39.666749842448546,1297.757855890765,689.8591152320324,905.4,625.7
2234,2277,74.99865187429019,1297.757855890765,689.8591152320324,905.4,625.7
2235,2277,107.87672951168346,1297.757855890765,689.8591152320324,905.4,625.7
2236,2277,142.11854121582047,1297.757855890765,689.8591152320324,905.4,625.7
2237,2277,176.9340858751892,1297.757855890765,689.8591152320324,905.4,625.7
2238,2277,212.040943526633,1297.757855890765,689.8591152320324,905.4,625.7
2239,2277,247.31508793205623,1297.757855890765,689.8591152320324,905.4,625.7
2240,2278,282.6939046141898,1297.757855890765,689.8591152320324,905.4,625.7
2241,2279,318.14247546216234,1297.757855890765,689.8591152320324,905.4,625.7
2242,2280,318.14247546216234,1297.757855890765,689.8591152320324,905.4,625.7
2243,2281,318.14247546216234,1297.757855890765,689.8591152320324,905.4,625.7
2244,2282,318.14247546216234,1297.757855890765,689.8591152320324,905.4,625.7
2245,2283,318.14247546216234,1297.757855890765,689.8591152320324,905.4,625.7
2246,2284,318.14247546216234,1297.757855890765,689.8591152320324,905.4,625.7
2247,2285,318.14247546216234,1297.757855890765,689.8591152320324,905.4,625.7
2248,2286,318.14247546216234,1297.757855890765,689.8591152320324,905.4,625.7
2249,2287,318.14247546216234,1297.757855890765,689.8591152320324,905.4,625.7
2250,2288,318.14247546216234,1297.757855890765,689.8591152320324,905.4,625.7
2251,2289,318.14247546216234,1297.757855890765,689.8591152320324,905.4,625.7
2252,2290,318.14247546216234,1297.757855890765,689.8591152320324,905.4,625.7
2253,2291,318.14247546216234,1297.757855890765,689.8591152320324,905.4,625.7
2254,2292,318.14247546216234,1297.757855890765,689.8591152320324,905.4,625.7
2255,2293,318.14247546216234,1297.757855890765,689.8591152320324,905.4,625.7
2256,2294,262.95025587575486,1297.757855890765,689.8591152320324,905.4,625.7
2257,2295,207.75874394849745,1297.757855890765,689.8591152320324,905.4,625.7
2258,2296,152.56870766638121,1297.757855890765,689.8591152320324,905.4,625.7
2259,2297,97.3826559553705,1297.757855890765,689.8591152320324,905.4,625.7
2260,2298,42.21621788903435,1297.757855890765,689.8591152320324,882.75,622.6166666666667
2261,2299,13.179251677799844,1297.757855890765,689.8591152320324,860.1,619.5333333333334
2262,2300,68.2483153397881,1297.757855890765,689.8591152320324,837.45,616.45
2263,2301,123.4286379599626,1297.757855890765,689.8591152320324,814.8,613.3666666666667
2264,2302,123.4286379599626,1297.757855890765,689.8591152320324,792.15,610.2833333333334
2265,2303,123.4286379599626,1297.757855890765,689.8591152320324,769.5,607.2
2266,2304,123.4286379599626,1297.757855890765,689.8591152320324,769.5,607.2
2267,2305,123.4286379599626,1297.757855890765,689.8591152320324,769.5,607.2
2268,2306,123.4286379599626,1297.757855890765,689.8591152320324,769.5,607.2
2269,2307,123.4286379599626,1297.757855890765,689.8591152320324,769.5,607.2
2270,2308,123.4286379599626,1297.757855890765,689.8591152320324,769.5,607.2
2271,2309,123.4286379599626,1297.757855890765,689.8591152320324,769.5,607.2
2272,2310,123.4286379599626,1239.535633668543,685.8591152320324,769.5,607.2
2273,2311,123.4286379599626,1181.3134114463207,681.8591152320324,769.5,607.2
2274,2312,123.4286379599626,1123.0911892240983,677.8591152320324,769.5,607.2
2275,2313,123.4286379599626,1064.8689670018762,673.8591152320324,769.5,607.2
2276,2314,123.4286379599626,1006.646744779654,669.8591152320324,769.5,607.2
2277,2315,123.4286379599626,948.4245225574318,665.8591152320324,769.5,607.2
2278,2316,123.4286379599626,890.2023003352095,661.8591152320324,769.5,607.2
2279,2317,125.84966431603387,831.9800781129873,657.8591152320324,769.5,607.2
2280,2318,109.11542540504098,773.7578558907651,653.8591152320324,769.5,607.2
2281,2319,92.40549348008935,773.7578558907651,653.8591152320324,769.5,607.2
2282,2320,75.73595909728554,773.7578558907651,653.8591152320324,769.5,607.2
2283,2321,59.14099159283431,773.7578558907651,653.8591152320324,769.5,607.2
2284,2322,42.707603349904794,773.7578558907651,653.8591152320324,769.5,607.2
2285,2323,30.37033068373564,773.7578558907651,653.8591152320324,769.5,607.2
2285,2324,30.37033068373564,773.7578558907651,653.8591152320324,769.5,607.2
2285,2325,30.37033068373564,773.7578558907651,653.8591152320324,769.5,607.2
2285,2326,30.37033068373564,773.7578558907651,653.8591152320324,769.5,607.2
2285,2327,30.37033068373564,773.7578558907651,653.8591152320324,769.5,607.2
2285,2328,30.37033068373564,773.7578558907651,653.8591152320324,769.5,607.2
2285,2329,30.37033068373564,773.7578558907651,653.8591152320324,769.5,607.2
2285,2330,30.37033068373564,773.7578558907651,653.8591152320324,769.5,607.2
2285,2331,30.37033068373564,773.7578558907651,653.8591152320324,769.5,607.2
2285,2332,30.37033068373564,773.7578558907651,653.8591152320324,769.5,607.2
2285,2333,30.37033068373564,773.7578558907651,653.8591152320324,769.5,607.2
2285,2334,30.37033068373564,773.7578558907651,653.8591152320324,769.5,607.2
2285,2335,30.37033068373564,773.7578558907651,653.8591152320324,769.5,607.2
2285,2336,30.37033068373564,773.7578558907651,653.8591152320324,769.5,607.2
2285,2337,30.37033068373564,773.7578558907651,653.8591152320324,769.5,607.2
2285,2338,30.37033068373564,773.7578558907651,653.8591152320324,769.5,607.2
2285,2339,30.37033068373564,773.7578558907651,653.8591152320324,769.5,607.2
2285,2340,30.37033068373564,773.7578558907651,653.8591152320324,769.5,607.2
2285,2341,30.37033068373564,773.7578558907651,653.8591152320324,769.5,607.2
2285,2342,30.37033068373564,773.7578558907651,653.8591152320324,769.5,607.2
2285,2343,30.37033068373564,773.7578558907651,653.8591152320324,769.5,607.2
2285,2344,30.37033068373564,773.7578558907651,653.8591152320324,769.5,607.2
2285,2345,30.37033068373564,773.7578558907651,653.8591152320324,769.5,607.2
2285,2346,30.37033068373564,773.7578558907651,653.8591152320324,769.5,607.2
2286,2347,55.11260824698928,773.7578558907651,653.8591152320324,769.5,607.2
2287,2348,90.38289212972091,773.7578558907651,653.8591152320324,769.5,607.2
2288,2349,90.38289212972091,773.7578558907651,653.8591152320324,769.5,607.2
2289,2350,90.38289212972091,773.7578558907651,653.8591152320324,769.5,607.2
2290,2351,90.38289212972091,773.7578558907651,653.8591152320324,769.5,607.2
2291,2352,90.38289212972091,773.7578558907651,653.8591152320324,769.5,607.2
2292,2353,90.38289212972091,773.7578558907651,653.8591152320324,769.5,607.2
2293,2354,90.38289212972091,773.7578558907651,653.8591152320324,769.5,607.2
2294,2355,90.38289212972091,773.7578558907651,653.8591152320324,769.5,607.2
2295,2356,90.38289212972091,773.7578558907651,653.8591152320324,769.5,607.2
2296,2357,90.38289212972091,773.7578558907651,653.8591152320324,769.5,607.2
2297,2358,90.38289212972091,773.7578558907651,653.8591152320324,769.5,607.2
2298,2359,90.38289212972091,773.7578558907651,653.8591152320324,769.5,607.2
2299,2360,90.38289212972091,773.7578558907651,653.8591152320324,769.5,607.2
2300,2361,90.38289212972091,773.7578558907651,653.8591152320324,769.5,607.2
2301,2362,90.38289212972091,773.7578558907651,653.8591152320324,769.5,607.2
2302,2363,90.38289212972091,773.7578558907651,653.8591152320324,769.5,607.2
2303,2364,90.38289212972091,773.7578558907651,653.8591152320324,769.5,607.2
2304,2365,90.38289212972091,773.7578558907651,653.8591152320324,769.5,607.2
2305,2366,82.99909882274784,773.7578558907651,653.8591152320324,769.5,607.2
2306,2367,75.63698250312163,773.7578558907651,653.8591152320324,769.5,607.2
2307,2368,68.30355290979082,773.7578558907651,653.8591152320324,769.5,607.2
2308,2369,61.00915553552145,773.7578558907651,653.8591152320324,769.5,607.2
2309,2370,53.76967806624917,773.7578558907651,653.8591152320324,769.5,607.2
2310,2371,46.61071765884434,773.7578558907651,653.8591152320324,769.5,607.2
2311,2372,39.575993015093324,773.7578558907651,653.8591152320324,769.5,607.2
2312,2373,32.745670656175434,773.7578558907651,653.8591152320324,769.5,607.2
2313,2374,26.279615131285578,773.7578558907651,653.8591152320324,769.5,607.2
2314,2375,20.525030994082922,773.7578558907651,653.8591152320324,769.5,607.2
2315,2376,16.255925821109734,773.7578558907651,653.8591152320324,769.5,607.2
2316,2376,16.255925821109734,773.7578558907651,653.8591152320324,769.5,607.2
2317,2376,16.255925821109734,773.7578558907651,653.8591152320324,769.5,607.2
2318,2376,16.255925821109734,773.7578558907651,653.8591152320324,769.5,607.2
2319,2376,16.255925821109734,-,-,-,-
2320,2376,16.255925821109734,-,-,-,-
2321,2376,16.255925821109734,-,-,-,-
2322,2376,16.255925821109734,-,-,-,-
2323,2376,16.255925821109734,-,-,-,-
2324,2376,16.255925821109734,-,-,-,-
2325,2376,16.255925821109734,-,-,-,-
2326,2376,16.255925821109734,-,-,-,-
2327,2376,16.255925821109734,-,-,-,-
2328,2376,16.255925821109734,-,-,-,-
2329,2376,16.255925821109734,-,-,-,-
2330,2376,16.255925821109734,-,-,-,-
2331,2376,16.255925821109734,-,-,-,-
2332,2376,16.255925821109734,-,-,-,-
2333,2376,16.255925821109734,-,-,-,-
2334,2376,16.255925821109734,-,-,-,-
2335,2376,16.255925821109734,-,-,-,-
2336,2376,16.255925821109734,-,-,-,-
2337,2376,16.255925821109734,-,-,-,-
2338,2376,16.255925821109734,-,-,-,-
2339,2376,16.255925821109734,-,-,-,-
2340,2376,16.255925821109734,-,-,-,-
2341,2376,16.255925821109734,-,-,-,-
2342,2376,16.255925821109734,-,-,-,-
2343,2376,16.255925821109734,-,-,-,-
2344,2376,16.255925821109734,-,-,-,-
2345,2376,16.255925821109734,-,-,-,-
2346,2376,16.255925821109734,-,-,-,-
2347,2376,16.255925821109734,-,-,-,-
2348,2376,16.255925821109734,-,-,-,-
2349,2376,16.255925821109734,-,-,-,-
2350,2376,16.255925821109734,-,-,-,-
2351,2376,16.255925821109734,-,-,-,-
2352,2376,16.255925821109734,-,-,-,-
2353,2376,16.255925821109734,-,-,-,-
2354,2376,16.255925821109734,-,-,-,-
2355,2376,16.255925821109734,-,-,-,-
2356,2376,16.255925821109734,-,-,-,-
2357,2376,16.255925821109734,-,-,-,-
2358,2376,16.255925821109734,-,-,-,-
2359,2376,16.255925821109734,-,-,-,-
2360,2376,16.255925821109734,-,-,-,-
2361,2376,16.255925821109734,-,-,-,-
2362,2376,16.255925821109734,-,-,-,-
2363,2376,16.255925821109734,-,-,-,-
2364,2376,16.255925821109734,-,-,-,-
2365,2376,16.255925821109734,-,-,-,-
2366,2376,16.255925821109734,-,-,-,-
2367,2376,246.53778137937658,-,-,-,-
2368,2376,246.53778137937658,-,-,-,-
2369,2376,246.53778137937658,-,-,-,-
2370,2376,246.53778137937658,-,-,-,-
2371,2376,246.53778137937658,-,-,-,-
2372,2376,246.53778137937658,-,-,-,-
2373,2376,246.53778137937658,-,-,-,-
2374,2376,246.53778137937658,-,-,-,-
2375,2376,246.53778137937658,-,-,-,-
2376,2376,246.53778137937658,-,-,-,-
2377,2376,246.53778137937658,-,-,-,-
2378,2376,246.53778137937658,-,-,-,-
2379,2376,246.53778137937658,-,-,-,-
2380,2376,246.53778137937658,-,-,-,-
2381,2376,246.53778137937658,-,-,-,-
2382,2376,246.53778137937658,-,-,-,-
2383,2376,230.55852971648267,-,-,-,-
2384,2376,214.59205000086746,-,-,-,-
2385,2376,198.64142202247507,-,-,-,-
2386,2376,182.7107973920396,-,-,-,-
2387,2376,166.80590740482333,-,-,-,-
2388,2376,150.9348877087259,-,-,-,-
2389,2376,135.10967482431658,-,-,-,-
2390,2376,119.34849163524052,-,-,-,-
2391,2376,103.68054302070976,-,-,-,-
2392,2376,88.1555549441955,-,-,-,-
2393,2376,72.86496452312696,-,-,-,-
2394,2377,65.45920168440502,-,-,-,-
2395,2378,58.61371858419486,-,-,-,-
2396,2379,52.5479382876178,-,-,-,-
2397,2380,47.56112405311597,-,-,-,-
2398,2381,44.021496056097284,-,-,-,-
2399,2382,42.2939782917453,-,-,-,-
2400,2383,42.59960064804299,-,-,-,-
2400,2384,46.50010980026167,-,-,-,-
2400,2385,51.2065811066687,-,-,-,-
2400,2386,56.51802532789924,-,-,-,-
2400,2387,56.51802532789924,-,-,-,-
2400,2388,56.51802532789924,-,-,-,-
2400,2389,56.51802532789924,-,-,-,-
2400,2390,56.51802532789924,-,-,-,-
2400,2391,56.51802532789924,-,-,-,-
2400,2392,56.51802532789924,-,-,-,-
2400,2393,56.51802532789924,-,-,-,-
2400,2394,56.51802532789924,-,-,-,-
2400,2395,56.51802532789924,-,-,-,-
2400,2396,56.51802532789924,-,-,-,-
2400,2397,56.51802532789924,-,-,-,-
2400,2398,56.51802532789924,-,-,-,-
2400,2399,56.51802532789924,-,-,-,-
2400,2400,56.51802532789924,-,-,-,-
2401,2401,56.51802532789924,-,-,-,-
2402,2402,56.51802532789924,-,-,-,-
2403,2403,56.51802532789924,-,-,-,-
2404,2404,56.51802532789924,-,-,-,-
2405,2405,21.246211589851523,-,-,-,-
2406,2406,97.94328883020228,-,-,-,-
2407,2407,239.45144453062852,-,-,-,-
2408,2408,162.89574766629232,-,-,-,-
2409,2409,87.27787192476715,-,-,-,-
2410,2409,87.27787192476715,-,-,-,-
2411,2409,87.27787192476715,-,-,-,-
2412,2409,87.27787192476715,-,-,-,-
2413,2409,87.27787192476715,-,-,-,-
2414,2409,87.27787192476715,-,-,-,-
2415,2409,87.27787192476715,-,-,-,-
2416,2409,87.27787192476715,-,-,-,-
2417,2409,87.27787192476715,-,-,-,-
2418,2410,87.27787192476715,-,-,-,-
2419,2411,87.27787192476715,-,-,-,-
2420,2412,87.27787192476715,-,-,-,-
2421,2413,87.27787192476715,-,-,-,-
2422,2414,87.27787192476715,-,-,-,-
2423,2415,87.27787192476715,-,-,-,-
2424,2416,89.74991749793476,-,-,-,-
2425,2417,92.27244688451766,-,-,-,-
2426,2418,94.84143196528704,-,-,-,-
2427,2419,97.4531989233611,-,-,-,-
2428,2420,100.10439922184352,-,-,-,-
2429,2421,102.79198172394705,-,-,-,-
2430,2422,105.51316633437887,-,-,-,-
2431,2423,108.26541937791744,-,-,-,-
2432,2424,111.04643081272977,-,-,-,-
2433,2425,113.85409329232039,-,-,-,-
2434,2426,116.68648303289645,-,-,-,-
2435,2427,119.54184240573034,-,-,-,-
2436,2428,122.41856415154733,-,-,-,-
2437,2429,125.31517710196377,-,-,-,-
2438,2430,128.23033328844846,-,-,-,-
2439,2431,131.1627963198277,-,-,-,-
2440,2432,134.1114309132769,-,-,-,-
2441,2433,137.07519346977654,-,-,-,-
2442,2434,140.05312359225235,-,-,-,-
2443,2435,143.04433645243265,-,-,-,-
2444,2436,146.0480159204047,-,-,-,-
2445,2437,149.06340837863868,-,-,-,-
2446,2438,152.08981714969232,-,-,-,-
2447,2439,155.1265974737952,-,-,-,-
2448,2440,158.17315197898446,-,-,-,-
2449,2441,158.17315197898446,-,-,-,-
2450,2442,158.17315197898446,-,-,-,-
2451,2443,158.17315197898446,-,-,-,-
2452,2444,158.17315197898446,-,-,-,-
2453,2445,158.17315197898446,-,-,-,-
2454,2446,158.17315197898446,-,-,-,-
2455,2447,158.17315197898446,-,-,-,-
2456,2448,158.17315197898446,-,-,-,-
2457,2449,158.17315197898446,-,-,-,-
2458,2450,158.17315197898446,-,-,-,-
2459,2451,158.17315197898446,-,-,-,-
2460,2452,158.17315197898446,-,-,-,-
2461,2453,158.17315197898446,-,-,-,-
2462,2454,158.17315197898446,-,-,-,-
2463,2455,103.66343893920246,-,-,-,-
2464,2456,55.43979742420239,-,-,-,-
2465,2457,53.26822654721388,-,-,-,-
2466,2458,51.30724224770443,-,-,-,-
2467,2459,49.58183721056086,-,-,-,-
2468,2460,48.11736050340973,-,-,-,-
2469,2461,46.93824143474326,-,-,-,-
2470,2462,46.06639732698901,-,-,-,-
2471,2463,45.519487507224916,-,-,-,-
2472,2464,64.29359461606765,-,-,-,-
2473,2465,64.29359461606765,-,-,-,-
2474,2466,64.29359461606765,-,-,-,-
2475,2467,64.29359461606765,-,-,-,-
2476,2468,64.29359461606765,-,-,-,-
2477,2469,64.29359461606765,-,-,-,-
2478,2470,64.29359461606765,-,-,-,-
2479,2471,64.29359461606765,-,-,-,-
2480,2472,64.29359461606765,-,-,-,-
2481,2473,64.29359461606765,-,-,-,-
2482,2474,64.29359461606765,-,-,-,-
2483,2475,64.29359461606765,-,-,-,-
2484,2476,64.29359461606765,-,-,-,-
2485,2477,64.29359461606765,-,-,-,-
2486,2478,64.29359461606765,-,-,-,-
2487,2479,64.29359461606765,-,-,-,-
2488,2480,64.29359461606765,-,-,-,-
2489,2481,64.29359461606765,-,-,-,-
2490,2482,64.29359461606765,-,-,-,-
2491,2483,64.29359461606765,-,-,-,-
2492,2484,64.29359461606765,-,-,-,-
2493,2485,64.29359461606765,-,-,-,-
2494,2486,64.29359461606765,-,-,-,-
2495,2487,64.29359461606765,-,-,-,-
2496,2488,64.29359461606765,-,-,-,-
2497,2489,64.29359461606765,-,-,-,-
2498,2490,64.29359461606765,-,-,-,-
2499,2491,64.29359461606765,-,-,-,-
2500,2492,64.29359461606765,-,-,-,-
2501,2493,64.29359461606765,-,-,-,-
2502,2494,64.29359461606765,-,-,-,-
2503,2495,64.29359461606765,-,-,-,-
2504,2496,64.29359461606765,-,-,-,-
2505,2497,51.12729611217358,-,-,-,-
2506,2498,51.12729611217358,-,-,-,-
2507,2499,51.12729611217358,-,-,-,-
2508,2500,51.12729611217358,-,-,-,-
2509,2501,51.12729611217358,-,-,-,-
2510,2502,51.12729611217358,-,-,-,-
2511,2503,51.12729611217358,-,-,-,-
2512,2504,42.55333011304926,-,-,-,-
2513,2505,40.78590197210806,-,-,-,-
2514,2506,46.60592339656688,-,-,-,-
2515,2507,57.76376711758788,-,-,-,-
2516,2508,71.81303424576339,-,-,-,-
2517,2509,71.81303424576339,-,-,-,-
2518,2510,71.81303424576339,-,-,-,-
2519,2511,71.81303424576339,-,-,-,-
2520,2512,71.81303424576339,-,-,-,-
2521,2513,71.81303424576339,-,-,-,-
2522,2514,71.81303424576339,-,-,-,-
2523,2515,71.81303424576339,-,-,-,-
2524,2516,71.81303424576339,-,-,-,-
2525,2517,71.81303424576339,-,-,-,-
2526,2518,71.81303424576339,-,-,-,-
2527,2519,71.81303424576339,-,-,-,-
2528,2520,71.81303424576339,-,-,-,-
2529,2521,71.81303424576339,-,-,-,-
2530,2522,71.81303424576339,-,-,-,-
2531,2523,71.81303424576339,-,-,-,-
2532,2524,71.81303424576339,-,-,-,-
2533,2525,71.81303424576339,-,-,-,-
2534,2526,71.81303424576339,-,-,-,-
2535,2527,51.13998347200101,-,-,-,-
2535,2528,51.13998347200101,-,-,-,-
2535,2529,51.13998347200101,-,-,-,-
2535,2530,51.13998347200101,-,-,-,-
2535,2531,51.13998347200101,-,-,-,-
2535,2532,51.13998347200101,-,-,-,-
2535,2533,51.13998347200101,-,-,-,-
2535,2534,51.13998347200101,-,-,-,-
2535,2535,51.13998347200101,-,-,-,-
2535,2536,51.13998347200101,-,-,-,-
2535,2537,51.13998347200101,-,-,-,-
2535,2538,51.13998347200101,-,-,-,-
2535,2539,51.13998347200101,-,-,-,-
2535,2540,51.13998347200101,-,-,-,-
2535,2541,51.13998347200101,-,-,-,-
2535,2542,51.13998347200101,-,-,-,-
2535,2543,51.13998347200101,-,-,-,-
2535,2544,51.13998347200101,-,-,-,-
2535,2545,51.13998347200101,-,-,-,-
2535,2546,51.13998347200101,-,-,-,-
2535,2547,51.13998347200101,-,-,-,-
2535,2548,51.13998347200101,-,-,-,-
2535,2549,51.13998347200101,-,-,-,-
2535,2550,51.13998347200101,-,-,-,-
2535,2551,51.13998347200101,-,-,-,-
2535,2552,51.13998347200101,-,-,-,-
2535,2553,51.13998347200101,-,-,-,-
2535,2554,51.13998347200101,-,-,-,-
2535,2555,51.13998347200101,-,-,-,-
2535,2556,51.13998347200101,-,-,-,-
2535,2557,51.13998347200101,-,-,-,-
2535,2558,51.13998347200101,-,-,-,-
2535,2559,51.13998347200101,-,-,-,-
2535,2560,51.13998347200101,-,-,-,-
2535,2561,51.13998347200101,-,-,-,-
2535,2562,51.13998347200101,-,-,-,-
2535,2563,51.13998347200101,-,-,-,-
2535,2564,51.13998347200101,-,-,-,-
2535,2565,51.13998347200101,-,-,-,-
2535,2566,51.13998347200101,-,-,-,-
2535,2567,51.13998347200101,-,-,-,-
2535,2568,51.13998347200101,-,-,-,-
2535,2569,51.13998347200101,-,-,-,-
2535,2570,51.13998347200101,-,-,-,-
2535,2571,51.13998347200101,-,-,-,-
2535,2572,51.13998347200101,-,-,-,-
2535,2573,51.13998347200101,-,-,-,-
2535,2574,51.13998347200101,-,-,-,-
2535,2575,51.13998347200101,-,-,-,-
2535,2576,51.13998347200101,-,-,-,-
2535,2577,51.13998347200101,-,-,-,-
2535,2578,51.13998347200101,-,-,-,-
2535,2579,51.13998347200101,-,-,-,-
2535,2580,51.13998347200101,-,-,-,-
2535,2581,51.13998347200101,-,-,-,-
2535,2582,51.13998347200101,-,-,-,-
2535,2583,51.13998347200101,-,-,-,-
2535,2584,51.13998347200101,-,-,-,-
2535,2585,51.13998347200101,-,-,-,-
2535,2586,51.13998347200101,-,-,-,-
2535,2587,51.13998347200101,-,-,-,-
2535,2588,51.13998347200101,-,-,-,-
2535,2589,51.13998347200101,-,-,-,-
2535,2590,51.13998347200101,-,-,-,-
2535,2591,51.13998347200101,-,-,-,-
2536,2592,56.5474682267461,-,-,-,-
2537,2593,83.09071336556289,-,-,-,-
2538,2594,117.19492038371953,-,-,-,-
2539,2595,153.9134961960762,-,-,-,-
2540,2596,191.75038850093028,-,-,-,-
2541,2597,230.15471079389363,-,-,-,-
2542,2598,268.883436720057,-,-,-,-
2543,2599,307.81414265033686,-,-,-,-
2544,2600,346.8788297376188,-,-,-,-
2545,2601,386.0368257771826,-,-,-,-
2546,2602,386.0368257771826,-,-,-,-
2547,2603,386.0368257771826,-,-,-,-
2548,2604,386.0368257771826,-,-,-,-
2549,2605,386.0368257771826,-,-,-,-
2550,2606,386.0368257771826,-,-,-,-
2551,2607,386.0368257771826,-,-,-,-
2552,2608,386.0368257771826,-,-,-,-
2553,2609,386.0368257771826,-,-,-,-
2554,2610,386.0368257771826,-,-,-,-
2555,2611,386.0368257771826,-,-,-,-
2556,2612,386.0368257771826,-,-,-,-
2557,2613,386.0368257771826,-,-,-,-
2558,2614,386.0368257771826,-,-,-,-
2559,2615,347.4843964446337,-,-,-,-
2560,2616,313.80175458828626,-,-,-,-
2561,2617,286.7103714320602,-,-,-,-
2562,2618,268.215013533098,-,-,-,-
2563,2619,260.1555503467822,-,-,-,-
2564,2620,263.49134285919416,-,-,-,-
2565,2621,277.81221290841927,-,-,-,-
2566,2622,301.55716541682716,-,-,-,-
2567,2623,332.7145666802364,-,-,-,-
2568,2624,332.7145666802364,-,-,-,-
2569,2625,332.7145666802364,-,-,-,-
2570,2626,332.7145666802364,-,-,-,-
2571,2627,332.7145666802364,-,-,-,-
2572,2628,332.7145666802364,-,-,-,-
2573,2629,332.7145666802364,-,-,-,-
2574,2630,332.7145666802364,-,-,-,-
2575,2631,332.7145666802364,-,-,-,-
2576,2632,332.7145666802364,-,-,-,-
2577,2633,332.7145666802364,-,-,-,-
2578,2634,332.7145666802364,-,-,-,-
2579,2635,332.7145666802364,-,-,-,-
2580,2636,332.7145666802364,-,-,-,-
2581,2637,332.7145666802364,-,-,-,-
2582,2638,332.7145666802364,-,-,-,-
2583,2639,266.10056762474653,-,-,-,-
2584,2640,199.61485586479614,-,-,-,-
2585,2641,133.4493111872456,-,-,-,-
2586,2642,68.5375518492849,-,-,-,-
2587,2643,22.630129326906754,-,-,-,-
2587,2644,22.630129326906754,-,-,-,-
2587,2645,22.630129326906754,-,-,-,-
2587,2646,22.630129326906754,-,-,-,-
2587,2647,22.630129326906754,-,-,-,-
2587,2648,22.630129326906754,-,-,-,-
2587,2649,22.630129326906754,-,-,-,-
2587,2650,22.630129326906754,-,-,-,-
2587,2651,22.630129326906754,-,-,-,-
2587,2652,22.630129326906754,-,-,-,-
2587,2653,22.630129326906754,-,-,-,-
2587,2654,22.630129326906754,-,-,-,-
2587,2655,32.81895151986168,-,-,-,-
2588,2656,47.81925575950722,-,-,-,-
2588,2657,43.517775323721494,-,-,-,-
2588,2658,47.19881954941912,-,-,-,-
2588,2659,47.19881954941912,-,-,-,-
2588,2660,47.19881954941912,-,-,-,-
2588,2661,47.19881954941912,-,-,-,-
2588,2662,47.19881954941912,-,-,-,-
2588,2663,47.19881954941912,-,-,-,-
2588,2664,47.19881954941912,-,-,-,-
2588,2665,47.19881954941912,-,-,-,-
2588,2666,47.19881954941912,-,-,-,-
2588,2667,47.19881954941912,-,-,-,-
2588,2668,47.19881954941912,-,-,-,-
2588,2669,47.19881954941912,-,-,-,-
2588,2670,47.19881954941912,-,-,-,-
2588,2671,47.19881954941912,-,-,-,-
2588,2672,47.19881954941912,-,-,-,-
2588,2673,47.19881954941912,-,-,-,-
2588,2674,47.19881954941912,-,-,-,-
2588,2675,47.19881954941912,-,-,-,-
2588,2676,47.19881954941912,-,-,-,-
2588,2677,47.19881954941912,-,-,-,-
2588,2678,47.19881954941912,-,-,-,-
2588,2679,47.19881954941912,-,-,-,-
2588,2680,47.19881954941912,-,-,-,-
2588,2681,47.19881954941912,-,-,-,-
2588,2682,47.19881954941912,-,-,-,-
2588,2683,47.19881954941912,-,-,-,-
2588,2684,47.19881954941912,-,-,-,-
2588,2685,47.19881954941912,-,-,-,-
2588,2686,47.19881954941912,-,-,-,-
2588,2687,47.19881954941912,-,-,-,-
2588,2688,47.19881954941912,-,-,-,-
2588,2689,47.19881954941912,-,-,-,-
2588,2690,47.19881954941912,-,-,-,-
2588,2691,47.19881954941912,-,-,-,-
2588,2692,47.19881954941912,-,-,-,-
2588,2693,47.19881954941912,-,-,-,-
2588,2694,47.19881954941912,-,-,-,-
2588,2695,47.19881954941912,-,-,-,-
2588,2696,47.19881954941912,-,-,-,-
2588,2697,47.19881954941912,-,-,-,-
2588,2698,47.19881954941912,-,-,-,-
2588,2699,47.19881954941912,-,-,-,-
2588,2700,47.19881954941912,-,-,-,-
2588,2701,47.19881954941912,-,-,-,-
2588,2702,47.19881954941912,-,-,-,-
2588,2703,47.19881954941912,-,-,-,-
2588,2704,47.19881954941912,-,-,-,-
2588,2705,47.19881954941912,-,-,-,-
2588,2706,47.19881954941912,-,-,-,-
2589,2707,50.07234241821234,-,-,-,-
2590,2708,54.9991342327391,-,-,-,-
2591,2709,61.487595823637804,-,-,-,-
2592,2709,61.487595823637804,-,-,-,-
2593,2709,61.487595823637804,-,-,-,-
2594,2709,61.487595823637804,-,-,-,-
2595,2709,61.487595823637804,-,-,-,-
2596,2709,61.487595823637804,-,-,-,-
2597,2709,61.487595823637804,-,-,-,-
2598,2709,61.487595823637804,-,-,-,-
2599,2709,61.487595823637804,-,-,-,-
2600,2709,61.487595823637804,-,-,-,-
2601,2709,61.487595823637804,-,-,-,-
2602,2709,61.487595823637804,-,-,-,-
2603,2709,61.487595823637804,-,-,-,-
2604,2709,61.487595823637804,-,-,-,-
2605,2710,63.22053427786744,-,-,-,-
2606,2711,63.22053427786744,-,-,-,-
2607,2712,63.22053427786744,-,-,-,-
2608,2713,63.22053427786744,-,-,-,-
2609,2714,63.22053427786744,-,-,-,-
2610,2715,63.22053427786744,-,-,-,-
2611,2716,63.22053427786744,-,-,-,-
2612,2717,63.22053427786744,-,-,-,-
2613,2718,63.22053427786744,-,-,-,-
2614,2719,63.22053427786744,-,-,-,-
2615,2720,63.22053427786744,-,-,-,-
2616,2721,63.22053427786744,-,-,-,-
2617,2722,63.22053427786744,-,-,-,-
2618,2723,63.22053427786744,-,-,-,-
2619,2724,63.22053427786744,-,-,-,-
2620,2725,63.22053427786744,-,-,-,-
2621,2726,63.22053427786744,-,-,-,-
2622,2727,63.22053427786744,-,-,-,-
2623,2728,63.22053427786744,-,-,-,-
2624,2729,63.22053427786744,-,-,-,-
2625,2730,63.22053427786744,-,-,-,-
2626,2731,63.22053427786744,-,-,-,-
2627,2732,63.22053427786744,-,-,-,-
2628,2733,58.67855843202387,-,-,-,-
2629,2734,55.910477478611384,-,-,-,-
2630,2735,55.18388144247037,-,-,-,-
2631,2735,55.18388144247037,-,-,-,-
2632,2735,55.18388144247037,-,-,-,-
2633,2735,55.18388144247037,-,-,-,-
2634,2735,55.18388144247037,-,-,-,-
2635,2735,55.18388144247037,-,-,-,-
2636,2735,55.18388144247037,-,-,-,-
2637,2735,55.18388144247037,-,-,-,-
2638,2735,55.18388144247037,-,-,-,-
2639,2735,55.18388144247037,-,-,-,-
2640,2735,55.18388144247037,-,-,-,-
2641,2736,56.577478356421764,-,-,-,-
2642,2737,59.94357638838858,-,-,-,-
2643,2738,64.9763391569133,-,-,-,-
2644,2739,71.32382461129181,-,-,-,-
2645,2740,78.6684324940751,-,-,-,-
2646,2741,86.75729128961912,-,-,-,-
2647,2742,72.75596548376616,-,-,-,-
2648,2743,60.65420199590759,-,-,-,-
2649,2744,51.800894883852656,-,-,-,-
2650,2745,48.02740870063446,-,-,-,-
2650,2746,48.57014524091573,-,-,-,-
2651,2747,47.1245131835523,-,-,-,-
2651,2748,46.141959706629414,-,-,-,-
2652,2749,47.213373507563524,-,-,-,-
2652,2750,44.64747497117484,-,-,-,-
2653,2751,48.28851490811769,-,-,-,-
2654,2752,57.350354031021816,-,-,-,-
2655,2753,69.7513034118919,-,-,-,-
2656,2754,61.02784396300235,-,-,-,-
2657,2755,53.10388080763745,-,-,-,-
2658,2756,46.39092132988322,-,-,-,-
2659,2756,46.39092132988322,-,-,-,-
2660,2756,46.39092132988322,-,-,-,-
2661,2756,46.39092132988322,-,-,-,-
2662,2756,46.39092132988322,-,-,-,-
2663,2756,46.39092132988322,-,-,-,-
2664,2756,46.39092132988322,-,-,-,-
2665,2756,46.39092132988322,-,-,-,-
2666,2756,46.39092132988322,-,-,-,-
2667,2756,46.39092132988322,-,-,-,-
2668,2756,46.39092132988322,-,-,-,-
2669,2756,46.39092132988322,-,-,-,-
2670,2756,46.39092132988322,-,-,-,-
2671,2756,46.39092132988322,-,-,-,-
2672,2756,46.39092132988322,-,-,-,-
2673,2756,46.39092132988322,-,-,-,-
2674,2756,46.39092132988322,-,-,-,-
2675,2756,46.39092132988322,-,-,-,-
2676,2756,46.39092132988322,-,-,-,-
2677,2756,46.39092132988322,-,-,-,-
2678,2756,46.39092132988322,-,-,-,-
2679,2756,46.39092132988322,-,-,-,-
2680,2756,46.39092132988322,-,-,-,-
2681,2756,46.39092132988322,-,-,-,-
2682,2756,46.39092132988322,-,-,-,-
2683,2756,46.39092132988322,-,-,-,-
2684,2756,46.39092132988322,-,-,-,-
2685,2756,46.39092132988322,-,-,-,-
2686,2756,46.39092132988322,-,-,-,-
2687,2756,46.39092132988322,-,-,-,-
2688,2756,46.39092132988322,-,-,-,-
2689,2756,46.39092132988322,-,-,-,-
2690,2756,46.39092132988322,-,-,-,-
2691,2756,46.39092132988322,-,-,-,-
2692,2756,46.39092132988322,-,-,-,-
2693,2757,46.39092132988322,-,-,-,-
2694,2758,46.39092132988322,-,-,-,-
2695,2759,46.39092132988322,-,-,-,-
2696,2760,46.39092132988322,-,-,-,-
2697,2761,46.39092132988322,-,-,-,-
2698,2762,46.39092132988322,-,-,-,-
2699,2763,46.39092132988322,-,-,-,-
2700,2764,46.39092132988322,-,-,-,-
2701,2765,46.39092132988322,-,-,-,-
2702,2766,46.39092132988322,-,-,-,-
2703,2767,46.39092132988322,-,-,-,-
2704,2768,46.39092132988322,-,-,-,-
2705,2769,46.39092132988322,-,-,-,-
2706,2770,46.39092132988322,-,-,-,-
2707,2771,46.39092132988322,-,-,-,-
2708,2772,46.39092132988322,-,-,-,-
2709,2773,46.39092132988322,-,-,-,-
2710,2774,46.39092132988322,-,-,-,-
2711,2775,46.39092132988322,-,-,-,-
2712,2776,46.39092132988322,-,-,-,-
2713,2777,46.39092132988322,-,-,-,-
2714,2778,46.39092132988322,-,-,-,-
2715,2779,46.39092132988322,-,-,-,-
2716,2780,69.45054098667431,-,-,-,-
2717,2781,99.07121419779719,-,-,-,-
2718,2782,130.8713150376646,-,-,-,-
2719,2783,99.28997134199886,-,-,-,-
2720,2784,68.0893744650786,-,-,-,-
2721,2785,41.6448700174971,-,-,-,-
2722,2786,41.6448700174971,-,-,-,-
2723,2787,41.6448700174971,-,-,-,-
2724,2788,41.6448700174971,-,-,-,-
2725,2789,41.6448700174971,-,-,-,-
2726,2790,41.6448700174971,-,-,-,-
2727,2791,41.6448700174971,-,-,-,-
2728,2792,41.6448700174971,-,-,-,-
2729,2793,41.6448700174971,-,-,-,-
2730,2794,41.6448700174971,-,-,-,-
2731,2795,41.6448700174971,-,-,-,-
2732,2796,41.6448700174971,-,-,-,-
2733,2797,41.6448700174971,-,-,-,-
2734,2798,41.6448700174971,-,-,-,-
2735,2799,41.6448700174971,-,-,-,-
2736,2800,41.6448700174971,-,-,-,-
2737,2801,41.6448700174971,-,-,-,-
2738,2802,41.6448700174971,-,-,-,-
2739,2803,41.6448700174971,-,-,-,-
2740,2804,41.6448700174971,-,-,-,-
2741,2805,41.6448700174971,-,-,-,-
2742,2806,41.6448700174971,-,-,-,-
2743,2807,32.655526245194345,-,-,-,-
2744,2808,32.72434658867766,-,-,-,-
2745,2809,34.363248082630136,-,-,-,-
2746,2810,37.36620494173888,-,-,-,-
2747,2810,35.98163778162167,-,-,-,-
2748,2811,34.15906248587105,-,-,-,-
2749,2812,33.829799529506836,-,-,-,-
2750,2813,35.035976029315336,-,-,-,-
2751,2813,41.137834072177654,-,-,-,-
2752,2813,41.137834072177654,-,-,-,-
2753,2813,41.137834072177654,-,-,-,-
2754,2813,41.137834072177654,-,-,-,-
2755,2813,41.137834072177654,-,-,-,-
2756,2813,41.137834072177654,-,-,-,-
2757,2813,41.137834072177654,-,-,-,-
2758,2813,41.137834072177654,-,-,-,-
2759,2813,41.137834072177654,-,-,-,-
2760,2813,41.137834072177654,-,-,-,-
2761,2813,41.137834072177654,-,-,-,-
2762,2813,41.137834072177654,-,-,-,-
2763,2813,41.137834072177654,-,-,-,-
2764,2813,41.137834072177654,-,-,-,-
2765,2813,41.137834072177654,-,-,-,-
2766,2813,41.137834072177654,-,-,-,-
2767,2813,41.137834072177654,-,-,-,-
2768,2813,41.137834072177654,-,-,-,-
2769,2813,41.137834072177654,-,-,-,-
2770,2813,41.137834072177654,-,-,-,-
2771,2813,41.137834072177654,-,-,-,-
2772,2813,41.137834072177654,-,-,-,-
2773,2813,41.137834072177654,-,-,-,-
2774,2813,41.137834072177654,-,-,-,-
2775,2813,41.137834072177654,-,-,-,-
2776,2813,41.137834072177654,-,-,-,-
2777,2813,41.137834072177654,-,-,-,-
2778,2813,41.137834072177654,-,-,-,-
2779,2813,41.137834072177654,-,-,-,-
2780,2813,41.137834072177654,-,-,-,-
2781,2813,41.137834072177654,-,-,-,-
2782,2813,41.137834072177654,-,-,-,-
2783,2813,41.137834072177654,-,-,-,-
2784,2813,41.137834072177654,-,-,-,-
2785,2813,41.137834072177654,-,-,-,-
2786,2813,41.137834072177654,-,-,-,-
2787,2813,41.137834072177654,-,-,-,-
2788,2813,41.137834072177654,-,-,-,-
2789,2813,41.137834072177654,-,-,-,-
2790,2813,41.137834072177654,-,-,-,-
2791,2813,41.137834072177654,-,-,-,-
2792,2813,41.137834072177654,-,-,-,-
2793,2813,41.137834072177654,-,-,-,-
2794,2813,41.137834072177654,-,-,-,-
2795,2813,41.137834072177654,-,-,-,-
2796,2813,41.137834072177654,-,-,-,-
2797,2813,41.137834072177654,-,-,-,-
2798,2813,41.137834072177654,-,-,-,-
2799,2813,41.137834072177654,-,-,-,-
2800,2813,41.137834072177654,-,-,-,-
2801,2813,41.137834072177654,-,-,-,-
2802,2813,41.137834072177654,-,-,-,-
2803,2813,41.137834072177654,-,-,-,-
2804,2813,41.137834072177654,-,-,-,-
2805,2813,41.137834072177654,-,-,-,-
2806,2813,41.137834072177654,-,-,-,-
2807,2813,41.137834072177654,-,-,-,-
2808,2813,41.137834072177654,-,-,-,-
2809,2813,397.5689614979464,-,-,-,-
2810,2813,397.5689614979464,-,-,-,-
2811,2813,397.5689614979464,-,-,-,-
2812,2813,397.5689614979464,-,-,-,-
2813,2813,397.5689614979464,-,-,-,-
2814,2813,397.5689614979464,-,-,-,-
2815,2813,397.5689614979464,-,-,-,-
2816,2813,397.5689614979464,-,-,-,-
2817,2813,397.5689614979464,-,-,-,-
2818,2813,397.5689614979464,-,-,-,-
2819,2813,397.5689614979464,-,-,-,-
2820,2813,397.5689614979464,-,-,-,-
2821,2813,397.5689614979464,-,-,-,-
2822,2813,397.5689614979464,-,-,-,-
2823,2813,397.5689614979464,-,-,-,-
2824,2813,397.5689614979464,-,-,-,-
2825,2813,397.5689614979464,-,-,-,-
2826,2813,397.5689614979464,-,-,-,-
2827,2813,397.5689614979464,-,-,-,-
2828,2813,397.5689614979464,-,-,-,-
2829,2813,397.5689614979464,-,-,-,-
2830,2813,397.5689614979464,-,-,-,-
2831,2814,397.5689614979464,-,-,-,-
2832,2815,397.5689614979464,-,-,-,-
2833,2816,397.5689614979464,-,-,-,-
2834,2817,397.5689614979464,-,-,-,-
2835,2818,397.5689614979464,-,-,-,-
2836,2819,397.5689614979464,-,-,-,-
2837,2820,397.5689614979464,-,-,-,-
2838,2821,397.5689614979464,-,-,-,-
2839,2822,397.5689614979464,-,-,-,-
2840,2823,397.5689614979464,-,-,-,-
2841,2824,397.5689614979464,-,-,-,-
2842,2825,397.5689614979464,-,-,-,-
2843,2826,397.5689614979464,-,-,-,-
2844,2827,397.5689614979464,-,-,-,-
2845,2828,397.5689614979464,-,-,-,-
2846,2829,397.5689614979464,-,-,-,-
2847,2830,397.5689614979464,-,-,-,-
2848,2831,397.5689614979464,-,-,-,-
2849,2832,397.5689614979464,-,-,-,-
2850,2833,397.5689614979464,-,-,-,-
2851,2834,397.5689614979464,-,-,-,-
2852,2835,397.5689614979464,-,-,-,-
2853,2836,397.5689614979464,-,-,-,-
2854,2837,397.5689614979464,-,-,-,-
2855,2838,339.5080865496132,-,-,-,-
2856,2839,281.5706959887541,-,-,-,-
2857,2840,223.85269077585517,-,-,-,-
2858,2841,166.58226741336443,-,-,-,-
2859,2842,110.45782356425602,-,-,-,-
2860,2843,78.63238690943398,-,-,-,-
2861,2844,51.93862049388096,-,-,-,-
2862,2845,41.76882653067665,-,-,-,-
2862,2846,47.69416173191497,-,-,-,-
2863,2847,47.29820010336384,-,-,-,-
2863,2848,46.85298678870536,-,-,-,-
2863,2849,46.85298678870536,-,-,-,-
2863,2850,46.85298678870536,-,-,-,-
2863,2851,46.85298678870536,-,-,-,-
2863,2852,46.85298678870536,-,-,-,-
2863,2853,46.85298678870536,-,-,-,-
2863,2854,46.85298678870536,-,-,-,-
2863,2855,46.85298678870536,-,-,-,-
2863,2856,46.85298678870536,-,-,-,-
2863,2857,46.85298678870536,-,-,-,-
2863,2858,46.85298678870536,-,-,-,-
2863,2859,46.85298678870536,-,-,-,-
2863,2860,46.85298678870536,-,-,-,-
2863,2861,46.85298678870536,-,-,-,-
2863,2862,46.85298678870536,-,-,-,-
2863,2863,46.85298678870536,-,-,-,-
2864,2864,46.85298678870536,-,-,-,-
2865,2865,46.85298678870536,-,-,-,-
2866,2866,46.85298678870536,-,-,-,-
2867,2867,46.85298678870536,-,-,-,-
2868,2868,46.85298678870536,-,-,-,-
2869,2869,46.85298678870536,-,-,-,-
2870,2870,46.85298678870536,-,-,-,-
2871,2871,46.85298678870536,-,-,-,-
2872,2872,46.85298678870536,-,-,-,-
2873,2873,46.85298678870536,-,-,-,-
2874,2874,46.85298678870536,-,-,-,-
2875,2875,46.85298678870536,-,-,-,-
2876,2876,46.85298678870536,-,-,-,-
2877,2877,46.85298678870536,-,-,-,-
2878,2878,46.85298678870536,-,-,-,-
2879,2879,46.85298678870536,-,-,-,-
2880,2880,46.85298678870536,-,-,-,-
2881,2881,46.85298678870536,-,-,-,-
2882,2882,46.85298678870536,-,-,-,-
2883,2883,46.85298678870536,-,-,-,-
2884,2884,46.85298678870536,-,-,-,-
2885,2885,46.85298678870536,-,-,-,-
2886,2886,46.85298678870536,-,-,-,-
2887,2887,46.85298678870536,-,-,-,-
2888,2888,46.85298678870536,-,-,-,-
2889,2889,46.85298678870536,-,-,-,-
2890,2890,46.85298678870536,-,-,-,-
2891,2891,46.85298678870536,-,-,-,-
2892,2892,46.85298678870536,-,-,-,-
2893,2893,46.85298678870536,-,-,-,-
2894,2894,46.85298678870536,-,-,-,-
2895,2895,46.85298678870536,-,-,-,-
2896,2896,46.85298678870536,-,-,-,-
2897,2897,46.85298678870536,-,-,-,-
2898,2898,46.85298678870536,-,-,-,-
2899,2899,46.85298678870536,-,-,-,-
2900,2900,46.85298678870536,-,-,-,-
2901,2901,46.85298678870536,-,-,-,-
2902,2902,46.85298678870536,-,-,-,-
2903,2903,46.85298678870536,-,-,-,-
2904,2904,46.85298678870536,-,-,-,-
2905,2905,46.85298678870536,-,-,-,-
2906,2906,46.85298678870536,-,-,-,-
2907,2907,46.85298678870536,-,-,-,-
2908,2908,46.85298678870536,-,-,-,-
2909,2909,46.85298678870536,-,-,-,-
2910,2910,46.85298678870536,-,-,-,-
2911,2911,46.85298678870536,-,-,-,-
2912,2912,46.85298678870536,-,-,-,-
2913,2913,46.85298678870536,-,-,-,-
2914,2914,46.85298678870536,-,-,-,-
2915,2915,46.85298678870536,-,-,-,-
2916,2916,46.85298678870536,-,-,-,-
2917,2917,46.85298678870536,-,-,-,-
2918,2918,46.85298678870536,-,-,-,-
2919,2919,46.85298678870536,-,-,-,-
2920,2920,46.85298678870536,-,-,-,-
2921,2921,46.85298678870536,-,-,-,-
2922,2922,46.85298678870536,-,-,-,-
2923,2923,46.85298678870536,-,-,-,-
2924,2924,46.85298678870536,-,-,-,-
