path_ref,path_query,path_distance,ref_x,ref_y,query_x,query_y
0,0,145.16567708309944,820.6812040354517,603.1264991514238,959.6,561.0
1,0,145.16567708309944,820.6812040354517,603.1264991514238,959.6,561.0
2,0,145.16567708309944,820.6812040354517,603.1264991514238,959.6,561.0
3,0,145.16567708309944,820.6812040354517,603.1264991514238,959.6,561.0
4,0,145.16567708309944,820.6812040354517,603.1264991514238,959.6,561.0
5,0,145.16567708309944,820.6812040354517,603.1264991514238,959.6,561.0
6,0,145.16567708309944,820.6812040354517,603.1264991514238,959.6,561.0
7,0,145.16567708309944,820.6812040354517,603.1264991514238,959.6,561.0
8,1,32.457017159686785,928.6812040354517,551.1264991514238,959.6,561.0
9,2,32.457017159686785,928.6812040354517,551.1264991514238,959.6,561.0
10,3,32.457017159686785,928.6812040354517,551.1264991514238,959.6,561.0
11,4,32.457017159686785,928.6812040354517,551.1264991514238,959.6,561.0
12,5,32.457017159686785,928.6812040354517,551.1264991514238,959.6,561.0
13,6,32.457017159686785,928.6812040354517,551.1264991514238,959.6,561.0
14,7,32.457017159686785,928.6812040354517,551.1264991514238,959.6,561.0
15,8,32.457017159686785,928.6812040354517,551.1264991514238,959.6,561.0
16,9,32.457017159686785,928.6812040354517,551.1264991514238,959.6,561.0
17,10,32.457017159686785,928.6812040354517,551.1264991514238,959.6,561.0
18,11,32.457017159686785,928.6812040354517,551.1264991514238,959.6,561.0
19,12,32.457017159686785,928.6812040354517,551.1264991514238,959.6,561.0
20,13,32.457017159686785,928.6812040354517,551.1264991514238,959.6,561.0
21,14,32.457017159686785,928.6812040354517,551.1264991514238,959.6,561.0
22,15,32.457017159686785,928.6812040354517,551.1264991514238,959.6,561.0
23,16,32.457017159686785,928.6812040354517,551.1264991514238,959.6,561.0
24,17,33.40208382288887,953.6812040354517,528.1264991514238,959.6,561.0
25,18,33.40208382288887,953.6812040354517,528.1264991514238,959.6,561.0
26,19,33.40208382288887,953.6812040354517,528.1264991514238,959.6,561.0
27,20,33.40208382288887,953.6812040354517,528.1264991514238,959.6,561.0
28,21,33.40208382288887,953.6812040354517,528.1264991514238,959.6,561.0
29,22,33.40208382288887,953.6812040354517,528.1264991514238,959.6,561.0
30,23,33.40208382288887,953.6812040354517,528.1264991514238,959.6,561.0
31,24,33.40208382288887,953.6812040354517,528.1264991514238,959.6,561.0
32,25,33.40208382288887,953.6812040354517,528.1264991514238,959.6,561.0
33,26,33.40208382288887,953.6812040354517,528.1264991514238,959.6,561.0
34,27,33.40208382288887,953.6812040354517,528.1264991514238,959.6,561.0
35,28,33.40208382288887,953.6812040354517,528.1264991514238,959.6,561.0
36,29,33.40208382288887,953.6812040354517,528.1264991514238,959.6,561.0
37,30,33.40208382288887,953.6812040354517,528.1264991514238,959.6,561.0
38,31,33.40208382288887,953.6812040354517,528.1264991514238,959.6,561.0
39,32,33.40208382288887,953.6812040354517,528.1264991514238,959.6,561.0
40,33,33.40208382288887,953.6812040354517,528.1264991514238,959.6,561.0
41,34,33.40208382288887,953.6812040354517,528.1264991514238,959.6,561.0
42,35,33.40208382288887,953.6812040354517,528.1264991514238,959.6,561.0
43,36,33.40208382288887,953.6812040354517,528.1264991514238,959.6,561.0
44,37,33.40208382288887,953.6812040354517,528.1264991514238,959.6,561.0
45,38,33.40208382288887,953.6812040354517,528.1264991514238,959.6,561.0
46,39,33.40208382288887,953.6812040354517,528.1264991514238,959.6,561.0
47,40,33.40208382288887,953.6812040354517,528.1264991514238,959.6,561.0
48,41,33.40208382288887,953.6812040354517,528.1264991514238,959.6,561.0
49,42,33.40208382288887,953.6812040354517,528.1264991514238,959.6,561.0
50,43,33.40208382288887,953.6812040354517,528.1264991514238,959.6,561.0
51,44,33.40208382288887,953.6812040354517,528.1264991514238,959.6,561.0
52,45,33.40208382288887,953.6812040354517,528.1264991514238,959.6,561.0
53,46,33.40208382288887,953.6812040354517,528.1264991514238,959.6,561.0
54,47,33.40208382288887,953.6812040354517,528.1264991514238,959.6,561.0
55,48,33.40208382288887,953.6812040354517,528.1264991514238,959.6,561.0
56,49,33.40208382288887,953.6812040354517,528.1264991514238,959.6,561.0
57,50,33.40208382288887,953.6812040354517,528.1264991514238,959.6,561.0
58,51,33.40208382288887,953.6812040354517,528.1264991514238,959.6,561.0
59,52,33.40208382288887,953.6812040354517,528.1264991514238,959.6,561.0
60,53,33.40208382288887,953.6812040354517,528.1264991514238,959.6,561.0
61,54,33.40208382288887,953.6812040354517,528.1264991514238,959.6,561.0
62,55,33.40208382288887,953.6812040354517,528.1264991514238,959.6,561.0
63,56,33.40208382288887,953.6812040354517,528.1264991514238,978.1285714285715,561.9285714285714
64,57,33.40208382288887,953.6812040354517,528.1264991514238,996.6571428571428,562.8571428571429
65,58,33.40208382288887,953.6812040354517,528.1264991514238,1015.1857142857143,563.7857142857143
66,59,33.40208382288887,953.6812040354517,528.1264991514238,1033.7142857142858,564.7142857142857
67,60,33.40208382288887,953.6812040354517,528.1264991514238,1052.242857142857,565.6428571428571
68,61,33.40208382288887,953.6812040354517,528.1264991514238,1070.7714285714285,566.5714285714286
69,62,33.40208382288887,953.6812040354517,528.1264991514238,1089.3,567.5
70,63,41.71635006425765,953.6812040354517,528.1264991514238,1089.3,567.5
71,64,55.255306802327524,953.6812040354517,528.1264991514238,1089.3,567.5
72,65,71.0941938917537,953.6812040354517,528.1264991514238,1089.3,567.5
73,66,87.99977436664516,953.6812040354517,528.1264991514238,1089.3,567.5
74,67,105.46030807941855,953.6812040354517,528.1264991514238,1089.3,567.5
75,68,123.24014475808846,953.6812040354517,528.1264991514238,1089.3,567.5
76,69,141.218732425789,953.6812040354517,528.1264991514238,1089.3,567.5
77,70,141.218732425789,953.6812040354517,528.1264991514238,1089.3,567.5
78,71,141.218732425789,953.6812040354517,528.1264991514238,1089.3,567.5
79,72,141.218732425789,953.6812040354517,528.1264991514238,1089.3,567.5
80,73,141.218732425789,953.6812040354517,528.1264991514238,1089.3,567.5
81,74,141.218732425789,953.6812040354517,528.1264991514238,1089.3,567.5
82,75,141.218732425789,953.6812040354517,528.1264991514238,1089.3,567.5
83,76,141.218732425789,953.6812040354517,528.1264991514238,1089.3,567.5
84,77,141.218732425789,953.6812040354517,528.1264991514238,1089.3,567.5
85,78,141.218732425789,953.6812040354517,528.1264991514238,1089.3,567.5
86,79,141.218732425789,953.6812040354517,528.1264991514238,1089.3,567.5
87,80,141.218732425789,953.6812040354517,528.1264991514238,1089.3,567.5
88,81,141.218732425789,953.6812040354517,528.1264991514238,1089.3,567.5
89,82,141.218732425789,953.6812040354517,528.1264991514238,1089.3,567.5
90,83,141.218732425789,953.6812040354517,528.1264991514238,1089.3,567.5
91,84,141.218732425789,953.6812040354517,528.1264991514238,1089.3,567.5
92,85,141.218732425789,953.6812040354517,528.1264991514238,1089.3,567.5
93,86,141.218732425789,953.6812040354517,528.1264991514238,1089.3,567.5
94,87,141.218732425789,953.6812040354517,528.1264991514238,1088.7051948051947,566.7779220779221
95,88,141.218732425789,953.6812040354517,528.1264991514238,1088.1103896103896,566.0558441558442
96,89,141.218732425789,953.6812040354517,528.1264991514238,1087.5155844155843,565.3337662337663
97,90,141.218732425789,953.6812040354517,528.1264991514238,1086.9207792207792,564.6116883116883
98,91,141.218732425789,953.6812040354517,528.1264991514238,1086.325974025974,563.8896103896104
99,92,141.218732425789,953.6812040354517,528.1264991514238,1085.7311688311688,563.1675324675325
100,93,141.218732425789,953.6812040354517,528.1264991514238,1085.1363636363635,562.4454545454546
101,94,140.4471807393465,953.6812040354517,528.1264991514238,1084.5415584415584,561.7233766233766
102,95,139.67763295103987,953.6812040354517,528.1264991514238,1083.9467532467531,561.0012987012987
103,96,138.9101223650414,953.6812040354517,528.1264991514238,1083.351948051948,560.2792207792207
104,97,138.14468293650253,953.6812040354517,528.1264991514238,1082.7571428571428,559.5571428571428
105,98,137.38134928465885,953.6812040354517,528.1264991514238,1082.1623376623377,558.8350649350649
106,99,136.62015670614187,953.6812040354517,528.1264991514238,1081.5675324675324,558.112987012987
107,100,135.86114118848943,953.6812040354517,528.1264991514238,1080.9727272727273,557.3909090909091
108,101,135.10433942385882,953.6812040354517,528.1264991514238,1080.377922077922,556.6688311688312
109,102,134.34978882293206,953.6812040354517,528.1264991514238,1079.783116883117,555.9467532467532
110,103,133.59752752901647,953.6812040354517,528.1264991514238,1079.1883116883116,555.2246753246753
111,104,132.84759443232977,953.6812040354517,528.1264991514238,1078.5935064935065,554.5025974025974
112,105,132.1000291844704,953.6812040354517,528.1264991514238,1077.9987012987012,553.7805194805195
113,106,131.35487221306133,953.6812040354517,528.1264991514238,1077.4038961038962,553.0584415584416
114,107,130.61216473656697,953.6812040354517,528.1264991514238,1076.8090909090909,552.3363636363637
115,108,129.87194877926922,953.6812040354517,528.1264991514238,1076.2142857142858,551.6142857142858
116,109,129.13426718640116,953.6812040354517,528.1264991514238,1075.6194805194805,550.8922077922078
117,110,128.39916363942226,953.6812040354517,528.1264991514238,1075.0246753246754,550.1701298701298
118,111,127.66668267143204,953.6812040354517,528.1264991514238,1074.42987012987,549.4480519480519
119,112,126.9368696827037,953.6812040354517,528.1264991514238,1073.8350649350648,548.725974025974
120,113,126.20977095633273,953.6812040354517,528.1264991514238,1073.2402597402597,548.0038961038961
121,114,125.48543367397997,953.6812040354517,528.1264991514238,1072.6454545454544,547.2818181818182
122,115,124.76390593170115,953.6812040354517,528.1264991514238,1072.0506493506493,546.5597402597402
123,116,124.04523675584042,953.6812040354517,528.1264991514238,1071.455844155844,545.8376623376623
124,117,123.32947611897704,953.6812040354517,528.1264991514238,1070.861038961039,545.1155844155844
125,118,122.61667495589961,953.6812040354517,528.1264991514238,1070.2662337662337,544.3935064935065
126,119,121.9068851795943,953.6812040354517,528.1264991514238,1069.6714285714286,543.6714285714286
127,120,121.20015969721959,953.6812040354517,528.1264991514238,1069.0766233766233,542.9493506493507
128,121,120.15088920342814,953.6812040354517,564.1264991514238,1068.4818181818182,542.2272727272727
129,122,119.66585395252105,953.6812040354517,564.1264991514238,1067.887012987013,541.5051948051948
130,123,119.1861879895834,953.6812040354517,564.1264991514238,1067.2922077922078,540.7831168831169
131,124,118.71195639985562,953.6812040354517,564.1264991514238,1066.6974025974025,540.061038961039
132,125,118.24322456937954,953.6812040354517,564.1264991514238,1066.1025974025974,539.3389610389611
133,126,117.78005816070439,953.6812040354517,564.1264991514238,1065.5077922077921,538.6168831168831
134,127,117.32252308744337,953.6812040354517,564.1264991514238,1064.912987012987,537.8948051948051
135,128,129.02829101304226,953.6812040354517,601.1264991514238,1064.3181818181818,537.1727272727272
136,129,128.83193210623733,953.6812040354517,601.1264991514238,1063.7233766233767,536.4506493506493
137,130,128.64207693517955,953.6812040354517,601.1264991514238,1063.1285714285714,535.7285714285714
138,131,128.45875433639296,953.6812040354517,601.1264991514238,1062.5337662337663,535.0064935064935
139,132,128.2819923161842,953.6812040354517,601.1264991514238,1061.938961038961,534.2844155844156
140,133,128.11181803039068,953.6812040354517,601.1264991514238,1061.344155844156,533.5623376623377
141,134,127.94825776455495,953.6812040354517,601.1264991514238,1060.7493506493506,532.8402597402597
142,135,127.79133691455243,953.6812040354517,601.1264991514238,1060.1545454545455,532.1181818181818
143,136,127.64107996770866,953.6812040354517,601.1264991514238,1059.5597402597402,531.3961038961039
144,137,87.61380991423887,975.6812040354517,541.1264991514238,1058.9649350649352,530.674025974026
145,138,87.06791618906517,975.6812040354517,541.1264991514238,1058.3701298701299,529.9519480519481
146,139,86.52869322262052,975.6812040354517,541.1264991514238,1057.7753246753246,529.2298701298702
147,140,85.99626649810646,975.6812040354517,541.1264991514238,1057.1805194805195,528.5077922077921
148,141,85.47076302398922,975.6812040354517,541.1264991514238,1056.5857142857142,527.7857142857142
149,142,84.95231127922992,975.6812040354517,541.1264991514238,1055.990909090909,527.0636363636363
150,143,84.44104115271216,975.6812040354517,541.1264991514238,1055.3961038961038,526.3415584415584
151,144,83.9370838766487,975.6812040354517,541.1264991514238,1054.8012987012987,525.6194805194805
152,145,77.89139990592527,997.6812040354517,481.12649915142373,1054.2064935064934,524.8974025974026
152,146,76.97556518122897,997.6812040354517,481.12649915142373,1053.6116883116883,524.1753246753246
152,147,76.06020950618753,997.6812040354517,481.12649915142373,1053.016883116883,523.4532467532467
152,148,75.14535038690867,997.6812040354517,481.12649915142373,1052.422077922078,522.7311688311688
152,149,74.23100618278103,997.6812040354517,481.12649915142373,1051.8272727272727,522.0090909090909
152,150,73.31719615844217,997.6812040354517,481.12649915142373,1051.2324675324676,521.287012987013
152,151,72.40394053954222,997.6812040354517,481.12649915142373,1050.6376623376623,520.5649350649351
152,152,71.49126057262004,1019.6812040354517,421.12649915142373,1050.0428571428572,519.8428571428572
152,153,70.57917858945096,1019.6812040354517,421.12649915142373,1049.448051948052,519.1207792207792
152,154,69.66771807624806,1019.6812040354517,421.12649915142373,1048.8532467532468,518.3987012987013
152,155,68.75690374814893,1019.6812040354517,421.12649915142373,1048.2584415584415,517.6766233766234
152,156,67.84676162945041,1019.6812040354517,421.12649915142373,1047.6636363636364,516.9545454545455
152,157,66.93731914011329,1019.6812040354517,421.12649915142373,1047.0688311688311,516.2324675324675
152,158,66.02860518909895,1019.6812040354517,421.12649915142373,1046.474025974026,515.5103896103896
152,159,65.12065027517075,1019.6812040354517,421.12649915142373,1045.8792207792208,514.7883116883116
152,160,64.21348659584605,1019.6812040354517,421.12649915142373,1045.2844155844157,514.0662337662337
152,161,63.307148165269375,1041.6812040354516,362.12649915142373,1044.6896103896104,513.3441558441558
152,162,62.40167094184621,1041.6812040354516,362.12649915142373,1044.0948051948053,512.6220779220779
152,163,61.49709296658014,1041.6812040354516,362.12649915142373,1043.5,511.9
152,164,60.59345451314486,1041.6812040354516,362.12649915142373,1043.5,511.9
152,165,59.690798250849184,1041.6812040354516,362.12649915142373,1043.5,511.9
152,166,58.789169421766985,1041.6812040354516,362.12649915142373,1043.5,511.9
152,167,57.88861603346141,1041.6812040354516,362.12649915142373,1043.5,511.9
152,168,56.98918906887908,1041.6812040354516,362.12649915142373,1043.5,511.9
152,169,56.09094271518377,1063.6812040354516,303.12649915142373,1043.5,511.9
152,170,55.19393461349016,1063.6812040354516,303.12649915142373,1043.5,511.9
152,171,55.19393461349016,1063.6812040354516,303.12649915142373,1043.5,511.9
152,172,55.19393461349016,1063.6812040354516,303.12649915142373,1043.5,511.9
152,173,55.19393461349016,1063.6812040354516,303.12649915142373,1043.5,511.9
152,174,55.19393461349016,1063.6812040354516,303.12649915142373,1043.5,511.9
152,175,55.19393461349016,1063.6812040354516,303.12649915142373,1043.5,511.9
152,176,55.19393461349016,1085.6812040354516,244.12649915142373,1043.5,511.9
152,177,55.19393461349016,1085.6812040354516,244.12649915142373,1043.5,511.9
152,178,55.19393461349016,1085.6812040354516,244.12649915142373,1043.5,511.9
152,179,55.19393461349016,1085.6812040354516,244.12649915142373,1043.5,511.9
152,180,55.19393461349016,1085.6812040354516,244.12649915142373,1043.5,511.9
152,181,55.19393461349016,1085.6812040354516,244.12649915142373,1043.5,511.9
152,182,55.19393461349016,1085.6812040354516,244.12649915142373,1043.5,511.9
152,183,55.19393461349016,1085.6812040354516,244.12649915142373,1043.5,511.9
152,184,55.19393461349016,1085.6812040354516,244.12649915142373,1043.5,511.9
152,185,55.19393461349016,1085.6812040354516,244.12649915142373,1043.5,511.9
152,186,55.19393461349016,1085.6812040354516,244.12649915142373,1043.5,511.9
152,187,55.19393461349016,1085.6812040354516,244.12649915142373,1043.5,511.9
152,188,55.19393461349016,1085.6812040354516,244.12649915142373,1043.5,511.9
152,189,55.19393461349016,1085.6812040354516,244.12649915142373,1043.5,511.9
152,190,55.19393461349016,1085.6812040354516,244.12649915142373,1043.5,511.9
152,191,55.19393461349016,1085.6812040354516,244.12649915142373,1043.5,511.9
152,192,55.19393461349016,1085.6812040354516,244.12649915142373,1043.5,511.9
152,193,55.19393461349016,936.6812040354517,237.12649915142373,1043.5,511.9
152,194,55.19393461349016,936.6812040354517,237.12649915142373,1043.5,511.9
152,195,55.19393461349016,936.6812040354517,237.12649915142373,1043.5,511.9
152,196,55.19393461349016,936.6812040354517,237.12649915142373,1043.5,511.9
152,197,55.19393461349016,936.6812040354517,237.12649915142373,1043.5,511.9
152,198,55.19393461349016,936.6812040354517,237.12649915142373,1043.5,511.9
152,199,55.19393461349016,936.6812040354517,237.12649915142373,1043.5,511.9
152,200,55.19393461349016,936.6812040354517,237.12649915142373,1043.5,511.9
152,201,55.19393461349016,936.6812040354517,237.12649915142373,1019.2166666666667,477.09999999999997
152,202,55.19393461349016,936.6812040354517,237.12649915142373,994.9333333333333,442.3
153,203,55.19393461349016,936.6812040354517,237.12649915142373,970.65,407.5
154,204,55.19393461349016,936.6812040354517,237.12649915142373,946.3666666666667,372.70000000000005
155,205,55.19393461349016,936.6812040354517,237.12649915142373,922.0833333333333,337.90000000000003
156,206,55.19393461349016,936.6812040354517,237.12649915142373,897.8,303.1
157,207,55.19393461349016,936.6812040354517,237.12649915142373,897.8,303.1
158,208,21.90864774824937,936.6812040354517,237.12649915142373,897.8,303.1
159,209,32.56952935603206,765.6812040354517,256.12649915142373,897.8,303.1
160,209,32.56952935603206,765.6812040354517,256.12649915142373,897.8,303.1
161,209,32.56952935603206,765.6812040354517,256.12649915142373,897.8,303.1
162,209,32.56952935603206,765.6812040354517,256.12649915142373,897.8,303.1
163,209,32.56952935603206,765.6812040354517,256.12649915142373,897.8,303.1
164,209,32.56952935603206,765.6812040354517,256.12649915142373,897.8,303.1
165,209,32.56952935603206,765.6812040354517,256.12649915142373,897.8,303.1
166,209,32.56952935603206,765.6812040354517,256.12649915142373,897.8,303.1
167,209,32.56952935603206,594.6812040354517,276.12649915142373,897.8,303.1
168,210,84.2863365319772,594.6812040354517,276.12649915142373,897.8,303.1
169,210,84.2863365319772,594.6812040354517,276.12649915142373,897.8,303.1
170,210,84.2863365319772,594.6812040354517,276.12649915142373,897.8,303.1
171,210,84.2863365319772,594.6812040354517,276.12649915142373,897.8,303.1
172,210,84.2863365319772,594.6812040354517,276.12649915142373,897.8,303.1
173,210,84.2863365319772,594.6812040354517,276.12649915142373,897.8,303.1
174,210,84.2863365319772,594.6812040354517,276.12649915142373,897.8,303.1
175,210,84.2863365319772,594.6812040354517,276.12649915142373,897.8,303.1
176,211,136.39344815048446,594.6812040354517,276.12649915142373,897.8,303.1
177,211,136.39344815048446,594.6812040354517,276.12649915142373,897.8,303.1
178,211,136.39344815048446,594.6812040354517,276.12649915142373,897.8,303.1
179,211,136.39344815048446,594.6812040354517,276.12649915142373,897.8,303.1
180,211,136.39344815048446,594.6812040354517,276.12649915142373,897.8,303.1
181,211,136.39344815048446,594.6812040354517,276.12649915142373,897.8,303.1
182,211,136.39344815048446,594.6812040354517,276.12649915142373,916.7571428571429,356.45714285714286
183,212,188.56758141224856,594.6812040354517,276.12649915142373,935.7142857142857,409.81428571428575
184,212,188.56758141224856,594.6812040354517,276.12649915142373,954.6714285714286,463.1714285714286
185,212,188.56758141224856,594.6812040354517,276.12649915142373,973.6285714285714,516.5285714285715
186,212,188.56758141224856,594.6812040354517,276.12649915142373,992.5857142857143,569.8857142857144
187,212,188.56758141224856,594.6812040354517,276.12649915142373,1011.5428571428571,623.2428571428571
188,212,188.56758141224856,594.6812040354517,276.12649915142373,1030.5,676.6
189,212,188.56758141224856,594.6812040354517,276.12649915142373,1030.5,676.6
190,212,188.56758141224856,594.6812040354517,276.12649915142373,1030.5,676.6
191,212,188.56758141224856,594.6812040354517,276.12649915142373,1030.5,676.6
192,212,188.56758141224856,594.6812040354517,276.12649915142373,1030.5,676.6
193,212,188.56758141224856,594.6812040354517,276.12649915142373,1030.5,676.6
194,212,188.56758141224856,594.6812040354517,276.12649915142373,1030.5,676.6
195,212,188.56758141224856,594.6812040354517,276.12649915142373,1030.5,676.6
196,212,188.56758141224856,594.6812040354517,276.12649915142373,1030.5,676.6
197,212,188.56758141224856,594.6812040354517,276.12649915142373,1030.5,676.6
198,212,188.56758141224856,761.6812040354517,387.12649915142373,1030.5,676.6
199,212,188.56758141224856,761.6812040354517,387.12649915142373,1030.5,676.6
200,212,101.82532250041626,761.6812040354517,387.12649915142373,1030.5,676.6
201,212,101.82532250041626,761.6812040354517,387.12649915142373,1030.5,676.6
202,212,101.82532250041626,761.6812040354517,387.12649915142373,1030.5,676.6
203,212,101.82532250041626,761.6812040354517,387.12649915142373,1030.5,676.6
204,212,101.82532250041626,761.6812040354517,387.12649915142373,1030.5,676.6
205,212,101.82532250041626,761.6812040354517,387.12649915142373,1030.5,676.6
206,212,101.82532250041626,761.6812040354517,387.12649915142373,1024.65,675.9642857142858
207,212,101.82532250041626,927.6812040354517,498.12649915142373,1018.8,675.3285714285714
208,212,101.82532250041626,927.6812040354517,498.12649915142373,1012.95,674.6928571428572
209,212,101.82532250041626,927.6812040354517,498.12649915142373,1007.1,674.0571428571429
210,212,101.82532250041626,927.6812040354517,498.12649915142373,1001.25,673.4214285714286
211,212,101.82532250041626,927.6812040354517,498.12649915142373,995.4,672.7857142857143
212,212,101.82532250041626,927.6812040354517,498.12649915142373,989.55,672.1500000000001
213,212,101.82532250041626,927.6812040354517,498.12649915142373,983.7,671.5142857142857
214,212,101.82532250041626,927.6812040354517,498.12649915142373,977.85,670.8785714285715
215,212,101.82532250041626,927.6812040354517,498.12649915142373,972.0,670.2428571428571
216,212,176.48946566280765,927.6812040354517,498.12649915142373,966.15,669.6071428571429
217,212,176.48946566280765,927.6812040354517,498.12649915142373,960.3,668.9714285714286
218,212,176.48946566280765,927.6812040354517,498.12649915142373,954.45,668.3357142857143
219,212,176.48946566280765,927.6812040354517,498.12649915142373,948.6,667.7
220,212,176.48946566280765,927.6812040354517,498.12649915142373,948.6,667.7
221,212,176.48946566280765,927.6812040354517,498.12649915142373,948.6,667.7
222,212,176.48946566280765,927.6812040354517,498.12649915142373,948.6,667.7
223,212,176.48946566280765,927.6812040354517,498.12649915142373,948.6,667.7
224,212,333.17881036445846,927.6812040354517,498.12649915142373,948.6,667.7
225,212,333.17881036445846,927.6812040354517,498.12649915142373,948.6,667.7
226,212,333.17881036445846,927.6812040354517,498.12649915142373,948.6,667.7
227,212,333.17881036445846,927.6812040354517,498.12649915142373,948.6,667.7
228,212,333.17881036445846,927.6812040354517,498.12649915142373,948.6,667.7
229,212,333.17881036445846,927.6812040354517,498.12649915142373,948.6,667.7
230,212,333.17881036445846,927.6812040354517,498.12649915142373,948.6,667.7
231,212,333.17881036445846,790.6812040354517,383.12649915142373,948.6,667.7
232,212,333.17881036445846,790.6812040354517,383.12649915142373,948.6,667.7
233,212,333.17881036445846,790.6812040354517,383.12649915142373,948.6,667.7
234,212,333.17881036445846,790.6812040354517,383.12649915142373,948.6,667.7
235,212,333.17881036445846,790.6812040354517,383.12649915142373,948.6,667.7
236,212,333.17881036445846,790.6812040354517,383.12649915142373,948.6,667.7
237,212,333.17881036445846,790.6812040354517,383.12649915142373,948.6,667.7
238,212,333.17881036445846,790.6812040354517,383.12649915142373,948.6,667.7
239,212,333.17881036445846,654.6812040354517,269.12649915142373,948.6,667.7
240,212,333.17881036445846,654.6812040354517,269.12649915142373,948.6,667.7
241,212,333.17881036445846,654.6812040354517,269.12649915142373,948.6,667.7
242,212,333.17881036445846,654.6812040354517,269.12649915142373,948.6,667.7
243,212,333.17881036445846,654.6812040354517,269.12649915142373,948.6,667.7
244,212,333.17881036445846,654.6812040354517,269.12649915142373,948.6,667.7
245,212,333.17881036445846,654.6812040354517,269.12649915142373,948.6,667.7
246,212,333.17881036445846,654.6812040354517,269.12649915142373,948.6,667.7
247,212,333.17881036445846,654.6812040354517,269.12649915142373,948.6,667.7
248,212,333.17881036445846,654.6812040354517,269.12649915142373,948.6,667.7
249,212,333.17881036445846,654.6812040354517,269.12649915142373,948.6,667.7
250,212,333.17881036445846,654.6812040354517,269.12649915142373,948.6,667.7
251,212,333.17881036445846,654.6812040354517,269.12649915142373,948.6,667.7
252,212,333.17881036445846,654.6812040354517,269.12649915142373,948.6,667.7
253,212,333.17881036445846,654.6812040354517,269.12649915142373,948.6,667.7
254,212,333.17881036445846,654.6812040354517,269.12649915142373,948.6,667.7
255,212,167.78584952849695,654.6812040354517,269.12649915142373,948.6,667.7
256,212,167.78584952849695,654.6812040354517,269.12649915142373,948.6,667.7
257,212,167.78584952849695,654.6812040354517,269.12649915142373,948.6,667.7
258,212,167.78584952849695,654.6812040354517,269.12649915142373,948.6,667.7
259,212,167.78584952849695,654.6812040354517,269.12649915142373,948.6,667.7
260,212,167.78584952849695,654.6812040354517,269.12649915142373,948.6,667.7
261,212,167.78584952849695,654.6812040354517,269.12649915142373,948.6,667.7
262,212,167.78584952849695,654.6812040354517,269.12649915142373,948.6,667.7
263,212,167.78584952849695,654.6812040354517,269.12649915142373,948.6,667.7
264,212,160.32425638910294,654.6812040354517,269.12649915142373,948.6,667.7
265,212,160.32425638910294,654.6812040354517,269.12649915142373,948.6,667.7
266,212,160.32425638910294,654.6812040354517,269.12649915142373,948.6,667.7
267,212,160.32425638910294,654.6812040354517,269.12649915142373,948.6,667.7
268,212,160.32425638910294,654.6812040354517,269.12649915142373,948.6,667.7
269,212,160.32425638910294,654.6812040354517,269.12649915142373,948.6,667.7
270,212,160.32425638910294,654.6812040354517,269.12649915142373,948.6,667.7
271,212,160.32425638910294,654.6812040354517,269.12649915142373,948.6,667.7
272,212,160.32425638910294,654.6812040354517,269.12649915142373,948.6,667.7
273,212,160.32425638910294,654.6812040354517,269.12649915142373,948.6,667.7
274,212,160.32425638910294,654.6812040354517,269.12649915142373,948.6,667.7
275,212,160.32425638910294,654.6812040354517,269.12649915142373,948.6,667.7
276,212,160.32425638910294,654.6812040354517,269.12649915142373,948.6,667.7
277,212,160.32425638910294,654.6812040354517,269.12649915142373,948.6,667.7
278,212,160.32425638910294,654.6812040354517,269.12649915142373,948.6,667.7
279,212,160.32425638910294,821.6812040354517,216.12649915142373,948.6,667.7
280,212,160.32425638910294,821.6812040354517,216.12649915142373,948.6,667.7
281,212,160.32425638910294,821.6812040354517,216.12649915142373,1000.74,673.02
282,212,160.32425638910294,821.6812040354517,216.12649915142373,1052.88,678.34
283,212,160.32425638910294,821.6812040354517,216.12649915142373,1105.02,683.66
284,212,160.32425638910294,821.6812040354517,216.12649915142373,1157.1599999999999,688.98
285,212,160.32425638910294,821.6812040354517,216.12649915142373,1209.3,694.3
286,212,160.32425638910294,821.6812040354517,216.12649915142373,1209.3,694.3
287,212,160.32425638910294,821.6812040354517,216.12649915142373,1209.3,694.3
288,212,138.9674631326013,821.6812040354517,216.12649915142373,1209.3,694.3
289,212,138.9674631326013,821.6812040354517,216.12649915142373,1209.3,694.3
290,212,138.9674631326013,821.6812040354517,216.12649915142373,1209.3,694.3
291,212,138.9674631326013,821.6812040354517,216.12649915142373,1209.3,694.3
292,212,138.9674631326013,821.6812040354517,216.12649915142373,1209.3,694.3
293,212,138.9674631326013,821.6812040354517,216.12649915142373,1209.3,694.3
294,212,138.9674631326013,821.6812040354517,216.12649915142373,1209.3,694.3
295,212,138.9674631326013,821.6812040354517,216.12649915142373,1209.3,694.3
296,212,276.10449683409735,821.6812040354517,216.12649915142373,1209.3,694.3
297,212,276.10449683409735,821.6812040354517,216.12649915142373,1209.3,694.3
298,212,276.10449683409735,821.6812040354517,216.12649915142373,1209.3,694.3
299,212,276.10449683409735,821.6812040354517,216.12649915142373,1209.3,694.3
300,212,276.10449683409735,821.6812040354517,216.12649915142373,1209.3,694.3
301,212,276.10449683409735,821.6812040354517,216.12649915142373,1209.3,694.3
302,212,276.10449683409735,821.6812040354517,216.12649915142373,1209.3,694.3
303,212,276.10449683409735,1013.6812040354517,210.12649915142373,1209.3,694.3
304,212,276.10449683409735,1013.6812040354517,210.12649915142373,1209.3,694.3
305,212,276.10449683409735,1013.6812040354517,210.12649915142373,1209.3,694.3
306,212,276.10449683409735,1013.6812040354517,210.12649915142373,1209.3,694.3
307,212,276.10449683409735,1013.6812040354517,210.12649915142373,1209.3,694.3
308,212,276.10449683409735,1013.6812040354517,210.12649915142373,1209.3,694.3
309,212,276.10449683409735,1013.6812040354517,210.12649915142373,1209.3,694.3
310,212,276.10449683409735,1013.6812040354517,210.12649915142373,1209.3,694.3
311,212,276.10449683409735,1013.6812040354517,210.12649915142373,1209.3,694.3
312,212,276.10449683409735,1013.6812040354517,210.12649915142373,1209.3,694.3
313,212,276.10449683409735,1013.6812040354517,210.12649915142373,1180.0333333333333,647.6333333333333
314,212,276.10449683409735,1013.6812040354517,210.12649915142373,1150.7666666666667,600.9666666666667
315,212,276.10449683409735,1013.6812040354517,210.12649915142373,1121.5,554.3
316,212,276.10449683409735,1013.6812040354517,210.12649915142373,1092.2333333333333,507.6333333333333
317,212,276.10449683409735,1013.6812040354517,210.12649915142373,1062.9666666666667,460.9666666666667
318,212,276.10449683409735,1134.6812040354516,440.12649915142373,1033.7,414.3
319,212,276.10449683409735,1134.6812040354516,440.12649915142373,1004.4333333333333,367.6333333333333
320,212,276.10449683409735,1134.6812040354516,440.12649915142373,975.1666666666666,320.9666666666667
321,212,276.10449683409735,1134.6812040354516,440.12649915142373,945.9,274.3
322,212,276.10449683409735,1134.6812040354516,440.12649915142373,945.9,274.3
323,212,276.10449683409735,1134.6812040354516,440.12649915142373,945.9,274.3
324,212,276.10449683409735,1134.6812040354516,440.12649915142373,945.9,274.3
325,212,276.10449683409735,1134.6812040354516,440.12649915142373,945.9,274.3
326,212,276.10449683409735,1134.6812040354516,440.12649915142373,945.9,274.3
327,212,276.10449683409735,1255.6812040354516,670.1264991514238,945.9,274.3
328,212,276.10449683409735,1255.6812040354516,670.1264991514238,945.9,274.3
329,212,276.10449683409735,1255.6812040354516,670.1264991514238,945.9,274.3
330,212,276.10449683409735,1255.6812040354516,670.1264991514238,945.9,274.3
331,212,276.10449683409735,1255.6812040354516,670.1264991514238,945.9,274.3
332,212,276.10449683409735,1255.6812040354516,670.1264991514238,945.9,274.3
333,212,276.10449683409735,1255.6812040354516,670.1264991514238,945.9,274.3
334,212,276.10449683409735,1255.6812040354516,670.1264991514238,945.9,274.3
335,212,276.10449683409735,1255.6812040354516,670.1264991514238,945.9,274.3
336,212,157.82703531545772,1255.6812040354516,670.1264991514238,945.9,274.3
337,212,157.82703531545772,1255.6812040354516,670.1264991514238,945.9,274.3
338,212,157.82703531545772,1255.6812040354516,670.1264991514238,945.9,274.3
339,212,157.82703531545772,1255.6812040354516,670.1264991514238,945.9,274.3
340,212,157.82703531545772,1255.6812040354516,670.1264991514238,945.9,274.3
341,212,157.82703531545772,1255.6812040354516,670.1264991514238,945.9,274.3
342,212,157.82703531545772,1255.6812040354516,670.1264991514238,945.9,274.3
343,212,157.82703531545772,1255.6812040354516,670.1264991514238,945.9,274.3
344,212,157.82703531545772,1255.6812040354516,670.1264991514238,945.9,274.3
345,212,157.82703531545772,1255.6812040354516,670.1264991514238,945.9,274.3
346,212,157.82703531545772,1255.6812040354516,670.1264991514238,945.9,274.3
347,212,157.82703531545772,1255.6812040354516,670.1264991514238,945.9,274.3
348,212,157.82703531545772,1255.6812040354516,670.1264991514238,945.9,274.3
349,212,157.82703531545772,1255.6812040354516,670.1264991514238,945.9,274.3
350,212,157.82703531545772,1255.6812040354516,670.1264991514238,945.9,274.3
351,212,157.82703531545772,1079.6812040354516,438.12649915142373,945.9,274.3
352,212,157.82703531545772,1079.6812040354516,438.12649915142373,945.9,274.3
353,212,157.82703531545772,1079.6812040354516,438.12649915142373,945.9,274.3
354,212,157.82703531545772,1079.6812040354516,438.12649915142373,945.9,274.3
355,212,157.82703531545772,1079.6812040354516,438.12649915142373,945.9,274.3
356,212,157.82703531545772,1079.6812040354516,438.12649915142373,945.9,274.3
357,212,157.82703531545772,1079.6812040354516,438.12649915142373,945.9,274.3
358,212,157.82703531545772,1079.6812040354516,438.12649915142373,945.9,274.3
359,212,157.82703531545772,903.6812040354517,206.12649915142373,945.9,274.3
360,212,157.21398613438674,903.6812040354517,206.12649915142373,945.9,274.3
361,212,157.21398613438674,903.6812040354517,206.12649915142373,945.9,274.3
362,212,157.21398613438674,903.6812040354517,206.12649915142373,945.9,274.3
363,212,157.21398613438674,903.6812040354517,206.12649915142373,945.9,274.3
364,212,157.21398613438674,903.6812040354517,206.12649915142373,945.9,274.3
365,212,157.21398613438674,903.6812040354517,206.12649915142373,945.9,274.3
366,212,157.21398613438674,903.6812040354517,206.12649915142373,945.9,274.3
367,212,157.21398613438674,903.6812040354517,206.12649915142373,945.9,274.3
368,212,157.21398613438674,903.6812040354517,206.12649915142373,945.9,274.3
369,212,157.21398613438674,903.6812040354517,206.12649915142373,945.9,274.3
370,212,157.21398613438674,903.6812040354517,206.12649915142373,945.9,274.3
371,212,157.21398613438674,903.6812040354517,206.12649915142373,945.9,274.3
372,212,157.21398613438674,903.6812040354517,206.12649915142373,945.9,274.3
373,212,157.21398613438674,903.6812040354517,206.12649915142373,945.9,274.3
374,212,157.21398613438674,903.6812040354517,206.12649915142373,945.9,274.3
375,212,235.89852003738952,1282.6812040354516,355.12649915142373,945.9,274.3
376,212,235.89852003738952,1282.6812040354516,355.12649915142373,945.9,274.3
377,212,235.89852003738952,1282.6812040354516,355.12649915142373,945.9,274.3
378,212,235.89852003738952,1282.6812040354516,355.12649915142373,945.9,274.3
379,212,235.89852003738952,1282.6812040354516,355.12649915142373,945.9,274.3
380,212,235.89852003738952,1282.6812040354516,355.12649915142373,945.9,274.3
381,212,235.89852003738952,1282.6812040354516,355.12649915142373,945.9,274.3
382,212,235.89852003738952,1282.6812040354516,355.12649915142373,945.9,274.3
383,212,235.89852003738952,1662.6812040354516,504.12649915142373,945.9,274.3
384,212,470.8099256338998,1662.6812040354516,504.12649915142373,945.9,274.3
385,212,470.8099256338998,1662.6812040354516,504.12649915142373,943.4399999999999,321.97
386,212,470.8099256338998,1662.6812040354516,504.12649915142373,940.98,369.64
387,212,470.8099256338998,1662.6812040354516,504.12649915142373,938.52,417.31
388,212,470.8099256338998,1662.6812040354516,504.12649915142373,936.06,464.98
389,212,470.8099256338998,1662.6812040354516,504.12649915142373,933.5999999999999,512.6500000000001
390,212,470.8099256338998,1662.6812040354516,504.12649915142373,931.14,560.3199999999999
391,212,470.8099256338998,1662.6812040354516,504.12649915142373,928.68,607.99
392,212,470.8099256338998,1662.6812040354516,504.12649915142373,926.2199999999999,655.6600000000001
393,212,470.8099256338998,1662.6812040354516,504.12649915142373,923.76,703.33
394,212,470.8099256338998,1662.6812040354516,504.12649915142373,921.3,751.0
395,212,470.8099256338998,1662.6812040354516,504.12649915142373,921.3,751.0
396,212,470.8099256338998,1662.6812040354516,504.12649915142373,921.3,751.0
397,212,470.8099256338998,1662.6812040354516,504.12649915142373,921.3,751.0
398,212,470.8099256338998,1662.6812040354516,504.12649915142373,921.3,751.0
399,212,470.8099256338998,1662.6812040354516,504.12649915142373,921.3,751.0
400,212,470.8099256338998,1662.6812040354516,504.12649915142373,921.3,751.0
401,212,470.8099256338998,1662.6812040354516,504.12649915142373,921.3,751.0
402,212,470.8099256338998,1662.6812040354516,504.12649915142373,921.3,751.0
403,212,470.8099256338998,1662.6812040354516,504.12649915142373,921.3,751.0
404,212,470.8099256338998,1662.6812040354516,504.12649915142373,921.3,751.0
405,212,470.8099256338998,1662.6812040354516,504.12649915142373,921.3,751.0
406,212,470.8099256338998,1662.6812040354516,504.12649915142373,921.3,751.0
407,212,470.8099256338998,1662.6812040354516,504.12649915142373,921.3,751.0
408,212,186.76841269870008,1662.6812040354516,504.12649915142373,921.3,751.0
409,212,186.76841269870008,1662.6812040354516,504.12649915142373,921.3,751.0
410,212,186.76841269870008,1662.6812040354516,504.12649915142373,921.3,751.0
411,212,186.76841269870008,1662.6812040354516,504.12649915142373,921.3,751.0
412,212,186.76841269870008,1662.6812040354516,504.12649915142373,921.3,751.0
413,212,186.76841269870008,1662.6812040354516,504.12649915142373,921.3,751.0
414,212,186.76841269870008,1350.6812040354516,384.12649915142373,924.6333333333333,728.6333333333333
415,212,186.76841269870008,1350.6812040354516,384.12649915142373,927.9666666666666,706.2666666666667
416,212,133.0522224112987,1350.6812040354516,384.12649915142373,931.3,683.9
417,212,133.0522224112987,1350.6812040354516,384.12649915142373,931.3,683.9
418,212,133.0522224112987,1350.6812040354516,384.12649915142373,931.3,683.9
419,212,133.0522224112987,1350.6812040354516,384.12649915142373,931.3,683.9
420,212,133.0522224112987,1350.6812040354516,384.12649915142373,931.3,683.9
421,212,133.0522224112987,1350.6812040354516,384.12649915142373,931.3,683.9
422,212,133.0522224112987,1350.6812040354516,384.12649915142373,931.3,683.9
423,212,133.0522224112987,1038.6812040354516,263.12649915142373,931.3,683.9
424,212,133.0522224112987,1038.6812040354516,263.12649915142373,931.3,683.9
425,212,133.0522224112987,1038.6812040354516,263.12649915142373,931.3,683.9
426,212,133.0522224112987,1038.6812040354516,263.12649915142373,931.3,683.9
427,212,133.0522224112987,1038.6812040354516,263.12649915142373,931.3,683.9
428,212,133.0522224112987,1038.6812040354516,263.12649915142373,931.3,683.9
429,212,133.0522224112987,1038.6812040354516,263.12649915142373,931.3,683.9
430,212,133.0522224112987,1038.6812040354516,263.12649915142373,931.3,683.9
431,212,133.0522224112987,1038.6812040354516,263.12649915142373,931.3,683.9
432,212,361.0091087880134,1038.6812040354516,263.12649915142373,935.3,602.9333333333333
433,212,361.0091087880134,1038.6812040354516,263.12649915142373,939.3,521.9666666666667
434,212,361.0091087880134,1038.6812040354516,263.12649915142373,943.3,441.0
435,212,361.0091087880134,1038.6812040354516,263.12649915142373,947.3,360.03333333333336
436,212,361.0091087880134,1038.6812040354516,263.12649915142373,951.3,279.0666666666667
437,212,361.0091087880134,1038.6812040354516,263.12649915142373,955.3,198.1
438,212,361.0091087880134,1038.6812040354516,263.12649915142373,955.3,198.1
439,212,361.0091087880134,1038.6812040354516,263.12649915142373,955.3,198.1
440,212,759.0233561022019,1038.6812040354516,263.12649915142373,955.3,198.1
441,212,759.0233561022019,1038.6812040354516,263.12649915142373,955.3,198.1
442,212,759.0233561022019,1038.6812040354516,263.12649915142373,955.3,198.1
443,212,759.0233561022019,1038.6812040354516,263.12649915142373,955.3,198.1
444,212,759.0233561022019,1038.6812040354516,263.12649915142373,955.3,198.1
445,212,759.0233561022019,1038.6812040354516,263.12649915142373,955.3,198.1
446,212,759.0233561022019,1038.6812040354516,263.12649915142373,955.3,198.1
447,212,759.0233561022019,1038.6812040354516,263.12649915142373,955.3,198.1
448,212,759.0233561022019,1038.6812040354516,263.12649915142373,955.3,198.1
449,212,759.0233561022019,1038.6812040354516,263.12649915142373,955.3,198.1
450,212,759.0233561022019,1038.6812040354516,263.12649915142373,955.3,198.1
451,212,759.0233561022019,1038.6812040354516,263.12649915142373,955.3,198.1
452,212,759.0233561022019,1038.6812040354516,263.12649915142373,955.3,198.1
453,212,759.0233561022019,1038.6812040354516,263.12649915142373,955.3,198.1
454,212,759.0233561022019,1038.6812040354516,263.12649915142373,955.3,198.1
455,212,759.0233561022019,1038.6812040354516,263.12649915142373,955.3,198.1
456,212,759.0233561022019,1038.6812040354516,263.12649915142373,955.3,198.1
457,212,759.0233561022019,1038.6812040354516,263.12649915142373,955.3,198.1
458,212,759.0233561022019,1038.6812040354516,263.12649915142373,955.3,198.1
459,212,759.0233561022019,1038.6812040354516,263.12649915142373,955.3,198.1
460,212,759.0233561022019,1038.6812040354516,263.12649915142373,955.3,198.1
461,212,759.0233561022019,1038.6812040354516,263.12649915142373,955.3,198.1
462,212,759.0233561022019,1038.6812040354516,263.12649915142373,955.3,198.1
463,212,759.0233561022019,1038.6812040354516,263.12649915142373,955.3,198.1
464,212,759.0233561022019,1038.6812040354516,263.12649915142373,955.3,198.1
465,212,759.0233561022019,1038.6812040354516,263.12649915142373,955.3,198.1
466,212,759.0233561022019,1038.6812040354516,263.12649915142373,955.3,198.1
467,212,759.0233561022019,1038.6812040354516,263.12649915142373,955.3,198.1
468,212,759.0233561022019,1038.6812040354516,263.12649915142373,955.3,198.1
469,212,759.0233561022019,1038.6812040354516,263.12649915142373,955.3,198.1
470,212,759.0233561022019,1038.6812040354516,263.12649915142373,955.3,198.1
471,212,431.08354642016474,835.6812040354517,247.12649915142373,955.3,198.1
472,212,431.08354642016474,835.6812040354517,247.12649915142373,966.5999999999999,245.33333333333331
473,212,431.08354642016474,835.6812040354517,247.12649915142373,977.9,292.56666666666666
474,212,431.08354642016474,835.6812040354517,247.12649915142373,989.1999999999999,339.79999999999995
475,212,431.08354642016474,835.6812040354517,247.12649915142373,1000.5,387.0333333333333
476,212,431.08354642016474,835.6812040354517,247.12649915142373,1011.8,434.26666666666665
477,212,431.08354642016474,835.6812040354517,247.12649915142373,1023.1,481.5
478,212,431.08354642016474,835.6812040354517,247.12649915142373,1034.4,528.7333333333333
479,212,431.08354642016474,835.6812040354517,247.12649915142373,1045.7,575.9666666666667
480,212,138.51404218136136,835.6812040354517,247.12649915142373,1057.0,623.2
481,212,138.51404218136136,835.6812040354517,247.12649915142373,1057.0,623.2
482,212,138.51404218136136,835.6812040354517,247.12649915142373,1057.0,623.2
483,212,138.51404218136136,835.6812040354517,247.12649915142373,1057.0,623.2
484,212,138.51404218136136,835.6812040354517,247.12649915142373,1057.0,623.2
485,212,138.51404218136136,835.6812040354517,247.12649915142373,1057.0,623.2
486,212,138.51404218136136,835.6812040354517,247.12649915142373,1057.0,623.2
487,212,138.51404218136136,835.6812040354517,247.12649915142373,1057.0,623.2
488,212,138.51404218136136,835.6812040354517,247.12649915142373,1057.0,623.2
489,212,138.51404218136136,835.6812040354517,247.12649915142373,1057.0,623.2
490,212,138.51404218136136,835.6812040354517,247.12649915142373,1057.0,623.2
491,212,138.51404218136136,835.6812040354517,247.12649915142373,1057.0,623.2
492,212,138.51404218136136,835.6812040354517,247.12649915142373,1057.0,623.2
493,212,138.51404218136136,835.6812040354517,247.12649915142373,1057.0,623.2
494,212,138.51404218136136,835.6812040354517,247.12649915142373,1028.175,636.725
495,212,138.51404218136136,738.6812040354517,243.12649915142373,999.35,650.25
496,212,138.51404218136136,738.6812040354517,243.12649915142373,970.5250000000001,663.775
497,212,138.51404218136136,738.6812040354517,243.12649915142373,941.7,677.3
498,212,138.51404218136136,738.6812040354517,243.12649915142373,941.7,677.3
499,212,138.51404218136136,738.6812040354517,243.12649915142373,941.7,677.3
500,212,138.51404218136136,738.6812040354517,243.12649915142373,941.7,677.3
501,212,138.51404218136136,738.6812040354517,243.12649915142373,941.7,677.3
502,212,138.51404218136136,641.6812040354517,239.12649915142373,941.7,677.3
503,212,138.51404218136136,641.6812040354517,239.12649915142373,941.7,677.3
504,212,138.51404218136136,641.6812040354517,239.12649915142373,941.7,677.3
505,212,138.51404218136136,641.6812040354517,239.12649915142373,941.7,677.3
506,212,138.51404218136136,641.6812040354517,239.12649915142373,941.7,677.3
507,212,138.51404218136136,641.6812040354517,239.12649915142373,941.7,677.3
508,212,138.51404218136136,641.6812040354517,239.12649915142373,941.7,677.3
509,212,138.51404218136136,641.6812040354517,239.12649915142373,941.7,677.3
510,212,138.51404218136136,641.6812040354517,239.12649915142373,941.7,677.3
511,212,138.51404218136136,641.6812040354517,239.12649915142373,941.7,677.3
512,212,138.51404218136136,641.6812040354517,239.12649915142373,941.7,677.3
513,212,138.51404218136136,641.6812040354517,239.12649915142373,941.7,677.3
514,212,138.51404218136136,641.6812040354517,239.12649915142373,941.7,677.3
515,212,138.51404218136136,641.6812040354517,239.12649915142373,941.7,677.3
516,212,138.51404218136136,641.6812040354517,239.12649915142373,941.7,677.3
517,212,138.51404218136136,641.6812040354517,239.12649915142373,941.7,677.3
518,212,138.51404218136136,641.6812040354517,239.12649915142373,941.7,677.3
519,212,138.51404218136136,795.6812040354517,456.12649915142373,941.7,677.3
520,212,138.51404218136136,795.6812040354517,456.12649915142373,940.4625000000001,621.5749999999999
521,212,138.51404218136136,795.6812040354517,456.12649915142373,939.225,565.8499999999999
522,212,138.51404218136136,795.6812040354517,456.12649915142373,937.9875,510.125
523,212,138.51404218136136,795.6812040354517,456.12649915142373,936.75,454.4
524,212,138.51404218136136,795.6812040354517,456.12649915142373,935.5125,398.67499999999995
525,212,138.51404218136136,795.6812040354517,456.12649915142373,934.275,342.95
526,212,138.51404218136136,950.6812040354517,673.1264991514238,933.0374999999999,287.225
527,212,138.51404218136136,950.6812040354517,673.1264991514238,931.8,231.5
528,212,125.32021546228812,950.6812040354517,673.1264991514238,931.8,231.5
529,212,125.32021546228812,950.6812040354517,673.1264991514238,931.8,231.5
530,212,125.32021546228812,950.6812040354517,673.1264991514238,931.8,231.5
531,212,125.32021546228812,950.6812040354517,673.1264991514238,931.8,231.5
532,212,125.32021546228812,950.6812040354517,673.1264991514238,931.8,231.5
533,212,125.32021546228812,950.6812040354517,673.1264991514238,931.8,231.5
534,212,125.32021546228812,950.6812040354517,673.1264991514238,931.8,231.5
535,212,125.32021546228812,950.6812040354517,673.1264991514238,931.8,231.5
536,212,125.32021546228812,950.6812040354517,673.1264991514238,931.8,231.5
537,212,125.32021546228812,950.6812040354517,673.1264991514238,931.8,231.5
538,212,125.32021546228812,950.6812040354517,673.1264991514238,931.8,231.5
539,212,125.32021546228812,950.6812040354517,673.1264991514238,931.8,231.5
540,212,125.32021546228812,950.6812040354517,673.1264991514238,931.8,231.5
541,212,125.32021546228812,950.6812040354517,673.1264991514238,931.8,231.5
542,212,125.32021546228812,950.6812040354517,673.1264991514238,931.8,231.5
543,212,125.32021546228812,950.6812040354517,673.1264991514238,931.8,231.5
544,212,125.32021546228812,950.6812040354517,673.1264991514238,931.8,231.5
545,212,125.32021546228812,950.6812040354517,673.1264991514238,931.8,231.5
546,212,125.32021546228812,950.6812040354517,673.1264991514238,931.8,231.5
547,212,125.32021546228812,950.6812040354517,673.1264991514238,931.8,231.5
548,212,125.32021546228812,950.6812040354517,673.1264991514238,931.8,231.5
549,212,125.32021546228812,950.6812040354517,673.1264991514238,931.8,231.5
550,212,125.32021546228812,950.6812040354517,673.1264991514238,931.8,231.5
551,212,125.32021546228812,950.6812040354517,673.1264991514238,931.8,231.5
552,212,206.44214079032395,950.6812040354517,673.1264991514238,931.8,231.5
553,212,206.44214079032395,950.6812040354517,673.1264991514238,931.8,231.5
554,212,206.44214079032395,950.6812040354517,673.1264991514238,931.8,231.5
555,212,206.44214079032395,950.6812040354517,673.1264991514238,931.8,231.5
556,212,206.44214079032395,950.6812040354517,673.1264991514238,931.8,231.5
557,212,206.44214079032395,950.6812040354517,673.1264991514238,931.8,231.5
558,212,206.44214079032395,950.6812040354517,673.1264991514238,931.8,231.5
559,212,297.2903607328525,950.6812040354517,673.1264991514238,931.8,231.5
560,212,297.2903607328525,950.6812040354517,673.1264991514238,931.8,231.5
561,212,297.2903607328525,950.6812040354517,673.1264991514238,931.8,231.5
562,212,297.2903607328525,950.6812040354517,673.1264991514238,927.5875,281.2875
563,212,297.2903607328525,950.6812040354517,673.1264991514238,923.375,331.075
564,212,297.2903607328525,950.6812040354517,673.1264991514238,919.1625,380.86249999999995
565,212,297.2903607328525,950.6812040354517,673.1264991514238,914.95,430.65
566,212,297.2903607328525,950.6812040354517,673.1264991514238,910.7375,480.4375
567,212,297.2903607328525,950.6812040354517,673.1264991514238,906.525,530.2249999999999
568,212,297.2903607328525,950.6812040354517,673.1264991514238,902.3125,580.0124999999999
569,212,297.2903607328525,950.6812040354517,673.1264991514238,898.1,629.8
570,212,297.2903607328525,950.6812040354517,673.1264991514238,898.1,629.8
571,212,297.2903607328525,950.6812040354517,673.1264991514238,898.1,629.8
572,212,297.2903607328525,950.6812040354517,673.1264991514238,898.1,629.8
573,212,297.2903607328525,950.6812040354517,673.1264991514238,898.1,629.8
574,212,297.2903607328525,1078.6812040354516,662.1264991514238,898.1,629.8
575,212,297.2903607328525,1078.6812040354516,662.1264991514238,898.1,629.8
576,212,173.07513799688257,1078.6812040354516,662.1264991514238,898.1,629.8
577,212,173.07513799688257,1078.6812040354516,662.1264991514238,898.1,629.8
578,212,173.07513799688257,1078.6812040354516,662.1264991514238,898.1,629.8
579,212,173.07513799688257,1078.6812040354516,662.1264991514238,898.1,629.8
580,212,173.07513799688257,1078.6812040354516,662.1264991514238,898.1,629.8
581,212,173.07513799688257,1078.6812040354516,662.1264991514238,898.1,629.8
582,212,173.07513799688257,1078.6812040354516,662.1264991514238,898.1,629.8
583,212,336.4441171160741,1078.6812040354516,662.1264991514238,898.1,629.8
584,212,336.4441171160741,1078.6812040354516,662.1264991514238,898.1,629.8
585,212,336.4441171160741,1078.6812040354516,662.1264991514238,898.1,629.8
586,212,336.4441171160741,1078.6812040354516,662.1264991514238,898.1,629.8
587,212,336.4441171160741,1078.6812040354516,662.1264991514238,898.1,629.8
588,212,336.4441171160741,1078.6812040354516,662.1264991514238,898.1,629.8
589,212,336.4441171160741,1078.6812040354516,662.1264991514238,898.1,629.8
590,212,336.4441171160741,1078.6812040354516,662.1264991514238,901.8833333333333,645.7166666666666
591,212,336.4441171160741,1078.6812040354516,662.1264991514238,905.6666666666666,661.6333333333333
592,212,336.4441171160741,1078.6812040354516,662.1264991514238,909.45,677.55
593,212,336.4441171160741,1078.6812040354516,662.1264991514238,913.2333333333333,693.4666666666666
594,212,336.4441171160741,1078.6812040354516,662.1264991514238,917.0166666666667,709.3833333333333
595,212,336.4441171160741,1078.6812040354516,662.1264991514238,920.8,725.3
596,212,336.4441171160741,1078.6812040354516,662.1264991514238,920.8,725.3
597,212,336.4441171160741,1078.6812040354516,662.1264991514238,920.8,725.3
598,212,336.4441171160741,949.6812040354517,481.12649915142373,920.8,725.3
599,212,336.4441171160741,949.6812040354517,481.12649915142373,920.8,725.3
600,212,336.4441171160741,949.6812040354517,481.12649915142373,920.8,725.3
601,212,336.4441171160741,949.6812040354517,481.12649915142373,920.8,725.3
602,212,336.4441171160741,949.6812040354517,481.12649915142373,920.8,725.3
603,212,336.4441171160741,949.6812040354517,481.12649915142373,920.8,725.3
604,212,336.4441171160741,949.6812040354517,481.12649915142373,920.8,725.3
605,212,336.4441171160741,949.6812040354517,481.12649915142373,920.8,725.3
606,212,336.4441171160741,819.6812040354517,301.12649915142373,920.8,725.3
607,212,336.4441171160741,819.6812040354517,301.12649915142373,920.8,725.3
608,212,336.4441171160741,819.6812040354517,301.12649915142373,920.8,725.3
609,212,336.4441171160741,819.6812040354517,301.12649915142373,920.8,725.3
610,212,336.4441171160741,819.6812040354517,301.12649915142373,920.8,725.3
611,212,336.4441171160741,819.6812040354517,301.12649915142373,920.8,725.3
612,212,336.4441171160741,819.6812040354517,301.12649915142373,920.8,725.3
613,212,336.4441171160741,819.6812040354517,301.12649915142373,920.8,725.3
614,212,336.4441171160741,819.6812040354517,301.12649915142373,920.8,725.3
615,212,336.4441171160741,819.6812040354517,301.12649915142373,920.8,725.3
616,212,336.4441171160741,819.6812040354517,301.12649915142373,902.3125,676.0875
617,212,336.4441171160741,819.6812040354517,301.12649915142373,883.8249999999999,626.875
618,212,336.4441171160741,819.6812040354517,301.12649915142373,865.3375,577.6624999999999
619,212,336.4441171160741,819.6812040354517,301.12649915142373,846.8499999999999,528.45
620,212,336.4441171160741,819.6812040354517,301.12649915142373,828.3625,479.2375
621,212,336.4441171160741,819.6812040354517,301.12649915142373,809.875,430.025
622,212,336.4441171160741,819.6812040354517,301.12649915142373,791.3875,380.8125
623,212,336.4441171160741,819.6812040354517,301.12649915142373,772.9,331.6
624,212,336.4441171160741,819.6812040354517,301.12649915142373,772.9,331.6
625,212,336.4441171160741,819.6812040354517,301.12649915142373,772.9,331.6
626,212,336.4441171160741,819.6812040354517,301.12649915142373,772.9,331.6
627,212,336.4441171160741,819.6812040354517,301.12649915142373,772.9,331.6
628,212,336.4441171160741,819.6812040354517,301.12649915142373,772.9,331.6
629,212,336.4441171160741,819.6812040354517,301.12649915142373,772.9,331.6
630,212,336.4441171160741,819.6812040354517,301.12649915142373,772.9,331.6
631,212,360.0634886522453,819.6812040354517,301.12649915142373,772.9,331.6
632,212,360.0634886522453,819.6812040354517,301.12649915142373,772.9,331.6
633,212,360.0634886522453,819.6812040354517,301.12649915142373,772.9,331.6
634,212,360.0634886522453,819.6812040354517,301.12649915142373,772.9,331.6
635,212,360.0634886522453,819.6812040354517,301.12649915142373,772.9,331.6
636,212,360.0634886522453,819.6812040354517,301.12649915142373,772.9,331.6
637,212,360.0634886522453,819.6812040354517,301.12649915142373,772.9,331.6
638,212,360.0634886522453,819.6812040354517,301.12649915142373,749.78,319.28000000000003
639,212,360.0634886522453,960.6812040354517,255.12649915142373,726.66,306.96000000000004
640,212,360.0634886522453,960.6812040354517,255.12649915142373,703.54,294.64
641,212,360.0634886522453,960.6812040354517,255.12649915142373,680.42,282.32
642,212,360.0634886522453,960.6812040354517,255.12649915142373,657.3,270.0
643,212,360.0634886522453,960.6812040354517,255.12649915142373,657.3,270.0
644,212,360.0634886522453,960.6812040354517,255.12649915142373,657.3,270.0
645,212,360.0634886522453,960.6812040354517,255.12649915142373,657.3,270.0
646,212,360.0634886522453,960.6812040354517,255.12649915142373,657.3,270.0
647,212,360.0634886522453,960.6812040354517,255.12649915142373,657.3,270.0
648,212,360.0634886522453,960.6812040354517,255.12649915142373,657.3,270.0
649,212,360.0634886522453,960.6812040354517,255.12649915142373,657.3,270.0
650,212,360.0634886522453,960.6812040354517,255.12649915142373,657.3,270.0
651,212,360.0634886522453,960.6812040354517,255.12649915142373,657.3,270.0
652,212,360.0634886522453,960.6812040354517,255.12649915142373,657.3,270.0
653,212,360.0634886522453,960.6812040354517,255.12649915142373,690.9749999999999,311.0125
654,212,360.0634886522453,960.6812040354517,255.12649915142373,724.65,352.025
655,212,145.8611412490099,960.6812040354517,255.12649915142373,758.325,393.0375
656,212,145.8611412490099,960.6812040354517,255.12649915142373,792.0,434.05
657,212,145.8611412490099,960.6812040354517,255.12649915142373,825.675,475.0625
658,212,145.8611412490099,960.6812040354517,255.12649915142373,859.35,516.075
659,212,145.8611412490099,960.6812040354517,255.12649915142373,893.0250000000001,557.0875000000001
660,212,145.8611412490099,960.6812040354517,255.12649915142373,926.7,598.1
661,212,145.8611412490099,960.6812040354517,255.12649915142373,926.7,598.1
662,212,145.8611412490099,960.6812040354517,255.12649915142373,926.7,598.1
663,213,78.14372008389442,960.6812040354517,255.12649915142373,926.7,598.1
664,213,78.14372008389442,960.6812040354517,255.12649915142373,926.7,598.1
665,213,78.14372008389442,960.6812040354517,255.12649915142373,926.7,598.1
666,213,78.14372008389442,960.6812040354517,255.12649915142373,926.7,598.1
667,213,78.14372008389442,960.6812040354517,255.12649915142373,926.7,598.1
668,213,78.14372008389442,960.6812040354517,255.12649915142373,926.7,598.1
669,213,78.14372008389442,960.6812040354517,255.12649915142373,926.7,598.1
670,213,78.14372008389442,960.6812040354517,255.12649915142373,926.7,598.1
671,213,78.14372008389442,960.6812040354517,255.12649915142373,926.7,598.1
672,213,78.14372008389442,960.6812040354517,255.12649915142373,926.7,598.1
673,213,78.14372008389442,960.6812040354517,255.12649915142373,926.7,598.1
674,213,78.14372008389442,960.6812040354517,255.12649915142373,926.7,598.1
675,213,78.14372008389442,960.6812040354517,255.12649915142373,926.7,598.1
676,213,78.14372008389442,960.6812040354517,255.12649915142373,926.7,598.1
677,213,78.14372008389442,960.6812040354517,255.12649915142373,926.7,598.1
678,213,78.14372008389442,1250.6812040354516,695.1264991514238,926.7,598.1
679,213,78.14372008389442,1250.6812040354516,695.1264991514238,926.7,598.1
680,213,78.14372008389442,1250.6812040354516,695.1264991514238,926.7,598.1
681,213,78.14372008389442,1250.6812040354516,695.1264991514238,926.7,598.1
682,213,78.14372008389442,1250.6812040354516,695.1264991514238,926.7,598.1
683,213,78.14372008389442,1250.6812040354516,695.1264991514238,926.7,598.1
684,213,78.14372008389442,1250.6812040354516,695.1264991514238,926.7,598.1
685,213,78.14372008389442,1250.6812040354516,695.1264991514238,927.2875,587.75625
686,213,78.14372008389442,1250.6812040354516,695.1264991514238,927.875,577.4125
687,213,78.14372008389442,1250.6812040354516,695.1264991514238,928.4625000000001,567.06875
688,213,78.14372008389442,1250.6812040354516,695.1264991514238,929.0500000000001,556.725
689,213,78.14372008389442,1250.6812040354516,695.1264991514238,929.6375,546.38125
690,213,78.14372008389442,1250.6812040354516,695.1264991514238,930.225,536.0375
691,213,78.14372008389442,1250.6812040354516,695.1264991514238,930.8125,525.69375
692,213,78.14372008389442,1250.6812040354516,695.1264991514238,931.4000000000001,515.35
693,213,78.14372008389442,1250.6812040354516,695.1264991514238,931.9875000000001,505.00625
694,213,78.14372008389442,1250.6812040354516,695.1264991514238,932.575,494.6625
695,213,78.14372008389442,1250.6812040354516,695.1264991514238,933.1625,484.31875
696,213,79.09173537492062,1250.6812040354516,695.1264991514238,933.75,473.975
697,213,79.09173537492062,1250.6812040354516,695.1264991514238,934.3375,463.63125
698,213,79.09173537492062,1250.6812040354516,695.1264991514238,934.9250000000001,453.2875
699,213,79.09173537492062,1250.6812040354516,695.1264991514238,935.5125,442.94375
700,213,79.09173537492062,1250.6812040354516,695.1264991514238,936.1,432.6
701,213,79.09173537492062,1250.6812040354516,695.1264991514238,936.1,432.6
702,213,79.09173537492062,1250.6812040354516,695.1264991514238,936.1,432.6
703,213,79.09173537492062,1250.6812040354516,695.1264991514238,936.1,432.6
704,213,79.09173537492062,1250.6812040354516,695.1264991514238,936.1,432.6
705,213,79.09173537492062,1250.6812040354516,695.1264991514238,936.1,432.6
706,213,79.09173537492062,1250.6812040354516,695.1264991514238,936.1,432.6
707,214,79.09173537492062,1250.6812040354516,695.1264991514238,936.1,432.6
708,215,79.09173537492062,1250.6812040354516,695.1264991514238,936.1,432.6
709,216,79.09173537492062,1250.6812040354516,695.1264991514238,936.1,432.6
710,217,79.09173537492062,1250.6812040354516,695.1264991514238,936.1,432.6
711,218,79.09173537492062,1250.6812040354516,695.1264991514238,936.1,432.6
712,219,79.09173537492062,1250.6812040354516,695.1264991514238,936.1,432.6
713,220,79.09173537492062,1250.6812040354516,695.1264991514238,936.1,432.6
714,221,79.09173537492062,1250.6812040354516,695.1264991514238,936.1,432.6
715,222,79.09173537492062,1250.6812040354516,695.1264991514238,936.1,432.6
716,223,79.09173537492062,1250.6812040354516,695.1264991514238,936.1,432.6
717,224,79.09173537492062,1250.6812040354516,695.1264991514238,936.1,432.6
718,225,79.09173537492062,1250.6812040354516,695.1264991514238,936.1,432.6
719,226,79.09173537492062,1250.6812040354516,695.1264991514238,936.1,432.6
720,227,79.09173537492062,1250.6812040354516,695.1264991514238,936.1,432.6
721,228,79.09173537492062,1250.6812040354516,695.1264991514238,936.1,432.6
722,229,79.09173537492062,1250.6812040354516,695.1264991514238,936.1,432.6
723,230,79.09173537492062,1250.6812040354516,695.1264991514238,936.1,432.6
724,231,79.09173537492062,1250.6812040354516,695.1264991514238,936.1,432.6
725,232,79.09173537492062,1250.6812040354516,695.1264991514238,936.1,432.6
726,233,79.09173537492062,1250.6812040354516,695.1264991514238,936.1,432.6
727,234,79.09173537492062,1250.6812040354516,695.1264991514238,936.1,432.6
728,235,79.09173537492062,1250.6812040354516,695.1264991514238,936.1,432.6
729,236,79.09173537492062,1250.6812040354516,695.1264991514238,936.1,432.6
730,237,79.09173537492062,1250.6812040354516,695.1264991514238,936.1,432.6
731,238,79.09173537492062,1250.6812040354516,695.1264991514238,936.1,432.6
732,239,110.44103632351164,1250.6812040354516,695.1264991514238,936.1,432.6
733,240,156.68968798926537,1250.6812040354516,695.1264991514238,936.1,432.6
734,241,208.13171324548975,1250.6812040354516,695.1264991514238,936.1,432.6
735,242,329.6291568130771,1250.6812040354516,695.1264991514238,936.1,432.6
736,243,286.8772141926502,1250.6812040354516,695.1264991514238,936.1,432.6
737,244,249.7086441093673,1250.6812040354516,695.1264991514238,936.1,432.6
738,245,220.9592581932445,1250.6812040354516,695.1264991514238,936.1,432.6
739,245,220.9592581932445,1250.6812040354516,695.1264991514238,932.7166666666667,472.5166666666667
740,245,220.9592581932445,1250.6812040354516,695.1264991514238,929.3333333333334,512.4333333333334
741,245,220.9592581932445,1250.6812040354516,695.1264991514238,925.95,552.35
742,245,220.9592581932445,1250.6812040354516,695.1264991514238,922.5666666666666,592.2666666666667
743,245,220.9592581932445,1250.6812040354516,695.1264991514238,919.1833333333333,632.1833333333334
744,245,220.9592581932445,1250.6812040354516,695.1264991514238,915.8,672.1
745,245,220.9592581932445,1250.6812040354516,695.1264991514238,915.8,672.1
746,245,220.9592581932445,1250.6812040354516,695.1264991514238,915.8,672.1
747,245,220.9592581932445,1250.6812040354516,695.1264991514238,915.8,672.1
748,245,220.9592581932445,1250.6812040354516,695.1264991514238,915.8,672.1
749,245,220.9592581932445,1250.6812040354516,695.1264991514238,915.8,672.1
750,245,220.9592581932445,1250.6812040354516,695.1264991514238,915.8,672.1
751,245,220.9592581932445,1250.6812040354516,695.1264991514238,915.8,672.1
752,245,220.9592581932445,1250.6812040354516,695.1264991514238,915.8,672.1
753,245,220.9592581932445,1250.6812040354516,695.1264991514238,915.8,672.1
754,245,220.9592581932445,1250.6812040354516,695.1264991514238,915.8,672.1
755,245,220.9592581932445,1250.6812040354516,695.1264991514238,915.8,672.1
756,245,220.9592581932445,1250.6812040354516,695.1264991514238,915.8,672.1
757,245,220.9592581932445,1250.6812040354516,695.1264991514238,915.8,672.1
758,245,220.9592581932445,1250.6812040354516,695.1264991514238,915.8,672.1
759,245,220.9592581932445,1250.6812040354516,695.1264991514238,915.8,672.1
760,245,220.9592581932445,1250.6812040354516,695.1264991514238,915.8,672.1
761,245,220.9592581932445,1250.6812040354516,695.1264991514238,915.8,672.1
762,245,220.9592581932445,1250.6812040354516,695.1264991514238,915.8,672.1
763,245,220.9592581932445,1250.6812040354516,695.1264991514238,915.8,672.1
764,245,220.9592581932445,1250.6812040354516,695.1264991514238,915.8,672.1
765,245,220.9592581932445,1250.6812040354516,695.1264991514238,915.8,672.1
766,245,220.9592581932445,1080.6812040354516,688.1264991514238,915.8,672.1
767,245,220.9592581932445,1080.6812040354516,688.1264991514238,915.8,672.1
768,245,220.9592581932445,1080.6812040354516,688.1264991514238,915.8,672.1
769,245,220.9592581932445,1080.6812040354516,688.1264991514238,915.8,672.1
770,245,220.9592581932445,1080.6812040354516,688.1264991514238,915.8,672.1
771,245,220.9592581932445,1080.6812040354516,688.1264991514238,915.8,672.1
772,245,220.9592581932445,1080.6812040354516,688.1264991514238,915.8,672.1
773,245,220.9592581932445,1080.6812040354516,688.1264991514238,915.8,672.1
774,245,220.9592581932445,909.6812040354517,681.1264991514238,915.8,672.1
775,245,220.9592581932445,909.6812040354517,681.1264991514238,915.8,672.1
776,245,220.9592581932445,909.6812040354517,681.1264991514238,915.8,672.1
777,245,220.9592581932445,909.6812040354517,681.1264991514238,915.8,672.1
778,245,220.9592581932445,909.6812040354517,681.1264991514238,915.8,672.1
779,245,220.9592581932445,909.6812040354517,681.1264991514238,915.8,672.1
780,245,220.9592581932445,909.6812040354517,681.1264991514238,915.8,672.1
781,245,220.9592581932445,909.6812040354517,681.1264991514238,915.8,672.1
782,245,220.9592581932445,909.6812040354517,681.1264991514238,915.8,672.1
783,245,220.9592581932445,738.6812040354517,675.1264991514238,915.8,672.1
784,245,220.9592581932445,738.6812040354517,675.1264991514238,915.8,672.1
785,245,220.9592581932445,738.6812040354517,675.1264991514238,915.8,672.1
786,245,220.9592581932445,738.6812040354517,675.1264991514238,915.8,672.1
787,245,220.9592581932445,738.6812040354517,675.1264991514238,915.8,672.1
788,245,220.9592581932445,738.6812040354517,675.1264991514238,915.8,672.1
789,245,220.9592581932445,738.6812040354517,675.1264991514238,915.8,672.1
790,245,220.9592581932445,738.6812040354517,675.1264991514238,915.8,672.1
791,245,220.9592581932445,738.6812040354517,675.1264991514238,915.8,672.1
792,245,220.9592581932445,738.6812040354517,675.1264991514238,882.2666666666667,628.3833333333333
793,245,220.9592581932445,738.6812040354517,675.1264991514238,848.7333333333333,584.6666666666667
794,245,220.9592581932445,738.6812040354517,675.1264991514238,815.2,540.95
795,245,220.9592581932445,738.6812040354517,675.1264991514238,781.6666666666666,497.23333333333335
796,245,220.9592581932445,738.6812040354517,675.1264991514238,748.1333333333333,453.51666666666665
797,245,220.9592581932445,738.6812040354517,675.1264991514238,714.6,409.8
798,245,220.9592581932445,738.6812040354517,675.1264991514238,714.6,409.8
799,245,220.9592581932445,738.6812040354517,675.1264991514238,714.6,409.8
800,245,220.9592581932445,738.6812040354517,675.1264991514238,714.6,409.8
801,245,220.9592581932445,738.6812040354517,675.1264991514238,714.6,409.8
802,245,220.9592581932445,738.6812040354517,675.1264991514238,714.6,409.8
803,245,220.9592581932445,738.6812040354517,675.1264991514238,714.6,409.8
804,245,220.9592581932445,738.6812040354517,675.1264991514238,714.6,409.8
805,245,220.9592581932445,738.6812040354517,675.1264991514238,714.6,409.8
806,245,220.9592581932445,738.6812040354517,675.1264991514238,714.6,409.8
807,245,220.9592581932445,738.6812040354517,675.1264991514238,714.6,409.8
808,246,220.9592581932445,738.6812040354517,675.1264991514238,714.6,409.8
809,247,220.9592581932445,738.6812040354517,675.1264991514238,714.6,409.8
810,248,220.9592581932445,738.6812040354517,675.1264991514238,714.6,409.8
811,249,220.9592581932445,738.6812040354517,675.1264991514238,714.6,409.8
812,250,220.9592581932445,738.6812040354517,675.1264991514238,714.6,409.8
813,251,220.9592581932445,738.6812040354517,675.1264991514238,714.6,409.8
814,252,220.9592581932445,738.6812040354517,675.1264991514238,714.6,409.8
815,253,220.9592581932445,738.6812040354517,675.1264991514238,714.6,409.8
816,254,220.9592581932445,738.6812040354517,675.1264991514238,714.6,409.8
817,255,220.9592581932445,738.6812040354517,675.1264991514238,714.6,409.8
818,256,220.9592581932445,738.6812040354517,675.1264991514238,699.15,399.875
819,257,220.9592581932445,738.6812040354517,675.1264991514238,683.7,389.95000000000005
820,258,220.9592581932445,738.6812040354517,675.1264991514238,668.25,380.02500000000003
821,259,220.9592581932445,738.6812040354517,675.1264991514238,652.8,370.1
822,260,220.9592581932445,738.6812040354517,675.1264991514238,652.8,370.1
823,261,51.48799298026094,738.6812040354517,675.1264991514238,652.8,370.1
824,262,51.48799298026094,738.6812040354517,675.1264991514238,652.8,370.1
825,263,57.33598574501795,738.6812040354517,675.1264991514238,652.8,370.1
826,264,63.190745895871125,738.6812040354517,675.1264991514238,652.8,370.1
827,265,69.0505520449062,738.6812040354517,675.1264991514238,652.8,370.1
828,266,74.91422010434454,738.6812040354517,675.1264991514238,652.8,370.1
829,267,80.78090910161997,738.6812040354517,675.1264991514238,652.8,370.1
830,268,86.650005435847,738.6812040354517,675.1264991514238,652.8,370.1
831,269,80.37164988876454,656.6812040354517,274.12649915142373,652.8,370.1
832,270,74.64031620513494,656.6812040354517,274.12649915142373,652.8,370.1
833,271,68.93478632641882,656.6812040354517,274.12649915142373,652.8,370.1
834,272,63.262042283201964,656.6812040354517,274.12649915142373,652.8,370.1
835,273,57.63176630227784,656.6812040354517,274.12649915142373,652.8,370.1
836,274,52.057739537029704,656.6812040354517,274.12649915142373,652.8,370.1
837,275,46.5601682728512,656.6812040354517,274.12649915142373,652.8,370.1
838,276,41.16969223583438,656.6812040354517,274.12649915142373,652.8,370.1
839,276,41.16969223583438,656.6812040354517,274.12649915142373,652.8,370.1
840,276,210.05012208720981,656.6812040354517,274.12649915142373,652.8,370.1
841,276,210.05012208720981,656.6812040354517,274.12649915142373,652.8,370.1
842,276,210.05012208720981,656.6812040354517,274.12649915142373,652.8,370.1
843,276,210.05012208720981,656.6812040354517,274.12649915142373,652.8,370.1
844,276,210.05012208720981,656.6812040354517,274.12649915142373,652.8,370.1
845,276,210.05012208720981,656.6812040354517,274.12649915142373,691.3666666666667,403.6777777777778
846,276,210.05012208720981,656.6812040354517,274.12649915142373,729.9333333333333,437.2555555555556
847,276,210.05012208720981,656.6812040354517,274.12649915142373,768.5,470.8333333333333
848,276,210.05012208720981,656.6812040354517,274.12649915142373,807.0666666666666,504.4111111111111
849,276,210.05012208720981,656.6812040354517,274.12649915142373,845.6333333333333,537.9888888888888
850,276,210.05012208720981,656.6812040354517,274.12649915142373,884.2,571.5666666666666
851,276,210.05012208720981,656.6812040354517,274.12649915142373,922.7666666666667,605.1444444444444
852,276,210.05012208720981,656.6812040354517,274.12649915142373,961.3333333333333,638.7222222222222
853,276,210.05012208720981,656.6812040354517,274.12649915142373,999.9,672.3
854,276,210.05012208720981,656.6812040354517,274.12649915142373,999.9,672.3
855,276,210.05012208720981,656.6812040354517,274.12649915142373,999.9,672.3
856,276,210.05012208720981,656.6812040354517,274.12649915142373,999.9,672.3
857,276,210.05012208720981,656.6812040354517,274.12649915142373,999.9,672.3
858,276,210.05012208720981,656.6812040354517,274.12649915142373,999.9,672.3
859,276,210.05012208720981,656.6812040354517,274.12649915142373,999.9,672.3
860,276,210.05012208720981,656.6812040354517,274.12649915142373,999.9,672.3
861,276,210.05012208720981,656.6812040354517,274.12649915142373,999.9,672.3
862,276,210.05012208720981,656.6812040354517,274.12649915142373,999.9,672.3
863,276,210.05012208720981,656.6812040354517,274.12649915142373,999.9,672.3
864,276,210.05012208720981,656.6812040354517,274.12649915142373,999.9,672.3
865,276,210.05012208720981,656.6812040354517,274.12649915142373,999.9,672.3
866,276,210.05012208720981,656.6812040354517,274.12649915142373,999.9,672.3
867,276,210.05012208720981,656.6812040354517,274.12649915142373,999.9,672.3
868,276,210.05012208720981,656.6812040354517,274.12649915142373,999.9,672.3
869,276,210.05012208720981,656.6812040354517,274.12649915142373,999.9,672.3
870,276,210.05012208720981,656.6812040354517,274.12649915142373,999.9,672.3
871,276,210.05012208720981,656.6812040354517,274.12649915142373,999.9,672.3
872,276,210.05012208720981,656.6812040354517,274.12649915142373,999.9,672.3
873,276,210.05012208720981,656.6812040354517,274.12649915142373,999.9,672.3
874,277,210.05012208720981,656.6812040354517,274.12649915142373,999.9,672.3
875,278,210.05012208720981,656.6812040354517,274.12649915142373,999.9,672.3
876,279,210.05012208720981,656.6812040354517,274.12649915142373,999.9,672.3
877,280,210.05012208720981,656.6812040354517,274.12649915142373,999.9,672.3
878,281,210.05012208720981,656.6812040354517,274.12649915142373,999.9,672.3
879,282,210.05012208720981,1053.6812040354516,664.1264991514238,999.9,672.3
880,283,210.05012208720981,1053.6812040354516,664.1264991514238,1029.9857142857143,678.2571428571429
881,284,210.05012208720981,1053.6812040354516,664.1264991514238,1060.0714285714284,684.2142857142857
882,285,210.05012208720981,1053.6812040354516,664.1264991514238,1090.1571428571428,690.1714285714286
883,286,210.05012208720981,1053.6812040354516,664.1264991514238,1120.2428571428572,696.1285714285714
884,287,210.05012208720981,1053.6812040354516,664.1264991514238,1150.3285714285714,702.0857142857143
885,288,210.05012208720981,1053.6812040354516,664.1264991514238,1180.4142857142856,708.0428571428571
886,289,210.05012208720981,1053.6812040354516,664.1264991514238,1210.5,714.0
887,290,210.05012208720981,1053.6812040354516,664.1264991514238,1210.5,714.0
888,291,490.0170242018086,1053.6812040354516,664.1264991514238,1210.5,714.0
889,292,490.0170242018086,1053.6812040354516,664.1264991514238,1210.5,714.0
890,293,490.0170242018086,1053.6812040354516,664.1264991514238,1210.5,714.0
891,294,490.0170242018086,1053.6812040354516,664.1264991514238,1210.5,714.0
892,295,490.0170242018086,1053.6812040354516,664.1264991514238,1210.5,714.0
893,296,490.0170242018086,1053.6812040354516,664.1264991514238,1210.5,714.0
894,297,490.0170242018086,1053.6812040354516,664.1264991514238,1210.5,714.0
895,298,490.0170242018086,1053.6812040354516,664.1264991514238,1210.5,714.0
896,299,490.0170242018086,1053.6812040354516,664.1264991514238,1210.5,714.0
897,300,490.0170242018086,1053.6812040354516,664.1264991514238,1210.5,714.0
898,301,490.0170242018086,1053.6812040354516,664.1264991514238,1210.5,714.0
899,302,490.0170242018086,1053.6812040354516,664.1264991514238,1210.5,714.0
900,303,490.0170242018086,1053.6812040354516,664.1264991514238,1210.5,714.0
901,304,490.0170242018086,1053.6812040354516,664.1264991514238,1210.5,714.0
902,305,490.0170242018086,1053.6812040354516,664.1264991514238,1210.5,714.0
903,306,490.0170242018086,1053.6812040354516,664.1264991514238,1210.5,714.0
904,307,490.0170242018086,1053.6812040354516,664.1264991514238,1210.5,714.0
905,308,490.0170242018086,1053.6812040354516,664.1264991514238,1210.5,714.0
906,309,490.0170242018086,1053.6812040354516,664.1264991514238,1210.5,714.0
907,310,490.0170242018086,1053.6812040354516,664.1264991514238,1210.5,714.0
908,311,490.0170242018086,1053.6812040354516,664.1264991514238,1210.5,714.0
909,312,490.0170242018086,1053.6812040354516,664.1264991514238,1210.5,714.0
910,313,490.0170242018086,1160.6812040354516,679.1264991514238,1210.5,714.0
911,314,490.0170242018086,1160.6812040354516,679.1264991514238,1210.5,714.0
912,315,490.0170242018086,1160.6812040354516,679.1264991514238,1210.5,714.0
913,316,490.0170242018086,1160.6812040354516,679.1264991514238,1210.5,714.0
914,317,490.0170242018086,1160.6812040354516,679.1264991514238,1210.5,714.0
915,318,490.0170242018086,1160.6812040354516,679.1264991514238,1210.5,714.0
916,319,490.0170242018086,1160.6812040354516,679.1264991514238,1210.5,714.0
917,320,490.0170242018086,1160.6812040354516,679.1264991514238,1210.5,714.0
918,321,490.0170242018086,1160.6812040354516,679.1264991514238,1210.5,714.0
919,322,490.0170242018086,1160.6812040354516,679.1264991514238,1210.5,714.0
920,323,490.0170242018086,1160.6812040354516,679.1264991514238,1210.5,714.0
921,324,490.0170242018086,1268.6812040354516,694.1264991514238,1210.5,714.0
922,325,490.0170242018086,1268.6812040354516,694.1264991514238,1210.5,714.0
923,326,490.0170242018086,1268.6812040354516,694.1264991514238,1210.5,714.0
924,327,490.0170242018086,1268.6812040354516,694.1264991514238,1210.5,714.0
925,328,490.0170242018086,1268.6812040354516,694.1264991514238,1210.5,714.0
926,329,490.0170242018086,1268.6812040354516,694.1264991514238,1210.5,714.0
927,330,490.0170242018086,1268.6812040354516,694.1264991514238,1210.5,714.0
928,331,490.0170242018086,1268.6812040354516,694.1264991514238,1210.5,714.0
929,332,490.0170242018086,1268.6812040354516,694.1264991514238,1210.5,714.0
930,333,490.0170242018086,1268.6812040354516,694.1264991514238,1210.5,714.0
931,334,490.0170242018086,1268.6812040354516,694.1264991514238,1210.5,714.0
932,335,490.0170242018086,1268.6812040354516,694.1264991514238,1210.5,714.0
933,336,490.0170242018086,1268.6812040354516,694.1264991514238,1210.5,714.0
934,337,490.0170242018086,1268.6812040354516,694.1264991514238,1210.5,714.0
935,338,526.7755500208867,1268.6812040354516,694.1264991514238,1210.5,714.0
936,339,14.236064564299413,1268.6812040354516,694.1264991514238,1210.5,714.0
937,339,14.236064564299413,1268.6812040354516,694.1264991514238,1210.5,714.0
938,339,14.236064564299413,1268.6812040354516,694.1264991514238,1210.5,714.0
939,339,14.236064564299413,1268.6812040354516,694.1264991514238,1210.5,714.0
940,339,14.236064564299413,1268.6812040354516,694.1264991514238,1210.5,714.0
941,339,14.236064564299413,1268.6812040354516,694.1264991514238,1210.5,714.0
942,339,14.236064564299413,1268.6812040354516,694.1264991514238,1210.5,714.0
943,339,14.236064564299413,1268.6812040354516,694.1264991514238,1210.5,714.0
944,339,14.236064564299413,1268.6812040354516,694.1264991514238,1210.5,714.0
945,339,14.236064564299413,1268.6812040354516,694.1264991514238,1210.5,714.0
946,339,14.236064564299413,1268.6812040354516,694.1264991514238,1210.5,714.0
947,339,14.236064564299413,1268.6812040354516,694.1264991514238,1210.5,714.0
948,339,14.236064564299413,1268.6812040354516,694.1264991514238,1210.5,714.0
949,339,14.236064564299413,1268.6812040354516,694.1264991514238,1210.5,714.0
950,339,14.236064564299413,1268.6812040354516,694.1264991514238,1210.5,714.0
951,339,14.236064564299413,1232.6812040354516,706.1264991514238,1210.5,714.0
952,339,14.236064564299413,1232.6812040354516,706.1264991514238,1210.5,714.0
953,339,14.236064564299413,1232.6812040354516,706.1264991514238,1210.5,714.0
954,339,14.236064564299413,1232.6812040354516,706.1264991514238,1210.5,714.0
955,339,14.236064564299413,1232.6812040354516,706.1264991514238,1210.5,714.0
956,339,14.236064564299413,1232.6812040354516,706.1264991514238,1210.5,714.0
957,339,14.236064564299413,1232.6812040354516,706.1264991514238,1210.5,714.0
958,339,14.236064564299413,1232.6812040354516,706.1264991514238,1210.5,714.0
959,339,14.236064564299413,1232.6812040354516,706.1264991514238,1210.5,714.0
960,339,14.236064564299413,1232.6812040354516,706.1264991514238,1210.5,714.0
961,339,14.236064564299413,1232.6812040354516,706.1264991514238,1210.5,714.0
962,339,14.236064564299413,1232.6812040354516,706.1264991514238,1210.5,714.0
963,339,14.236064564299413,1232.6812040354516,706.1264991514238,1210.5,714.0
964,339,14.236064564299413,1232.6812040354516,706.1264991514238,1210.5,714.0
965,339,14.236064564299413,1232.6812040354516,706.1264991514238,1210.5,714.0
966,340,54.92931481905498,1232.6812040354516,706.1264991514238,1210.5,714.0
967,341,10.463763989701524,1232.6812040354516,706.1264991514238,1210.5,714.0
968,341,10.463763989701524,1232.6812040354516,706.1264991514238,1184.142857142857,658.2714285714286
969,341,10.463763989701524,1232.6812040354516,706.1264991514238,1157.7857142857142,602.5428571428571
970,341,10.463763989701524,1232.6812040354516,706.1264991514238,1131.4285714285713,546.8142857142857
971,341,10.463763989701524,1232.6812040354516,706.1264991514238,1105.0714285714287,491.0857142857143
972,341,10.463763989701524,1232.6812040354516,706.1264991514238,1078.7142857142858,435.35714285714283
973,341,10.463763989701524,1232.6812040354516,706.1264991514238,1052.357142857143,379.6285714285714
974,341,10.463763989701524,1232.6812040354516,706.1264991514238,1026.0,323.9
975,341,10.463763989701524,1232.6812040354516,706.1264991514238,1026.0,323.9
976,341,10.463763989701524,1232.6812040354516,706.1264991514238,1026.0,323.9
977,341,10.463763989701524,1232.6812040354516,706.1264991514238,1026.0,323.9
978,342,59.381457503537234,1232.6812040354516,706.1264991514238,1026.0,323.9
979,342,59.381457503537234,1232.6812040354516,706.1264991514238,1026.0,323.9
980,342,59.381457503537234,1232.6812040354516,706.1264991514238,1026.0,323.9
981,342,59.381457503537234,1232.6812040354516,706.1264991514238,1026.0,323.9
982,342,59.381457503537234,1311.6812040354516,687.1264991514238,1026.0,323.9
983,342,59.381457503537234,1311.6812040354516,687.1264991514238,1026.0,323.9
984,342,59.381457503537234,1311.6812040354516,687.1264991514238,1026.0,323.9
985,342,59.381457503537234,1311.6812040354516,687.1264991514238,1026.0,323.9
986,342,59.381457503537234,1311.6812040354516,687.1264991514238,1026.0,323.9
987,342,59.381457503537234,1311.6812040354516,687.1264991514238,1026.0,323.9
988,342,59.381457503537234,1311.6812040354516,687.1264991514238,1026.0,323.9
989,342,59.381457503537234,1311.6812040354516,687.1264991514238,1026.0,323.9
990,342,59.381457503537234,1311.6812040354516,687.1264991514238,1026.0,323.9
991,342,59.381457503537234,1311.6812040354516,687.1264991514238,1026.0,323.9
992,342,59.381457503537234,1311.6812040354516,687.1264991514238,1026.0,323.9
993,342,59.381457503537234,1311.6812040354516,687.1264991514238,1026.0,323.9
994,342,59.381457503537234,1311.6812040354516,687.1264991514238,1026.0,323.9
995,342,59.381457503537234,1311.6812040354516,687.1264991514238,1026.0,323.9
996,342,59.381457503537234,1311.6812040354516,687.1264991514238,1026.0,323.9
997,342,59.381457503537234,1311.6812040354516,687.1264991514238,1026.0,323.9
998,342,59.381457503537234,1311.6812040354516,687.1264991514238,1026.0,323.9
999,342,59.381457503537234,1311.6812040354516,687.1264991514238,1026.0,323.9
1000,342,59.381457503537234,1311.6812040354516,687.1264991514238,1026.0,323.9
1001,342,59.381457503537234,1311.6812040354516,687.1264991514238,1026.0,323.9
1002,342,59.381457503537234,1311.6812040354516,687.1264991514238,1026.0,323.9
1003,342,59.381457503537234,1311.6812040354516,687.1264991514238,1026.0,323.9
1004,342,59.381457503537234,1311.6812040354516,687.1264991514238,1026.0,323.9
1005,342,59.381457503537234,1311.6812040354516,687.1264991514238,1026.0,323.9
1006,342,59.381457503537234,1167.6812040354516,461.12649915142373,1026.0,323.9
1007,342,59.381457503537234,1167.6812040354516,461.12649915142373,1026.0,323.9
1008,342,26.20203778956992,1167.6812040354516,461.12649915142373,1026.0,323.9
1009,342,26.20203778956992,1167.6812040354516,461.12649915142373,1026.0,323.9
1010,342,26.20203778956992,1167.6812040354516,461.12649915142373,1026.0,323.9
1011,342,26.20203778956992,1167.6812040354516,461.12649915142373,1026.0,323.9
1012,342,26.20203778956992,1167.6812040354516,461.12649915142373,1026.0,323.9
1013,342,26.20203778956992,1167.6812040354516,461.12649915142373,1026.0,323.9
1014,342,26.20203778956992,1023.6812040354517,235.12649915142373,1026.0,323.9
1015,342,26.20203778956992,1023.6812040354517,235.12649915142373,1026.0,323.9
1016,342,26.20203778956992,1023.6812040354517,235.12649915142373,1026.0,323.9
1017,342,26.20203778956992,1023.6812040354517,235.12649915142373,1026.0,323.9
1018,342,26.20203778956992,1023.6812040354517,235.12649915142373,1026.0,323.9
1019,342,26.20203778956992,1023.6812040354517,235.12649915142373,1026.0,323.9
1020,342,26.20203778956992,1023.6812040354517,235.12649915142373,1026.0,323.9
1021,342,26.20203778956992,1023.6812040354517,235.12649915142373,1026.0,323.9
1022,342,26.20203778956992,1023.6812040354517,235.12649915142373,1026.0,323.9
1023,342,26.20203778956992,1023.6812040354517,235.12649915142373,1026.0,323.9
1024,342,26.20203778956992,1023.6812040354517,235.12649915142373,1026.0,323.9
1025,342,26.20203778956992,1023.6812040354517,235.12649915142373,1026.0,323.9
1026,342,26.20203778956992,1023.6812040354517,235.12649915142373,1026.0,323.9
1027,342,26.20203778956992,1023.6812040354517,235.12649915142373,991.1142857142858,328.07142857142856
1028,342,26.20203778956992,1023.6812040354517,235.12649915142373,956.2285714285714,332.24285714285713
1029,342,26.20203778956992,1023.6812040354517,235.12649915142373,921.3428571428572,336.4142857142857
1030,342,26.20203778956992,1023.6812040354517,235.12649915142373,886.4571428571428,340.5857142857143
1031,342,26.20203778956992,1023.6812040354517,235.12649915142373,851.5714285714286,344.75714285714287
1032,342,26.20203778956992,1023.6812040354517,235.12649915142373,816.6857142857143,348.92857142857144
1033,342,26.20203778956992,1023.6812040354517,235.12649915142373,781.8,353.1
1034,342,26.20203778956992,1023.6812040354517,235.12649915142373,781.8,353.1
1035,343,26.20203778956992,1023.6812040354517,235.12649915142373,781.8,353.1
1036,344,26.20203778956992,1023.6812040354517,235.12649915142373,781.8,353.1
1037,345,26.20203778956992,1023.6812040354517,235.12649915142373,781.8,353.1
1038,346,26.20203778956992,1023.6812040354517,235.12649915142373,781.8,353.1
1039,347,102.63220768439754,1023.6812040354517,235.12649915142373,781.8,353.1
1040,348,102.63220768439754,1023.6812040354517,235.12649915142373,781.8,353.1
1041,349,102.63220768439754,1023.6812040354517,235.12649915142373,781.8,353.1
1042,350,102.63220768439754,1023.6812040354517,235.12649915142373,781.8,353.1
1043,351,102.63220768439754,1023.6812040354517,235.12649915142373,781.8,353.1
1044,352,102.63220768439754,1023.6812040354517,235.12649915142373,781.8,353.1
1045,353,102.63220768439754,1023.6812040354517,235.12649915142373,781.8,353.1
1046,354,102.63220768439754,1023.6812040354517,235.12649915142373,781.8,353.1
1047,355,102.63220768439754,1023.6812040354517,235.12649915142373,781.8,353.1
1048,356,102.63220768439754,1023.6812040354517,235.12649915142373,781.8,353.1
1049,357,102.63220768439754,1023.6812040354517,235.12649915142373,781.8,353.1
1050,358,102.63220768439754,1023.6812040354517,235.12649915142373,781.8,353.1
1051,359,102.63220768439754,1023.6812040354517,235.12649915142373,781.8,353.1
1052,360,102.63220768439754,1023.6812040354517,235.12649915142373,781.8,353.1
1053,361,102.63220768439754,1023.6812040354517,235.12649915142373,781.8,353.1
1054,362,102.63220768439754,1023.6812040354517,235.12649915142373,781.8,353.1
1055,363,102.63220768439754,1023.6812040354517,235.12649915142373,776.3428571428572,396.8857142857143
1056,364,102.63220768439754,1023.6812040354517,235.12649915142373,770.8857142857142,440.6714285714286
1057,365,102.63220768439754,1023.6812040354517,235.12649915142373,765.4285714285714,484.4571428571429
1058,366,102.63220768439754,1023.6812040354517,235.12649915142373,759.9714285714285,528.2428571428571
1059,367,102.63220768439754,1023.6812040354517,235.12649915142373,754.5142857142857,572.0285714285715
1060,368,102.63220768439754,1023.6812040354517,235.12649915142373,749.0571428571428,615.8142857142857
1061,369,102.63220768439754,1023.6812040354517,235.12649915142373,743.6,659.6
1062,370,137.44406864880295,620.6812040354517,279.12649915142373,743.6,659.6
1063,371,140.859412270147,620.6812040354517,279.12649915142373,743.6,659.6
1064,372,103.99040756985063,620.6812040354517,279.12649915142373,743.6,659.6
1065,373,88.62994312932392,620.6812040354517,279.12649915142373,743.6,659.6
1066,373,88.62994312932392,620.6812040354517,279.12649915142373,743.6,659.6
1067,373,88.62994312932392,620.6812040354517,279.12649915142373,743.6,659.6
1068,373,88.62994312932392,620.6812040354517,279.12649915142373,743.6,659.6
1069,374,104.71465934997755,620.6812040354517,279.12649915142373,743.6,659.6
1070,375,141.92844696384017,620.6812040354517,279.12649915142373,743.6,659.6
1071,376,133.8975042018243,620.6812040354517,279.12649915142373,743.6,659.6
1072,377,98.60119013050614,620.6812040354517,279.12649915142373,743.6,659.6
1073,378,87.08891358799916,620.6812040354517,279.12649915142373,743.6,659.6
1074,378,87.08891358799916,620.6812040354517,279.12649915142373,743.6,659.6
1075,378,87.08891358799916,620.6812040354517,279.12649915142373,743.6,659.6
1076,378,87.08891358799916,620.6812040354517,279.12649915142373,743.6,659.6
1077,378,87.08891358799916,620.6812040354517,279.12649915142373,743.6,659.6
1078,379,87.08891358799916,620.6812040354517,279.12649915142373,743.6,659.6
1079,380,87.08891358799916,620.6812040354517,279.12649915142373,743.6,659.6
1080,381,87.08891358799916,620.6812040354517,279.12649915142373,780.375,666.825
1081,382,87.08891358799916,620.6812040354517,279.12649915142373,817.1500000000001,674.05
1082,383,87.08891358799916,620.6812040354517,279.12649915142373,853.9250000000001,681.275
1083,384,87.08891358799916,620.6812040354517,279.12649915142373,890.7,688.5
1084,385,87.08891358799916,620.6812040354517,279.12649915142373,890.7,688.5
1085,386,87.08891358799916,620.6812040354517,279.12649915142373,890.7,688.5
1086,387,87.08891358799916,711.6812040354517,474.12649915142373,890.7,688.5
1087,388,87.08891358799916,711.6812040354517,474.12649915142373,890.7,688.5
1088,389,87.08891358799916,711.6812040354517,474.12649915142373,890.7,688.5
1089,390,87.08891358799916,711.6812040354517,474.12649915142373,890.7,688.5
1090,391,87.08891358799916,711.6812040354517,474.12649915142373,890.7,688.5
1091,392,87.08891358799916,711.6812040354517,474.12649915142373,890.7,688.5
1092,393,87.08891358799916,711.6812040354517,474.12649915142373,890.7,688.5
1093,394,87.08891358799916,711.6812040354517,474.12649915142373,890.7,688.5
1094,395,87.08891358799916,711.6812040354517,474.12649915142373,890.7,688.5
1095,396,87.08891358799916,801.6812040354517,669.1264991514238,890.7,688.5
1096,397,87.08891358799916,801.6812040354517,669.1264991514238,890.7,688.5
1097,398,87.08891358799916,801.6812040354517,669.1264991514238,890.7,688.5
1098,399,87.08891358799916,801.6812040354517,669.1264991514238,890.7,688.5
1099,400,87.08891358799916,801.6812040354517,669.1264991514238,890.7,688.5
1100,401,87.08891358799916,801.6812040354517,669.1264991514238,890.7,688.5
1101,402,87.08891358799916,801.6812040354517,669.1264991514238,890.7,688.5
1102,403,87.08891358799916,801.6812040354517,669.1264991514238,890.7,688.5
1103,404,87.08891358799916,801.6812040354517,669.1264991514238,890.7,688.5
1104,405,87.08891358799916,801.6812040354517,669.1264991514238,890.7,688.5
1105,406,87.08891358799916,801.6812040354517,669.1264991514238,890.7,688.5
1106,407,87.08891358799916,801.6812040354517,669.1264991514238,890.7,688.5
1107,408,87.08891358799916,801.6812040354517,669.1264991514238,890.7,688.5
1108,409,87.08891358799916,801.6812040354517,669.1264991514238,890.7,688.5
1109,410,87.08891358799916,801.6812040354517,669.1264991514238,890.7,688.5
1110,411,87.08891358799916,801.6812040354517,669.1264991514238,890.7,688.5
1111,412,87.08891358799916,801.6812040354517,669.1264991514238,890.7,688.5
1112,413,87.08891358799916,801.6812040354517,669.1264991514238,890.7,688.5
1113,414,87.08891358799916,801.6812040354517,669.1264991514238,890.7,688.5
1114,415,87.08891358799916,801.6812040354517,669.1264991514238,890.7,688.5
1115,416,87.08891358799916,801.6812040354517,669.1264991514238,890.7,688.5
1116,417,87.08891358799916,801.6812040354517,669.1264991514238,890.7,688.5
1117,418,87.08891358799916,801.6812040354517,669.1264991514238,890.7,688.5
1118,419,87.08891358799916,801.6812040354517,669.1264991514238,890.7,688.5
1119,420,325.2546084880107,801.6812040354517,669.1264991514238,890.7,688.5
1120,421,325.2546084880107,905.6812040354517,680.1264991514238,890.7,688.5
1121,422,325.2546084880107,905.6812040354517,680.1264991514238,890.7,688.5
1122,423,325.2546084880107,905.6812040354517,680.1264991514238,890.7,688.5
1123,424,325.2546084880107,905.6812040354517,680.1264991514238,890.7,688.5
1124,425,325.2546084880107,905.6812040354517,680.1264991514238,890.7,688.5
1125,426,325.2546084880107,905.6812040354517,680.1264991514238,890.7,688.5
1126,427,325.2546084880107,905.6812040354517,680.1264991514238,890.7,688.5
1127,428,325.2546084880107,905.6812040354517,680.1264991514238,890.7,688.5
1128,429,325.2546084880107,905.6812040354517,680.1264991514238,890.7,688.5
1129,430,325.2546084880107,905.6812040354517,680.1264991514238,890.7,688.5
1130,431,325.2546084880107,905.6812040354517,680.1264991514238,890.7,688.5
1131,432,325.2546084880107,905.6812040354517,680.1264991514238,890.7,688.5
1132,433,325.2546084880107,905.6812040354517,680.1264991514238,890.7,688.5
1133,434,325.2546084880107,905.6812040354517,680.1264991514238,890.7,688.5
1134,435,325.2546084880107,905.6812040354517,680.1264991514238,890.7,688.5
1135,436,325.2546084880107,905.6812040354517,680.1264991514238,890.7,688.5
1136,437,325.2546084880107,905.6812040354517,680.1264991514238,890.7,688.5
1137,438,325.2546084880107,905.6812040354517,680.1264991514238,890.7,688.5
1138,439,325.2546084880107,905.6812040354517,680.1264991514238,890.7,688.5
1139,440,325.2546084880107,905.6812040354517,680.1264991514238,861.3714285714286,640.0285714285715
1140,441,325.2546084880107,905.6812040354517,680.1264991514238,832.0428571428572,591.5571428571428
1141,442,325.5899352520695,905.6812040354517,680.1264991514238,802.7142857142858,543.0857142857143
1142,443,332.84232382947414,905.6812040354517,680.1264991514238,773.3857142857142,494.6142857142857
1143,444,233.8460047348889,905.6812040354517,680.1264991514238,744.0571428571428,446.1428571428571
1144,445,224.56514093961098,905.6812040354517,680.1264991514238,714.7285714285714,397.6714285714286
1145,445,224.56514093961098,905.6812040354517,680.1264991514238,685.4,349.2
1146,445,224.56514093961098,905.6812040354517,680.1264991514238,685.4,349.2
1147,445,224.56514093961098,905.6812040354517,680.1264991514238,685.4,349.2
1148,445,224.56514093961098,905.6812040354517,680.1264991514238,685.4,349.2
1149,445,224.56514093961098,905.6812040354517,680.1264991514238,685.4,349.2
1150,446,225.23767917465545,905.6812040354517,680.1264991514238,685.4,349.2
1151,447,235.77846109164156,905.6812040354517,680.1264991514238,685.4,349.2
1152,448,140.94809578329532,928.6812040354517,695.1264991514238,685.4,349.2
1153,449,125.26475282255043,928.6812040354517,695.1264991514238,685.4,349.2
1154,450,126.77977715098082,928.6812040354517,695.1264991514238,685.4,349.2
1155,451,144.9549119181893,928.6812040354517,695.1264991514238,685.4,349.2
1156,452,144.9549119181893,928.6812040354517,695.1264991514238,685.4,349.2
1157,453,144.9549119181893,928.6812040354517,695.1264991514238,685.4,349.2
1158,454,144.9549119181893,928.6812040354517,695.1264991514238,685.4,349.2
1159,455,144.9549119181893,928.6812040354517,695.1264991514238,685.4,349.2
1160,456,144.9549119181893,928.6812040354517,695.1264991514238,685.4,349.2
1161,457,144.9549119181893,928.6812040354517,695.1264991514238,685.4,349.2
1162,458,144.9549119181893,928.6812040354517,695.1264991514238,685.4,349.2
1163,459,144.9549119181893,928.6812040354517,695.1264991514238,685.4,349.2
1164,460,144.9549119181893,928.6812040354517,695.1264991514238,685.4,349.2
1165,461,144.9549119181893,928.6812040354517,695.1264991514238,685.4,349.2
1166,462,144.9549119181893,795.6812040354517,483.12649915142373,685.4,349.2
1167,463,144.9549119181893,795.6812040354517,483.12649915142373,685.4,349.2
1168,464,144.9549119181893,795.6812040354517,483.12649915142373,685.4,349.2
1169,465,144.9549119181893,795.6812040354517,483.12649915142373,685.4,349.2
1170,466,144.9549119181893,795.6812040354517,483.12649915142373,685.4,349.2
1171,467,144.9549119181893,795.6812040354517,483.12649915142373,685.4,349.2
1172,468,144.9549119181893,795.6812040354517,483.12649915142373,685.4,349.2
1173,469,144.9549119181893,795.6812040354517,483.12649915142373,685.4,349.2
1174,470,144.9549119181893,661.6812040354517,270.12649915142373,685.4,349.2
1175,471,136.59534916400438,661.6812040354517,270.12649915142373,685.4,349.2
1176,472,131.63362076247947,661.6812040354517,270.12649915142373,685.4,349.2
1177,473,25.89521220857935,661.6812040354517,270.12649915142373,685.4,349.2
1178,473,25.89521220857935,661.6812040354517,270.12649915142373,685.4,349.2
1179,473,25.89521220857935,661.6812040354517,270.12649915142373,685.4,349.2
1180,473,25.89521220857935,661.6812040354517,270.12649915142373,685.4,349.2
1181,473,25.89521220857935,661.6812040354517,270.12649915142373,685.4,349.2
1182,473,25.89521220857935,661.6812040354517,270.12649915142373,685.4,349.2
1183,473,25.89521220857935,661.6812040354517,270.12649915142373,685.4,349.2
1184,473,25.89521220857935,661.6812040354517,270.12649915142373,685.4,349.2
1185,473,25.89521220857935,661.6812040354517,270.12649915142373,685.4,349.2
1186,473,25.89521220857935,661.6812040354517,270.12649915142373,685.4,349.2
1187,473,25.89521220857935,661.6812040354517,270.12649915142373,685.4,349.2
1188,473,25.89521220857935,661.6812040354517,270.12649915142373,685.4,349.2
1189,473,25.89521220857935,661.6812040354517,270.12649915142373,685.4,349.2
1190,473,25.89521220857935,661.6812040354517,270.12649915142373,685.4,349.2
1191,473,25.89521220857935,661.6812040354517,270.12649915142373,685.4,349.2
1192,473,25.89521220857935,661.6812040354517,270.12649915142373,685.4,349.2
1193,473,25.89521220857935,661.6812040354517,270.12649915142373,685.4,349.2
1194,473,25.89521220857935,661.6812040354517,270.12649915142373,685.4,349.2
1195,473,25.89521220857935,661.6812040354517,270.12649915142373,685.4,349.2
1196,473,25.89521220857935,661.6812040354517,270.12649915142373,685.4,349.2
1197,473,25.89521220857935,661.6812040354517,270.12649915142373,685.4,349.2
1198,473,25.89521220857935,661.6812040354517,270.12649915142373,685.4,349.2
1199,473,25.89521220857935,661.6812040354517,270.12649915142373,685.4,349.2
1200,473,25.89521220857935,661.6812040354517,270.12649915142373,685.4,349.2
1201,473,25.89521220857935,661.6812040354517,270.12649915142373,685.4,349.2
1202,473,25.89521220857935,661.6812040354517,270.12649915142373,685.4,349.2
1203,473,25.89521220857935,661.6812040354517,270.12649915142373,685.4,349.2
1204,473,25.89521220857935,661.6812040354517,270.12649915142373,685.4,349.2
1205,473,25.89521220857935,661.6812040354517,270.12649915142373,685.4,349.2
1206,473,25.89521220857935,661.6812040354517,270.12649915142373,685.4,349.2
1207,473,25.89521220857935,661.6812040354517,270.12649915142373,685.4,349.2
1208,474,25.89521220857935,661.6812040354517,270.12649915142373,685.4,349.2
1209,475,11.527895536517214,661.6812040354517,270.12649915142373,685.4,349.2
1210,476,11.527895536517214,661.6812040354517,270.12649915142373,685.4,349.2
1211,477,11.527895536517214,661.6812040354517,270.12649915142373,685.4,349.2
1212,478,11.527895536517214,661.6812040354517,270.12649915142373,685.4,349.2
1213,479,11.527895536517214,661.6812040354517,270.12649915142373,685.4,349.2
1214,480,11.527895536517214,661.6812040354517,270.12649915142373,685.4,349.2
1215,481,11.527895536517214,661.6812040354517,270.12649915142373,685.4,349.2
1216,482,11.527895536517214,661.6812040354517,270.12649915142373,685.4,349.2
1217,483,11.527895536517214,661.6812040354517,270.12649915142373,685.4,349.2
1218,484,11.527895536517214,661.6812040354517,270.12649915142373,685.4,349.2
1219,485,11.527895536517214,661.6812040354517,270.12649915142373,685.4,349.2
1220,486,11.527895536517214,661.6812040354517,270.12649915142373,685.4,349.2
1221,487,11.527895536517214,661.6812040354517,270.12649915142373,685.4,349.2
1222,488,11.527895536517214,614.6812040354517,258.12649915142373,685.4,349.2
1223,489,183.97577477288067,614.6812040354517,258.12649915142373,685.4,349.2
1224,490,148.7780802635881,614.6812040354517,258.12649915142373,685.4,349.2
1225,490,148.7780802635881,614.6812040354517,258.12649915142373,685.4,349.2
1226,490,148.7780802635881,614.6812040354517,258.12649915142373,685.4,349.2
1227,490,148.7780802635881,614.6812040354517,258.12649915142373,685.4,349.2
1228,491,153.51205442172227,614.6812040354517,258.12649915142373,685.4,349.2
1229,492,195.29512733516725,614.6812040354517,258.12649915142373,685.4,349.2
1230,493,256.62740479372576,614.6812040354517,258.12649915142373,685.4,349.2
1231,494,302.32402141358375,614.6812040354517,258.12649915142373,685.4,349.2
1232,495,302.32402141358375,614.6812040354517,258.12649915142373,734.7,352.425
1233,496,302.32402141358375,614.6812040354517,258.12649915142373,784.0,355.65
1234,497,302.32402141358375,614.6812040354517,258.12649915142373,833.3,358.875
1235,498,302.32402141358375,614.6812040354517,258.12649915142373,882.6,362.1
1236,499,302.32402141358375,614.6812040354517,258.12649915142373,882.6,362.1
1237,500,302.32402141358375,614.6812040354517,258.12649915142373,882.6,362.1
1238,501,302.32402141358375,614.6812040354517,258.12649915142373,882.6,362.1
1239,502,302.32402141358375,614.6812040354517,258.12649915142373,882.6,362.1
1240,503,302.32402141358375,614.6812040354517,258.12649915142373,882.6,362.1
1241,504,302.32402141358375,614.6812040354517,258.12649915142373,882.6,362.1
1242,505,302.32402141358375,614.6812040354517,258.12649915142373,882.6,362.1
1243,506,302.32402141358375,614.6812040354517,258.12649915142373,882.6,362.1
1244,507,302.32402141358375,614.6812040354517,258.12649915142373,882.6,362.1
1245,508,302.32402141358375,614.6812040354517,258.12649915142373,882.6,362.1
1246,509,302.32402141358375,614.6812040354517,258.12649915142373,882.6,362.1
1247,510,302.32402141358375,614.6812040354517,258.12649915142373,882.6,362.1
1248,511,302.32402141358375,614.6812040354517,258.12649915142373,882.6,362.1
1249,512,302.32402141358375,614.6812040354517,258.12649915142373,882.6,362.1
1250,513,302.32402141358375,614.6812040354517,258.12649915142373,882.6,362.1
1251,514,302.32402141358375,614.6812040354517,258.12649915142373,882.6,362.1
1252,515,302.32402141358375,614.6812040354517,258.12649915142373,882.6,362.1
1253,516,302.32402141358375,614.6812040354517,258.12649915142373,882.6,362.1
1254,517,302.32402141358375,614.6812040354517,258.12649915142373,882.6,362.1
1255,518,302.32402141358375,614.6812040354517,258.12649915142373,882.6,362.1
1256,519,302.32402141358375,614.6812040354517,258.12649915142373,882.6,362.1
1257,520,302.32402141358375,614.6812040354517,258.12649915142373,882.6,362.1
1258,521,302.32402141358375,614.6812040354517,258.12649915142373,895.375,378.45000000000005
1259,522,302.32402141358375,614.6812040354517,258.12649915142373,908.1500000000001,394.8
1260,523,302.32402141358375,614.6812040354517,258.12649915142373,920.9250000000001,411.15
1261,524,302.32402141358375,614.6812040354517,258.12649915142373,933.7,427.5
1262,525,302.32402141358375,614.6812040354517,258.12649915142373,933.7,427.5
1263,526,302.32402141358375,740.6812040354517,311.12649915142373,933.7,427.5
1264,527,302.32402141358375,740.6812040354517,311.12649915142373,933.7,427.5
1265,528,302.32402141358375,740.6812040354517,311.12649915142373,933.7,427.5
1266,529,305.92511044985025,740.6812040354517,311.12649915142373,933.7,427.5
1267,530,317.0140186795858,740.6812040354517,311.12649915142373,933.7,427.5
1268,531,334.8476645141248,740.6812040354517,311.12649915142373,933.7,427.5
1269,532,358.42068073327283,740.6812040354517,311.12649915142373,933.7,427.5
1270,533,386.68484050916317,867.6812040354517,363.12649915142373,933.7,427.5
1271,534,418.691178480568,867.6812040354517,363.12649915142373,933.7,427.5
1272,535,453.6483170373856,867.6812040354517,363.12649915142373,933.7,427.5
1273,536,490.92631190415256,867.6812040354517,363.12649915142373,933.7,427.5
1274,537,530.0357039335461,867.6812040354517,363.12649915142373,933.7,427.5
1275,538,530.0357039335461,867.6812040354517,363.12649915142373,933.7,427.5
1276,539,530.0357039335461,867.6812040354517,363.12649915142373,933.7,427.5
1277,540,530.0357039335461,867.6812040354517,363.12649915142373,933.7,427.5
1278,541,530.0357039335461,867.6812040354517,363.12649915142373,933.7,427.5
1279,542,573.5194663525931,867.6812040354517,363.12649915142373,933.7,427.5
1280,543,573.5194663525931,867.6812040354517,363.12649915142373,933.7,427.5
1281,544,573.5194663525931,867.6812040354517,363.12649915142373,933.7,427.5
1282,545,573.5194663525931,867.6812040354517,363.12649915142373,932.0666666666667,452.51666666666665
1283,546,573.5194663525931,867.6812040354517,363.12649915142373,930.4333333333334,477.53333333333336
1284,547,573.5194663525931,867.6812040354517,363.12649915142373,928.8,502.55
1285,548,573.5194663525931,867.6812040354517,363.12649915142373,927.1666666666666,527.5666666666667
1286,549,573.5194663525931,867.6812040354517,363.12649915142373,925.5333333333333,552.5833333333334
1287,550,573.5194663525931,867.6812040354517,363.12649915142373,923.9,577.6
1288,551,560.6370877367648,867.6812040354517,363.12649915142373,923.9,577.6
1289,552,549.3003936886981,867.6812040354517,363.12649915142373,923.9,577.6
1290,553,539.6068136774743,867.6812040354517,363.12649915142373,923.9,577.6
1291,554,531.6462326846248,867.6812040354517,363.12649915142373,923.9,577.6
1292,555,531.6462326846248,867.6812040354517,363.12649915142373,923.9,577.6
1293,556,531.6462326846248,867.6812040354517,363.12649915142373,923.9,577.6
1294,557,531.6462326846248,903.6812040354517,441.12649915142373,923.9,577.6
1295,558,531.6462326846248,903.6812040354517,441.12649915142373,923.9,577.6
1296,559,531.6462326846248,903.6812040354517,441.12649915142373,923.9,577.6
1297,560,531.6462326846248,903.6812040354517,441.12649915142373,923.9,577.6
1298,561,531.6462326846248,903.6812040354517,441.12649915142373,923.9,577.6
1299,562,531.6462326846248,903.6812040354517,441.12649915142373,923.9,577.6
1300,563,531.6462326846248,903.6812040354517,441.12649915142373,923.9,577.6
1301,564,531.6462326846248,903.6812040354517,441.12649915142373,923.9,577.6
1302,565,531.6462326846248,939.6812040354517,520.1264991514238,923.9,577.6
1303,566,531.6462326846248,939.6812040354517,520.1264991514238,923.9,577.6
1304,567,531.6462326846248,939.6812040354517,520.1264991514238,923.9,577.6
1305,568,531.6462326846248,939.6812040354517,520.1264991514238,923.9,577.6
1306,569,531.6462326846248,939.6812040354517,520.1264991514238,923.9,577.6
1307,570,531.6462326846248,939.6812040354517,520.1264991514238,923.9,577.6
1308,571,531.6462326846248,939.6812040354517,520.1264991514238,923.9,577.6
1309,572,531.6462326846248,939.6812040354517,520.1264991514238,923.9,577.6
1310,573,531.6462326846248,939.6812040354517,520.1264991514238,923.9,577.6
1311,574,531.6462326846248,939.6812040354517,520.1264991514238,923.9,577.6
1312,575,531.6462326846248,939.6812040354517,520.1264991514238,923.9,577.6
1313,576,531.6462326846248,939.6812040354517,520.1264991514238,923.9,577.6
1314,577,488.08633003744137,939.6812040354517,520.1264991514238,923.9,577.6
1315,578,447.23867059276307,939.6812040354517,520.1264991514238,923.9,577.6
1316,579,409.9148758464932,939.6812040354517,520.1264991514238,923.9,577.6
1317,580,377.1625597397094,939.6812040354517,520.1264991514238,923.9,577.6
1318,581,350.26647221947155,939.6812040354517,520.1264991514238,923.9,577.6
1319,582,330.6587677882407,939.6812040354517,520.1264991514238,923.9,577.6
1320,583,193.83556500004417,939.6812040354517,520.1264991514238,923.9,577.6
1321,584,207.04292680033845,939.6812040354517,520.1264991514238,932.925,596.225
1322,585,207.04292680033845,939.6812040354517,520.1264991514238,941.95,614.85
1323,586,207.04292680033845,939.6812040354517,520.1264991514238,950.975,633.475
1324,587,207.04292680033845,939.6812040354517,520.1264991514238,960.0,652.1
1325,588,207.04292680033845,939.6812040354517,520.1264991514238,960.0,652.1
1326,589,207.04292680033845,936.6812040354517,550.1264991514238,960.0,652.1
1327,590,146.41296143034302,936.6812040354517,550.1264991514238,960.0,652.1
1327,591,146.41296143034302,936.6812040354517,550.1264991514238,960.0,652.1
1327,592,146.41296143034302,936.6812040354517,550.1264991514238,960.0,652.1
1327,593,146.41296143034302,936.6812040354517,550.1264991514238,960.0,652.1
1327,594,146.41296143034302,936.6812040354517,550.1264991514238,960.0,652.1
1327,595,146.41296143034302,936.6812040354517,550.1264991514238,960.0,652.1
1327,596,146.41296143034302,936.6812040354517,550.1264991514238,960.0,652.1
1327,597,146.41296143034302,936.6812040354517,550.1264991514238,960.0,652.1
1328,598,146.41296143034302,932.6812040354517,581.1264991514238,960.0,652.1
1329,599,146.41296143034302,932.6812040354517,581.1264991514238,960.0,652.1
1330,600,146.41296143034302,932.6812040354517,581.1264991514238,960.0,652.1
1331,601,146.41296143034302,932.6812040354517,581.1264991514238,960.0,652.1
1332,602,146.41296143034302,932.6812040354517,581.1264991514238,960.0,652.1
1333,603,146.41296143034302,932.6812040354517,581.1264991514238,960.0,652.1
1334,604,146.41296143034302,932.6812040354517,581.1264991514238,960.0,652.1
1335,605,146.41296143034302,932.6812040354517,581.1264991514238,960.0,652.1
1336,606,146.41296143034302,932.6812040354517,581.1264991514238,960.0,652.1
1337,607,146.41296143034302,932.6812040354517,581.1264991514238,960.0,652.1
1338,608,146.41296143034302,932.6812040354517,581.1264991514238,960.0,652.1
1339,609,146.41296143034302,932.6812040354517,581.1264991514238,960.0,652.1
1340,610,146.41296143034302,932.6812040354517,581.1264991514238,960.0,652.1
1341,611,146.41296143034302,932.6812040354517,581.1264991514238,960.0,652.1
1342,612,146.41296143034302,932.6812040354517,581.1264991514238,960.0,652.1
1343,613,146.41296143034302,980.6812040354517,648.1264991514238,960.0,652.1
1344,614,146.41296143034302,980.6812040354517,648.1264991514238,960.0,652.1
1345,615,146.41296143034302,980.6812040354517,648.1264991514238,960.0,652.1
1346,616,146.41296143034302,980.6812040354517,648.1264991514238,960.0,652.1
1347,617,146.41296143034302,980.6812040354517,648.1264991514238,960.0,652.1
1348,618,146.41296143034302,980.6812040354517,648.1264991514238,960.0,652.1
1349,619,101.42182249545104,980.6812040354517,648.1264991514238,960.0,652.1
1350,620,64.2580540227795,980.6812040354517,648.1264991514238,960.0,652.1
1351,621,62.22073704533517,980.6812040354517,648.1264991514238,960.0,652.1
1352,622,15.38644848431251,980.6812040354517,648.1264991514238,960.0,652.1
1353,622,15.38644848431251,980.6812040354517,648.1264991514238,960.0,652.1
1354,622,15.38644848431251,980.6812040354517,648.1264991514238,960.0,652.1
1355,622,15.38644848431251,980.6812040354517,648.1264991514238,960.0,652.1
1356,622,15.38644848431251,980.6812040354517,648.1264991514238,960.0,652.1
1357,622,15.38644848431251,980.6812040354517,648.1264991514238,960.0,652.1
1358,623,39.93928016947807,980.6812040354517,648.1264991514238,960.0,652.1
1359,624,34.65997093808939,980.6812040354517,648.1264991514238,960.0,652.1
1359,625,70.58861904673338,980.6812040354517,648.1264991514238,1015.54,665.1800000000001
1359,626,117.29140342506139,980.6812040354517,648.1264991514238,1071.08,678.26
1359,627,117.29140342506139,980.6812040354517,648.1264991514238,1126.62,691.34
1359,628,117.29140342506139,980.6812040354517,648.1264991514238,1182.16,704.42
1359,629,117.29140342506139,980.6812040354517,648.1264991514238,1237.7,717.5
1359,630,117.29140342506139,980.6812040354517,648.1264991514238,1237.7,717.5
1359,631,117.29140342506139,980.6812040354517,648.1264991514238,1237.7,717.5
1359,632,117.29140342506139,980.6812040354517,648.1264991514238,1237.7,717.5
1359,633,117.29140342506139,980.6812040354517,648.1264991514238,1237.7,717.5
1359,634,117.29140342506139,980.6812040354517,648.1264991514238,1237.7,717.5
1359,635,117.29140342506139,980.6812040354517,648.1264991514238,1237.7,717.5
1359,636,117.29140342506139,980.6812040354517,648.1264991514238,1237.7,717.5
1359,637,117.29140342506139,980.6812040354517,648.1264991514238,1237.7,717.5
1359,638,117.29140342506139,980.6812040354517,648.1264991514238,1237.7,717.5
1359,639,117.29140342506139,980.6812040354517,648.1264991514238,1237.7,717.5
1359,640,117.29140342506139,980.6812040354517,648.1264991514238,1237.7,717.5
1359,641,117.29140342506139,980.6812040354517,648.1264991514238,1237.7,717.5
1359,642,117.29140342506139,980.6812040354517,648.1264991514238,1237.7,717.5
1359,643,117.29140342506139,980.6812040354517,648.1264991514238,1237.7,717.5
1359,644,117.29140342506139,980.6812040354517,648.1264991514238,1237.7,717.5
1360,645,117.29140342506139,980.6812040354517,648.1264991514238,1237.7,717.5
1361,646,117.29140342506139,980.6812040354517,648.1264991514238,1237.7,717.5
1362,647,131.15475289184457,980.6812040354517,648.1264991514238,1237.7,717.5
1362,648,145.5375308042531,980.6812040354517,648.1264991514238,1237.7,717.5
1362,649,160.29998227340755,980.6812040354517,648.1264991514238,1237.7,717.5
1362,650,175.34623902122453,980.6812040354517,648.1264991514238,1237.7,717.5
1362,651,190.60910402889957,980.6812040354517,648.1264991514238,1237.7,717.5
1362,652,206.04044582627228,980.6812040354517,648.1264991514238,1237.7,717.5
1362,653,206.04044582627228,980.6812040354517,648.1264991514238,1237.7,717.5
1362,654,206.04044582627228,980.6812040354517,648.1264991514238,1237.7,717.5
1362,655,206.04044582627228,980.6812040354517,648.1264991514238,1223.4,698.1727272727272
1362,656,206.04044582627228,1150.6812040354516,671.1264991514238,1209.1000000000001,678.8454545454546
1362,657,206.04044582627228,1150.6812040354516,671.1264991514238,1194.8,659.5181818181818
1362,658,206.04044582627228,1150.6812040354516,671.1264991514238,1180.5,640.1909090909091
1362,659,206.04044582627228,1150.6812040354516,671.1264991514238,1166.2,620.8636363636364
1362,660,206.04044582627228,1150.6812040354516,671.1264991514238,1151.9,601.5363636363636
1362,661,206.04044582627228,1150.6812040354516,671.1264991514238,1137.6000000000001,582.209090909091
1362,662,206.04044582627228,1150.6812040354516,671.1264991514238,1123.3000000000002,562.8818181818182
1362,663,206.04044582627228,1150.6812040354516,671.1264991514238,1109.0,543.5545454545454
1362,664,206.04044582627228,1320.6812040354516,694.1264991514238,1094.7,524.2272727272727
1362,665,206.04044582627228,1320.6812040354516,694.1264991514238,1080.4,504.9
1362,666,206.04044582627228,1320.6812040354516,694.1264991514238,1080.4,504.9
1362,667,206.04044582627228,1320.6812040354516,694.1264991514238,1080.4,504.9
1362,668,206.04044582627228,1320.6812040354516,694.1264991514238,1080.4,504.9
1362,669,206.04044582627228,1320.6812040354516,694.1264991514238,1080.4,504.9
1362,670,206.04044582627228,1320.6812040354516,694.1264991514238,1080.4,504.9
1362,671,206.04044582627228,1320.6812040354516,694.1264991514238,1080.4,504.9
1362,672,206.04044582627228,1320.6812040354516,694.1264991514238,1080.4,504.9
1362,673,160.37535292861796,1320.6812040354516,694.1264991514238,1080.4,504.9
1362,674,120.47886936167893,1320.6812040354516,694.1264991514238,1080.4,504.9
1362,675,94.00732803009667,1320.6812040354516,694.1264991514238,1080.4,504.9
1362,676,93.20361103008798,1320.6812040354516,694.1264991514238,1080.4,504.9
1362,677,118.59074213334549,1320.6812040354516,694.1264991514238,1080.4,504.9
1362,678,158.01243860983652,1320.6812040354516,694.1264991514238,1080.4,504.9
1362,679,203.46845705444628,1320.6812040354516,694.1264991514238,1080.4,504.9
1362,680,251.7105697061742,1320.6812040354516,694.1264991514238,1080.4,504.9
1362,681,251.7105697061742,1320.6812040354516,694.1264991514238,1080.4,504.9
1362,682,251.7105697061742,1320.6812040354516,694.1264991514238,1080.4,504.9
1362,683,251.7105697061742,1320.6812040354516,694.1264991514238,1066.1428571428573,527.4428571428572
1362,684,251.7105697061742,1320.6812040354516,694.1264991514238,1051.8857142857144,549.9857142857143
1362,685,251.7105697061742,1320.6812040354516,694.1264991514238,1037.6285714285714,572.5285714285715
1362,686,251.7105697061742,1320.6812040354516,694.1264991514238,1023.3714285714286,595.0714285714286
1362,687,251.7105697061742,1320.6812040354516,694.1264991514238,1009.1142857142858,617.6142857142858
1362,688,251.7105697061742,1277.6812040354516,694.1264991514238,994.8571428571429,640.1571428571428
1362,689,251.7105697061742,1277.6812040354516,694.1264991514238,980.6,662.7
1362,690,251.7105697061742,1277.6812040354516,694.1264991514238,980.6,662.7
1362,691,251.7105697061742,1277.6812040354516,694.1264991514238,980.6,662.7
1362,692,251.7105697061742,1277.6812040354516,694.1264991514238,980.6,662.7
1362,693,251.7105697061742,1277.6812040354516,694.1264991514238,980.6,662.7
1362,694,251.7105697061742,1277.6812040354516,694.1264991514238,980.6,662.7
1362,695,276.40872546918115,1277.6812040354516,694.1264991514238,980.6,662.7
1362,696,301.3602324945803,1234.6812040354516,693.1264991514238,980.6,662.7
1362,697,326.5070130071909,1234.6812040354516,693.1264991514238,980.6,662.7
1362,698,351.80719571459633,1234.6812040354516,693.1264991514238,980.6,662.7
1362,699,377.22991658968226,1234.6812040354516,693.1264991514238,980.6,662.7
1362,700,377.22991658968226,1234.6812040354516,693.1264991514238,980.6,662.7
1362,701,377.22991658968226,1234.6812040354516,693.1264991514238,980.6,662.7
1362,702,377.22991658968226,1234.6812040354516,693.1264991514238,980.6,662.7
1362,703,377.22991658968226,1234.6812040354516,693.1264991514238,980.6,662.7
1362,704,377.22991658968226,1191.6812040354516,692.1264991514238,980.6,662.7
1362,705,377.22991658968226,1191.6812040354516,692.1264991514238,980.6,662.7
1362,706,377.22991658968226,1191.6812040354516,692.1264991514238,980.6,662.7
1362,707,377.22991658968226,1191.6812040354516,692.1264991514238,980.6,662.7
1362,708,377.22991658968226,1191.6812040354516,692.1264991514238,980.6,662.7
1362,709,377.22991658968226,1191.6812040354516,692.1264991514238,980.6,662.7
1362,710,324.93605612000874,1191.6812040354516,692.1264991514238,980.6,662.7
1362,711,272.94052965049406,1191.6812040354516,692.1264991514238,980.6,662.7
1362,712,221.4535762805807,1191.6812040354516,692.1264991514238,980.6,662.7
1362,713,170.9353729674633,1191.6812040354516,692.1264991514238,980.6,662.7
1362,714,122.58947172613392,1148.6812040354516,692.1264991514238,980.6,662.7
1362,715,80.4333076974916,1148.6812040354516,692.1264991514238,980.6,662.7
1362,716,59.52240719868571,1148.6812040354516,692.1264991514238,980.6,662.7
1362,717,79.04668552692735,1148.6812040354516,692.1264991514238,980.6,662.7
1362,718,79.04668552692735,1148.6812040354516,692.1264991514238,980.6,662.7
1362,719,79.04668552692735,1148.6812040354516,692.1264991514238,980.6,662.7
1362,720,79.04668552692735,1105.6812040354516,692.1264991514238,980.6,662.7
1362,721,79.04668552692735,1105.6812040354516,692.1264991514238,980.6,662.7
1362,722,79.04668552692735,1105.6812040354516,692.1264991514238,980.6,662.7
1362,723,79.04668552692735,1105.6812040354516,692.1264991514238,980.6,662.7
1362,724,79.04668552692735,1105.6812040354516,692.1264991514238,980.6,662.7
1362,725,79.04668552692735,1105.6812040354516,692.1264991514238,980.6,662.7
1362,726,79.04668552692735,1105.6812040354516,692.1264991514238,980.6,662.7
1362,727,79.04668552692735,1105.6812040354516,692.1264991514238,980.6,662.7
1362,728,79.04668552692735,1062.6812040354516,692.1264991514238,980.6,662.7
1362,729,79.04668552692735,1062.6812040354516,692.1264991514238,980.6,662.7
1362,730,79.04668552692735,1062.6812040354516,692.1264991514238,980.6,662.7
1362,731,79.04668552692735,1062.6812040354516,692.1264991514238,980.6,662.7
1362,732,79.04668552692735,1062.6812040354516,692.1264991514238,980.6,662.7
1362,733,79.04668552692735,1062.6812040354516,692.1264991514238,980.6,662.7
1362,734,79.04668552692735,1062.6812040354516,692.1264991514238,971.475,616.9625000000001
1362,735,79.04668552692735,1062.6812040354516,692.1264991514238,962.35,571.225
1362,736,79.04668552692735,1062.6812040354516,692.1264991514238,953.225,525.4875000000001
1362,737,79.04668552692735,1062.6812040354516,692.1264991514238,944.1,479.75
1362,738,79.04668552692735,1062.6812040354516,692.1264991514238,934.975,434.01250000000005
1362,739,79.04668552692735,1062.6812040354516,692.1264991514238,925.85,388.27500000000003
1362,740,79.04668552692735,1062.6812040354516,692.1264991514238,916.725,342.5375
1362,741,79.04668552692735,1062.6812040354516,692.1264991514238,907.6,296.8
1362,742,68.75599682615962,1062.6812040354516,692.1264991514238,907.6,296.8
1362,743,58.48993372324672,1062.6812040354516,692.1264991514238,907.6,296.8
1362,744,48.26421277681545,872.6812040354517,668.1264991514238,907.6,296.8
1362,745,38.11132067518311,872.6812040354517,668.1264991514238,907.6,296.8
1362,746,28.110281622078485,872.6812040354517,668.1264991514238,907.6,296.8
1362,747,18.508909821042597,872.6812040354517,668.1264991514238,907.6,296.8
1362,748,10.471303322863436,872.6812040354517,668.1264991514238,907.6,296.8
1362,749,9.559983494773023,872.6812040354517,668.1264991514238,907.6,296.8
1362,750,16.965111735153894,872.6812040354517,668.1264991514238,907.6,296.8
1362,751,26.436970109624514,872.6812040354517,668.1264991514238,907.6,296.8
1362,752,36.39626906144507,872.6812040354517,668.1264991514238,907.6,296.8
1362,753,46.5310654856949,872.6812040354517,668.1264991514238,907.6,296.8
1362,754,56.74740830645881,872.6812040354517,668.1264991514238,907.6,296.8
1362,755,67.00800910630663,872.6812040354517,668.1264991514238,907.6,296.8
1362,756,77.2952447431716,872.6812040354517,668.1264991514238,907.6,296.8
1362,757,87.59973216881271,872.6812040354517,668.1264991514238,907.6,296.8
1362,758,87.59973216881271,872.6812040354517,668.1264991514238,907.6,296.8
1362,759,87.59973216881271,872.6812040354517,668.1264991514238,907.6,296.8
1362,760,87.59973216881271,872.6812040354517,668.1264991514238,907.6,296.8
1362,761,87.59973216881271,872.6812040354517,668.1264991514238,907.6,296.8
1362,762,87.59973216881271,872.6812040354517,668.1264991514238,907.6,296.8
1362,763,87.59973216881271,872.6812040354517,668.1264991514238,907.6,296.8
1362,764,87.59973216881271,872.6812040354517,668.1264991514238,907.6,296.8
1362,765,87.59973216881271,872.6812040354517,668.1264991514238,907.6,296.8
1362,766,87.59973216881271,872.6812040354517,668.1264991514238,907.6,296.8
1362,767,87.59973216881271,872.6812040354517,668.1264991514238,907.6,296.8
1362,768,87.59973216881271,872.6812040354517,668.1264991514238,907.6,296.8
1362,769,87.59973216881271,872.6812040354517,668.1264991514238,907.6,296.8
1362,770,87.59973216881271,872.6812040354517,668.1264991514238,907.6,296.8
1362,771,87.59973216881271,872.6812040354517,668.1264991514238,907.6,296.8
1362,772,87.59973216881271,872.6812040354517,668.1264991514238,907.6,296.8
1362,773,87.59973216881271,872.6812040354517,668.1264991514238,907.6,296.8
1362,774,87.59973216881271,872.6812040354517,668.1264991514238,907.6,296.8
1362,775,87.59973216881271,872.6812040354517,668.1264991514238,907.6,296.8
1362,776,87.59973216881271,760.6812040354517,467.12649915142373,907.6,296.8
1362,777,87.59973216881271,760.6812040354517,467.12649915142373,907.6,296.8
1363,778,87.59973216881271,760.6812040354517,467.12649915142373,907.6,296.8
1364,779,87.59973216881271,760.6812040354517,467.12649915142373,907.6,296.8
1365,780,87.59973216881271,760.6812040354517,467.12649915142373,907.6,296.8
1366,781,87.59973216881271,760.6812040354517,467.12649915142373,907.6,296.8
1367,782,87.59973216881271,760.6812040354517,467.12649915142373,907.6,296.8
1368,783,87.59973216881271,760.6812040354517,467.12649915142373,907.6,296.8
1369,784,87.59973216881271,648.6812040354517,265.12649915142373,907.6,296.8
1370,785,87.59973216881271,648.6812040354517,265.12649915142373,907.6,296.8
1371,786,87.59973216881271,648.6812040354517,265.12649915142373,907.6,296.8
1372,787,87.59973216881271,648.6812040354517,265.12649915142373,907.6,296.8
1373,788,87.59973216881271,648.6812040354517,265.12649915142373,907.6,296.8
1374,789,87.59973216881271,648.6812040354517,265.12649915142373,907.6,296.8
1375,790,87.59973216881271,648.6812040354517,265.12649915142373,907.6,296.8
1376,791,87.59973216881271,648.6812040354517,265.12649915142373,907.6,296.8
1377,792,87.59973216881271,648.6812040354517,265.12649915142373,907.6,296.8
1378,793,87.59973216881271,648.6812040354517,265.12649915142373,907.6,296.8
1379,794,87.59973216881271,648.6812040354517,265.12649915142373,907.6,296.8
1380,795,87.59973216881271,648.6812040354517,265.12649915142373,907.6,296.8
1381,796,48.11653489173793,648.6812040354517,265.12649915142373,933.0500000000001,337.7
1382,797,12.894309922302712,648.6812040354517,265.12649915142373,958.5,378.6
1383,798,10.959137560689436,648.6812040354517,265.12649915142373,983.95,419.5
1384,798,10.959137560689436,648.6812040354517,265.12649915142373,1009.4000000000001,460.4
1385,798,10.959137560689436,648.6812040354517,265.12649915142373,1034.8500000000001,501.3
1386,798,10.959137560689436,648.6812040354517,265.12649915142373,1060.3,542.2
1387,798,10.959137560689436,648.6812040354517,265.12649915142373,1085.75,583.1
1388,798,10.959137560689436,648.6812040354517,265.12649915142373,1111.2,624.0
1389,798,10.959137560689436,648.6812040354517,265.12649915142373,1111.2,624.0
1390,798,10.959137560689436,648.6812040354517,265.12649915142373,1111.2,624.0
1391,798,10.959137560689436,648.6812040354517,265.12649915142373,1111.2,624.0
1392,799,15.04683350250887,648.6812040354517,265.12649915142373,1111.2,624.0
1392,800,52.8109158240048,794.6812040354517,252.12649915142373,1111.2,624.0
1392,801,92.52649840090382,794.6812040354517,252.12649915142373,1111.2,624.0
1392,802,92.52649840090382,794.6812040354517,252.12649915142373,1111.2,624.0
1392,803,92.52649840090382,794.6812040354517,252.12649915142373,1111.2,624.0
1392,804,92.52649840090382,794.6812040354517,252.12649915142373,1111.2,624.0
1392,805,92.52649840090382,794.6812040354517,252.12649915142373,1111.2,624.0
1392,806,92.52649840090382,794.6812040354517,252.12649915142373,1111.2,624.0
1392,807,92.52649840090382,794.6812040354517,252.12649915142373,1111.2,624.0
1392,808,92.52649840090382,941.6812040354517,239.12649915142373,1111.2,624.0
1392,809,92.52649840090382,941.6812040354517,239.12649915142373,1111.2,624.0
1392,810,92.52649840090382,941.6812040354517,239.12649915142373,1111.2,624.0
1392,811,92.52649840090382,941.6812040354517,239.12649915142373,1111.2,624.0
1392,812,92.52649840090382,941.6812040354517,239.12649915142373,1111.2,624.0
1392,813,92.52649840090382,941.6812040354517,239.12649915142373,1111.2,624.0
1392,814,92.52649840090382,941.6812040354517,239.12649915142373,1111.2,624.0
1392,815,92.52649840090382,941.6812040354517,239.12649915142373,1111.2,624.0
1392,816,92.52649840090382,941.6812040354517,239.12649915142373,1111.2,624.0
1392,817,92.52649840090382,941.6812040354517,239.12649915142373,1111.2,624.0
1392,818,92.52649840090382,941.6812040354517,239.12649915142373,1111.2,624.0
1392,819,92.52649840090382,941.6812040354517,239.12649915142373,1111.2,624.0
1392,820,92.52649840090382,941.6812040354517,239.12649915142373,1111.2,624.0
1392,821,92.52649840090382,941.6812040354517,239.12649915142373,1111.2,624.0
1392,822,92.52649840090382,941.6812040354517,239.12649915142373,1111.2,624.0
1392,823,92.52649840090382,941.6812040354517,239.12649915142373,1111.2,624.0
1392,824,92.52649840090382,1096.6812040354516,442.12649915142373,1133.725,635.75
1392,825,92.52649840090382,1096.6812040354516,442.12649915142373,1156.25,647.5
1392,826,92.52649840090382,1096.6812040354516,442.12649915142373,1178.775,659.25
1392,827,92.52649840090382,1096.6812040354516,442.12649915142373,1201.3,671.0
1392,828,92.52649840090382,1096.6812040354516,442.12649915142373,1201.3,671.0
1392,829,92.52649840090382,1096.6812040354516,442.12649915142373,1201.3,671.0
1392,830,92.52649840090382,1096.6812040354516,442.12649915142373,1201.3,671.0
1392,831,92.52649840090382,1096.6812040354516,442.12649915142373,1201.3,671.0
1392,832,92.52649840090382,1096.6812040354516,442.12649915142373,1201.3,671.0
1392,833,92.52649840090382,1096.6812040354516,442.12649915142373,1201.3,671.0
1392,834,92.52649840090382,1251.6812040354516,646.1264991514238,1201.3,671.0
1392,835,92.52649840090382,1251.6812040354516,646.1264991514238,1201.3,671.0
1392,836,92.52649840090382,1251.6812040354516,646.1264991514238,1201.3,671.0
1392,837,92.52649840090382,1251.6812040354516,646.1264991514238,1201.3,671.0
1392,838,92.52649840090382,1251.6812040354516,646.1264991514238,1201.3,671.0
1392,839,92.52649840090382,1251.6812040354516,646.1264991514238,1201.3,671.0
1392,840,92.52649840090382,1251.6812040354516,646.1264991514238,1201.3,671.0
1392,841,92.52649840090382,1251.6812040354516,646.1264991514238,1201.3,671.0
1392,842,92.52649840090382,1251.6812040354516,646.1264991514238,1201.3,671.0
1392,843,92.52649840090382,1251.6812040354516,646.1264991514238,1201.3,671.0
1392,844,92.52649840090382,1251.6812040354516,646.1264991514238,1170.9624999999999,664.1375
1392,845,92.52649840090382,1251.6812040354516,646.1264991514238,1140.625,657.275
1392,846,92.52649840090382,1251.6812040354516,646.1264991514238,1110.2875,650.4125
1392,847,92.52649840090382,1251.6812040354516,646.1264991514238,1079.95,643.55
1392,848,92.52649840090382,1251.6812040354516,646.1264991514238,1049.6125,636.6875
1392,849,69.10017333556496,1251.6812040354516,646.1264991514238,1019.275,629.825
1392,850,84.02248378532718,1251.6812040354516,646.1264991514238,988.9375,622.9625
1392,851,124.16112268211731,1251.6812040354516,646.1264991514238,958.6,616.1
1392,852,172.75257962673035,1251.6812040354516,646.1264991514238,958.6,616.1
1392,853,224.37064408579297,1251.6812040354516,646.1264991514238,958.6,616.1
1392,854,277.33045426897337,1251.6812040354516,646.1264991514238,958.6,616.1
1392,855,277.33045426897337,1251.6812040354516,646.1264991514238,958.6,616.1
1392,856,277.33045426897337,1267.6812040354516,679.1264991514238,958.6,616.1
1392,857,277.33045426897337,1267.6812040354516,679.1264991514238,958.6,616.1
1392,858,277.33045426897337,1267.6812040354516,679.1264991514238,958.6,616.1
1392,859,277.33045426897337,1267.6812040354516,679.1264991514238,958.6,616.1
1392,860,277.33045426897337,1267.6812040354516,679.1264991514238,958.6,616.1
1392,861,277.33045426897337,1267.6812040354516,679.1264991514238,958.6,616.1
1392,862,277.33045426897337,1267.6812040354516,679.1264991514238,958.6,616.1
1392,863,277.33045426897337,1267.6812040354516,679.1264991514238,958.6,616.1
1392,864,277.33045426897337,1267.6812040354516,679.1264991514238,958.6,616.1
1392,865,277.33045426897337,1267.6812040354516,679.1264991514238,958.6,616.1
1392,866,277.33045426897337,1267.6812040354516,679.1264991514238,953.4142857142857,580.9571428571429
1392,867,277.33045426897337,1267.6812040354516,679.1264991514238,948.2285714285714,545.8142857142857
1392,868,277.33045426897337,1267.6812040354516,679.1264991514238,943.0428571428571,510.6714285714286
1392,869,277.33045426897337,1267.6812040354516,679.1264991514238,937.8571428571429,475.52857142857147
1392,870,277.33045426897337,1267.6812040354516,679.1264991514238,932.6714285714286,440.3857142857143
1392,871,277.33045426897337,1267.6812040354516,679.1264991514238,927.4857142857143,405.24285714285713
1392,872,277.33045426897337,1267.6812040354516,679.1264991514238,922.3,370.1
1392,873,277.33045426897337,1267.6812040354516,679.1264991514238,922.3,370.1
1392,874,277.33045426897337,1267.6812040354516,679.1264991514238,922.3,370.1
1392,875,295.61618562400537,1267.6812040354516,679.1264991514238,922.3,370.1
1392,876,313.91096475073556,1267.6812040354516,679.1264991514238,922.3,370.1
1392,877,332.21329688708846,1267.6812040354516,679.1264991514238,922.3,370.1
1392,878,350.5219989051187,1267.6812040354516,679.1264991514238,922.3,370.1
1392,879,350.5219989051187,1267.6812040354516,679.1264991514238,922.3,370.1
1392,880,350.5219989051187,1056.6812040354516,529.1264991514238,922.3,370.1
1392,881,350.5219989051187,1056.6812040354516,529.1264991514238,922.3,370.1
1392,882,350.5219989051187,1056.6812040354516,529.1264991514238,922.3,370.1
1392,883,350.5219989051187,1056.6812040354516,529.1264991514238,922.3,370.1
1392,884,350.5219989051187,1056.6812040354516,529.1264991514238,922.3,370.1
1392,885,350.5219989051187,1056.6812040354516,529.1264991514238,922.3,370.1
1392,886,350.5219989051187,1056.6812040354516,529.1264991514238,922.3,370.1
1392,887,350.5219989051187,1056.6812040354516,529.1264991514238,922.3,370.1
1392,888,350.5219989051187,846.6812040354517,378.12649915142373,922.3,370.1
1392,889,350.5219989051187,846.6812040354517,378.12649915142373,922.3,370.1
1392,890,350.5219989051187,846.6812040354517,378.12649915142373,922.3,370.1
1392,891,350.5219989051187,846.6812040354517,378.12649915142373,922.3,370.1
1392,892,350.5219989051187,846.6812040354517,378.12649915142373,922.3,370.1
1392,893,350.5219989051187,846.6812040354517,378.12649915142373,922.3,370.1
1392,894,350.5219989051187,846.6812040354517,378.12649915142373,922.3,370.1
1393,895,350.5219989051187,846.6812040354517,378.12649915142373,922.3,370.1
1394,896,350.5219989051187,846.6812040354517,378.12649915142373,922.3,370.1
1395,897,350.5219989051187,846.6812040354517,378.12649915142373,922.3,370.1
1396,898,350.5219989051187,846.6812040354517,378.12649915142373,922.3,370.1
1397,899,350.5219989051187,846.6812040354517,378.12649915142373,922.3,370.1
1398,900,350.5219989051187,846.6812040354517,378.12649915142373,922.3,370.1
1399,901,350.5219989051187,846.6812040354517,378.12649915142373,922.3,370.1
1400,902,299.5342295342097,846.6812040354517,378.12649915142373,922.3,370.1
1401,903,248.607215272221,846.6812040354517,378.12649915142373,922.3,370.1
1402,904,197.7878919062222,905.6812040354517,319.12649915142373,922.3,370.1
1403,905,147.18784854922524,905.6812040354517,319.12649915142373,922.3,370.1
1404,906,97.15032276289713,905.6812040354517,319.12649915142373,922.3,370.1
1405,907,49.41475024589031,905.6812040354517,319.12649915142373,922.3,370.1
1406,908,25.983836270565718,905.6812040354517,319.12649915142373,922.3,370.1
1407,909,21.512334258908506,905.6812040354517,319.12649915142373,922.3,370.1
1408,909,21.512334258908506,905.6812040354517,319.12649915142373,922.3,370.1
1409,909,21.512334258908506,905.6812040354517,319.12649915142373,922.3,370.1
1410,909,21.512334258908506,964.6812040354517,260.12649915142373,922.3,370.1
1411,909,21.512334258908506,964.6812040354517,260.12649915142373,922.3,370.1
1412,909,21.512334258908506,964.6812040354517,260.12649915142373,922.3,370.1
1413,909,21.512334258908506,964.6812040354517,260.12649915142373,922.3,370.1
1414,909,21.512334258908506,964.6812040354517,260.12649915142373,922.3,370.1
1415,909,21.512334258908506,964.6812040354517,260.12649915142373,922.3,370.1
1416,909,21.512334258908506,964.6812040354517,260.12649915142373,922.3,370.1
1417,909,21.512334258908506,964.6812040354517,260.12649915142373,922.3,370.1
1418,909,21.512334258908506,964.6812040354517,260.12649915142373,922.3,370.1
1419,909,21.512334258908506,964.6812040354517,260.12649915142373,922.3,370.1
1420,909,21.512334258908506,964.6812040354517,260.12649915142373,922.3,370.1
1421,909,21.512334258908506,964.6812040354517,260.12649915142373,922.3,370.1
1422,909,21.512334258908506,964.6812040354517,260.12649915142373,922.3,370.1
1423,909,21.512334258908506,964.6812040354517,260.12649915142373,922.3,370.1
1424,909,21.512334258908506,964.6812040354517,260.12649915142373,922.3,370.1
1425,909,21.512334258908506,964.6812040354517,260.12649915142373,922.3,370.1
1426,909,21.512334258908506,964.6812040354517,260.12649915142373,922.3,370.1
1427,910,30.88236165844588,964.6812040354517,260.12649915142373,922.3,370.1
1428,911,30.88236165844588,964.6812040354517,260.12649915142373,922.3,370.1
1429,912,30.88236165844588,964.6812040354517,260.12649915142373,922.3,370.1
1430,913,30.88236165844588,964.6812040354517,260.12649915142373,922.3,370.1
1431,914,30.88236165844588,964.6812040354517,260.12649915142373,922.3,370.1
1432,915,30.88236165844588,964.6812040354517,260.12649915142373,922.3,370.1
1433,916,30.88236165844588,964.6812040354517,260.12649915142373,922.3,370.1
1434,917,30.88236165844588,964.6812040354517,260.12649915142373,922.3,370.1
1435,918,30.88236165844588,964.6812040354517,260.12649915142373,922.3,370.1
1436,919,30.88236165844588,964.6812040354517,260.12649915142373,922.3,370.1
1437,920,30.88236165844588,964.6812040354517,260.12649915142373,922.3,370.1
1438,921,30.88236165844588,964.6812040354517,260.12649915142373,922.3,370.1
1439,922,30.88236165844588,964.6812040354517,260.12649915142373,922.3,370.1
1440,923,30.88236165844588,964.6812040354517,260.12649915142373,922.3,370.1
1441,924,30.88236165844588,964.6812040354517,260.12649915142373,922.3,370.1
1442,925,30.88236165844588,964.6812040354517,260.12649915142373,922.3,370.1
1443,926,30.88236165844588,964.6812040354517,260.12649915142373,922.3,370.1
1444,927,30.88236165844588,964.6812040354517,260.12649915142373,922.3,370.1
1445,928,30.88236165844588,964.6812040354517,260.12649915142373,922.3,370.1
1446,929,30.88236165844588,964.6812040354517,260.12649915142373,922.3,370.1
1447,930,30.88236165844588,964.6812040354517,260.12649915142373,922.3,370.1
1448,931,30.88236165844588,964.6812040354517,260.12649915142373,922.3,370.1
1449,932,30.88236165844588,964.6812040354517,260.12649915142373,922.3,370.1
1450,933,30.88236165844588,964.6812040354517,260.12649915142373,922.3,370.1
1451,934,30.88236165844588,964.6812040354517,260.12649915142373,922.3,370.1
1452,935,30.88236165844588,964.6812040354517,260.12649915142373,922.3,370.1
1453,936,30.88236165844588,964.6812040354517,260.12649915142373,922.3,370.1
1454,937,57.782267358933154,964.6812040354517,260.12649915142373,922.3,370.1
1455,938,91.55010413295949,964.6812040354517,260.12649915142373,922.3,370.1
1456,939,63.44975427949763,964.6812040354517,260.12649915142373,922.3,370.1
1457,940,39.390310733803844,964.6812040354517,260.12649915142373,922.3,370.1
1458,941,30.96122335255371,967.6812040354517,235.12649915142373,933.4499999999999,409.25
1459,941,30.96122335255371,967.6812040354517,235.12649915142373,944.5999999999999,448.4
1460,941,30.96122335255371,967.6812040354517,235.12649915142373,955.75,487.55
1461,941,30.96122335255371,967.6812040354517,235.12649915142373,966.9,526.7
1462,942,47.4011986501594,967.6812040354517,235.12649915142373,978.05,565.8499999999999
1463,943,111.95916111993775,967.6812040354517,235.12649915142373,989.2,605.0
1464,944,111.95916111993775,967.6812040354517,235.12649915142373,1000.35,644.15
1465,945,111.95916111993775,967.6812040354517,235.12649915142373,1011.5,683.3
1466,946,111.95916111993775,967.6812040354517,235.12649915142373,1011.5,683.3
1467,947,111.95916111993775,967.6812040354517,235.12649915142373,1011.5,683.3
1468,948,111.95916111993775,967.6812040354517,235.12649915142373,1011.5,683.3
1469,949,111.95916111993775,967.6812040354517,235.12649915142373,1011.5,683.3
1470,950,111.95916111993775,967.6812040354517,235.12649915142373,1011.5,683.3
1471,951,111.95916111993775,967.6812040354517,235.12649915142373,1011.5,683.3
1472,952,111.95916111993775,967.6812040354517,235.12649915142373,1011.5,683.3
1473,953,111.95916111993775,967.6812040354517,235.12649915142373,1011.5,683.3
1474,954,111.95916111993775,967.6812040354517,235.12649915142373,1011.5,683.3
1475,955,111.95916111993775,967.6812040354517,235.12649915142373,1011.5,683.3
1476,956,111.95916111993775,967.6812040354517,235.12649915142373,1011.5,683.3
1477,957,111.95916111993775,967.6812040354517,235.12649915142373,1011.5,683.3
1478,958,111.95916111993775,967.6812040354517,235.12649915142373,1011.5,683.3
1479,959,111.95916111993775,967.6812040354517,235.12649915142373,1011.5,683.3
1480,960,111.95916111993775,967.6812040354517,235.12649915142373,1011.5,683.3
1481,961,111.95916111993775,967.6812040354517,235.12649915142373,1011.5,683.3
1482,962,111.95916111993775,967.6812040354517,235.12649915142373,1011.5,683.3
1483,963,111.95916111993775,967.6812040354517,235.12649915142373,1011.5,683.3
1484,964,111.95916111993775,967.6812040354517,235.12649915142373,1011.5,683.3
1485,965,111.95916111993775,967.6812040354517,235.12649915142373,1011.5,683.3
1486,966,111.95916111993775,967.6812040354517,235.12649915142373,1011.5,683.3
1487,967,70.05904803543466,967.6812040354517,235.12649915142373,1011.5,683.3
1488,968,70.05904803543466,967.6812040354517,235.12649915142373,1011.5,683.3
1489,969,70.05904803543466,967.6812040354517,235.12649915142373,1011.5,683.3
1490,970,70.05904803543466,967.6812040354517,235.12649915142373,1011.5,683.3
1491,971,70.05904803543466,967.6812040354517,235.12649915142373,1011.5,683.3
1492,972,70.05904803543466,967.6812040354517,235.12649915142373,1011.5,683.3
1493,973,70.05904803543466,967.6812040354517,235.12649915142373,1011.5,683.3
1494,974,70.05904803543466,967.6812040354517,235.12649915142373,1011.5,683.3
1495,975,31.944227432818813,967.6812040354517,235.12649915142373,1011.5,683.3
1496,976,31.944227432818813,967.6812040354517,235.12649915142373,1011.5,683.3
1497,977,31.944227432818813,967.6812040354517,235.12649915142373,1011.5,683.3
1498,978,31.944227432818813,1084.6812040354516,463.12649915142373,1011.5,683.3
1499,979,31.944227432818813,1084.6812040354516,463.12649915142373,1011.5,683.3
1500,980,31.944227432818813,1084.6812040354516,463.12649915142373,1011.5,683.3
1501,981,31.944227432818813,1084.6812040354516,463.12649915142373,1011.5,683.3
1502,982,31.944227432818813,1084.6812040354516,463.12649915142373,1011.5,683.3
1503,983,28.854759068964107,1084.6812040354516,463.12649915142373,1011.5,683.3
1503,984,28.854759068964107,1084.6812040354516,463.12649915142373,1011.5,683.3
1503,985,28.854759068964107,1084.6812040354516,463.12649915142373,1011.5,683.3
1503,986,28.854759068964107,1201.6812040354516,690.1264991514238,1011.5,683.3
1503,987,28.854759068964107,1201.6812040354516,690.1264991514238,1011.5,683.3
1503,988,28.854759068964107,1201.6812040354516,690.1264991514238,1011.5,683.3
1503,989,28.854759068964107,1201.6812040354516,690.1264991514238,1011.5,683.3
1503,990,28.854759068964107,1201.6812040354516,690.1264991514238,1011.5,683.3
1503,991,28.854759068964107,1201.6812040354516,690.1264991514238,1011.5,683.3
1503,992,28.854759068964107,1201.6812040354516,690.1264991514238,1011.5,683.3
1503,993,28.854759068964107,1201.6812040354516,690.1264991514238,1011.5,683.3
1503,994,28.854759068964107,1201.6812040354516,690.1264991514238,1011.5,683.3
1503,995,28.854759068964107,1201.6812040354516,690.1264991514238,1011.5,683.3
1503,996,28.854759068964107,1201.6812040354516,690.1264991514238,1011.5,683.3
1503,997,28.854759068964107,1201.6812040354516,690.1264991514238,1011.5,683.3
1503,998,28.854759068964107,1201.6812040354516,690.1264991514238,1011.5,683.3
1503,999,28.854759068964107,1201.6812040354516,690.1264991514238,1011.5,683.3
1503,1000,28.854759068964107,1201.6812040354516,690.1264991514238,1011.5,683.3
1503,1001,28.854759068964107,1201.6812040354516,690.1264991514238,1011.5,683.3
1503,1002,28.854759068964107,1201.6812040354516,690.1264991514238,1004.3857142857142,651.6714285714286
1503,1003,28.854759068964107,1201.6812040354516,690.1264991514238,997.2714285714286,620.0428571428571
1503,1004,28.854759068964107,1201.6812040354516,690.1264991514238,990.1571428571428,588.4142857142857
1503,1005,28.854759068964107,1201.6812040354516,690.1264991514238,983.0428571428572,556.7857142857142
1503,1006,28.854759068964107,1201.6812040354516,690.1264991514238,975.9285714285714,525.1571428571428
1503,1007,28.854759068964107,1201.6812040354516,690.1264991514238,968.8142857142858,493.5285714285714
1503,1008,28.854759068964107,1201.6812040354516,690.1264991514238,961.7,461.9
1503,1009,28.854759068964107,1201.6812040354516,690.1264991514238,961.7,461.9
1503,1010,28.854759068964107,1201.6812040354516,690.1264991514238,961.7,461.9
1503,1011,28.854759068964107,1201.6812040354516,690.1264991514238,961.7,461.9
1503,1012,28.854759068964107,1201.6812040354516,690.1264991514238,961.7,461.9
1503,1013,28.854759068964107,1201.6812040354516,690.1264991514238,961.7,461.9
1503,1014,28.854759068964107,1201.6812040354516,690.1264991514238,961.7,461.9
1503,1015,28.854759068964107,1201.6812040354516,690.1264991514238,961.7,461.9
1504,1016,28.854759068964107,1201.6812040354516,690.1264991514238,961.7,461.9
1505,1017,28.854759068964107,1201.6812040354516,690.1264991514238,961.7,461.9
1506,1018,28.854759068964107,1201.6812040354516,690.1264991514238,961.7,461.9
1507,1019,28.854759068964107,1201.6812040354516,690.1264991514238,961.7,461.9
1508,1020,28.854759068964107,1201.6812040354516,690.1264991514238,961.7,461.9
1509,1021,28.854759068964107,1201.6812040354516,690.1264991514238,961.7,461.9
1510,1022,28.854759068964107,1201.6812040354516,690.1264991514238,961.7,461.9
1511,1023,28.854759068964107,1201.6812040354516,690.1264991514238,961.7,461.9
1512,1024,28.854759068964107,1201.6812040354516,690.1264991514238,961.7,461.9
1513,1025,49.0274886679546,1201.6812040354516,690.1264991514238,961.7,461.9
1514,1026,90.04510548839494,1201.6812040354516,690.1264991514238,961.7,461.9
1515,1027,146.33281486347607,1201.6812040354516,690.1264991514238,961.7,461.9
1516,1028,205.71633307893418,1201.6812040354516,690.1264991514238,961.7,461.9
1517,1029,266.1313059208557,1201.6812040354516,690.1264991514238,961.7,461.9
1518,1030,327.0065436546487,1201.6812040354516,690.1264991514238,961.7,461.9
1519,1031,376.7490530231666,1201.6812040354516,690.1264991514238,961.7,461.9
1520,1032,376.7490530231666,1201.6812040354516,690.1264991514238,961.7,461.9
1521,1033,376.7490530231666,1201.6812040354516,690.1264991514238,961.7,461.9
1522,1034,376.7490530231666,1201.6812040354516,690.1264991514238,961.7,461.9
1523,1035,376.7490530231666,1201.6812040354516,690.1264991514238,961.7,461.9
1524,1036,376.7490530231666,1201.6812040354516,690.1264991514238,961.7,461.9
1525,1037,376.7490530231666,1201.6812040354516,690.1264991514238,961.7,461.9
1526,1038,376.7490530231666,1201.6812040354516,690.1264991514238,961.7,461.9
1527,1039,370.04900406135937,1201.6812040354516,690.1264991514238,961.7,461.9
1527,1040,370.04900406135937,1201.6812040354516,690.1264991514238,961.7,461.9
1527,1041,370.04900406135937,1201.6812040354516,690.1264991514238,961.7,461.9
1527,1042,370.04900406135937,1201.6812040354516,690.1264991514238,961.7,461.9
1528,1043,370.04900406135937,1201.6812040354516,690.1264991514238,961.7,461.9
1529,1044,370.04900406135937,1201.6812040354516,690.1264991514238,961.7,461.9
1530,1045,370.04900406135937,1201.6812040354516,690.1264991514238,961.7,461.9
1531,1046,370.04900406135937,1201.6812040354516,690.1264991514238,961.7,461.9
1532,1047,370.04900406135937,1201.6812040354516,690.1264991514238,961.7,461.9
1533,1048,370.04900406135937,1201.6812040354516,690.1264991514238,961.7,461.9
1534,1049,370.04900406135937,1201.6812040354516,690.1264991514238,961.7,461.9
1535,1050,370.04900406135937,1201.6812040354516,690.1264991514238,961.7,461.9
1536,1051,370.04900406135937,1201.6812040354516,690.1264991514238,961.7,461.9
1537,1052,370.04900406135937,1201.6812040354516,690.1264991514238,961.7,461.9
1538,1053,370.04900406135937,1201.6812040354516,690.1264991514238,961.7,461.9
1539,1054,370.04900406135937,1201.6812040354516,690.1264991514238,961.7,461.9
1540,1055,370.04900406135937,1201.6812040354516,690.1264991514238,961.7,461.9
1540,1056,370.04900406135937,1201.6812040354516,690.1264991514238,961.7,461.9
1540,1057,370.04900406135937,1201.6812040354516,690.1264991514238,961.7,461.9
1540,1058,370.04900406135937,1215.6812040354516,642.1264991514238,961.38,502.5
1540,1059,370.04900406135937,1215.6812040354516,642.1264991514238,961.0600000000001,543.1
1540,1060,370.04900406135937,1215.6812040354516,642.1264991514238,960.74,583.7
1540,1061,370.04900406135937,1215.6812040354516,642.1264991514238,960.4200000000001,624.3
1540,1062,370.04900406135937,1215.6812040354516,642.1264991514238,960.1,664.9
1540,1063,370.04900406135937,1215.6812040354516,642.1264991514238,960.1,664.9
1540,1064,370.04900406135937,1215.6812040354516,642.1264991514238,960.1,664.9
1540,1065,370.04900406135937,1215.6812040354516,642.1264991514238,960.1,664.9
1540,1066,370.04900406135937,1215.6812040354516,642.1264991514238,960.1,664.9
1540,1067,370.04900406135937,1215.6812040354516,642.1264991514238,960.1,664.9
1540,1068,370.04900406135937,1215.6812040354516,642.1264991514238,960.1,664.9
1540,1069,370.04900406135937,1215.6812040354516,642.1264991514238,960.1,664.9
1540,1070,370.04900406135937,1215.6812040354516,642.1264991514238,960.1,664.9
1540,1071,370.04900406135937,1215.6812040354516,642.1264991514238,960.1,664.9
1540,1072,370.04900406135937,1215.6812040354516,642.1264991514238,960.1,664.9
1540,1073,370.04900406135937,1215.6812040354516,642.1264991514238,960.1,664.9
1540,1074,370.04900406135937,1098.6812040354516,653.1264991514238,960.1,664.9
1540,1075,370.04900406135937,1098.6812040354516,653.1264991514238,960.1,664.9
1540,1076,370.04900406135937,1098.6812040354516,653.1264991514238,960.1,664.9
1540,1077,370.04900406135937,1098.6812040354516,653.1264991514238,960.1,664.9
1540,1078,370.04900406135937,1098.6812040354516,653.1264991514238,960.1,664.9
1540,1079,370.04900406135937,1098.6812040354516,653.1264991514238,960.1,664.9
1540,1080,370.04900406135937,1098.6812040354516,653.1264991514238,960.1,664.9
1540,1081,370.04900406135937,1098.6812040354516,653.1264991514238,960.1,664.9
1541,1082,370.04900406135937,980.6812040354517,664.1264991514238,960.1,664.9
1542,1083,370.04900406135937,980.6812040354517,664.1264991514238,960.1,664.9
1543,1084,360.088663891424,980.6812040354517,664.1264991514238,960.1,664.9
1543,1085,346.11845308688737,980.6812040354517,664.1264991514238,960.1,664.9
1543,1086,335.2625076361968,980.6812040354517,664.1264991514238,960.1,664.9
1543,1087,327.83035588679695,980.6812040354517,664.1264991514238,960.1,664.9
1543,1088,324.05765414555333,980.6812040354517,664.1264991514238,960.1,664.9
1543,1089,324.07223258847125,980.6812040354517,664.1264991514238,954.9428571428572,620.3
1543,1090,327.87358602750453,980.6812040354517,664.1264991514238,949.7857142857143,575.6999999999999
1543,1091,327.87358602750453,980.6812040354517,664.1264991514238,944.6285714285715,531.0999999999999
1543,1092,327.87358602750453,980.6812040354517,664.1264991514238,939.4714285714285,486.5
1543,1093,327.87358602750453,980.6812040354517,664.1264991514238,934.3142857142857,441.9
1543,1094,327.87358602750453,980.6812040354517,664.1264991514238,929.1571428571428,397.29999999999995
1543,1095,327.87358602750453,980.6812040354517,664.1264991514238,924.0,352.7
1543,1096,327.87358602750453,980.6812040354517,664.1264991514238,924.0,352.7
1543,1097,327.87358602750453,980.6812040354517,664.1264991514238,924.0,352.7
1543,1098,327.87358602750453,980.6812040354517,664.1264991514238,924.0,352.7
1543,1099,327.87358602750453,980.6812040354517,664.1264991514238,924.0,352.7
1543,1100,327.87358602750453,980.6812040354517,664.1264991514238,924.0,352.7
1543,1101,327.87358602750453,980.6812040354517,664.1264991514238,924.0,352.7
1543,1102,327.87358602750453,980.6812040354517,664.1264991514238,924.0,352.7
1543,1103,327.87358602750453,980.6812040354517,664.1264991514238,924.0,352.7
1543,1104,327.87358602750453,980.6812040354517,664.1264991514238,924.0,352.7
1543,1105,327.87358602750453,980.6812040354517,664.1264991514238,924.0,352.7
1543,1106,327.87358602750453,943.6812040354517,660.1264991514238,924.0,352.7
1543,1107,327.87358602750453,943.6812040354517,660.1264991514238,924.0,352.7
1543,1108,327.87358602750453,943.6812040354517,660.1264991514238,924.0,352.7
1543,1109,327.87358602750453,943.6812040354517,660.1264991514238,924.0,352.7
1543,1110,327.87358602750453,943.6812040354517,660.1264991514238,924.0,352.7
1543,1111,327.87358602750453,943.6812040354517,660.1264991514238,924.0,352.7
1543,1112,287.8413459817126,943.6812040354517,660.1264991514238,924.0,352.7
1543,1113,249.19496557101533,943.6812040354517,660.1264991514238,924.0,352.7
1543,1114,212.69123076107755,906.6812040354517,656.1264991514238,924.0,352.7
1543,1115,179.64110550408935,906.6812040354517,656.1264991514238,924.0,352.7
1543,1116,152.3096592411252,906.6812040354517,656.1264991514238,924.0,352.7
1543,1117,134.2366424524651,906.6812040354517,656.1264991514238,924.0,352.7
1543,1118,129.36250779503752,906.6812040354517,656.1264991514238,924.0,352.7
1543,1119,129.36250779503752,906.6812040354517,656.1264991514238,924.0,352.7
1543,1120,129.36250779503752,906.6812040354517,656.1264991514238,924.0,352.7
1543,1121,129.36250779503752,906.6812040354517,656.1264991514238,924.0,352.7
1543,1122,129.36250779503752,934.6812040354517,493.12649915142373,924.0,352.7
1543,1123,129.36250779503752,934.6812040354517,493.12649915142373,924.0,352.7
1543,1124,129.36250779503752,934.6812040354517,493.12649915142373,924.0,352.7
1543,1125,129.36250779503752,934.6812040354517,493.12649915142373,924.0,352.7
1543,1126,129.36250779503752,934.6812040354517,493.12649915142373,924.0,352.7
1543,1127,129.36250779503752,934.6812040354517,493.12649915142373,924.0,352.7
1543,1128,129.36250779503752,934.6812040354517,493.12649915142373,924.0,352.7
1543,1129,129.36250779503752,934.6812040354517,493.12649915142373,924.0,352.7
1543,1130,129.36250779503752,962.6812040354517,331.12649915142373,924.0,352.7
1543,1131,129.36250779503752,962.6812040354517,331.12649915142373,924.0,352.7
1543,1132,129.36250779503752,962.6812040354517,331.12649915142373,924.0,352.7
1543,1133,129.36250779503752,962.6812040354517,331.12649915142373,924.0,352.7
1543,1134,129.36250779503752,962.6812040354517,331.12649915142373,924.0,352.7
1543,1135,129.36250779503752,962.6812040354517,331.12649915142373,924.0,352.7
1543,1136,129.36250779503752,962.6812040354517,331.12649915142373,924.0,352.7
1543,1137,92.31537901929237,962.6812040354517,331.12649915142373,924.0,352.7
1543,1138,55.846239657921856,962.6812040354517,331.12649915142373,924.0,352.7
1543,1139,22.905856552080788,962.6812040354517,331.12649915142373,923.625,380.525
1543,1140,27.19846585451021,962.6812040354517,331.12649915142373,923.25,408.35
1543,1141,27.19846585451021,962.6812040354517,331.12649915142373,922.875,436.175
1543,1142,27.19846585451021,962.6812040354517,331.12649915142373,922.5,464.0
1543,1143,27.19846585451021,962.6812040354517,331.12649915142373,922.5,464.0
1543,1144,27.19846585451021,962.6812040354517,331.12649915142373,922.5,464.0
1543,1145,27.19846585451021,962.6812040354517,331.12649915142373,922.5,464.0
1543,1146,27.19846585451021,962.6812040354517,331.12649915142373,922.5,464.0
1543,1147,27.19846585451021,962.6812040354517,331.12649915142373,922.5,464.0
1543,1148,27.19846585451021,962.6812040354517,331.12649915142373,922.5,464.0
1543,1149,27.19846585451021,962.6812040354517,331.12649915142373,922.5,464.0
1543,1150,27.19846585451021,962.6812040354517,331.12649915142373,922.5,464.0
1543,1151,27.19846585451021,962.6812040354517,331.12649915142373,922.5,464.0
1543,1152,27.19846585451021,962.6812040354517,331.12649915142373,922.5,464.0
1543,1153,27.19846585451021,962.6812040354517,331.12649915142373,922.5,464.0
1543,1154,27.19846585451021,962.6812040354517,331.12649915142373,922.5,464.0
1543,1155,27.19846585451021,962.6812040354517,331.12649915142373,922.5,464.0
1543,1156,27.19846585451021,962.6812040354517,331.12649915142373,922.5,464.0
1543,1157,27.19846585451021,962.6812040354517,331.12649915142373,922.5,464.0
1543,1158,27.19846585451021,962.6812040354517,331.12649915142373,922.5,464.0
1543,1159,27.19846585451021,962.6812040354517,331.12649915142373,922.5,464.0
1543,1160,27.19846585451021,962.6812040354517,331.12649915142373,922.5,464.0
1543,1161,27.19846585451021,962.6812040354517,331.12649915142373,922.5,464.0
1543,1162,27.19846585451021,962.6812040354517,331.12649915142373,922.5,464.0
1543,1163,27.19846585451021,962.6812040354517,331.12649915142373,922.5,464.0
1543,1164,27.19846585451021,962.6812040354517,331.12649915142373,922.5,464.0
1543,1165,27.19846585451021,962.6812040354517,331.12649915142373,922.5,464.0
1543,1166,27.19846585451021,962.6812040354517,331.12649915142373,922.5,464.0
1544,1167,27.19846585451021,962.6812040354517,331.12649915142373,922.5,464.0
1545,1168,27.19846585451021,962.6812040354517,331.12649915142373,922.5,464.0
1546,1169,27.19846585451021,962.6812040354517,331.12649915142373,922.5,464.0
1547,1170,27.19846585451021,962.6812040354517,331.12649915142373,922.5,464.0
1548,1171,27.19846585451021,962.6812040354517,331.12649915142373,922.5,464.0
1549,1172,27.19846585451021,941.6812040354517,391.12649915142373,922.5,464.0
1550,1173,27.19846585451021,941.6812040354517,391.12649915142373,922.5,464.0
1551,1174,27.19846585451021,941.6812040354517,391.12649915142373,922.5,464.0
1552,1175,27.19846585451021,941.6812040354517,391.12649915142373,918.9857142857143,488.7857142857143
1553,1176,27.19846585451021,941.6812040354517,391.12649915142373,915.4714285714285,513.5714285714286
1554,1177,27.19846585451021,941.6812040354517,391.12649915142373,911.9571428571428,538.3571428571429
1555,1178,27.19846585451021,920.6812040354517,451.12649915142373,908.4428571428572,563.1428571428571
1556,1179,27.19846585451021,920.6812040354517,451.12649915142373,904.9285714285714,587.9285714285714
1557,1180,27.19846585451021,920.6812040354517,451.12649915142373,901.4142857142857,612.7142857142858
1558,1181,27.19846585451021,920.6812040354517,451.12649915142373,897.9,637.5
1559,1182,27.19846585451021,920.6812040354517,451.12649915142373,897.9,637.5
1560,1183,27.19846585451021,920.6812040354517,451.12649915142373,897.9,637.5
1561,1184,27.19846585451021,920.6812040354517,451.12649915142373,897.9,637.5
1562,1185,27.19846585451021,920.6812040354517,451.12649915142373,897.9,637.5
1563,1186,27.19846585451021,920.6812040354517,451.12649915142373,897.9,637.5
1564,1187,27.19846585451021,920.6812040354517,451.12649915142373,897.9,637.5
1565,1188,27.19846585451021,920.6812040354517,451.12649915142373,897.9,637.5
1566,1189,27.19846585451021,920.6812040354517,451.12649915142373,897.9,637.5
1567,1190,27.19846585451021,920.6812040354517,451.12649915142373,897.9,637.5
1568,1191,27.19846585451021,920.6812040354517,451.12649915142373,897.9,637.5
1569,1192,27.19846585451021,920.6812040354517,451.12649915142373,897.9,637.5
1570,1193,27.19846585451021,920.6812040354517,451.12649915142373,897.9,637.5
1571,1194,27.19846585451021,931.6812040354517,586.1264991514238,897.9,637.5
1572,1195,27.19846585451021,931.6812040354517,586.1264991514238,897.9,637.5
1573,1196,30.288687052516032,931.6812040354517,586.1264991514238,897.9,637.5
1574,1197,86.68530187686603,931.6812040354517,586.1264991514238,897.9,637.5
1575,1198,86.8134915738157,931.6812040354517,586.1264991514238,897.9,637.5
1576,1199,30.281727011920573,931.6812040354517,586.1264991514238,897.9,637.5
1577,1200,26.770742275922036,931.6812040354517,586.1264991514238,897.9,637.5
1578,1200,26.770742275922036,931.6812040354517,586.1264991514238,897.9,637.5
1579,1200,26.770742275922036,942.6812040354517,721.1264991514238,845.475,640.725
1580,1200,26.770742275922036,942.6812040354517,721.1264991514238,793.05,643.95
1581,1200,26.770742275922036,942.6812040354517,721.1264991514238,740.625,647.175
1582,1201,83.28055759164339,942.6812040354517,721.1264991514238,688.2,650.4
1583,1202,91.74215782300783,942.6812040354517,721.1264991514238,688.2,650.4
1583,1203,91.74215782300783,942.6812040354517,721.1264991514238,688.2,650.4
1583,1204,91.74215782300783,942.6812040354517,721.1264991514238,688.2,650.4
1583,1205,91.74215782300783,942.6812040354517,721.1264991514238,688.2,650.4
1583,1206,91.74215782300783,942.6812040354517,721.1264991514238,688.2,650.4
1583,1207,91.74215782300783,942.6812040354517,721.1264991514238,688.2,650.4
1583,1208,91.74215782300783,942.6812040354517,721.1264991514238,688.2,650.4
1583,1209,91.74215782300783,942.6812040354517,721.1264991514238,688.2,650.4
1583,1210,91.74215782300783,942.6812040354517,721.1264991514238,688.2,650.4
1583,1211,91.74215782300783,942.6812040354517,721.1264991514238,688.2,650.4
1583,1212,91.74215782300783,942.6812040354517,721.1264991514238,688.2,650.4
1583,1213,91.74215782300783,942.6812040354517,721.1264991514238,688.2,650.4
1583,1214,91.74215782300783,942.6812040354517,721.1264991514238,688.2,650.4
1583,1215,91.74215782300783,942.6812040354517,721.1264991514238,688.2,650.4
1583,1216,91.74215782300783,942.6812040354517,721.1264991514238,688.2,650.4
1583,1217,91.74215782300783,942.6812040354517,721.1264991514238,688.2,650.4
1583,1218,91.74215782300783,942.6812040354517,721.1264991514238,688.2,650.4
1583,1219,91.74215782300783,942.6812040354517,721.1264991514238,688.2,650.4
1583,1220,91.74215782300783,942.6812040354517,721.1264991514238,709.9875000000001,620.675
1583,1221,91.74215782300783,942.6812040354517,721.1264991514238,731.7750000000001,590.95
1583,1222,91.74215782300783,936.6812040354517,674.1264991514238,753.5625,561.225
1583,1223,91.74215782300783,936.6812040354517,674.1264991514238,775.35,531.5
1583,1224,91.74215782300783,936.6812040354517,674.1264991514238,797.1375,501.775
1583,1225,91.74215782300783,936.6812040354517,674.1264991514238,818.925,472.05
1583,1226,91.74215782300783,936.6812040354517,674.1264991514238,840.7125,442.32500000000005
1583,1227,91.74215782300783,936.6812040354517,674.1264991514238,862.5,412.6
1583,1228,91.74215782300783,936.6812040354517,674.1264991514238,862.5,412.6
1584,1229,91.74215782300783,936.6812040354517,674.1264991514238,862.5,412.6
1585,1230,91.74215782300783,936.6812040354517,674.1264991514238,862.5,412.6
1586,1231,91.74215782300783,936.6812040354517,674.1264991514238,862.5,412.6
1587,1232,91.74215782300783,936.6812040354517,674.1264991514238,862.5,412.6
1588,1233,91.74215782300783,936.6812040354517,674.1264991514238,862.5,412.6
1589,1234,91.74215782300783,936.6812040354517,674.1264991514238,862.5,412.6
1590,1235,91.74215782300783,936.6812040354517,674.1264991514238,862.5,412.6
1591,1236,91.74215782300783,936.6812040354517,674.1264991514238,862.5,412.6
1592,1237,91.74215782300783,936.6812040354517,674.1264991514238,862.5,412.6
1593,1238,91.74215782300783,936.6812040354517,674.1264991514238,862.5,412.6
1594,1239,91.74215782300783,936.6812040354517,674.1264991514238,862.5,412.6
1595,1240,91.74215782300783,936.6812040354517,674.1264991514238,862.5,412.6
1596,1241,91.74215782300783,936.6812040354517,674.1264991514238,862.5,412.6
1597,1242,91.74215782300783,936.6812040354517,674.1264991514238,862.5,412.6
1598,1243,91.74215782300783,936.6812040354517,674.1264991514238,862.5,412.6
1598,1244,91.74215782300783,936.6812040354517,674.1264991514238,862.5,412.6
1598,1245,91.74215782300783,936.6812040354517,674.1264991514238,862.5,412.6
1598,1246,91.74215782300783,844.6812040354517,476.12649915142373,862.5,412.6
1598,1247,91.74215782300783,844.6812040354517,476.12649915142373,862.5,412.6
1598,1248,91.74215782300783,844.6812040354517,476.12649915142373,862.5,412.6
1598,1249,91.74215782300783,844.6812040354517,476.12649915142373,862.5,412.6
1598,1250,91.74215782300783,844.6812040354517,476.12649915142373,862.5,412.6
1598,1251,91.74215782300783,844.6812040354517,476.12649915142373,862.5,412.6
1598,1252,91.74215782300783,844.6812040354517,476.12649915142373,862.5,412.6
1598,1253,91.74215782300783,844.6812040354517,476.12649915142373,862.5,412.6
1598,1254,91.74215782300783,752.6812040354517,278.12649915142373,862.5,412.6
1598,1255,91.74215782300783,752.6812040354517,278.12649915142373,862.5,412.6
1598,1256,91.74215782300783,752.6812040354517,278.12649915142373,862.5,412.6
1598,1257,91.74215782300783,752.6812040354517,278.12649915142373,862.5,412.6
1598,1258,91.74215782300783,752.6812040354517,278.12649915142373,862.5,412.6
1598,1259,91.74215782300783,752.6812040354517,278.12649915142373,862.5,412.6
1598,1260,91.74215782300783,752.6812040354517,278.12649915142373,865.4714285714285,411.87857142857143
1598,1261,91.74215782300783,752.6812040354517,278.12649915142373,868.4428571428572,411.1571428571429
1598,1262,91.74215782300783,752.6812040354517,278.12649915142373,871.4142857142857,410.4357142857143
1598,1263,91.74215782300783,752.6812040354517,278.12649915142373,874.3857142857142,409.7142857142857
1598,1264,91.74215782300783,752.6812040354517,278.12649915142373,877.3571428571429,408.99285714285713
1598,1265,91.74215782300783,752.6812040354517,278.12649915142373,880.3285714285714,408.2714285714286
1598,1266,91.74215782300783,752.6812040354517,278.12649915142373,883.3,407.55
1598,1267,91.74215782300783,752.6812040354517,278.12649915142373,886.2714285714286,406.8285714285714
1598,1268,91.74215782300783,752.6812040354517,278.12649915142373,889.2428571428571,406.1071428571429
1598,1269,91.74215782300783,752.6812040354517,278.12649915142373,892.2142857142858,405.3857142857143
1598,1270,91.74215782300783,749.6812040354517,484.12649915142373,895.1857142857143,404.6642857142857
1598,1271,91.74215782300783,749.6812040354517,484.12649915142373,898.1571428571428,403.9428571428571
1598,1272,91.74215782300783,749.6812040354517,484.12649915142373,901.1285714285715,403.2214285714286
1598,1273,91.74215782300783,749.6812040354517,484.12649915142373,904.1,402.5
1598,1274,91.74215782300783,749.6812040354517,484.12649915142373,904.1,402.5
1598,1275,91.74215782300783,749.6812040354517,484.12649915142373,904.1,402.5
1598,1276,91.74215782300783,749.6812040354517,484.12649915142373,904.1,402.5
1598,1277,91.74215782300783,749.6812040354517,484.12649915142373,904.1,402.5
1598,1278,91.74215782300783,745.6812040354517,691.1264991514238,904.1,402.5
1598,1279,91.74215782300783,745.6812040354517,691.1264991514238,904.1,402.5
1598,1280,91.74215782300783,745.6812040354517,691.1264991514238,904.1,402.5
1599,1281,91.74215782300783,745.6812040354517,691.1264991514238,904.1,402.5
1600,1282,91.74215782300783,745.6812040354517,691.1264991514238,904.1,402.5
1601,1283,91.74215782300783,745.6812040354517,691.1264991514238,904.1,402.5
1602,1284,91.74215782300783,745.6812040354517,691.1264991514238,904.1,402.5
1603,1285,91.74215782300783,745.6812040354517,691.1264991514238,904.1,402.5
1604,1286,91.74215782300783,745.6812040354517,691.1264991514238,904.1,402.5
1605,1287,91.74215782300783,745.6812040354517,691.1264991514238,904.1,402.5
1606,1288,91.74215782300783,745.6812040354517,691.1264991514238,904.1,402.5
1607,1289,116.86545302190183,745.6812040354517,691.1264991514238,904.1,402.5
1608,1290,104.07306734978131,745.6812040354517,691.1264991514238,904.1,402.5
1609,1291,113.51939849721674,745.6812040354517,691.1264991514238,904.1,402.5
1610,1292,140.79732090046204,745.6812040354517,691.1264991514238,904.1,402.5
1611,1293,140.79732090046204,745.6812040354517,691.1264991514238,904.1,402.5
1612,1294,140.79732090046204,745.6812040354517,691.1264991514238,904.1,402.5
1613,1295,140.79732090046204,745.6812040354517,691.1264991514238,904.1,402.5
1614,1296,140.79732090046204,745.6812040354517,691.1264991514238,904.1,402.5
1615,1297,136.4297276301374,745.6812040354517,691.1264991514238,904.1,402.5
1615,1298,136.4297276301374,745.6812040354517,691.1264991514238,904.1,402.5
1615,1299,136.4297276301374,745.6812040354517,691.1264991514238,904.1,402.5
1615,1300,136.4297276301374,745.6812040354517,691.1264991514238,904.1,402.5
1615,1301,136.4297276301374,745.6812040354517,691.1264991514238,904.1,402.5
1615,1302,136.4297276301374,745.6812040354517,691.1264991514238,904.1,402.5
1616,1303,136.4297276301374,745.6812040354517,691.1264991514238,904.1,402.5
1617,1304,136.4297276301374,745.6812040354517,691.1264991514238,904.1,402.5
1618,1305,136.4297276301374,745.6812040354517,691.1264991514238,904.1,402.5
1619,1306,136.4297276301374,745.6812040354517,691.1264991514238,904.1,402.5
1620,1307,136.4297276301374,745.6812040354517,691.1264991514238,907.35,431.3625
1621,1308,136.4297276301374,745.6812040354517,691.1264991514238,910.6,460.225
1622,1309,136.4297276301374,745.6812040354517,691.1264991514238,913.85,489.0875
1623,1310,136.4297276301374,745.6812040354517,691.1264991514238,917.1,517.95
1624,1311,136.4297276301374,745.6812040354517,691.1264991514238,920.35,546.8125
1625,1312,136.4297276301374,745.6812040354517,691.1264991514238,923.6,575.675
1626,1313,136.4297276301374,745.6812040354517,691.1264991514238,926.85,604.5374999999999
1627,1314,136.4297276301374,745.6812040354517,691.1264991514238,930.1,633.4
1628,1315,146.81724156541063,745.6812040354517,691.1264991514238,930.1,633.4
1629,1316,159.24377699150057,745.6812040354517,691.1264991514238,930.1,633.4
1630,1317,173.27118874804725,745.6812040354517,691.1264991514238,930.1,633.4
1631,1318,163.63620426504673,745.6812040354517,691.1264991514238,930.1,633.4
1631,1319,163.63620426504673,745.6812040354517,691.1264991514238,930.1,633.4
1631,1320,163.63620426504673,745.6812040354517,691.1264991514238,930.1,633.4
1631,1321,163.63620426504673,745.6812040354517,691.1264991514238,930.1,633.4
1631,1322,163.63620426504673,745.6812040354517,691.1264991514238,930.1,633.4
1631,1323,163.63620426504673,745.6812040354517,691.1264991514238,930.1,633.4
1631,1324,163.63620426504673,745.6812040354517,691.1264991514238,930.1,633.4
1631,1325,163.63620426504673,745.6812040354517,691.1264991514238,930.1,633.4
1631,1326,163.63620426504673,949.6812040354517,691.1264991514238,930.1,633.4
1631,1327,163.63620426504673,949.6812040354517,691.1264991514238,930.1,633.4
1631,1328,163.63620426504673,949.6812040354517,691.1264991514238,930.1,633.4
1631,1329,163.63620426504673,949.6812040354517,691.1264991514238,930.1,633.4
1631,1330,163.63620426504673,949.6812040354517,691.1264991514238,930.1,633.4
1631,1331,163.63620426504673,949.6812040354517,691.1264991514238,930.1,633.4
1631,1332,163.63620426504673,949.6812040354517,691.1264991514238,930.1,633.4
1631,1333,163.63620426504673,949.6812040354517,691.1264991514238,930.1,633.4
1631,1334,163.63620426504673,949.6812040354517,691.1264991514238,930.1,633.4
1631,1335,163.63620426504673,949.6812040354517,691.1264991514238,925.6166666666667,608.9
1631,1336,163.63620426504673,949.6812040354517,691.1264991514238,921.1333333333333,584.4
1631,1337,163.63620426504673,949.6812040354517,691.1264991514238,916.6500000000001,559.9
1631,1338,163.63620426504673,949.6812040354517,691.1264991514238,912.1666666666667,535.4
1631,1339,164.9421155864502,949.6812040354517,691.1264991514238,907.6833333333334,510.9
1631,1340,169.97646431130832,949.6812040354517,691.1264991514238,903.2,486.4
1631,1341,178.42392811276983,949.6812040354517,691.1264991514238,903.2,486.4
1631,1342,189.82939868309646,949.6812040354517,691.1264991514238,903.2,486.4
1631,1343,203.69660248359298,949.6812040354517,691.1264991514238,903.2,486.4
1631,1344,219.55959077232217,949.6812040354517,691.1264991514238,903.2,486.4
1631,1345,219.55959077232217,949.6812040354517,691.1264991514238,903.2,486.4
1631,1346,219.55959077232217,949.6812040354517,691.1264991514238,903.2,486.4
1631,1347,219.55959077232217,949.6812040354517,691.1264991514238,903.2,486.4
1631,1348,219.55959077232217,949.6812040354517,691.1264991514238,903.2,486.4
1631,1349,219.55959077232217,949.6812040354517,691.1264991514238,903.2,486.4
1631,1350,219.55959077232217,949.6812040354517,636.1264991514238,903.2,486.4
1631,1351,219.55959077232217,949.6812040354517,636.1264991514238,903.2,486.4
1631,1352,219.55959077232217,949.6812040354517,636.1264991514238,903.2,486.4
1631,1353,219.55959077232217,949.6812040354517,636.1264991514238,903.2,486.4
1631,1354,219.55959077232217,949.6812040354517,636.1264991514238,903.2,486.4
1631,1355,219.55959077232217,949.6812040354517,636.1264991514238,903.2,486.4
1631,1356,219.55959077232217,949.6812040354517,636.1264991514238,903.2,486.4
1631,1357,219.55959077232217,949.6812040354517,636.1264991514238,903.2,486.4
1631,1358,219.55959077232217,950.6812040354517,582.1264991514238,903.2,486.4
1631,1359,219.55959077232217,950.6812040354517,582.1264991514238,903.2,486.4
1631,1360,219.55959077232217,950.6812040354517,582.1264991514238,903.2,486.4
1631,1361,219.55959077232217,950.6812040354517,582.1264991514238,903.2,486.4
1631,1362,219.55959077232217,950.6812040354517,582.1264991514238,903.2,486.4
1631,1363,219.55959077232217,950.6812040354517,582.1264991514238,903.2,486.4
1631,1364,219.55959077232217,950.6812040354517,582.1264991514238,903.2,486.4
1631,1365,219.55959077232217,950.6812040354517,582.1264991514238,903.2,486.4
1631,1366,219.55959077232217,950.6812040354517,582.1264991514238,903.2,486.4
1631,1367,219.55959077232217,950.6812040354517,582.1264991514238,906.7666666666667,508.0
1631,1368,219.55959077232217,958.6812040354517,424.12649915142373,910.3333333333334,529.6
1631,1369,219.55959077232217,958.6812040354517,424.12649915142373,913.9000000000001,551.2
1631,1370,219.55959077232217,958.6812040354517,424.12649915142373,917.4666666666667,572.8
1631,1371,219.55959077232217,958.6812040354517,424.12649915142373,921.0333333333333,594.4
1631,1372,219.55959077232217,958.6812040354517,424.12649915142373,924.6,616.0
1631,1373,219.55959077232217,958.6812040354517,424.12649915142373,924.6,616.0
1631,1374,219.55959077232217,967.6812040354517,265.12649915142373,924.6,616.0
1631,1375,219.55959077232217,967.6812040354517,265.12649915142373,924.6,616.0
1631,1376,219.55959077232217,967.6812040354517,265.12649915142373,924.6,616.0
1631,1377,219.55959077232217,967.6812040354517,265.12649915142373,924.6,616.0
1631,1378,224.86093996930447,967.6812040354517,265.12649915142373,924.6,616.0
1631,1379,231.89470293141386,967.6812040354517,265.12649915142373,924.6,616.0
1631,1380,240.50893262292414,967.6812040354517,265.12649915142373,924.6,616.0
1631,1381,250.54066056268758,967.6812040354517,265.12649915142373,924.6,616.0
1631,1382,250.54066056268758,967.6812040354517,265.12649915142373,924.6,616.0
1631,1383,250.54066056268758,967.6812040354517,265.12649915142373,924.6,616.0
1631,1384,250.54066056268758,967.6812040354517,265.12649915142373,924.6,616.0
1631,1385,250.54066056268758,967.6812040354517,265.12649915142373,924.6,616.0
1631,1386,250.54066056268758,967.6812040354517,265.12649915142373,924.6,616.0
1631,1387,250.54066056268758,967.6812040354517,265.12649915142373,924.6,616.0
1631,1388,250.54066056268758,967.6812040354517,265.12649915142373,924.6,616.0
1631,1389,250.54066056268758,967.6812040354517,265.12649915142373,924.6,616.0
1631,1390,250.54066056268758,967.6812040354517,265.12649915142373,924.6,616.0
1631,1391,250.54066056268758,967.6812040354517,265.12649915142373,924.6,616.0
1631,1392,250.54066056268758,967.6812040354517,265.12649915142373,924.6,616.0
1631,1393,250.54066056268758,967.6812040354517,265.12649915142373,924.6,616.0
1631,1394,250.54066056268758,967.6812040354517,265.12649915142373,924.6,616.0
1631,1395,250.54066056268758,967.6812040354517,265.12649915142373,924.6,616.0
1631,1396,250.54066056268758,967.6812040354517,265.12649915142373,924.6,616.0
1631,1397,250.54066056268758,967.6812040354517,265.12649915142373,924.6,616.0
1631,1398,250.54066056268758,967.6812040354517,265.12649915142373,924.6,616.0
1632,1399,250.54066056268758,967.6812040354517,265.12649915142373,924.6,616.0
1633,1400,250.54066056268758,967.6812040354517,265.12649915142373,924.6,616.0
1634,1401,250.54066056268758,967.6812040354517,265.12649915142373,924.6,616.0
1635,1402,250.54066056268758,967.6812040354517,265.12649915142373,924.6,616.0
1636,1403,250.54066056268758,967.6812040354517,265.12649915142373,924.6,616.0
1637,1404,250.54066056268758,967.6812040354517,265.12649915142373,924.6,616.0
1638,1405,250.54066056268758,967.6812040354517,265.12649915142373,924.6,616.0
1638,1406,250.54066056268758,967.6812040354517,265.12649915142373,924.6,616.0
1638,1407,250.54066056268758,967.6812040354517,265.12649915142373,924.6,616.0
1638,1408,250.54066056268758,967.6812040354517,265.12649915142373,924.6,616.0
1638,1409,250.54066056268758,967.6812040354517,265.12649915142373,924.6,616.0
1638,1410,250.54066056268758,967.6812040354517,265.12649915142373,924.6,616.0
1639,1411,250.54066056268758,967.6812040354517,265.12649915142373,924.6,616.0
1640,1412,250.54066056268758,967.6812040354517,265.12649915142373,924.6,616.0
1641,1413,291.7423649385853,967.6812040354517,265.12649915142373,924.6,616.0
1642,1414,291.7423649385853,967.6812040354517,265.12649915142373,924.6,616.0
1643,1415,291.7423649385853,967.6812040354517,265.12649915142373,924.6,616.0
1644,1416,291.7423649385853,967.6812040354517,265.12649915142373,924.6,616.0
1645,1417,291.7423649385853,967.6812040354517,265.12649915142373,927.0666666666667,635.1666666666666
1646,1418,291.7423649385853,967.6812040354517,265.12649915142373,929.5333333333333,654.3333333333334
1647,1419,291.7423649385853,967.6812040354517,265.12649915142373,932.0,673.5
1648,1420,291.7423649385853,967.6812040354517,265.12649915142373,932.0,673.5
1649,1421,291.7423649385853,967.6812040354517,265.12649915142373,932.0,673.5
1650,1422,291.7423649385853,957.6812040354517,457.12649915142373,932.0,673.5
1651,1423,291.7423649385853,957.6812040354517,457.12649915142373,932.0,673.5
1652,1424,236.90864091016078,957.6812040354517,457.12649915142373,932.0,673.5
1653,1425,183.437610036329,957.6812040354517,457.12649915142373,932.0,673.5
1654,1426,132.98332757823852,957.6812040354517,457.12649915142373,932.0,673.5
1655,1427,90.72667772888984,957.6812040354517,457.12649915142373,932.0,673.5
1656,1428,72.72998480449887,957.6812040354517,457.12649915142373,932.0,673.5
1657,1429,72.72998480449887,957.6812040354517,457.12649915142373,932.0,673.5
1658,1430,72.72998480449887,946.6812040354517,649.1264991514238,932.0,673.5
1659,1431,72.72998480449887,946.6812040354517,649.1264991514238,932.0,673.5
1660,1432,72.72998480449887,946.6812040354517,649.1264991514238,932.0,673.5
1661,1433,72.72998480449887,946.6812040354517,649.1264991514238,932.0,673.5
1662,1434,72.72998480449887,946.6812040354517,649.1264991514238,932.0,673.5
1663,1435,48.69700363257536,946.6812040354517,649.1264991514238,932.0,673.5
1664,1436,48.69700363257536,946.6812040354517,649.1264991514238,934.5625,640.975
1665,1437,48.69700363257536,946.6812040354517,649.1264991514238,937.125,608.45
1666,1438,48.69700363257536,946.6812040354517,649.1264991514238,939.6875,575.925
1667,1439,48.69700363257536,946.6812040354517,649.1264991514238,942.25,543.4
1668,1440,48.69700363257536,946.6812040354517,649.1264991514238,944.8125,510.875
1669,1441,48.69700363257536,946.6812040354517,649.1264991514238,947.375,478.35
1670,1442,48.69700363257536,946.6812040354517,649.1264991514238,949.9375,445.82500000000005
1671,1443,48.69700363257536,946.6812040354517,649.1264991514238,952.5,413.3
1672,1444,48.69700363257536,946.6812040354517,649.1264991514238,952.5,413.3
1673,1445,48.69700363257536,946.6812040354517,649.1264991514238,952.5,413.3
1674,1446,48.69700363257536,946.6812040354517,649.1264991514238,952.5,413.3
1675,1447,48.69700363257536,946.6812040354517,649.1264991514238,952.5,413.3
1676,1448,48.69700363257536,946.6812040354517,649.1264991514238,952.5,413.3
1677,1449,48.69700363257536,946.6812040354517,649.1264991514238,952.5,413.3
1678,1450,48.69700363257536,946.6812040354517,649.1264991514238,952.5,413.3
1679,1451,48.69700363257536,946.6812040354517,649.1264991514238,952.5,413.3
1680,1452,48.69700363257536,946.6812040354517,649.1264991514238,952.5,413.3
1681,1453,48.69700363257536,946.6812040354517,649.1264991514238,952.5,413.3
1682,1454,48.20356663648469,946.6812040354517,649.1264991514238,952.5,413.3
1683,1455,58.581878190390434,946.6812040354517,649.1264991514238,952.5,413.3
1684,1456,75.47288261553454,946.6812040354517,649.1264991514238,952.5,413.3
1685,1457,95.48058708675546,946.6812040354517,649.1264991514238,952.5,413.3
1686,1458,117.01707547496432,946.6812040354517,649.1264991514238,949.1285714285714,448.14285714285717
1687,1459,119.62360795288554,946.6812040354517,649.1264991514238,945.7571428571429,482.9857142857143
1687,1460,96.77609771045422,946.6812040354517,649.1264991514238,942.3857142857142,517.8285714285714
1687,1461,74.68256515820714,946.6812040354517,649.1264991514238,939.0142857142857,552.6714285714286
1687,1462,54.27176919269414,946.6812040354517,649.1264991514238,935.6428571428571,587.5142857142857
1687,1463,38.33316144213862,946.6812040354517,649.1264991514238,932.2714285714286,622.3571428571429
1687,1464,33.904344015801556,946.6812040354517,649.1264991514238,928.9,657.2
1687,1465,33.904344015801556,946.6812040354517,649.1264991514238,928.9,657.2
1687,1466,33.904344015801556,946.6812040354517,649.1264991514238,928.9,657.2
1687,1467,33.904344015801556,946.6812040354517,649.1264991514238,928.9,657.2
1687,1468,33.904344015801556,946.6812040354517,649.1264991514238,928.9,657.2
1687,1469,33.904344015801556,946.6812040354517,649.1264991514238,928.9,657.2
1687,1470,33.904344015801556,946.6812040354517,649.1264991514238,928.9,657.2
1687,1471,33.904344015801556,946.6812040354517,649.1264991514238,928.9,657.2
1687,1472,33.904344015801556,946.6812040354517,649.1264991514238,928.9,657.2
1687,1473,33.904344015801556,946.6812040354517,649.1264991514238,928.9,657.2
1687,1474,33.904344015801556,946.6812040354517,649.1264991514238,928.9,657.2
1687,1475,33.904344015801556,946.6812040354517,649.1264991514238,928.9,657.2
1687,1476,33.904344015801556,946.6812040354517,649.1264991514238,928.9,657.2
1687,1477,33.904344015801556,946.6812040354517,649.1264991514238,928.9,657.2
1687,1478,33.904344015801556,941.6812040354517,661.1264991514238,928.9,657.2
1687,1479,33.904344015801556,941.6812040354517,661.1264991514238,928.9,657.2
1687,1480,33.904344015801556,941.6812040354517,661.1264991514238,928.9,657.2
1687,1481,33.904344015801556,941.6812040354517,661.1264991514238,928.9,657.2
1687,1482,9.610282510826115,941.6812040354517,661.1264991514238,928.9,657.2
1687,1483,21.403354362306118,941.6812040354517,661.1264991514238,928.9,657.2
1687,1484,47.39981737521262,941.6812040354517,661.1264991514238,928.9,657.2
1687,1485,73.88013845190763,941.6812040354517,661.1264991514238,928.9,657.2
1687,1486,100.46243123360634,935.6812040354517,673.1264991514238,928.9,657.2
1687,1487,127.0827225955031,935.6812040354517,673.1264991514238,928.9,657.2
1687,1488,153.72127288189043,935.6812040354517,673.1264991514238,928.9,657.2
1687,1489,153.72127288189043,935.6812040354517,673.1264991514238,928.9,657.2
1687,1490,153.72127288189043,935.6812040354517,673.1264991514238,928.9,657.2
1687,1491,153.72127288189043,935.6812040354517,673.1264991514238,901.65,619.825
1687,1492,153.72127288189043,935.6812040354517,673.1264991514238,874.4,582.45
1687,1493,153.72127288189043,935.6812040354517,673.1264991514238,847.15,545.075
1687,1494,153.72127288189043,935.6812040354517,673.1264991514238,819.9,507.70000000000005
1687,1495,153.72127288189043,935.6812040354517,673.1264991514238,792.65,470.32500000000005
1687,1496,153.72127288189043,935.6812040354517,673.1264991514238,765.4,432.95
1687,1497,153.72127288189043,935.6812040354517,673.1264991514238,738.15,395.575
1687,1498,153.72127288189043,935.6812040354517,673.1264991514238,710.9,358.2
1687,1499,153.72127288189043,935.6812040354517,673.1264991514238,710.9,358.2
1687,1500,153.72127288189043,935.6812040354517,673.1264991514238,710.9,358.2
1687,1501,153.72127288189043,935.6812040354517,673.1264991514238,710.9,358.2
1687,1502,153.72127288189043,935.6812040354517,673.1264991514238,710.9,358.2
1687,1503,153.72127288189043,935.6812040354517,673.1264991514238,710.9,358.2
1687,1504,153.72127288189043,935.6812040354517,673.1264991514238,710.9,358.2
1687,1505,153.72127288189043,935.6812040354517,673.1264991514238,710.9,358.2
1687,1506,153.72127288189043,935.6812040354517,673.1264991514238,710.9,358.2
1687,1507,153.72127288189043,935.6812040354517,673.1264991514238,710.9,358.2
1687,1508,153.72127288189043,935.6812040354517,673.1264991514238,710.9,358.2
1687,1509,153.72127288189043,935.6812040354517,673.1264991514238,710.9,358.2
1687,1510,153.72127288189043,935.6812040354517,673.1264991514238,710.9,358.2
1687,1511,153.72127288189043,935.6812040354517,673.1264991514238,693.775,342.85
1687,1512,153.72127288189043,935.6812040354517,673.1264991514238,676.65,327.5
1687,1513,153.72127288189043,935.6812040354517,673.1264991514238,659.525,312.15
1687,1514,153.72127288189043,935.6812040354517,673.1264991514238,642.4,296.8
1687,1515,153.72127288189043,935.6812040354517,673.1264991514238,642.4,296.8
1687,1516,153.72127288189043,935.6812040354517,673.1264991514238,642.4,296.8
1687,1517,153.72127288189043,935.6812040354517,673.1264991514238,642.4,296.8
1687,1518,153.72127288189043,935.6812040354517,673.1264991514238,642.4,296.8
1687,1519,153.72127288189043,935.6812040354517,673.1264991514238,642.4,296.8
1687,1520,153.72127288189043,935.6812040354517,673.1264991514238,642.4,296.8
1687,1521,153.72127288189043,935.6812040354517,673.1264991514238,642.4,296.8
1687,1522,153.72127288189043,935.6812040354517,673.1264991514238,642.4,296.8
1687,1523,153.72127288189043,935.6812040354517,673.1264991514238,642.4,296.8
1687,1524,153.72127288189043,935.6812040354517,673.1264991514238,642.4,296.8
1687,1525,153.72127288189043,935.6812040354517,673.1264991514238,642.4,296.8
1687,1526,153.72127288189043,822.6812040354517,491.12649915142373,642.4,296.8
1687,1527,153.72127288189043,822.6812040354517,491.12649915142373,642.4,296.8
1688,1528,153.72127288189043,822.6812040354517,491.12649915142373,674.975,347.2375
1689,1529,153.72127288189043,822.6812040354517,491.12649915142373,707.55,397.675
1690,1530,153.72127288189043,822.6812040354517,491.12649915142373,740.125,448.11249999999995
1691,1531,153.72127288189043,822.6812040354517,491.12649915142373,772.7,498.54999999999995
1692,1532,153.72127288189043,822.6812040354517,491.12649915142373,805.275,548.9875
1693,1533,122.37344585816854,822.6812040354517,491.12649915142373,837.85,599.425
1694,1534,103.29888590142478,709.6812040354517,310.12649915142373,870.425,649.8625
1695,1535,181.8429130585776,709.6812040354517,310.12649915142373,903.0,700.3
1696,1536,140.77555800600783,709.6812040354517,310.12649915142373,903.0,700.3
1697,1537,104.49420795755312,709.6812040354517,310.12649915142373,903.0,700.3
1698,1538,79.81660431232231,709.6812040354517,310.12649915142373,903.0,700.3
1699,1539,78.56659731541966,709.6812040354517,310.12649915142373,903.0,700.3
1700,1539,78.56659731541966,709.6812040354517,310.12649915142373,903.0,700.3
1701,1539,78.56659731541966,709.6812040354517,310.12649915142373,903.0,700.3
1702,1539,78.56659731541966,709.6812040354517,310.12649915142373,903.0,700.3
1703,1539,78.56659731541966,709.6812040354517,310.12649915142373,903.0,700.3
1704,1539,78.56659731541966,709.6812040354517,310.12649915142373,903.0,700.3
1705,1539,78.56659731541966,709.6812040354517,310.12649915142373,903.0,700.3
1706,1539,78.56659731541966,709.6812040354517,310.12649915142373,903.0,700.3
1707,1539,78.56659731541966,709.6812040354517,310.12649915142373,903.0,700.3
1708,1539,78.56659731541966,709.6812040354517,310.12649915142373,903.0,700.3
1709,1539,78.56659731541966,709.6812040354517,310.12649915142373,903.0,700.3
1710,1539,78.56659731541966,709.6812040354517,310.12649915142373,903.0,700.3
1711,1540,22.408800554962568,709.6812040354517,310.12649915142373,903.0,700.3
1712,1540,22.408800554962568,709.6812040354517,310.12649915142373,903.0,700.3
1713,1540,22.408800554962568,709.6812040354517,310.12649915142373,903.0,700.3
1714,1540,22.408800554962568,709.6812040354517,310.12649915142373,903.0,700.3
1715,1540,22.408800554962568,709.6812040354517,310.12649915142373,903.0,700.3
1716,1540,22.408800554962568,709.6812040354517,310.12649915142373,903.0,700.3
1717,1540,22.408800554962568,709.6812040354517,310.12649915142373,903.0,700.3
1718,1540,22.408800554962568,774.6812040354517,612.1264991514238,912.63125,698.7624999999999
1719,1540,67.84695659075206,774.6812040354517,612.1264991514238,922.2625,697.2249999999999
1720,1540,67.84695659075206,774.6812040354517,612.1264991514238,931.89375,695.6875
1721,1540,67.84695659075206,774.6812040354517,612.1264991514238,941.525,694.15
1722,1540,67.84695659075206,774.6812040354517,612.1264991514238,951.15625,692.6125
1723,1540,67.84695659075206,774.6812040354517,612.1264991514238,960.7874999999999,691.075
1724,1540,67.84695659075206,774.6812040354517,612.1264991514238,970.4187499999999,689.5375
1725,1540,67.84695659075206,774.6812040354517,612.1264991514238,980.05,688.0
1726,1540,67.84695659075206,774.6812040354517,612.1264991514238,989.68125,686.4625
1727,1540,67.84695659075206,774.6812040354517,612.1264991514238,999.3125,684.925
1728,1540,67.84695659075206,774.6812040354517,612.1264991514238,1008.9437499999999,683.3875
1729,1540,67.84695659075206,774.6812040354517,612.1264991514238,1018.5749999999999,681.85
1730,1540,67.84695659075206,774.6812040354517,612.1264991514238,1028.20625,680.3125
1731,1540,67.84695659075206,774.6812040354517,612.1264991514238,1037.8374999999999,678.7750000000001
1732,1540,67.84695659075206,774.6812040354517,612.1264991514238,1047.46875,677.2375000000001
1733,1540,67.84695659075206,774.6812040354517,612.1264991514238,1057.1,675.7
1734,1540,67.84695659075206,732.6812040354517,442.12649915142373,1057.1,675.7
1735,1540,67.84695659075206,732.6812040354517,442.12649915142373,1057.1,675.7
1736,1540,67.84695659075206,732.6812040354517,442.12649915142373,1057.1,675.7
1737,1540,67.84695659075206,732.6812040354517,442.12649915142373,1057.1,675.7
1738,1540,67.84695659075206,732.6812040354517,442.12649915142373,1057.1,675.7
1739,1540,67.84695659075206,732.6812040354517,442.12649915142373,1057.1,675.7
1740,1540,67.84695659075206,732.6812040354517,442.12649915142373,1057.1,675.7
1741,1540,67.84695659075206,732.6812040354517,442.12649915142373,1057.1,675.7
1742,1540,67.84695659075206,690.6812040354517,272.12649915142373,1057.1,675.7
1743,1540,67.84695659075206,690.6812040354517,272.12649915142373,1057.1,675.7
1744,1540,67.84695659075206,690.6812040354517,272.12649915142373,1057.1,675.7
1745,1540,67.84695659075206,690.6812040354517,272.12649915142373,1057.1,675.7
1746,1540,67.84695659075206,690.6812040354517,272.12649915142373,1057.1,675.7
1747,1540,67.84695659075206,690.6812040354517,272.12649915142373,1057.1,675.7
1748,1540,67.84695659075206,690.6812040354517,272.12649915142373,1057.1,675.7
1749,1540,67.84695659075206,690.6812040354517,272.12649915142373,1057.1,675.7
1750,1540,67.84695659075206,690.6812040354517,272.12649915142373,1057.1,675.7
1751,1541,67.84695659075206,690.6812040354517,272.12649915142373,1057.1,675.7
1752,1542,67.84695659075206,690.6812040354517,272.12649915142373,1057.1,675.7
1753,1543,67.84695659075206,690.6812040354517,272.12649915142373,1057.1,675.7
1754,1544,67.84695659075206,690.6812040354517,272.12649915142373,1057.1,675.7
1755,1545,67.84695659075206,690.6812040354517,272.12649915142373,1057.1,675.7
1756,1546,67.84695659075206,690.6812040354517,272.12649915142373,1057.1,675.7
1757,1547,67.84695659075206,690.6812040354517,272.12649915142373,1057.1,675.7
1758,1548,67.84695659075206,690.6812040354517,272.12649915142373,1057.1,675.7
1759,1549,67.84695659075206,690.6812040354517,272.12649915142373,1057.1,675.7
1760,1550,67.84695659075206,690.6812040354517,272.12649915142373,1057.1,675.7
1761,1551,67.84695659075206,690.6812040354517,272.12649915142373,1057.1,675.7
1762,1552,67.84695659075206,690.6812040354517,272.12649915142373,1057.1,675.7
1763,1553,67.84695659075206,690.6812040354517,272.12649915142373,1057.1,675.7
1764,1554,67.84695659075206,690.6812040354517,272.12649915142373,1057.1,675.7
1765,1555,67.84695659075206,690.6812040354517,272.12649915142373,1057.1,675.7
1766,1556,67.84695659075206,889.6812040354517,437.12649915142373,1057.1,675.7
1767,1557,86.10093951443804,889.6812040354517,437.12649915142373,1057.1,675.7
1768,1558,86.10093951443804,889.6812040354517,437.12649915142373,1057.1,675.7
1769,1559,86.10093951443804,889.6812040354517,437.12649915142373,1031.875,672.2
1770,1560,86.10093951443804,889.6812040354517,437.12649915142373,1006.65,668.7
1771,1561,86.10093951443804,889.6812040354517,437.12649915142373,981.425,665.2
1772,1562,86.10093951443804,889.6812040354517,437.12649915142373,956.2,661.7
1773,1563,86.10093951443804,889.6812040354517,437.12649915142373,956.2,661.7
1774,1564,86.10093951443804,1088.6812040354516,603.1264991514238,956.2,661.7
1775,1565,86.10093951443804,1088.6812040354516,603.1264991514238,956.2,661.7
1776,1566,86.10093951443804,1088.6812040354516,603.1264991514238,956.2,661.7
1777,1567,86.10093951443804,1088.6812040354516,603.1264991514238,956.2,661.7
1778,1568,86.10093951443804,1088.6812040354516,603.1264991514238,956.2,661.7
1779,1569,86.10093951443804,1088.6812040354516,603.1264991514238,956.2,661.7
1780,1570,86.10093951443804,1088.6812040354516,603.1264991514238,956.2,661.7
1781,1571,86.10093951443804,1088.6812040354516,603.1264991514238,956.2,661.7
1782,1572,86.10093951443804,1088.6812040354516,603.1264991514238,956.2,661.7
1783,1573,86.10093951443804,1088.6812040354516,603.1264991514238,956.2,661.7
1784,1574,86.10093951443804,1088.6812040354516,603.1264991514238,956.2,661.7
1785,1575,86.10093951443804,1088.6812040354516,603.1264991514238,956.2,661.7
1786,1576,86.10093951443804,1088.6812040354516,603.1264991514238,956.2,661.7
1787,1577,86.10093951443804,1088.6812040354516,603.1264991514238,956.2,661.7
1788,1578,86.10093951443804,1088.6812040354516,603.1264991514238,956.2,661.7
1789,1579,86.10093951443804,1088.6812040354516,603.1264991514238,956.2,661.7
1790,1580,86.10093951443804,1088.6812040354516,603.1264991514238,956.2,661.7
1791,1581,86.10093951443804,1088.6812040354516,603.1264991514238,956.2,661.7
1792,1582,86.10093951443804,1088.6812040354516,603.1264991514238,956.2,661.7
1793,1583,86.10093951443804,1088.6812040354516,603.1264991514238,956.2,661.7
1794,1584,86.10093951443804,1088.6812040354516,603.1264991514238,956.2,661.7
1795,1585,86.10093951443804,1088.6812040354516,603.1264991514238,956.2,661.7
1796,1586,86.10093951443804,1088.6812040354516,603.1264991514238,952.0,622.7857142857143
1797,1587,86.10093951443804,1088.6812040354516,603.1264991514238,947.8000000000001,583.8714285714286
1798,1588,86.10093951443804,1154.6812040354516,633.1264991514238,943.6,544.9571428571429
1799,1589,86.10093951443804,1154.6812040354516,633.1264991514238,939.4,506.0428571428572
1800,1590,86.10093951443804,1154.6812040354516,633.1264991514238,935.1999999999999,467.1285714285715
1801,1591,86.10093951443804,1154.6812040354516,633.1264991514238,931.0,428.2142857142857
1802,1592,86.10093951443804,1154.6812040354516,633.1264991514238,926.8,389.3
1803,1593,86.10093951443804,1154.6812040354516,633.1264991514238,926.8,389.3
1804,1594,86.10093951443804,1154.6812040354516,633.1264991514238,926.8,389.3
1805,1595,108.26192021795086,1154.6812040354516,633.1264991514238,926.8,389.3
1806,1596,143.76696405394048,1219.6812040354516,663.1264991514238,926.8,389.3
1807,1597,109.7727055995294,1219.6812040354516,663.1264991514238,926.8,389.3
1808,1598,75.33056138546958,1219.6812040354516,663.1264991514238,926.8,389.3
1809,1599,62.77232720442227,1219.6812040354516,663.1264991514238,926.8,389.3
1810,1600,82.74697364053942,1219.6812040354516,663.1264991514238,926.8,389.3
1811,1601,119.97826149214353,1219.6812040354516,663.1264991514238,926.8,389.3
1812,1602,163.04456389185816,1219.6812040354516,663.1264991514238,926.8,389.3
1813,1603,163.04456389185816,1219.6812040354516,663.1264991514238,926.8,389.3
1814,1604,163.04456389185816,1219.6812040354516,663.1264991514238,926.8,389.3
1815,1605,112.0694524557351,1219.6812040354516,663.1264991514238,926.8,389.3
1816,1606,112.0694524557351,1219.6812040354516,663.1264991514238,926.8,389.3
1817,1607,112.0694524557351,1219.6812040354516,663.1264991514238,926.8,389.3
1818,1608,112.0694524557351,1219.6812040354516,663.1264991514238,926.8,389.3
1819,1609,112.0694524557351,1219.6812040354516,663.1264991514238,926.8,389.3
1820,1610,112.0694524557351,1219.6812040354516,663.1264991514238,926.8,389.3
1821,1611,112.0694524557351,1219.6812040354516,663.1264991514238,926.8,389.3
1822,1612,112.0694524557351,1219.6812040354516,663.1264991514238,926.8,389.3
1823,1613,112.0694524557351,1219.6812040354516,663.1264991514238,954.9375,424.75
1824,1614,112.0694524557351,1219.6812040354516,663.1264991514238,983.075,460.2
1825,1615,112.0694524557351,1219.6812040354516,663.1264991514238,1011.2125,495.65
1826,1616,112.0694524557351,1219.6812040354516,663.1264991514238,1039.35,531.1
1827,1617,112.0694524557351,1219.6812040354516,663.1264991514238,1067.4875,566.55
1828,1618,112.0694524557351,1219.6812040354516,663.1264991514238,1095.625,602.0
1829,1619,112.0694524557351,1219.6812040354516,663.1264991514238,1123.7625,637.45
1830,1620,112.0694524557351,1219.6812040354516,663.1264991514238,1151.9,672.9
1831,1621,112.0694524557351,1219.6812040354516,663.1264991514238,1151.9,672.9
1832,1622,112.0694524557351,1219.6812040354516,663.1264991514238,1151.9,672.9
1833,1623,112.0694524557351,1219.6812040354516,663.1264991514238,1151.9,672.9
1834,1624,112.0694524557351,1219.6812040354516,663.1264991514238,1151.9,672.9
1835,1625,112.0694524557351,1219.6812040354516,663.1264991514238,1151.9,672.9
1836,1626,112.0694524557351,1219.6812040354516,663.1264991514238,1151.9,672.9
1837,1627,112.0694524557351,1219.6812040354516,663.1264991514238,1151.9,672.9
1838,1628,112.0694524557351,1219.6812040354516,663.1264991514238,1151.9,672.9
1839,1629,112.0694524557351,1219.6812040354516,663.1264991514238,1151.9,672.9
1840,1630,112.0694524557351,1219.6812040354516,663.1264991514238,1151.9,672.9
1841,1631,87.03361032884213,1219.6812040354516,663.1264991514238,1151.9,672.9
1842,1632,62.297774679495326,1219.6812040354516,663.1264991514238,1151.9,672.9
1843,1633,38.44544684564884,1219.6812040354516,663.1264991514238,1151.9,672.9
1844,1634,19.1302976010845,1219.6812040354516,663.1264991514238,1151.9,672.9
1845,1634,19.1302976010845,1219.6812040354516,663.1264991514238,1151.9,672.9
1846,1634,19.1302976010845,1219.6812040354516,663.1264991514238,1151.9,672.9
1847,1634,19.1302976010845,1219.6812040354516,663.1264991514238,1151.9,672.9
1848,1634,19.1302976010845,1219.6812040354516,663.1264991514238,1151.9,672.9
1849,1634,19.1302976010845,1219.6812040354516,663.1264991514238,1151.9,672.9
1850,1634,19.1302976010845,1219.6812040354516,663.1264991514238,1151.9,672.9
1851,1634,19.1302976010845,1219.6812040354516,663.1264991514238,1151.9,672.9
1852,1634,19.1302976010845,1219.6812040354516,663.1264991514238,1151.9,672.9
1853,1634,19.1302976010845,1219.6812040354516,663.1264991514238,1151.9,672.9
1854,1634,19.1302976010845,1120.6812040354516,667.1264991514238,1151.9,672.9
1855,1634,19.1302976010845,1120.6812040354516,667.1264991514238,1151.9,672.9
1856,1634,19.1302976010845,1120.6812040354516,667.1264991514238,1151.9,672.9
1857,1634,19.1302976010845,1120.6812040354516,667.1264991514238,1129.5142857142857,656.7714285714286
1858,1634,19.1302976010845,1120.6812040354516,667.1264991514238,1107.1285714285716,640.6428571428571
1859,1634,19.1302976010845,1120.6812040354516,667.1264991514238,1084.7428571428572,624.5142857142857
1860,1634,19.1302976010845,1120.6812040354516,667.1264991514238,1062.357142857143,608.3857142857142
1861,1634,19.1302976010845,1120.6812040354516,667.1264991514238,1039.9714285714285,592.2571428571429
1862,1634,19.1302976010845,1022.6812040354517,672.1264991514238,1017.5857142857144,576.1285714285714
1863,1634,19.1302976010845,1022.6812040354517,672.1264991514238,995.2,560.0
1864,1634,19.1302976010845,1022.6812040354517,672.1264991514238,995.2,560.0
1865,1634,19.1302976010845,1022.6812040354517,672.1264991514238,995.2,560.0
1866,1634,19.1302976010845,1022.6812040354517,672.1264991514238,995.2,560.0
1867,1634,19.1302976010845,1022.6812040354517,672.1264991514238,995.2,560.0
1868,1634,19.1302976010845,1022.6812040354517,672.1264991514238,995.2,560.0
1869,1634,19.1302976010845,1022.6812040354517,672.1264991514238,995.2,560.0
1870,1634,19.1302976010845,1022.6812040354517,672.1264991514238,995.2,560.0
1871,1634,19.1302976010845,1022.6812040354517,672.1264991514238,995.2,560.0
1872,1634,19.1302976010845,1022.6812040354517,672.1264991514238,995.2,560.0
1873,1634,19.1302976010845,1022.6812040354517,672.1264991514238,995.2,560.0
1874,1634,19.1302976010845,1022.6812040354517,672.1264991514238,995.2,560.0
1875,1634,19.1302976010845,1022.6812040354517,672.1264991514238,995.2,560.0
1876,1634,19.1302976010845,1022.6812040354517,672.1264991514238,995.2,560.0
1877,1634,19.1302976010845,1022.6812040354517,672.1264991514238,995.2,560.0
1878,1634,19.1302976010845,1022.6812040354517,672.1264991514238,995.2,560.0
1879,1634,19.1302976010845,1022.6812040354517,672.1264991514238,995.2,560.0
1880,1634,19.1302976010845,1022.6812040354517,672.1264991514238,995.2,560.0
1881,1634,19.1302976010845,1022.6812040354517,672.1264991514238,995.2,560.0
1882,1634,19.1302976010845,1022.6812040354517,672.1264991514238,985.6571428571428,580.2428571428571
1883,1634,19.1302976010845,1022.6812040354517,672.1264991514238,976.1142857142858,600.4857142857143
1884,1634,19.1302976010845,1022.6812040354517,672.1264991514238,966.5714285714286,620.7285714285715
1885,1634,19.1302976010845,1022.6812040354517,672.1264991514238,957.0285714285715,640.9714285714286
1886,1635,19.1302976010845,1022.6812040354517,672.1264991514238,947.4857142857143,661.2142857142858
1887,1636,32.2567524831937,1022.6812040354517,672.1264991514238,937.9428571428571,681.4571428571429
1888,1637,32.2567524831937,1022.6812040354517,672.1264991514238,928.4,701.7
1889,1638,32.2567524831937,1022.6812040354517,672.1264991514238,928.4,701.7
1890,1639,32.2567524831937,1022.6812040354517,672.1264991514238,928.4,701.7
1891,1640,32.2567524831937,1022.6812040354517,672.1264991514238,928.4,701.7
1892,1641,32.2567524831937,1022.6812040354517,672.1264991514238,928.4,701.7
1893,1642,32.2567524831937,1022.6812040354517,672.1264991514238,928.4,701.7
1894,1643,32.2567524831937,903.6812040354517,663.1264991514238,928.4,701.7
1895,1644,32.2567524831937,903.6812040354517,663.1264991514238,928.4,701.7
1896,1645,32.2567524831937,903.6812040354517,663.1264991514238,928.4,701.7
1897,1646,32.2567524831937,903.6812040354517,663.1264991514238,928.4,701.7
1898,1647,32.2567524831937,903.6812040354517,663.1264991514238,928.4,701.7
1899,1648,32.2567524831937,903.6812040354517,663.1264991514238,928.4,701.7
1900,1649,32.2567524831937,903.6812040354517,663.1264991514238,928.4,701.7
1901,1650,32.2567524831937,903.6812040354517,663.1264991514238,928.4,701.7
1902,1651,49.842217536606,903.6812040354517,663.1264991514238,928.4,701.7
1903,1652,42.14845286847788,903.6812040354517,663.1264991514238,928.4,701.7
1904,1653,11.919391654384825,785.6812040354517,654.1264991514238,928.4,701.7
1905,1653,11.919391654384825,785.6812040354517,654.1264991514238,928.4,701.7
1906,1653,11.919391654384825,785.6812040354517,654.1264991514238,928.4,701.7
1907,1653,11.919391654384825,785.6812040354517,654.1264991514238,928.4,701.7
1908,1653,11.919391654384825,785.6812040354517,654.1264991514238,926.4307692307692,678.4000000000001
1909,1653,11.919391654384825,785.6812040354517,654.1264991514238,924.4615384615385,655.1
1910,1654,21.03728453519938,785.6812040354517,654.1264991514238,922.4923076923077,631.8000000000001
1911,1655,74.19179360134095,785.6812040354517,654.1264991514238,920.5230769230769,608.5
1912,1656,51.634038491951245,785.6812040354517,654.1264991514238,918.5538461538462,585.2
1913,1657,41.98382127906696,785.6812040354517,654.1264991514238,916.5846153846154,561.9000000000001
1914,1657,41.98382127906696,785.6812040354517,654.1264991514238,914.6153846153845,538.6
1915,1657,41.98382127906696,785.6812040354517,654.1264991514238,912.6461538461538,515.3
1916,1657,41.98382127906696,785.6812040354517,654.1264991514238,910.676923076923,492.0
1917,1657,41.98382127906696,785.6812040354517,654.1264991514238,908.7076923076922,468.7
1918,1657,41.98382127906696,902.6812040354517,643.1264991514238,906.7384615384615,445.4
1919,1657,41.98382127906696,902.6812040354517,643.1264991514238,904.7692307692307,422.1
1920,1657,41.98382127906696,902.6812040354517,643.1264991514238,902.8,398.8
1921,1657,41.98382127906696,902.6812040354517,643.1264991514238,902.8,398.8
1922,1657,41.98382127906696,902.6812040354517,643.1264991514238,902.8,398.8
1923,1657,41.98382127906696,902.6812040354517,643.1264991514238,902.8,398.8
1924,1657,41.98382127906696,902.6812040354517,643.1264991514238,902.8,398.8
1925,1657,41.98382127906696,902.6812040354517,643.1264991514238,902.8,398.8
1926,1657,41.98382127906696,902.6812040354517,643.1264991514238,902.8,398.8
1927,1657,41.98382127906696,902.6812040354517,643.1264991514238,902.8,398.8
1928,1657,41.98382127906696,1020.6812040354517,633.1264991514238,902.8,398.8
1929,1657,41.98382127906696,1020.6812040354517,633.1264991514238,902.8,398.8
1930,1657,41.98382127906696,1020.6812040354517,633.1264991514238,902.8,398.8
1931,1657,41.98382127906696,1020.6812040354517,633.1264991514238,902.8,398.8
1932,1657,41.98382127906696,1020.6812040354517,633.1264991514238,902.8,398.8
1933,1657,41.98382127906696,1020.6812040354517,633.1264991514238,902.8,398.8
1934,1657,41.98382127906696,1020.6812040354517,633.1264991514238,902.8,398.8
1935,1658,46.485514954253645,1020.6812040354517,633.1264991514238,902.8,398.8
1936,1659,46.485514954253645,1020.6812040354517,633.1264991514238,902.8,398.8
1937,1660,46.485514954253645,1020.6812040354517,633.1264991514238,911.4,374.14
1938,1661,46.485514954253645,1020.6812040354517,633.1264991514238,920.0,349.48
1939,1662,46.485514954253645,1020.6812040354517,633.1264991514238,928.5999999999999,324.82
1940,1663,46.485514954253645,1020.6812040354517,633.1264991514238,937.1999999999999,300.15999999999997
1941,1664,46.485514954253645,1020.6812040354517,633.1264991514238,945.8,275.5
1942,1665,46.485514954253645,1020.6812040354517,633.1264991514238,945.8,275.5
1943,1666,65.55670834268085,1020.6812040354517,633.1264991514238,945.8,275.5
1944,1667,65.55670834268085,1020.6812040354517,633.1264991514238,945.8,275.5
1945,1668,65.55670834268085,1020.6812040354517,633.1264991514238,945.8,275.5
1946,1669,65.55670834268085,1020.6812040354517,633.1264991514238,945.8,275.5
1947,1670,65.55670834268085,1020.6812040354517,633.1264991514238,945.8,275.5
1948,1671,65.55670834268085,1020.6812040354517,633.1264991514238,945.8,275.5
1949,1672,65.55670834268085,1020.6812040354517,633.1264991514238,945.8,275.5
1950,1673,88.51221977160618,1020.6812040354517,633.1264991514238,945.8,275.5
1951,1674,54.40159938988797,1020.6812040354517,633.1264991514238,945.8,275.5
1952,1675,19.43558054295094,1020.6812040354517,633.1264991514238,945.8,275.5
1953,1676,17.88221595714181,1020.6812040354517,633.1264991514238,945.8,275.5
1954,1676,17.88221595714181,1020.6812040354517,633.1264991514238,945.8,275.5
1955,1676,17.88221595714181,1020.6812040354517,633.1264991514238,945.8,275.5
1956,1676,17.88221595714181,1020.6812040354517,633.1264991514238,945.8,275.5
1957,1676,17.88221595714181,1020.6812040354517,633.1264991514238,945.8,275.5
1958,1677,52.779063895325336,950.6812040354517,398.12649915142373,945.8,275.5
1959,1678,82.04850407312854,950.6812040354517,398.12649915142373,945.8,275.5
1960,1679,56.1210781057061,950.6812040354517,398.12649915142373,945.8,275.5
1961,1680,56.1210781057061,950.6812040354517,398.12649915142373,945.8,275.5
1962,1681,56.1210781057061,950.6812040354517,398.12649915142373,945.8,275.5
1963,1682,56.1210781057061,950.6812040354517,398.12649915142373,945.8,275.5
1964,1683,56.1210781057061,950.6812040354517,398.12649915142373,945.8,275.5
1965,1684,56.1210781057061,950.6812040354517,398.12649915142373,945.8,275.5
1966,1685,56.1210781057061,950.6812040354517,398.12649915142373,945.8,275.5
1967,1686,56.1210781057061,950.6812040354517,398.12649915142373,945.8,275.5
1968,1687,56.1210781057061,950.6812040354517,398.12649915142373,945.8,275.5
1969,1688,56.1210781057061,950.6812040354517,398.12649915142373,945.8,275.5
1970,1689,56.1210781057061,950.6812040354517,398.12649915142373,945.8,275.5
1971,1690,56.1210781057061,950.6812040354517,398.12649915142373,945.8,275.5
1972,1691,56.1210781057061,950.6812040354517,398.12649915142373,945.8,275.5
1973,1692,56.1210781057061,950.6812040354517,398.12649915142373,945.8,275.5
1974,1693,56.1210781057061,950.6812040354517,398.12649915142373,945.8,275.5
1975,1694,56.1210781057061,950.6812040354517,398.12649915142373,945.8,275.5
1976,1695,56.1210781057061,950.6812040354517,398.12649915142373,945.8,275.5
1977,1696,56.1210781057061,950.6812040354517,398.12649915142373,945.8,275.5
1978,1697,56.1210781057061,950.6812040354517,398.12649915142373,945.8,275.5
1979,1698,56.1210781057061,950.6812040354517,398.12649915142373,945.8,275.5
1980,1699,56.1210781057061,950.6812040354517,398.12649915142373,945.8,275.5
1981,1700,56.1210781057061,950.6812040354517,398.12649915142373,945.8,275.5
1982,1701,56.1210781057061,950.6812040354517,398.12649915142373,945.8,275.5
1983,1702,56.1210781057061,950.6812040354517,398.12649915142373,945.8,275.5
1984,1703,56.1210781057061,950.6812040354517,398.12649915142373,945.8,275.5
1985,1704,56.1210781057061,950.6812040354517,398.12649915142373,945.8,275.5
1986,1705,56.1210781057061,950.6812040354517,398.12649915142373,945.8,275.5
1987,1706,56.1210781057061,950.6812040354517,398.12649915142373,945.8,275.5
1988,1707,56.1210781057061,950.6812040354517,398.12649915142373,945.8,275.5
1989,1708,56.1210781057061,950.6812040354517,398.12649915142373,945.8,275.5
1990,1709,56.1210781057061,950.6812040354517,398.12649915142373,945.8,275.5
1991,1710,56.1210781057061,950.6812040354517,398.12649915142373,945.8,275.5
1992,1711,56.1210781057061,950.6812040354517,398.12649915142373,945.8,275.5
1993,1712,56.1210781057061,950.6812040354517,398.12649915142373,945.8,275.5
1994,1713,56.1210781057061,950.6812040354517,398.12649915142373,945.8,275.5
1995,1714,56.1210781057061,950.6812040354517,398.12649915142373,945.8,275.5
1996,1715,56.1210781057061,950.6812040354517,398.12649915142373,918.1999999999999,316.9666666666667
1997,1716,56.1210781057061,950.6812040354517,398.12649915142373,890.5999999999999,358.43333333333334
1998,1717,56.1210781057061,950.6812040354517,398.12649915142373,863.0,399.9
1999,1718,56.1210781057061,950.6812040354517,398.12649915142373,835.4,441.3666666666667
2000,1719,56.1210781057061,950.6812040354517,398.12649915142373,807.8,482.83333333333337
2001,1720,28.596236403216324,950.6812040354517,398.12649915142373,780.1999999999999,524.3
2001,1721,28.596236403216324,950.6812040354517,398.12649915142373,752.5999999999999,565.7666666666667
2001,1722,28.596236403216324,950.6812040354517,398.12649915142373,725.0,607.2333333333333
2001,1723,28.596236403216324,950.6812040354517,398.12649915142373,697.4,648.7
2001,1724,28.596236403216324,950.6812040354517,398.12649915142373,697.4,648.7
2001,1725,28.596236403216324,744.6812040354517,531.1264991514238,697.4,648.7
2001,1726,28.596236403216324,744.6812040354517,531.1264991514238,697.4,648.7
2001,1727,28.596236403216324,744.6812040354517,531.1264991514238,697.4,648.7
2001,1728,28.596236403216324,744.6812040354517,531.1264991514238,697.4,648.7
2001,1729,28.596236403216324,744.6812040354517,531.1264991514238,697.4,648.7
2001,1730,28.596236403216324,744.6812040354517,531.1264991514238,697.4,648.7
2001,1731,28.596236403216324,744.6812040354517,531.1264991514238,697.4,648.7
2001,1732,28.596236403216324,744.6812040354517,531.1264991514238,697.4,648.7
2001,1733,28.596236403216324,744.6812040354517,531.1264991514238,697.4,648.7
2001,1734,28.596236403216324,744.6812040354517,531.1264991514238,697.4,648.7
2001,1735,28.596236403216324,744.6812040354517,531.1264991514238,697.4,648.7
2001,1736,28.596236403216324,744.6812040354517,531.1264991514238,697.4,648.7
2001,1737,28.596236403216324,744.6812040354517,531.1264991514238,697.4,648.7
2001,1738,28.596236403216324,744.6812040354517,531.1264991514238,697.4,648.7
2001,1739,28.596236403216324,744.6812040354517,531.1264991514238,697.4,648.7
2001,1740,28.596236403216324,744.6812040354517,531.1264991514238,697.4,648.7
2001,1741,28.596236403216324,744.6812040354517,531.1264991514238,697.4,648.7
2001,1742,28.596236403216324,744.6812040354517,531.1264991514238,697.4,648.7
2001,1743,28.596236403216324,744.6812040354517,531.1264991514238,697.4,648.7
2001,1744,28.596236403216324,744.6812040354517,531.1264991514238,697.4,648.7
2001,1745,28.596236403216324,744.6812040354517,531.1264991514238,697.4,648.7
2001,1746,28.596236403216324,744.6812040354517,531.1264991514238,697.4,648.7
2001,1747,28.596236403216324,744.6812040354517,531.1264991514238,697.4,648.7
2001,1748,28.596236403216324,744.6812040354517,531.1264991514238,697.4,648.7
2001,1749,28.596236403216324,610.6812040354517,687.1264991514238,697.4,648.7
2001,1750,28.596236403216324,610.6812040354517,687.1264991514238,745.18,660.1800000000001
2001,1751,28.596236403216324,610.6812040354517,687.1264991514238,792.9599999999999,671.6600000000001
2001,1752,28.596236403216324,610.6812040354517,687.1264991514238,840.74,683.14
2001,1753,28.596236403216324,610.6812040354517,687.1264991514238,888.52,694.62
2001,1754,28.596236403216324,610.6812040354517,687.1264991514238,936.3,706.1
2001,1755,28.596236403216324,610.6812040354517,687.1264991514238,936.3,706.1
2001,1756,28.596236403216324,610.6812040354517,687.1264991514238,936.3,706.1
2001,1757,28.596236403216324,610.6812040354517,687.1264991514238,936.3,706.1
2001,1758,28.596236403216324,610.6812040354517,687.1264991514238,936.3,706.1
2002,1759,28.596236403216324,610.6812040354517,687.1264991514238,936.3,706.1
2003,1760,28.596236403216324,610.6812040354517,687.1264991514238,936.3,706.1
2004,1761,28.596236403216324,610.6812040354517,687.1264991514238,936.3,706.1
2005,1762,28.596236403216324,610.6812040354517,687.1264991514238,936.3,706.1
2006,1763,28.596236403216324,610.6812040354517,687.1264991514238,936.3,706.1
2007,1764,81.04266817615584,610.6812040354517,687.1264991514238,936.3,706.1
2008,1765,81.04266817615584,610.6812040354517,687.1264991514238,936.3,706.1
2009,1766,81.04266817615584,610.6812040354517,687.1264991514238,936.3,706.1
2010,1767,43.77994211466542,610.6812040354517,687.1264991514238,936.3,706.1
2011,1768,24.07369099279128,610.6812040354517,687.1264991514238,936.3,706.1
2012,1768,24.07369099279128,610.6812040354517,687.1264991514238,936.3,706.1
2013,1768,24.07369099279128,610.6812040354517,687.1264991514238,936.3,706.1
2014,1768,24.07369099279128,610.6812040354517,687.1264991514238,936.3,706.1
2015,1768,24.07369099279128,610.6812040354517,687.1264991514238,936.3,706.1
2016,1768,24.07369099279128,610.6812040354517,687.1264991514238,936.3,706.1
2017,1768,24.07369099279128,610.6812040354517,687.1264991514238,936.3,706.1
2018,1768,24.07369099279128,610.6812040354517,687.1264991514238,936.3,706.1
2019,1768,24.07369099279128,610.6812040354517,687.1264991514238,937.1428571428571,663.8714285714286
2020,1768,24.07369099279128,610.6812040354517,687.1264991514238,937.9857142857143,621.6428571428571
2021,1768,24.07369099279128,610.6812040354517,687.1264991514238,938.8285714285714,579.4142857142857
2022,1769,50.56176286947829,610.6812040354517,687.1264991514238,939.6714285714286,537.1857142857143
2023,1770,69.07874051100416,610.6812040354517,687.1264991514238,940.5142857142857,494.95714285714286
2024,1771,50.608316085793604,610.6812040354517,687.1264991514238,941.3571428571429,452.7285714285714
2025,1772,60.53611255682467,610.6812040354517,687.1264991514238,942.2,410.5
2026,1773,89.90066846217265,610.6812040354517,687.1264991514238,942.2,410.5
2027,1774,125.7526518861468,610.6812040354517,687.1264991514238,942.2,410.5
2028,1775,125.7526518861468,610.6812040354517,687.1264991514238,942.2,410.5
2029,1776,125.7526518861468,610.6812040354517,687.1264991514238,942.2,410.5
2030,1777,125.7526518861468,610.6812040354517,687.1264991514238,942.2,410.5
2031,1778,78.52942579735823,610.6812040354517,687.1264991514238,942.2,410.5
2032,1779,78.52942579735823,610.6812040354517,687.1264991514238,942.2,410.5
2033,1780,78.52942579735823,610.6812040354517,687.1264991514238,942.2,410.5
2034,1781,78.52942579735823,610.6812040354517,687.1264991514238,942.2,410.5
2035,1782,78.52942579735823,610.6812040354517,687.1264991514238,942.2,410.5
2036,1783,78.52942579735823,610.6812040354517,687.1264991514238,942.2,410.5
2037,1784,78.52942579735823,610.6812040354517,687.1264991514238,942.2,410.5
2038,1785,78.52942579735823,610.6812040354517,687.1264991514238,942.2,410.5
2039,1786,78.52942579735823,610.6812040354517,687.1264991514238,942.2,410.5
2040,1787,78.52942579735823,610.6812040354517,687.1264991514238,942.2,410.5
2041,1788,78.52942579735823,610.6812040354517,687.1264991514238,942.2,410.5
2042,1789,78.52942579735823,610.6812040354517,687.1264991514238,942.2,410.5
2043,1790,78.52942579735823,610.6812040354517,687.1264991514238,942.2,410.5
2044,1791,78.52942579735823,610.6812040354517,687.1264991514238,942.2,410.5
2045,1792,78.52942579735823,610.6812040354517,687.1264991514238,942.2,410.5
2046,1793,78.52942579735823,610.6812040354517,687.1264991514238,942.2,410.5
2047,1794,78.52942579735823,610.6812040354517,687.1264991514238,942.2,410.5
2048,1795,78.52942579735823,740.6812040354517,551.1264991514238,942.2,410.5
2049,1796,78.52942579735823,740.6812040354517,551.1264991514238,942.2,410.5
2050,1797,78.52942579735823,740.6812040354517,551.1264991514238,942.2,410.5
2051,1798,78.52942579735823,740.6812040354517,551.1264991514238,942.2,410.5
2052,1799,78.52942579735823,740.6812040354517,551.1264991514238,942.2,410.5
2053,1800,78.52942579735823,740.6812040354517,551.1264991514238,942.2,410.5
2054,1801,78.52942579735823,740.6812040354517,551.1264991514238,942.2,410.5
2055,1802,75.37907765025737,740.6812040354517,551.1264991514238,942.2,410.5
2055,1803,75.37907765025737,870.6812040354517,414.12649915142373,942.2,410.5
2055,1804,75.37907765025737,870.6812040354517,414.12649915142373,942.2,410.5
2055,1805,75.37907765025737,870.6812040354517,414.12649915142373,942.2,410.5
2055,1806,75.37907765025737,870.6812040354517,414.12649915142373,942.2,410.5
2055,1807,75.37907765025737,870.6812040354517,414.12649915142373,942.2,410.5
2055,1808,75.37907765025737,870.6812040354517,414.12649915142373,942.2,410.5
2055,1809,75.37907765025737,870.6812040354517,414.12649915142373,939.725,389.675
2055,1810,75.37907765025737,870.6812040354517,414.12649915142373,937.25,368.85
2055,1811,75.37907765025737,921.6812040354517,325.12649915142373,934.775,348.025
2055,1812,75.37907765025737,921.6812040354517,325.12649915142373,932.3,327.2
2055,1813,75.37907765025737,921.6812040354517,325.12649915142373,932.3,327.2
2055,1814,75.37907765025737,921.6812040354517,325.12649915142373,932.3,327.2
2056,1815,75.37907765025737,921.6812040354517,325.12649915142373,932.3,327.2
2057,1816,75.37907765025737,921.6812040354517,325.12649915142373,932.3,327.2
2058,1817,75.37907765025737,921.6812040354517,325.12649915142373,932.3,327.2
2059,1818,75.37907765025737,921.6812040354517,325.12649915142373,932.3,327.2
2060,1819,75.37907765025737,973.6812040354517,235.12649915142373,932.3,327.2
2061,1820,75.37907765025737,973.6812040354517,235.12649915142373,932.3,327.2
2062,1821,75.37907765025737,973.6812040354517,235.12649915142373,932.3,327.2
2063,1822,75.37907765025737,973.6812040354517,235.12649915142373,932.3,327.2
2064,1823,75.37907765025737,973.6812040354517,235.12649915142373,932.3,327.2
2065,1824,75.37907765025737,973.6812040354517,235.12649915142373,932.3,327.2
2066,1825,75.37907765025737,973.6812040354517,235.12649915142373,932.3,327.2
2067,1826,75.37907765025737,973.6812040354517,235.12649915142373,932.3,327.2
2068,1827,75.37907765025737,973.6812040354517,235.12649915142373,932.3,327.2
2069,1828,75.37907765025737,973.6812040354517,235.12649915142373,932.3,327.2
2070,1829,75.37907765025737,973.6812040354517,235.12649915142373,932.3,327.2
2071,1830,75.37907765025737,973.6812040354517,235.12649915142373,932.3,327.2
2072,1831,71.33113557893542,973.6812040354517,235.12649915142373,932.3,327.2
2073,1832,81.21708959468378,973.6812040354517,235.12649915142373,932.3,327.2
2074,1833,101.02603409594361,973.6812040354517,235.12649915142373,932.3,327.2
2075,1834,126.16759755084557,973.6812040354517,235.12649915142373,932.3,327.2
2076,1835,154.05266944140544,973.6812040354517,235.12649915142373,932.3,327.2
2076,1836,183.43431095617643,973.6812040354517,235.12649915142373,932.3,327.2
2076,1837,213.69610921489655,973.6812040354517,235.12649915142373,932.3,327.2
2076,1838,213.69610921489655,973.6812040354517,235.12649915142373,932.3,327.2
2076,1839,213.69610921489655,973.6812040354517,235.12649915142373,932.3,327.2
2076,1840,213.69610921489655,973.6812040354517,235.12649915142373,932.3,327.2
2076,1841,213.69610921489655,973.6812040354517,235.12649915142373,932.3,327.2
2076,1842,213.69610921489655,973.6812040354517,235.12649915142373,932.3,327.2
2076,1843,213.69610921489655,973.6812040354517,235.12649915142373,932.3,327.2
2076,1844,213.69610921489655,973.6812040354517,235.12649915142373,932.3,327.2
2076,1845,213.69610921489655,973.6812040354517,235.12649915142373,932.3,327.2
2076,1846,213.69610921489655,973.6812040354517,235.12649915142373,932.3,327.2
2076,1847,213.69610921489655,973.6812040354517,235.12649915142373,932.3,327.2
2076,1848,213.69610921489655,973.6812040354517,235.12649915142373,932.3,327.2
2076,1849,213.69610921489655,973.6812040354517,235.12649915142373,932.3,327.2
2076,1850,213.69610921489655,973.6812040354517,235.12649915142373,932.3,327.2
2076,1851,213.69610921489655,973.6812040354517,235.12649915142373,932.3,327.2
2076,1852,213.69610921489655,973.6812040354517,235.12649915142373,932.3,327.2
2076,1853,213.69610921489655,973.6812040354517,235.12649915142373,935.3125,368.125
2076,1854,213.69610921489655,973.6812040354517,235.12649915142373,938.3249999999999,409.05
2076,1855,213.69610921489655,973.6812040354517,235.12649915142373,941.3375,449.975
2076,1856,213.69610921489655,973.6812040354517,235.12649915142373,944.3499999999999,490.9
2076,1857,213.69610921489655,973.6812040354517,235.12649915142373,947.3625,531.825
2076,1858,213.69610921489655,973.6812040354517,235.12649915142373,950.375,572.75
2076,1859,213.69610921489655,973.6812040354517,235.12649915142373,953.3874999999999,613.675
2076,1860,213.69610921489655,973.6812040354517,235.12649915142373,956.4,654.6
2076,1861,213.69610921489655,973.6812040354517,235.12649915142373,956.4,654.6
2076,1862,213.69610921489655,973.6812040354517,235.12649915142373,956.4,654.6
2076,1863,213.69610921489655,973.6812040354517,235.12649915142373,956.4,654.6
2076,1864,213.69610921489655,973.6812040354517,235.12649915142373,956.4,654.6
2076,1865,213.69610921489655,973.6812040354517,235.12649915142373,956.4,654.6
2076,1866,213.69610921489655,973.6812040354517,235.12649915142373,956.4,654.6
2076,1867,213.69610921489655,973.6812040354517,235.12649915142373,956.4,654.6
2076,1868,213.69610921489655,973.6812040354517,235.12649915142373,956.4,654.6
2076,1869,213.69610921489655,973.6812040354517,235.12649915142373,956.4,654.6
2076,1870,213.69610921489655,973.6812040354517,235.12649915142373,956.4,654.6
2076,1871,213.69610921489655,973.6812040354517,235.12649915142373,956.4,654.6
2076,1872,213.69610921489655,973.6812040354517,235.12649915142373,956.4,654.6
2076,1873,213.69610921489655,973.6812040354517,235.12649915142373,956.4,654.6
2076,1874,213.69610921489655,973.6812040354517,235.12649915142373,956.4,654.6
2076,1875,213.69610921489655,973.6812040354517,235.12649915142373,956.4,654.6
2076,1876,213.69610921489655,973.6812040354517,235.12649915142373,956.4,654.6
2076,1877,213.69610921489655,973.6812040354517,235.12649915142373,956.4,654.6
2076,1878,213.69610921489655,973.6812040354517,235.12649915142373,956.4,654.6
2076,1879,213.69610921489655,973.6812040354517,235.12649915142373,956.4,654.6
2076,1880,213.69610921489655,973.6812040354517,235.12649915142373,956.4,654.6
2076,1881,213.69610921489655,973.6812040354517,235.12649915142373,956.4,654.6
2076,1882,213.69610921489655,973.6812040354517,235.12649915142373,956.4,654.6
2076,1883,213.69610921489655,973.6812040354517,235.12649915142373,956.4,654.6
2076,1884,213.69610921489655,973.6812040354517,235.12649915142373,956.4,654.6
2076,1885,213.69610921489655,973.6812040354517,235.12649915142373,956.4,654.6
2076,1886,213.69610921489655,973.6812040354517,235.12649915142373,956.4,654.6
2076,1887,173.3945954551988,973.6812040354517,235.12649915142373,956.4,654.6
2076,1888,133.2751633747231,973.6812040354517,235.12649915142373,956.4,654.6
2076,1889,93.57231113981423,973.6812040354517,235.12649915142373,956.4,654.6
2076,1890,55.19248546254549,973.6812040354517,235.12649915142373,956.4,654.6
2076,1891,25.170782487248328,973.6812040354517,235.12649915142373,956.4,654.6
2076,1892,25.170782487248328,973.6812040354517,235.12649915142373,956.4,654.6
2076,1893,25.170782487248328,973.6812040354517,235.12649915142373,956.4,654.6
2076,1894,25.170782487248328,973.6812040354517,235.12649915142373,956.4,654.6
2076,1895,25.170782487248328,973.6812040354517,235.12649915142373,956.4,654.6
2076,1896,25.170782487248328,973.6812040354517,235.12649915142373,956.4,654.6
2076,1897,25.170782487248328,973.6812040354517,235.12649915142373,956.4,654.6
2076,1898,25.170782487248328,973.6812040354517,235.12649915142373,956.4,654.6
2076,1899,25.170782487248328,973.6812040354517,235.12649915142373,956.4,654.6
2076,1900,25.170782487248328,973.6812040354517,235.12649915142373,956.4,654.6
2076,1901,25.170782487248328,973.6812040354517,235.12649915142373,955.5428571428571,641.2357142857143
2076,1902,25.170782487248328,973.6812040354517,235.12649915142373,954.6857142857143,627.8714285714286
2076,1903,25.170782487248328,973.6812040354517,235.12649915142373,953.8285714285714,614.5071428571429
2076,1904,25.170782487248328,973.6812040354517,235.12649915142373,952.9714285714285,601.1428571428571
2076,1905,25.170782487248328,973.6812040354517,235.12649915142373,952.1142857142856,587.7785714285715
2076,1906,25.170782487248328,973.6812040354517,235.12649915142373,951.2571428571429,574.4142857142857
2076,1907,25.170782487248328,973.6812040354517,235.12649915142373,950.4,561.05
2076,1908,25.170782487248328,973.6812040354517,235.12649915142373,949.5428571428571,547.6857142857143
2076,1909,25.170782487248328,973.6812040354517,235.12649915142373,948.6857142857143,534.3214285714286
2076,1910,25.170782487248328,973.6812040354517,235.12649915142373,947.8285714285714,520.9571428571428
2076,1911,25.170782487248328,973.6812040354517,235.12649915142373,946.9714285714285,507.59285714285716
2076,1912,25.170782487248328,973.6812040354517,235.12649915142373,946.1142857142856,494.2285714285714
2076,1913,25.170782487248328,973.6812040354517,235.12649915142373,945.2571428571429,480.86428571428576
2076,1914,25.170782487248328,973.6812040354517,235.12649915142373,944.4,467.5
2076,1915,25.170782487248328,973.6812040354517,235.12649915142373,944.4,467.5
2076,1916,25.170782487248328,973.6812040354517,235.12649915142373,944.4,467.5
2076,1917,25.170782487248328,973.6812040354517,235.12649915142373,944.4,467.5
2077,1918,56.839950607943365,973.6812040354517,235.12649915142373,944.4,467.5
2078,1919,99.29503474043644,973.6812040354517,235.12649915142373,944.4,467.5
2079,1920,114.06823415992581,973.6812040354517,235.12649915142373,944.4,467.5
2079,1921,95.35615442873264,973.6812040354517,235.12649915142373,944.4,467.5
2079,1922,95.945518787523,973.6812040354517,235.12649915142373,944.4,467.5
2079,1923,115.54133982378563,958.6812040354517,439.12649915142373,944.4,467.5
2079,1924,146.71595716227338,958.6812040354517,439.12649915142373,944.4,467.5
2079,1925,146.71595716227338,958.6812040354517,439.12649915142373,944.4,467.5
2079,1926,146.71595716227338,958.6812040354517,439.12649915142373,944.4,467.5
2079,1927,146.71595716227338,958.6812040354517,439.12649915142373,944.4,467.5
2079,1928,146.71595716227338,958.6812040354517,439.12649915142373,944.4,467.5
2079,1929,146.71595716227338,958.6812040354517,439.12649915142373,944.4,467.5
2079,1930,146.71595716227338,958.6812040354517,439.12649915142373,944.4,467.5
2079,1931,146.71595716227338,943.6812040354517,642.1264991514238,944.4,467.5
2079,1932,146.71595716227338,943.6812040354517,642.1264991514238,944.4,467.5
2079,1933,146.71595716227338,943.6812040354517,642.1264991514238,944.4,467.5
2079,1934,146.71595716227338,943.6812040354517,642.1264991514238,944.4,467.5
2079,1935,146.71595716227338,943.6812040354517,642.1264991514238,944.4,467.5
2079,1936,146.71595716227338,943.6812040354517,642.1264991514238,944.4,467.5
2079,1937,146.71595716227338,943.6812040354517,642.1264991514238,944.4,467.5
2079,1938,146.71595716227338,943.6812040354517,642.1264991514238,944.4,467.5
2079,1939,146.71595716227338,943.6812040354517,642.1264991514238,944.4,467.5
2079,1940,146.71595716227338,943.6812040354517,642.1264991514238,944.4,467.5
2079,1941,146.71595716227338,943.6812040354517,642.1264991514238,901.3142857142857,492.1142857142857
2079,1942,146.71595716227338,943.6812040354517,642.1264991514238,858.2285714285714,516.7285714285714
2079,1943,146.71595716227338,943.6812040354517,642.1264991514238,815.1428571428571,541.3428571428572
2079,1944,146.71595716227338,943.6812040354517,642.1264991514238,772.0571428571428,565.9571428571428
2079,1945,146.71595716227338,943.6812040354517,642.1264991514238,728.9714285714285,590.5714285714286
2079,1946,146.71595716227338,943.6812040354517,642.1264991514238,685.8857142857142,615.1857142857143
2079,1947,146.71595716227338,943.6812040354517,642.1264991514238,642.8,639.8
2079,1948,146.71595716227338,943.6812040354517,642.1264991514238,642.8,639.8
2079,1949,146.71595716227338,943.6812040354517,642.1264991514238,642.8,639.8
2079,1950,146.71595716227338,943.6812040354517,642.1264991514238,642.8,639.8
2079,1951,146.71595716227338,943.6812040354517,642.1264991514238,642.8,639.8
2079,1952,146.71595716227338,943.6812040354517,642.1264991514238,642.8,639.8
2079,1953,146.71595716227338,943.6812040354517,642.1264991514238,642.8,639.8
2079,1954,146.71595716227338,943.6812040354517,642.1264991514238,642.8,639.8
2079,1955,146.71595716227338,810.6812040354517,443.12649915142373,642.8,639.8
2079,1956,146.71595716227338,810.6812040354517,443.12649915142373,642.8,639.8
2079,1957,146.71595716227338,810.6812040354517,443.12649915142373,642.8,639.8
2079,1958,146.71595716227338,810.6812040354517,443.12649915142373,642.8,639.8
2079,1959,146.71595716227338,810.6812040354517,443.12649915142373,642.8,639.8
2079,1960,146.71595716227338,810.6812040354517,443.12649915142373,642.8,639.8
2079,1961,146.71595716227338,810.6812040354517,443.12649915142373,642.8,639.8
2079,1962,146.71595716227338,810.6812040354517,443.12649915142373,642.8,639.8
2079,1963,146.71595716227338,677.6812040354517,244.12649915142373,642.8,639.8
2079,1964,146.71595716227338,677.6812040354517,244.12649915142373,642.8,639.8
2079,1965,146.71595716227338,677.6812040354517,244.12649915142373,642.8,639.8
2079,1966,146.71595716227338,677.6812040354517,244.12649915142373,642.8,639.8
2079,1967,146.71595716227338,677.6812040354517,244.12649915142373,642.8,639.8
2079,1968,123.98294060592329,677.6812040354517,244.12649915142373,642.8,639.8
2079,1969,103.76275601843733,677.6812040354517,244.12649915142373,642.8,639.8
2079,1970,87.80883789113493,677.6812040354517,244.12649915142373,642.8,639.8
2079,1971,78.75796459432831,677.6812040354517,244.12649915142373,642.8,639.8
2079,1972,78.75796459432831,677.6812040354517,244.12649915142373,642.8,639.8
2079,1973,78.75796459432831,677.6812040354517,244.12649915142373,642.8,639.8
2079,1974,78.75796459432831,677.6812040354517,244.12649915142373,642.8,639.8
2079,1975,78.75796459432831,677.6812040354517,244.12649915142373,684.2428571428571,636.6714285714286
2079,1976,78.75796459432831,677.6812040354517,244.12649915142373,725.6857142857142,633.5428571428571
2079,1977,78.75796459432831,677.6812040354517,244.12649915142373,767.1285714285714,630.4142857142857
2079,1978,78.75796459432831,677.6812040354517,244.12649915142373,808.5714285714286,627.2857142857142
2080,1979,78.75796459432831,677.6812040354517,244.12649915142373,850.0142857142857,624.1571428571428
2081,1980,78.75796459432831,677.6812040354517,244.12649915142373,891.4571428571428,621.0285714285714
2082,1981,78.75796459432831,677.6812040354517,244.12649915142373,932.9,617.9
2083,1982,78.75796459432831,677.6812040354517,244.12649915142373,932.9,617.9
2084,1983,78.75796459432831,677.6812040354517,244.12649915142373,932.9,617.9
2085,1984,78.75796459432831,677.6812040354517,244.12649915142373,932.9,617.9
2086,1985,78.75796459432831,677.6812040354517,244.12649915142373,932.9,617.9
2087,1986,251.76850831776906,677.6812040354517,244.12649915142373,932.9,617.9
2088,1987,251.76850831776906,677.6812040354517,244.12649915142373,932.9,617.9
2089,1988,251.76850831776906,677.6812040354517,244.12649915142373,932.9,617.9
2090,1989,251.76850831776906,677.6812040354517,244.12649915142373,932.9,617.9
2091,1990,251.76850831776906,677.6812040354517,244.12649915142373,932.9,617.9
2092,1991,251.76850831776906,677.6812040354517,244.12649915142373,932.9,617.9
2093,1992,251.76850831776906,677.6812040354517,244.12649915142373,932.9,617.9
2094,1993,251.76850831776906,677.6812040354517,244.12649915142373,932.9,617.9
2095,1994,251.76850831776906,677.6812040354517,244.12649915142373,932.9,617.9
2096,1995,251.76850831776906,1028.6812040354516,599.1264991514238,932.9,617.9
2097,1996,251.76850831776906,1028.6812040354516,599.1264991514238,932.9,617.9
2098,1997,251.76850831776906,1028.6812040354516,599.1264991514238,932.9,617.9
2099,1998,251.76850831776906,1028.6812040354516,599.1264991514238,932.9,617.9
2100,1999,251.76850831776906,1028.6812040354516,599.1264991514238,932.9,617.9
2101,2000,251.76850831776906,1028.6812040354516,599.1264991514238,932.9,617.9
2102,2001,251.76850831776906,1028.6812040354516,599.1264991514238,932.9,617.9
2103,2002,173.98681618653876,1028.6812040354516,599.1264991514238,932.9,617.9
2104,2003,173.98681618653876,1028.6812040354516,599.1264991514238,932.9,617.9
2105,2004,169.36860829784501,1028.6812040354516,599.1264991514238,932.9,617.9
2106,2005,168.38468582456858,1028.6812040354516,599.1264991514238,932.9,617.9
2107,2006,171.0977587147122,1028.6812040354516,599.1264991514238,932.9,617.9
2108,2007,177.33822861308414,1028.6812040354516,599.1264991514238,932.9,617.9
2109,2008,186.75281869766914,1028.6812040354516,599.1264991514238,932.9,617.9
2110,2009,198.89129425113575,1028.6812040354516,599.1264991514238,932.9,617.9
2111,2010,161.3888572861659,1028.6812040354516,599.1264991514238,932.9,617.9
2112,2011,161.3888572861659,1028.6812040354516,599.1264991514238,932.9,617.9
2113,2012,161.3888572861659,1028.6812040354516,599.1264991514238,932.9,617.9
2114,2013,161.3888572861659,1028.6812040354516,599.1264991514238,932.9,617.9
2115,2014,161.3888572861659,1028.6812040354516,599.1264991514238,932.9,617.9
2116,2015,161.3888572861659,1028.6812040354516,599.1264991514238,932.9,617.9
2117,2016,161.3888572861659,1028.6812040354516,599.1264991514238,932.9,617.9
2118,2017,161.3888572861659,1028.6812040354516,599.1264991514238,932.9,617.9
2119,2018,161.3888572861659,1028.6812040354516,599.1264991514238,932.9,617.9
2120,2019,161.3888572861659,1028.6812040354516,599.1264991514238,932.9,617.9
2121,2020,161.3888572861659,1028.6812040354516,599.1264991514238,932.9,617.9
2122,2021,161.3888572861659,1028.6812040354516,599.1264991514238,932.9,617.9
2123,2022,161.3888572861659,1028.6812040354516,599.1264991514238,932.9,617.9
2124,2023,161.3888572861659,1028.6812040354516,599.1264991514238,932.9,617.9
2125,2024,161.3888572861659,1028.6812040354516,599.1264991514238,932.9,617.9
2126,2025,161.3888572861659,1028.6812040354516,599.1264991514238,932.9,617.9
2127,2026,161.3888572861659,1028.6812040354516,599.1264991514238,932.9,617.9
2128,2027,161.3888572861659,1147.6812040354516,621.1264991514238,932.9,617.9
2129,2028,161.3888572861659,1147.6812040354516,621.1264991514238,932.9,617.9
2130,2029,161.3888572861659,1147.6812040354516,621.1264991514238,932.9,617.9
2131,2030,161.3888572861659,1147.6812040354516,621.1264991514238,932.9,617.9
2132,2031,111.79943125850356,1147.6812040354516,621.1264991514238,932.9,617.9
2133,2032,66.85375758560834,1147.6812040354516,621.1264991514238,932.9,617.9
2134,2033,44.24137743002277,1147.6812040354516,621.1264991514238,932.9,617.9
2135,2033,44.24137743002277,1147.6812040354516,621.1264991514238,932.9,617.9
2136,2033,44.24137743002277,1267.6812040354516,643.1264991514238,932.9,617.9
2137,2033,44.24137743002277,1267.6812040354516,643.1264991514238,932.9,617.9
2138,2033,44.24137743002277,1267.6812040354516,643.1264991514238,932.9,617.9
2139,2033,44.24137743002277,1267.6812040354516,643.1264991514238,932.9,617.9
2140,2033,44.24137743002277,1267.6812040354516,643.1264991514238,932.9,617.9
2141,2034,70.4466929706154,1267.6812040354516,643.1264991514238,932.9,617.9
2142,2035,70.4466929706154,1267.6812040354516,643.1264991514238,932.9,617.9
2143,2036,70.4466929706154,1267.6812040354516,643.1264991514238,932.9,617.9
2144,2037,70.4466929706154,1267.6812040354516,643.1264991514238,932.9,617.9
2145,2038,70.4466929706154,1267.6812040354516,643.1264991514238,932.9,617.9
2146,2039,70.4466929706154,1267.6812040354516,643.1264991514238,932.9,617.9
2147,2040,70.4466929706154,1267.6812040354516,643.1264991514238,967.725,615.975
2148,2041,70.4466929706154,1267.6812040354516,643.1264991514238,1002.55,614.05
2149,2042,70.4466929706154,1267.6812040354516,643.1264991514238,1037.375,612.125
2150,2043,70.4466929706154,1267.6812040354516,643.1264991514238,1072.2,610.2
2151,2044,70.4466929706154,1267.6812040354516,643.1264991514238,1072.2,610.2
2152,2045,70.4466929706154,1267.6812040354516,643.1264991514238,1072.2,610.2
2153,2046,70.4466929706154,1267.6812040354516,643.1264991514238,1072.2,610.2
2154,2047,70.4466929706154,1267.6812040354516,643.1264991514238,1072.2,610.2
2155,2048,70.4466929706154,1267.6812040354516,643.1264991514238,1072.2,610.2
2156,2049,70.4466929706154,1267.6812040354516,643.1264991514238,1072.2,610.2
2157,2050,70.4466929706154,1267.6812040354516,643.1264991514238,1072.2,610.2
2158,2051,70.4466929706154,1267.6812040354516,643.1264991514238,1072.2,610.2
2159,2052,264.63383721089116,1267.6812040354516,643.1264991514238,1072.2,610.2
2160,2053,249.8329151391341,1267.6812040354516,643.1264991514238,1072.2,610.2
2161,2054,239.83003302208647,1267.6812040354516,643.1264991514238,1072.2,610.2
2162,2055,235.23806144910407,1267.6812040354516,643.1264991514238,1072.2,610.2
2163,2055,235.23806144910407,1267.6812040354516,643.1264991514238,1072.2,610.2
2164,2055,235.23806144910407,1267.6812040354516,643.1264991514238,1072.2,610.2
2165,2055,235.23806144910407,1267.6812040354516,643.1264991514238,1072.2,610.2
2166,2055,235.23806144910407,1267.6812040354516,643.1264991514238,1072.2,610.2
2167,2055,235.23806144910407,1267.6812040354516,643.1264991514238,1072.2,610.2
2168,2055,235.23806144910407,1267.6812040354516,643.1264991514238,1046.44,580.2
2169,2055,235.23806144910407,1267.6812040354516,643.1264991514238,1020.6800000000001,550.2
2170,2055,235.23806144910407,1267.6812040354516,643.1264991514238,994.9200000000001,520.2
2171,2056,236.37256171516566,1267.6812040354516,643.1264991514238,969.16,490.2
2172,2057,243.1533916517455,1267.6812040354516,643.1264991514238,943.4,460.2
2173,2058,255.13074564662818,1267.6812040354516,643.1264991514238,943.4,460.2
2174,2059,271.6180488096507,1267.6812040354516,643.1264991514238,943.4,460.2
2175,2060,291.8519711542465,1267.6812040354516,643.1264991514238,943.4,460.2
2176,2061,291.8519711542465,1267.6812040354516,643.1264991514238,943.4,460.2
2177,2062,291.8519711542465,1267.6812040354516,643.1264991514238,943.4,460.2
2178,2063,291.8519711542465,1267.6812040354516,643.1264991514238,943.4,460.2
2179,2064,291.8519711542465,1267.6812040354516,643.1264991514238,943.4,460.2
2180,2065,291.8519711542465,1267.6812040354516,643.1264991514238,943.4,460.2
2181,2066,291.8519711542465,1267.6812040354516,643.1264991514238,943.4,460.2
2182,2067,291.8519711542465,1267.6812040354516,643.1264991514238,943.4,460.2
2183,2068,239.926359868945,1267.6812040354516,643.1264991514238,943.4,460.2
2184,2069,239.926359868945,1267.6812040354516,643.1264991514238,943.4,460.2
2185,2070,239.926359868945,1267.6812040354516,643.1264991514238,943.4,460.2
2186,2071,239.926359868945,1267.6812040354516,643.1264991514238,943.4,460.2
2187,2072,239.926359868945,1267.6812040354516,643.1264991514238,943.4,460.2
2188,2073,239.926359868945,1267.6812040354516,643.1264991514238,943.4,460.2
2189,2074,239.926359868945,1267.6812040354516,643.1264991514238,943.4,460.2
2190,2075,239.926359868945,1267.6812040354516,643.1264991514238,943.4,460.2
2191,2076,191.08939965283176,1267.6812040354516,643.1264991514238,943.4,460.2
2192,2077,191.08939965283176,1267.6812040354516,643.1264991514238,943.4,460.2
2193,2078,191.08939965283176,1267.6812040354516,643.1264991514238,943.4,460.2
2194,2079,191.08939965283176,1267.6812040354516,643.1264991514238,943.4,460.2
2195,2080,191.08939965283176,1267.6812040354516,643.1264991514238,943.4,460.2
2196,2081,191.08939965283176,1267.6812040354516,643.1264991514238,943.4,460.2
2197,2082,191.08939965283176,1267.6812040354516,643.1264991514238,943.4,460.2
2198,2083,191.08939965283176,1267.6812040354516,643.1264991514238,943.4,460.2
2199,2084,191.08939965283176,1267.6812040354516,643.1264991514238,943.4,460.2
2200,2085,191.08939965283176,1019.6812040354517,447.12649915142373,943.4,460.2
2201,2086,96.86941825156673,1019.6812040354517,447.12649915142373,943.4,460.2
2202,2087,96.86941825156673,1019.6812040354517,447.12649915142373,943.4,460.2
2203,2088,96.86941825156673,1019.6812040354517,447.12649915142373,943.4,460.2
2204,2089,96.86941825156673,1019.6812040354517,447.12649915142373,943.4,460.2
2205,2090,96.86941825156673,1019.6812040354517,447.12649915142373,943.4,460.2
2206,2091,96.86941825156673,1019.6812040354517,447.12649915142373,943.4,460.2
2207,2092,181.13950186219006,1019.6812040354517,447.12649915142373,943.4,460.2
2208,2093,178.8379403763173,771.6812040354517,251.12649915142373,943.4,460.2
2209,2094,176.55933392228695,771.6812040354517,251.12649915142373,943.4,460.2
2210,2095,174.30458274525543,771.6812040354517,251.12649915142373,943.4,460.2
2211,2096,172.074624598722,771.6812040354517,251.12649915142373,943.4,460.2
2212,2097,169.87043589001047,771.6812040354517,251.12649915142373,943.4,460.2
2213,2098,167.69303277718723,771.6812040354517,251.12649915142373,943.4,460.2
2214,2099,165.54347220122258,771.6812040354517,251.12649915142373,943.4,460.2
2215,2100,163.4228528350324,771.6812040354517,251.12649915142373,943.4,460.2
2216,2101,161.3323159287126,771.6812040354517,251.12649915142373,943.4,460.2
2217,2102,159.27304602782212,771.6812040354517,251.12649915142373,943.4,460.2
2218,2103,157.24627153900062,771.6812040354517,251.12649915142373,943.4,460.2
2219,2104,155.25326511455737,771.6812040354517,251.12649915142373,943.4,460.2
2220,2105,153.29534382499196,771.6812040354517,251.12649915142373,943.4,460.2
2221,2106,151.37386908575579,771.6812040354517,251.12649915142373,943.4,460.2
2222,2107,151.37386908575579,771.6812040354517,251.12649915142373,943.4,460.2
2223,2108,151.37386908575579,771.6812040354517,251.12649915142373,943.4,460.2
2224,2109,151.37386908575579,771.6812040354517,251.12649915142373,943.4,460.2
2225,2110,151.37386908575579,771.6812040354517,251.12649915142373,943.4,460.2
2226,2111,151.37386908575579,771.6812040354517,251.12649915142373,943.4,460.2
2227,2112,151.37386908575579,771.6812040354517,251.12649915142373,943.4,460.2
2228,2113,151.37386908575579,771.6812040354517,251.12649915142373,943.4,460.2
2229,2114,151.37386908575579,771.6812040354517,251.12649915142373,943.4,460.2
2230,2115,151.37386908575579,771.6812040354517,251.12649915142373,943.4,460.2
2231,2116,151.37386908575579,771.6812040354517,251.12649915142373,943.4,460.2
2232,2117,151.37386908575579,771.6812040354517,251.12649915142373,943.4,460.2
2233,2118,151.37386908575579,771.6812040354517,251.12649915142373,943.4,460.2
2234,2119,151.37386908575579,771.6812040354517,251.12649915142373,943.4,460.2
2235,2120,151.37386908575579,771.6812040354517,251.12649915142373,943.4,460.2
2236,2121,151.37386908575579,771.6812040354517,251.12649915142373,943.4,460.2
2237,2122,151.37386908575579,771.6812040354517,251.12649915142373,943.4,460.2
2238,2123,151.37386908575579,771.6812040354517,251.12649915142373,943.4,460.2
2239,2124,151.37386908575579,771.6812040354517,251.12649915142373,943.4,460.2
2240,2125,151.37386908575579,748.6812040354517,440.12649915142373,943.4,460.2
2241,2126,151.37386908575579,748.6812040354517,440.12649915142373,943.4,460.2
2242,2127,151.37386908575579,748.6812040354517,440.12649915142373,943.4,460.2
2243,2128,151.37386908575579,748.6812040354517,440.12649915142373,943.4,460.2
2244,2129,151.37386908575579,748.6812040354517,440.12649915142373,943.4,460.2
2245,2130,151.37386908575579,748.6812040354517,440.12649915142373,943.4,460.2
2246,2131,151.37386908575579,748.6812040354517,440.12649915142373,943.4,460.2
2247,2132,151.37386908575579,748.6812040354517,440.12649915142373,943.4,460.2
2248,2133,151.37386908575579,725.6812040354517,629.1264991514238,943.4,460.2
2249,2134,151.37386908575579,725.6812040354517,629.1264991514238,943.4,460.2
2250,2135,151.37386908575579,725.6812040354517,629.1264991514238,943.4,460.2
2251,2136,151.37386908575579,725.6812040354517,629.1264991514238,943.4,460.2
2252,2137,151.37386908575579,725.6812040354517,629.1264991514238,943.4,460.2
2253,2138,151.37386908575579,725.6812040354517,629.1264991514238,943.4,460.2
2254,2139,151.37386908575579,725.6812040354517,629.1264991514238,943.4,460.2
2255,2140,56.5421413808571,725.6812040354517,629.1264991514238,943.4,460.2
2256,2141,47.18305289970609,725.6812040354517,629.1264991514238,943.4,460.2
2257,2141,47.18305289970609,725.6812040354517,629.1264991514238,943.4,460.2
2258,2141,47.18305289970609,725.6812040354517,629.1264991514238,943.4,460.2
2259,2142,54.246474746660645,725.6812040354517,629.1264991514238,943.4,460.2
2260,2143,73.1186185348419,725.6812040354517,629.1264991514238,943.4,460.2
2261,2144,97.14523942503487,725.6812040354517,629.1264991514238,943.4,460.2
2262,2145,123.35021492462414,725.6812040354517,629.1264991514238,943.4,460.2
2263,2146,48.80015879914117,725.6812040354517,629.1264991514238,943.4,460.2
2263,2147,22.852988925412234,725.6812040354517,629.1264991514238,943.4,460.2
2263,2148,22.852988925412234,725.6812040354517,629.1264991514238,943.4,460.2
2263,2149,22.852988925412234,725.6812040354517,629.1264991514238,943.4,460.2
2263,2150,22.852988925412234,725.6812040354517,629.1264991514238,943.4,460.2
2263,2151,22.852988925412234,725.6812040354517,629.1264991514238,943.4,460.2
2263,2152,22.852988925412234,725.6812040354517,629.1264991514238,943.4,460.2
2263,2153,22.852988925412234,725.6812040354517,629.1264991514238,943.4,460.2
2263,2154,22.852988925412234,725.6812040354517,629.1264991514238,943.4,460.2
2263,2155,22.852988925412234,725.6812040354517,629.1264991514238,943.4,460.2
2263,2156,22.852988925412234,725.6812040354517,629.1264991514238,943.4,460.2
2263,2157,22.852988925412234,725.6812040354517,629.1264991514238,943.4,460.2
2263,2158,22.852988925412234,725.6812040354517,629.1264991514238,943.4,460.2
2263,2159,22.852988925412234,725.6812040354517,629.1264991514238,943.4,460.2
2263,2160,22.852988925412234,725.6812040354517,629.1264991514238,943.4,460.2
2263,2161,22.852988925412234,725.6812040354517,629.1264991514238,943.4,460.2
2263,2162,22.852988925412234,725.6812040354517,629.1264991514238,943.4,460.2
2263,2163,22.852988925412234,849.6812040354517,429.12649915142373,943.4,460.2
2263,2164,22.852988925412234,849.6812040354517,429.12649915142373,943.4,460.2
2263,2165,22.852988925412234,849.6812040354517,429.12649915142373,943.4,460.2
2263,2166,22.852988925412234,849.6812040354517,429.12649915142373,943.4,460.2
2263,2167,22.852988925412234,849.6812040354517,429.12649915142373,943.4,460.2
2263,2168,45.40799454435796,849.6812040354517,429.12649915142373,943.4,460.2
2263,2169,69.5860143262382,849.6812040354517,429.12649915142373,943.4,460.2
2263,2170,94.14478937592861,849.6812040354517,429.12649915142373,943.4,460.2
2263,2171,118.84851660420527,972.6812040354517,228.12649915142373,943.4,460.2
2263,2172,143.6224181211196,972.6812040354517,228.12649915142373,943.4,460.2
2263,2173,168.43553256498734,972.6812040354517,228.12649915142373,943.4,460.2
2263,2174,168.43553256498734,972.6812040354517,228.12649915142373,943.4,460.2
2263,2175,168.43553256498734,972.6812040354517,228.12649915142373,943.4,460.2
2263,2176,168.43553256498734,972.6812040354517,228.12649915142373,943.4,460.2
2263,2177,168.43553256498734,972.6812040354517,228.12649915142373,943.4,460.2
2263,2178,168.43553256498734,972.6812040354517,228.12649915142373,943.4,460.2
2263,2179,168.43553256498734,972.6812040354517,228.12649915142373,943.4,460.2
2263,2180,168.43553256498734,972.6812040354517,228.12649915142373,943.4,460.2
2263,2181,168.43553256498734,972.6812040354517,228.12649915142373,943.4,460.2
2263,2182,168.43553256498734,972.6812040354517,228.12649915142373,943.4,460.2
2263,2183,168.43553256498734,972.6812040354517,228.12649915142373,943.4,460.2
2263,2184,168.43553256498734,972.6812040354517,228.12649915142373,943.4,460.2
2263,2185,168.43553256498734,972.6812040354517,228.12649915142373,943.4,460.2
2263,2186,168.43553256498734,972.6812040354517,228.12649915142373,943.4,460.2
2263,2187,168.43553256498734,972.6812040354517,228.12649915142373,943.4,460.2
2263,2188,168.43553256498734,972.6812040354517,228.12649915142373,943.4,460.2
2263,2189,168.43553256498734,972.6812040354517,228.12649915142373,943.4,460.2
2263,2190,168.43553256498734,972.6812040354517,228.12649915142373,943.4,460.2
2263,2191,168.43553256498734,972.6812040354517,228.12649915142373,943.4,460.2
2263,2192,168.43553256498734,972.6812040354517,228.12649915142373,943.4,460.2
2263,2193,168.43553256498734,972.6812040354517,228.12649915142373,943.4,460.2
2263,2194,168.43553256498734,972.6812040354517,228.12649915142373,943.4,460.2
2263,2195,168.43553256498734,972.6812040354517,228.12649915142373,943.4,460.2
2263,2196,168.43553256498734,972.6812040354517,228.12649915142373,943.4,460.2
2263,2197,168.43553256498734,972.6812040354517,228.12649915142373,943.4,460.2
2263,2198,168.43553256498734,972.6812040354517,228.12649915142373,943.4,460.2
2263,2199,168.43553256498734,972.6812040354517,228.12649915142373,943.4,460.2
2264,2200,146.66239823520192,972.6812040354517,228.12649915142373,943.4,460.2
2265,2201,124.93098776513864,972.6812040354517,228.12649915142373,943.4,460.2
2266,2202,103.26764533999847,972.6812040354517,228.12649915142373,943.4,460.2
2267,2203,81.72651752267706,936.6812040354517,415.12649915142373,943.4,460.2
2268,2204,60.43842305126248,936.6812040354517,415.12649915142373,943.4,460.2
2269,2205,39.81136166579247,936.6812040354517,415.12649915142373,943.4,460.2
2270,2206,39.81136166579247,936.6812040354517,415.12649915142373,943.4,460.2
2271,2207,39.81136166579247,936.6812040354517,415.12649915142373,943.4,460.2
2272,2208,39.81136166579247,936.6812040354517,415.12649915142373,943.4,460.2
2273,2209,39.81136166579247,936.6812040354517,415.12649915142373,943.4,460.2
2274,2210,39.81136166579247,936.6812040354517,415.12649915142373,943.4,460.2
2275,2211,39.81136166579247,900.6812040354517,603.1264991514238,943.4,460.2
2276,2212,39.81136166579247,900.6812040354517,603.1264991514238,943.4,460.2
2277,2213,39.81136166579247,900.6812040354517,603.1264991514238,943.4,460.2
2278,2214,39.81136166579247,900.6812040354517,603.1264991514238,943.4,460.2
2279,2215,39.81136166579247,900.6812040354517,603.1264991514238,943.4,460.2
2280,2216,39.81136166579247,900.6812040354517,603.1264991514238,943.4,460.2
2281,2217,39.81136166579247,900.6812040354517,603.1264991514238,943.4,460.2
2282,2218,39.81136166579247,900.6812040354517,603.1264991514238,943.4,460.2
2283,2219,39.81136166579247,900.6812040354517,603.1264991514238,943.4,460.2
2284,2220,39.81136166579247,900.6812040354517,603.1264991514238,943.4,460.2
2285,2221,39.81136166579247,900.6812040354517,603.1264991514238,943.4,460.2
2286,2222,39.81136166579247,900.6812040354517,603.1264991514238,943.4,460.2
2287,2223,39.81136166579247,900.6812040354517,603.1264991514238,943.4,460.2
2288,2224,39.81136166579247,900.6812040354517,603.1264991514238,943.4,460.2
2289,2225,39.81136166579247,900.6812040354517,603.1264991514238,943.4,460.2
2290,2226,39.81136166579247,900.6812040354517,603.1264991514238,943.4,460.2
2291,2227,39.81136166579247,900.6812040354517,603.1264991514238,943.4,460.2
2292,2228,39.81136166579247,900.6812040354517,603.1264991514238,943.4,460.2
2293,2229,39.81136166579247,900.6812040354517,603.1264991514238,943.4,460.2
2294,2230,39.81136166579247,900.6812040354517,603.1264991514238,943.4,460.2
2295,2231,39.81136166579247,900.6812040354517,603.1264991514238,943.4,460.2
2296,2232,39.81136166579247,900.6812040354517,603.1264991514238,943.4,460.2
2297,2233,39.81136166579247,900.6812040354517,603.1264991514238,943.4,460.2
2298,2234,39.81136166579247,900.6812040354517,603.1264991514238,943.4,460.2
2299,2235,39.81136166579247,900.6812040354517,603.1264991514238,943.4,460.2
2300,2236,39.81136166579247,900.6812040354517,603.1264991514238,943.4,460.2
2301,2237,39.81136166579247,900.6812040354517,603.1264991514238,943.4,460.2
2302,2238,39.81136166579247,900.6812040354517,603.1264991514238,943.4,460.2
2303,2239,39.81136166579247,900.6812040354517,603.1264991514238,943.4,460.2
2304,2240,39.81136166579247,900.6812040354517,603.1264991514238,943.4,460.2
2305,2241,39.81136166579247,900.6812040354517,603.1264991514238,943.4,460.2
2306,2242,39.81136166579247,900.6812040354517,603.1264991514238,942.1285714285714,491.0285714285714
2307,2243,39.81136166579247,889.6812040354517,682.1264991514238,940.8571428571429,521.8571428571429
2308,2244,39.81136166579247,889.6812040354517,682.1264991514238,939.5857142857143,552.6857142857143
2309,2245,39.81136166579247,889.6812040354517,682.1264991514238,938.3142857142857,583.5142857142857
2310,2246,39.81136166579247,889.6812040354517,682.1264991514238,937.0428571428571,614.3428571428572
2311,2247,48.251097987135836,889.6812040354517,682.1264991514238,935.7714285714286,645.1714285714286
2312,2248,48.251097987135836,889.6812040354517,682.1264991514238,934.5,676.0
2313,2249,48.251097987135836,889.6812040354517,682.1264991514238,934.5,676.0
2314,2250,29.790898025072472,889.6812040354517,682.1264991514238,934.5,676.0
2315,2251,13.918256515363538,889.6812040354517,682.1264991514238,934.5,676.0
2316,2251,13.918256515363538,889.6812040354517,682.1264991514238,934.5,676.0
2317,2251,13.918256515363538,889.6812040354517,682.1264991514238,934.5,676.0
2318,2251,13.918256515363538,889.6812040354517,682.1264991514238,934.5,676.0
2319,2252,3.7001035167294094,889.6812040354517,682.1264991514238,934.5,676.0
2320,2252,3.7001035167294094,889.6812040354517,682.1264991514238,934.5,676.0
2321,2252,3.7001035167294094,889.6812040354517,682.1264991514238,934.5,676.0
2322,2252,3.7001035167294094,889.6812040354517,682.1264991514238,934.5,676.0
2323,2252,3.7001035167294094,889.6812040354517,682.1264991514238,934.5,676.0
2324,2252,3.7001035167294094,889.6812040354517,682.1264991514238,934.5,676.0
2325,2252,3.7001035167294094,889.6812040354517,682.1264991514238,934.5,676.0
2326,2252,3.7001035167294094,889.6812040354517,682.1264991514238,934.5,676.0
2327,2252,3.7001035167294094,889.6812040354517,682.1264991514238,934.5,676.0
2328,2252,3.7001035167294094,889.6812040354517,682.1264991514238,934.5,676.0
2329,2252,3.7001035167294094,889.6812040354517,682.1264991514238,934.5,676.0
2330,2252,3.7001035167294094,889.6812040354517,682.1264991514238,934.5,676.0
2331,2252,3.7001035167294094,744.6812040354517,689.1264991514238,934.5,676.0
2332,2253,3.7001035167294094,744.6812040354517,689.1264991514238,934.5,676.0
2333,2254,3.7001035167294094,744.6812040354517,689.1264991514238,934.5,676.0
2334,2255,3.7001035167294094,744.6812040354517,689.1264991514238,934.5,676.0
2335,2256,3.7001035167294094,744.6812040354517,689.1264991514238,934.5,676.0
2336,2257,3.7001035167294094,744.6812040354517,689.1264991514238,934.5,676.0
2337,2258,3.7001035167294094,744.6812040354517,689.1264991514238,934.5,676.0
2338,2259,3.7001035167294094,744.6812040354517,689.1264991514238,934.5,676.0
2339,2260,3.7001035167294094,600.6812040354517,696.1264991514238,934.5,676.0
2340,2261,3.7001035167294094,600.6812040354517,696.1264991514238,934.5,676.0
2341,2262,3.7001035167294094,600.6812040354517,696.1264991514238,934.5,676.0
2342,2263,3.7001035167294094,600.6812040354517,696.1264991514238,934.5,676.0
2343,2264,3.7001035167294094,600.6812040354517,696.1264991514238,934.5,676.0
2344,2265,3.7001035167294094,600.6812040354517,696.1264991514238,934.5,676.0
2345,2266,3.7001035167294094,600.6812040354517,696.1264991514238,934.5,676.0
2346,2267,3.7001035167294094,600.6812040354517,696.1264991514238,934.5,676.0
2347,2268,3.7001035167294094,600.6812040354517,696.1264991514238,934.5,676.0
2348,2269,32.170955789390824,600.6812040354517,696.1264991514238,934.5,676.0
2349,2270,64.69261232375271,600.6812040354517,696.1264991514238,936.7714285714286,627.0142857142857
2350,2271,97.28402666748433,600.6812040354517,696.1264991514238,939.0428571428571,578.0285714285715
2350,2272,129.89270057439035,600.6812040354517,696.1264991514238,941.3142857142857,529.0428571428572
2350,2273,162.50824453816688,600.6812040354517,696.1264991514238,943.5857142857143,480.0571428571429
2350,2274,195.12721359601554,600.6812040354517,696.1264991514238,945.8571428571429,431.0714285714286
2350,2275,227.74813608702374,600.6812040354517,696.1264991514238,948.1285714285714,382.0857142857143
2350,2276,260.37027779487795,600.6812040354517,696.1264991514238,950.4,333.1
2350,2277,260.37027779487795,600.6812040354517,696.1264991514238,950.4,333.1
2350,2278,260.37027779487795,600.6812040354517,696.1264991514238,950.4,333.1
2350,2279,260.37027779487795,600.6812040354517,696.1264991514238,950.4,333.1
2350,2280,260.37027779487795,600.6812040354517,696.1264991514238,950.4,333.1
2350,2281,260.37027779487795,600.6812040354517,696.1264991514238,950.4,333.1
2350,2282,260.37027779487795,600.6812040354517,696.1264991514238,950.4,333.1
2350,2283,260.37027779487795,600.6812040354517,696.1264991514238,950.4,333.1
2350,2284,260.37027779487795,600.6812040354517,696.1264991514238,950.4,333.1
2350,2285,260.37027779487795,600.6812040354517,696.1264991514238,950.4,333.1
2350,2286,260.37027779487795,600.6812040354517,696.1264991514238,950.4,333.1
2350,2287,260.37027779487795,600.6812040354517,696.1264991514238,950.4,333.1
2350,2288,260.37027779487795,600.6812040354517,696.1264991514238,950.4,333.1
2350,2289,260.37027779487795,600.6812040354517,696.1264991514238,950.4,333.1
2350,2290,260.37027779487795,600.6812040354517,696.1264991514238,950.4,333.1
2350,2291,225.38516113809354,600.6812040354517,696.1264991514238,950.4,333.1
2350,2292,190.40756973525623,600.6812040354517,696.1264991514238,950.4,333.1
2350,2293,155.4425836529622,600.6812040354517,696.1264991514238,950.4,333.1
2350,2294,120.50117618475517,600.6812040354517,696.1264991514238,950.4,333.1
2350,2295,85.61222202518897,600.6812040354517,696.1264991514238,950.4,333.1
2350,2296,50.88373126305395,600.6812040354517,696.1264991514238,950.4,333.1
2350,2297,17.310057867919692,600.6812040354517,696.1264991514238,950.4,333.1
2350,2298,17.310057867919692,600.6812040354517,696.1264991514238,950.4,333.1
2350,2299,17.310057867919692,600.6812040354517,696.1264991514238,950.4,333.1
2350,2300,17.310057867919692,600.6812040354517,696.1264991514238,950.4,333.1
2350,2301,17.310057867919692,600.6812040354517,696.1264991514238,950.4,333.1
2350,2302,17.310057867919692,600.6812040354517,696.1264991514238,950.4,333.1
2350,2303,17.310057867919692,600.6812040354517,696.1264991514238,950.4,333.1
2350,2304,17.310057867919692,600.6812040354517,696.1264991514238,950.4,333.1
2350,2305,17.310057867919692,600.6812040354517,696.1264991514238,950.4,333.1
2350,2306,17.310057867919692,600.6812040354517,696.1264991514238,950.4,333.1
2350,2307,17.310057867919692,600.6812040354517,696.1264991514238,950.4,333.1
2350,2308,17.310057867919692,600.6812040354517,696.1264991514238,950.4,333.1
2350,2309,17.310057867919692,600.6812040354517,696.1264991514238,950.4,333.1
2350,2310,17.310057867919692,600.6812040354517,696.1264991514238,950.4,333.1
2350,2311,17.310057867919692,600.6812040354517,696.1264991514238,950.4,333.1
2350,2312,17.310057867919692,600.6812040354517,696.1264991514238,950.4,333.1
2350,2313,17.310057867919692,600.6812040354517,696.1264991514238,942.15,318.8
2350,2314,17.310057867919692,600.6812040354517,696.1264991514238,933.9,304.5
2350,2315,17.310057867919692,600.6812040354517,696.1264991514238,933.9,304.5
2350,2316,17.310057867919692,600.6812040354517,696.1264991514238,933.9,304.5
2351,2317,17.310057867919692,600.6812040354517,696.1264991514238,933.9,304.5
2352,2318,17.310057867919692,600.6812040354517,696.1264991514238,933.9,304.5
2353,2319,17.310057867919692,600.6812040354517,696.1264991514238,933.9,304.5
2354,2320,17.310057867919692,600.6812040354517,696.1264991514238,933.9,304.5
2355,2321,17.310057867919692,600.6812040354517,696.1264991514238,933.9,304.5
2356,2322,17.310057867919692,600.6812040354517,696.1264991514238,933.9,304.5
2357,2323,17.310057867919692,600.6812040354517,696.1264991514238,933.9,304.5
2358,2324,63.23901216726724,908.6812040354517,653.1264991514238,933.9,304.5
2359,2325,104.9514919534853,908.6812040354517,653.1264991514238,933.9,304.5
2360,2326,59.238186330808034,908.6812040354517,653.1264991514238,933.9,304.5
2361,2327,16.80523806033622,908.6812040354517,653.1264991514238,933.9,304.5
2362,2327,16.80523806033622,908.6812040354517,653.1264991514238,933.9,304.5
2363,2327,16.80523806033622,908.6812040354517,653.1264991514238,933.9,304.5
2364,2327,16.80523806033622,908.6812040354517,653.1264991514238,933.9,304.5
2365,2328,36.53184340771233,908.6812040354517,653.1264991514238,933.9,304.5
2366,2329,81.64337933517122,908.6812040354517,653.1264991514238,933.9,304.5
2367,2330,90.06619033211194,908.6812040354517,653.1264991514238,933.9,304.5
2368,2331,48.088948287951375,908.6812040354517,653.1264991514238,933.9,304.5
2369,2331,48.088948287951375,908.6812040354517,653.1264991514238,933.9,304.5
2370,2331,48.088948287951375,908.6812040354517,653.1264991514238,933.9,304.5
2371,2331,48.088948287951375,908.6812040354517,653.1264991514238,933.9,304.5
2372,2331,48.088948287951375,908.6812040354517,653.1264991514238,933.9,304.5
2373,2331,48.088948287951375,908.6812040354517,653.1264991514238,933.9,304.5
2374,2331,48.088948287951375,908.6812040354517,653.1264991514238,933.9,304.5
2375,2331,48.088948287951375,908.6812040354517,653.1264991514238,936.6333333333333,327.73333333333335
2376,2331,48.088948287951375,908.6812040354517,653.1264991514238,939.3666666666667,350.96666666666664
2377,2331,48.088948287951375,908.6812040354517,653.1264991514238,942.0999999999999,374.2
2378,2331,48.088948287951375,908.6812040354517,653.1264991514238,944.8333333333333,397.43333333333334
2379,2331,48.088948287951375,908.6812040354517,653.1264991514238,947.5666666666666,420.66666666666663
2380,2331,48.088948287951375,908.6812040354517,653.1264991514238,950.3,443.9
2381,2331,48.088948287951375,908.6812040354517,653.1264991514238,950.3,443.9
2382,2331,48.088948287951375,908.6812040354517,653.1264991514238,950.3,443.9
2383,2331,48.088948287951375,908.6812040354517,653.1264991514238,950.3,443.9
2384,2331,48.088948287951375,908.6812040354517,653.1264991514238,950.3,443.9
2385,2331,48.088948287951375,908.6812040354517,653.1264991514238,950.3,443.9
2386,2331,48.088948287951375,908.6812040354517,653.1264991514238,950.3,443.9
2387,2331,48.088948287951375,908.6812040354517,653.1264991514238,950.3,443.9
2388,2331,48.088948287951375,908.6812040354517,653.1264991514238,950.3,443.9
2389,2331,48.088948287951375,908.6812040354517,653.1264991514238,950.3,443.9
2390,2331,48.088948287951375,908.6812040354517,653.1264991514238,950.3,443.9
2391,2331,261.81426423995686,908.6812040354517,653.1264991514238,950.3,443.9
2392,2331,261.81426423995686,908.6812040354517,653.1264991514238,950.3,443.9
2393,2331,261.81426423995686,908.6812040354517,653.1264991514238,950.3,443.9
2394,2331,261.81426423995686,908.6812040354517,653.1264991514238,950.3,443.9
2395,2331,261.81426423995686,908.6812040354517,653.1264991514238,950.3,443.9
2396,2331,261.81426423995686,908.6812040354517,653.1264991514238,950.3,443.9
2397,2331,261.81426423995686,908.6812040354517,653.1264991514238,950.3,443.9
2398,2331,261.81426423995686,908.6812040354517,653.1264991514238,950.3,443.9
2399,2331,261.81426423995686,908.6812040354517,653.1264991514238,950.3,443.9
2400,2331,261.81426423995686,908.6812040354517,653.1264991514238,950.3,443.9
2401,2331,261.81426423995686,908.6812040354517,653.1264991514238,950.3,443.9
2402,2331,261.81426423995686,908.6812040354517,653.1264991514238,979.6624999999999,470.8375
2403,2331,261.81426423995686,908.6812040354517,653.1264991514238,1009.025,497.775
2404,2331,261.81426423995686,908.6812040354517,653.1264991514238,1038.3875,524.7125
2405,2331,261.81426423995686,908.6812040354517,653.1264991514238,1067.75,551.65
2406,2331,261.81426423995686,908.6812040354517,653.1264991514238,1097.1125,578.5875
2407,2331,86.7068515692267,908.6812040354517,653.1264991514238,1126.475,605.525
2408,2331,86.7068515692267,908.6812040354517,653.1264991514238,1155.8375,632.4625
2409,2332,86.7068515692267,908.6812040354517,653.1264991514238,1185.2,659.4
2410,2333,86.7068515692267,908.6812040354517,653.1264991514238,1185.2,659.4
2411,2334,86.7068515692267,908.6812040354517,653.1264991514238,1185.2,659.4
2412,2335,86.7068515692267,908.6812040354517,653.1264991514238,1185.2,659.4
2412,2336,86.7068515692267,908.6812040354517,653.1264991514238,1185.2,659.4
2413,2337,86.7068515692267,908.6812040354517,653.1264991514238,1185.2,659.4
2414,2338,86.7068515692267,908.6812040354517,653.1264991514238,1185.2,659.4
2415,2339,88.41632913996085,908.6812040354517,653.1264991514238,1185.2,659.4
2416,2340,88.41632913996085,908.6812040354517,653.1264991514238,1185.2,659.4
2417,2341,88.41632913996085,908.6812040354517,653.1264991514238,1185.2,659.4
2418,2342,88.41632913996085,908.6812040354517,653.1264991514238,1185.2,659.4
2419,2343,88.41632913996085,908.6812040354517,653.1264991514238,1185.2,659.4
2420,2344,70.79113748025827,908.6812040354517,653.1264991514238,1185.2,659.4
2421,2345,57.12354403318963,908.6812040354517,653.1264991514238,1185.2,659.4
2422,2346,50.72070257867772,908.6812040354517,653.1264991514238,1185.2,659.4
2423,2347,54.22044178386615,908.6812040354517,653.1264991514238,1185.2,659.4
2424,2348,54.22044178386615,908.6812040354517,653.1264991514238,1185.2,659.4
2425,2349,54.22044178386615,908.6812040354517,653.1264991514238,1185.2,659.4
2426,2350,54.22044178386615,908.6812040354517,653.1264991514238,1185.2,659.4
2427,2351,54.22044178386615,908.6812040354517,653.1264991514238,1185.2,659.4
2428,2352,54.22044178386615,908.6812040354517,653.1264991514238,1185.2,659.4
2429,2353,54.22044178386615,908.6812040354517,653.1264991514238,1185.2,659.4
2430,2354,54.22044178386615,908.6812040354517,653.1264991514238,1185.2,659.4
2431,2355,54.22044178386615,908.6812040354517,653.1264991514238,1185.2,659.4
2432,2356,54.22044178386615,908.6812040354517,653.1264991514238,1185.2,659.4
2433,2357,54.22044178386615,908.6812040354517,653.1264991514238,1185.2,659.4
2434,2358,54.22044178386615,908.6812040354517,653.1264991514238,1185.2,659.4
2435,2359,54.22044178386615,908.6812040354517,653.1264991514238,1185.2,659.4
2436,2360,54.22044178386615,908.6812040354517,653.1264991514238,1185.2,659.4
2437,2361,76.73556733144069,1299.6812040354516,668.1264991514238,1185.2,659.4
2438,2362,126.6766842896455,1299.6812040354516,668.1264991514238,1185.2,659.4
2439,2363,149.95916237475652,1299.6812040354516,668.1264991514238,1185.2,659.4
2440,2364,132.12663832126745,1299.6812040354516,668.1264991514238,1185.2,659.4
2441,2365,140.13311810746055,1299.6812040354516,668.1264991514238,1185.2,659.4
2442,2366,170.37393312787,1299.6812040354516,668.1264991514238,1140.66,661.6
2443,2367,213.60572897490454,1299.6812040354516,668.1264991514238,1096.1200000000001,663.8
2444,2368,263.5103069613043,1299.6812040354516,668.1264991514238,1051.58,666.0
2445,2369,263.5103069613043,1299.6812040354516,668.1264991514238,1007.04,668.1999999999999
2446,2370,263.5103069613043,1299.6812040354516,668.1264991514238,962.5,670.4
2447,2371,209.57146465877278,1299.6812040354516,668.1264991514238,962.5,670.4
2447,2372,209.57146465877278,1299.6812040354516,668.1264991514238,962.5,670.4
2447,2373,209.57146465877278,1299.6812040354516,668.1264991514238,962.5,670.4
2447,2374,209.57146465877278,1299.6812040354516,668.1264991514238,962.5,670.4
2447,2375,209.57146465877278,1299.6812040354516,668.1264991514238,962.5,670.4
2447,2376,209.57146465877278,1299.6812040354516,668.1264991514238,962.5,670.4
2447,2377,209.57146465877278,1299.6812040354516,668.1264991514238,962.5,670.4
2447,2378,209.57146465877278,1299.6812040354516,668.1264991514238,962.5,670.4
2447,2379,209.57146465877278,1299.6812040354516,668.1264991514238,962.5,670.4
2447,2380,209.57146465877278,1299.6812040354516,668.1264991514238,962.5,670.4
2447,2381,209.57146465877278,1299.6812040354516,668.1264991514238,962.5,670.4
2447,2382,209.57146465877278,1299.6812040354516,668.1264991514238,962.5,670.4
2447,2383,209.57146465877278,1299.6812040354516,668.1264991514238,962.5,670.4
2447,2384,209.57146465877278,1299.6812040354516,668.1264991514238,962.5,670.4
2447,2385,209.57146465877278,1299.6812040354516,668.1264991514238,962.5,670.4
2447,2386,209.57146465877278,1299.6812040354516,668.1264991514238,962.5,670.4
2447,2387,209.57146465877278,1299.6812040354516,668.1264991514238,962.5,670.4
2447,2388,209.57146465877278,1299.6812040354516,668.1264991514238,962.5,670.4
2447,2389,209.57146465877278,1299.6812040354516,668.1264991514238,962.5,670.4
2447,2390,209.57146465877278,1299.6812040354516,668.1264991514238,962.5,670.4
2447,2391,200.34927245736003,1299.6812040354516,668.1264991514238,962.5,670.4
2447,2392,191.179792119326,1299.6812040354516,668.1264991514238,962.5,670.4
2447,2393,182.07098786190235,1299.6812040354516,668.1264991514238,962.5,670.4
2447,2394,173.03244231315188,1299.6812040354516,668.1264991514238,919.0833333333334,659.9333333333333
2447,2395,164.07576704170685,1299.6812040354516,668.1264991514238,875.6666666666666,649.4666666666667
2447,2396,155.2151356453994,1299.6812040354516,668.1264991514238,832.25,639.0
2447,2397,146.46797978445653,1299.6812040354516,668.1264991514238,788.8333333333334,628.5333333333333
2447,2398,137.85590171075447,1299.6812040354516,668.1264991514238,745.4166666666667,618.0666666666667
2447,2399,129.4058728823983,1299.6812040354516,668.1264991514238,702.0,607.6
2447,2400,121.15180560788463,1299.6812040354516,668.1264991514238,702.0,607.6
2447,2401,113.1365981160426,1118.6812040354516,665.1264991514238,702.0,607.6
2447,2402,105.41474958522724,1118.6812040354516,665.1264991514238,702.0,607.6
2447,2403,98.05559031787224,1118.6812040354516,665.1264991514238,702.0,607.6
2447,2404,91.14701268106192,1118.6812040354516,665.1264991514238,702.0,607.6
2447,2405,84.79921470392216,1118.6812040354516,665.1264991514238,702.0,607.6
2447,2406,79.1472392048335,1118.6812040354516,665.1264991514238,702.0,607.6
2447,2407,79.1472392048335,1118.6812040354516,665.1264991514238,702.0,607.6
2447,2408,79.1472392048335,1118.6812040354516,665.1264991514238,702.0,607.6
2447,2409,79.1472392048335,937.6812040354517,663.1264991514238,702.0,607.6
2447,2410,79.1472392048335,937.6812040354517,663.1264991514238,702.0,607.6
2447,2411,79.1472392048335,937.6812040354517,663.1264991514238,702.0,607.6
2447,2412,79.1472392048335,937.6812040354517,663.1264991514238,702.0,607.6
2447,2413,79.1472392048335,937.6812040354517,663.1264991514238,702.0,607.6
2447,2414,79.1472392048335,937.6812040354517,663.1264991514238,702.0,607.6
2447,2415,79.1472392048335,937.6812040354517,663.1264991514238,702.0,607.6
2447,2416,79.1472392048335,937.6812040354517,663.1264991514238,702.0,607.6
2447,2417,79.1472392048335,937.6812040354517,663.1264991514238,702.0,607.6
2447,2418,79.1472392048335,937.6812040354517,663.1264991514238,702.0,607.6
2447,2419,79.1472392048335,937.6812040354517,663.1264991514238,702.0,607.6
2447,2420,79.1472392048335,937.6812040354517,663.1264991514238,702.0,607.6
2447,2421,79.1472392048335,937.6812040354517,663.1264991514238,702.0,607.6
2447,2422,79.1472392048335,937.6812040354517,663.1264991514238,702.0,607.6
2447,2423,79.1472392048335,937.6812040354517,663.1264991514238,702.0,607.6
2447,2424,79.1472392048335,937.6812040354517,663.1264991514238,702.0,607.6
2447,2425,79.1472392048335,937.6812040354517,663.1264991514238,702.0,607.6
2447,2426,79.1472392048335,937.6812040354517,663.1264991514238,702.0,607.6
2447,2427,79.1472392048335,937.6812040354517,663.1264991514238,702.0,607.6
2447,2428,79.1472392048335,937.6812040354517,663.1264991514238,702.0,607.6
2447,2429,79.1472392048335,937.6812040354517,663.1264991514238,702.0,607.6
2447,2430,79.1472392048335,937.6812040354517,663.1264991514238,702.0,607.6
2447,2431,79.1472392048335,937.6812040354517,663.1264991514238,702.0,607.6
2447,2432,79.1472392048335,937.6812040354517,663.1264991514238,702.0,607.6
2447,2433,79.1472392048335,787.6812040354517,673.1264991514238,702.0,607.6
2447,2434,79.1472392048335,787.6812040354517,673.1264991514238,702.0,607.6
2447,2435,79.1472392048335,787.6812040354517,673.1264991514238,702.0,607.6
2447,2436,79.1472392048335,787.6812040354517,673.1264991514238,702.0,607.6
2447,2437,79.1472392048335,787.6812040354517,673.1264991514238,702.0,607.6
2447,2438,79.1472392048335,787.6812040354517,673.1264991514238,702.0,607.6
2447,2439,79.1472392048335,787.6812040354517,673.1264991514238,702.0,607.6
2447,2440,79.1472392048335,787.6812040354517,673.1264991514238,702.0,607.6
2447,2441,79.1472392048335,638.6812040354517,684.1264991514238,702.0,607.6
2447,2442,89.43205989126956,638.6812040354517,684.1264991514238,702.0,607.6
2447,2443,105.01905755168502,638.6812040354517,684.1264991514238,702.0,607.6
2447,2444,123.9234151066401,638.6812040354517,684.1264991514238,702.0,607.6
2447,2445,144.85207773567183,638.6812040354517,684.1264991514238,702.0,607.6
2447,2446,144.85207773567183,638.6812040354517,684.1264991514238,702.0,607.6
2447,2447,144.85207773567183,638.6812040354517,684.1264991514238,702.0,607.6
2447,2448,144.85207773567183,638.6812040354517,684.1264991514238,702.0,607.6
2447,2449,144.85207773567183,638.6812040354517,684.1264991514238,702.0,607.6
2447,2450,144.85207773567183,638.6812040354517,684.1264991514238,702.0,607.6
2447,2451,144.85207773567183,638.6812040354517,684.1264991514238,702.0,607.6
2447,2452,144.85207773567183,638.6812040354517,684.1264991514238,702.0,607.6
2447,2453,144.85207773567183,638.6812040354517,684.1264991514238,702.0,607.6
2447,2454,144.85207773567183,638.6812040354517,684.1264991514238,702.0,607.6
2447,2455,144.85207773567183,638.6812040354517,684.1264991514238,702.0,607.6
2447,2456,144.85207773567183,638.6812040354517,684.1264991514238,702.0,607.6
2447,2457,144.85207773567183,638.6812040354517,684.1264991514238,702.0,607.6
2447,2458,144.85207773567183,638.6812040354517,684.1264991514238,702.0,607.6
2447,2459,144.85207773567183,638.6812040354517,684.1264991514238,702.0,607.6
2447,2460,144.85207773567183,638.6812040354517,684.1264991514238,702.0,607.6
2447,2461,144.85207773567183,638.6812040354517,684.1264991514238,684.38,618.86
2447,2462,144.85207773567183,638.6812040354517,684.1264991514238,666.76,630.12
2447,2463,144.85207773567183,638.6812040354517,684.1264991514238,649.14,641.38
2447,2464,144.85207773567183,638.6812040354517,684.1264991514238,631.52,652.64
2447,2465,144.85207773567183,638.6812040354517,684.1264991514238,613.9,663.9
2447,2466,144.85207773567183,638.6812040354517,684.1264991514238,613.9,663.9
2447,2467,144.85207773567183,638.6812040354517,684.1264991514238,613.9,663.9
2447,2468,144.85207773567183,638.6812040354517,684.1264991514238,613.9,663.9
2447,2469,138.0877846743769,638.6812040354517,684.1264991514238,613.9,663.9
2447,2470,142.1909680448063,638.6812040354517,684.1264991514238,613.9,663.9
2447,2471,156.30812447236175,638.6812040354517,684.1264991514238,613.9,663.9
2447,2472,178.0733315910096,638.6812040354517,684.1264991514238,613.9,663.9
2447,2473,205.06563909412546,638.6812040354517,684.1264991514238,613.9,663.9
2447,2474,235.49446812090656,638.6812040354517,684.1264991514238,613.9,663.9
2447,2475,268.19264710152174,638.6812040354517,684.1264991514238,613.9,663.9
2447,2476,268.19264710152174,638.6812040354517,684.1264991514238,613.9,663.9
2447,2477,268.19264710152174,638.6812040354517,684.1264991514238,613.9,663.9
2447,2478,268.19264710152174,638.6812040354517,684.1264991514238,613.9,663.9
2448,2479,268.19264710152174,638.6812040354517,684.1264991514238,613.9,663.9
2449,2480,268.19264710152174,638.6812040354517,684.1264991514238,613.9,663.9
2450,2481,268.19264710152174,638.6812040354517,684.1264991514238,613.9,663.9
2451,2482,268.19264710152174,638.6812040354517,684.1264991514238,613.9,663.9
2452,2483,268.19264710152174,638.6812040354517,684.1264991514238,613.9,663.9
2453,2484,268.19264710152174,638.6812040354517,684.1264991514238,613.9,663.9
2454,2485,268.19264710152174,638.6812040354517,684.1264991514238,613.9,663.9
2455,2486,268.19264710152174,638.6812040354517,684.1264991514238,613.9,663.9
2456,2487,268.19264710152174,638.6812040354517,684.1264991514238,613.9,663.9
2457,2488,268.19264710152174,638.6812040354517,684.1264991514238,613.9,663.9
2458,2489,268.19264710152174,638.6812040354517,684.1264991514238,613.9,663.9
2459,2490,268.19264710152174,638.6812040354517,684.1264991514238,613.9,663.9
2460,2491,268.19264710152174,638.6812040354517,684.1264991514238,613.9,663.9
2461,2492,268.19264710152174,638.6812040354517,684.1264991514238,613.9,663.9
2462,2493,268.19264710152174,638.6812040354517,684.1264991514238,613.9,663.9
2463,2494,268.19264710152174,638.6812040354517,684.1264991514238,613.9,663.9
2464,2495,268.19264710152174,638.6812040354517,684.1264991514238,613.9,663.9
2465,2496,222.94742388877333,638.6812040354517,684.1264991514238,613.9,663.9
2466,2497,177.7094665189769,638.6812040354517,684.1264991514238,613.9,663.9
2467,2498,132.4862180559865,638.6812040354517,684.1264991514238,613.9,663.9
2468,2499,87.30053992729607,638.6812040354517,684.1264991514238,613.9,663.9
2469,2500,42.27308104357226,638.6812040354517,684.1264991514238,613.9,663.9
2470,2501,7.034579073081542,638.6812040354517,684.1264991514238,613.9,663.9
2471,2502,31.21952784427544,638.6812040354517,684.1264991514238,613.9,663.9
2472,2502,31.21952784427544,638.6812040354517,684.1264991514238,613.9,663.9
2473,2502,31.21952784427544,638.6812040354517,684.1264991514238,613.9,663.9
2474,2502,31.21952784427544,638.6812040354517,684.1264991514238,613.9,663.9
2475,2502,31.21952784427544,638.6812040354517,684.1264991514238,613.9,663.9
2476,2502,31.21952784427544,638.6812040354517,684.1264991514238,613.9,663.9
2477,2502,31.21952784427544,638.6812040354517,684.1264991514238,613.9,663.9
2478,2502,31.21952784427544,638.6812040354517,684.1264991514238,613.9,663.9
2479,2503,68.48220892562266,638.6812040354517,684.1264991514238,613.9,663.9
2480,2503,68.48220892562266,638.6812040354517,684.1264991514238,613.9,663.9
2481,2503,68.48220892562266,638.6812040354517,684.1264991514238,613.9,663.9
2482,2503,68.48220892562266,638.6812040354517,684.1264991514238,613.9,663.9
2483,2503,68.48220892562266,638.6812040354517,684.1264991514238,613.9,663.9
2484,2503,68.48220892562266,638.6812040354517,684.1264991514238,613.9,663.9
2485,2503,68.48220892562266,638.6812040354517,684.1264991514238,613.9,663.9
2486,2503,68.48220892562266,638.6812040354517,684.1264991514238,613.9,663.9
2487,2503,68.48220892562266,638.6812040354517,684.1264991514238,613.9,663.9
2488,2503,68.48220892562266,638.6812040354517,684.1264991514238,613.9,663.9
2489,2503,68.48220892562266,638.6812040354517,684.1264991514238,613.9,663.9
2490,2503,68.48220892562266,638.6812040354517,684.1264991514238,613.9,663.9
2491,2503,68.48220892562266,638.6812040354517,684.1264991514238,613.9,663.9
2492,2503,68.48220892562266,638.6812040354517,684.1264991514238,613.9,663.9
2493,2503,68.48220892562266,638.6812040354517,684.1264991514238,613.9,663.9
2494,2503,68.48220892562266,638.6812040354517,684.1264991514238,613.9,663.9
2495,2503,68.48220892562266,-,-,-,-
2496,2503,68.48220892562266,-,-,-,-
2497,2503,68.48220892562266,-,-,-,-
2498,2503,68.48220892562266,-,-,-,-
2499,2503,68.48220892562266,-,-,-,-
2500,2503,68.48220892562266,-,-,-,-
2501,2504,68.48220892562266,-,-,-,-
2502,2505,68.48220892562266,-,-,-,-
2503,2506,68.48220892562266,-,-,-,-
2504,2507,68.48220892562266,-,-,-,-
2505,2508,68.48220892562266,-,-,-,-
2506,2509,68.48220892562266,-,-,-,-
2507,2510,68.48220892562266,-,-,-,-
2508,2511,68.48220892562266,-,-,-,-
2509,2512,68.48220892562266,-,-,-,-
2510,2513,68.48220892562266,-,-,-,-
2511,2514,68.48220892562266,-,-,-,-
2512,2515,68.48220892562266,-,-,-,-
2513,2516,68.48220892562266,-,-,-,-
2514,2517,68.48220892562266,-,-,-,-
2515,2518,68.48220892562266,-,-,-,-
2516,2519,68.48220892562266,-,-,-,-
2517,2520,68.48220892562266,-,-,-,-
2518,2521,68.48220892562266,-,-,-,-
2519,2522,68.48220892562266,-,-,-,-
2520,2523,68.48220892562266,-,-,-,-
2521,2524,68.48220892562266,-,-,-,-
2522,2525,68.48220892562266,-,-,-,-
2523,2526,68.48220892562266,-,-,-,-
2524,2527,68.48220892562266,-,-,-,-
2525,2528,68.48220892562266,-,-,-,-
2526,2529,68.48220892562266,-,-,-,-
2527,2530,13.610687663069658,-,-,-,-
2528,2530,13.610687663069658,-,-,-,-
2529,2530,13.610687663069658,-,-,-,-
2530,2530,13.610687663069658,-,-,-,-
2531,2530,13.610687663069658,-,-,-,-
2532,2530,13.610687663069658,-,-,-,-
2533,2530,13.610687663069658,-,-,-,-
2534,2531,29.749909993393008,-,-,-,-
2535,2532,78.22129924008885,-,-,-,-
2536,2533,75.0804087407577,-,-,-,-
2537,2534,81.71943428198267,-,-,-,-
2538,2535,96.13306477415391,-,-,-,-
2539,2536,115.44508818998045,-,-,-,-
2540,2537,115.44508818998045,-,-,-,-
2541,2538,115.44508818998045,-,-,-,-
2542,2539,115.44508818998045,-,-,-,-
2543,2540,115.44508818998045,-,-,-,-
2544,2541,115.44508818998045,-,-,-,-
2545,2542,115.44508818998045,-,-,-,-
2546,2543,115.44508818998045,-,-,-,-
2547,2544,115.44508818998045,-,-,-,-
2548,2545,115.44508818998045,-,-,-,-
2549,2546,115.44508818998045,-,-,-,-
2550,2547,115.44508818998045,-,-,-,-
2551,2548,115.44508818998045,-,-,-,-
2552,2549,115.44508818998045,-,-,-,-
2553,2550,115.44508818998045,-,-,-,-
2554,2551,115.44508818998045,-,-,-,-
2555,2552,115.44508818998045,-,-,-,-
2556,2553,115.44508818998045,-,-,-,-
2557,2554,115.44508818998045,-,-,-,-
2558,2555,99.06252962090961,-,-,-,-
2559,2556,85.44518674627037,-,-,-,-
2560,2557,76.09240354218446,-,-,-,-
2561,2558,72.66984650498773,-,-,-,-
2562,2558,72.66984650498773,-,-,-,-
2563,2558,72.66984650498773,-,-,-,-
2564,2558,72.66984650498773,-,-,-,-
2565,2558,72.66984650498773,-,-,-,-
2566,2559,75.98314339904957,-,-,-,-
2567,2560,38.85708908704044,-,-,-,-
2568,2561,45.8141227314469,-,-,-,-
2569,2562,45.8141227314469,-,-,-,-
2570,2563,45.8141227314469,-,-,-,-
2571,2564,45.8141227314469,-,-,-,-
2572,2565,45.8141227314469,-,-,-,-
2573,2566,45.8141227314469,-,-,-,-
2574,2567,45.8141227314469,-,-,-,-
2575,2568,45.8141227314469,-,-,-,-
2576,2569,45.8141227314469,-,-,-,-
2577,2570,150.43899994535937,-,-,-,-
2578,2571,150.43899994535937,-,-,-,-
2579,2572,150.43899994535937,-,-,-,-
2580,2573,150.43899994535937,-,-,-,-
2581,2574,150.43899994535937,-,-,-,-
2582,2575,150.43899994535937,-,-,-,-
2583,2576,150.43899994535937,-,-,-,-
2584,2577,150.43899994535937,-,-,-,-
2585,2578,150.43899994535937,-,-,-,-
2586,2579,150.43899994535937,-,-,-,-
2587,2580,150.43899994535937,-,-,-,-
2588,2581,142.82731862678358,-,-,-,-
2589,2582,138.78374878680373,-,-,-,-
2590,2583,138.62088821013054,-,-,-,-
2591,2583,22.820372721099307,-,-,-,-
2592,2583,22.820372721099307,-,-,-,-
2593,2583,22.820372721099307,-,-,-,-
2594,2583,22.820372721099307,-,-,-,-
2595,2583,22.820372721099307,-,-,-,-
2596,2583,22.820372721099307,-,-,-,-
2597,2583,22.820372721099307,-,-,-,-
2598,2583,22.820372721099307,-,-,-,-
2599,2583,22.820372721099307,-,-,-,-
2600,2583,22.820372721099307,-,-,-,-
2601,2583,98.19785621429531,-,-,-,-
2602,2583,98.19785621429531,-,-,-,-
2603,2583,98.19785621429531,-,-,-,-
2604,2583,98.19785621429531,-,-,-,-
2605,2583,98.19785621429531,-,-,-,-
2606,2583,98.19785621429531,-,-,-,-
2607,2583,98.19785621429531,-,-,-,-
2608,2583,98.19785621429531,-,-,-,-
2609,2583,98.19785621429531,-,-,-,-
2610,2583,98.19785621429531,-,-,-,-
2611,2583,98.19785621429531,-,-,-,-
2612,2583,98.19785621429531,-,-,-,-
2613,2583,98.19785621429531,-,-,-,-
2614,2583,98.19785621429531,-,-,-,-
2615,2583,98.19785621429531,-,-,-,-
2616,2583,98.19785621429531,-,-,-,-
2617,2583,98.19785621429531,-,-,-,-
2618,2583,98.19785621429531,-,-,-,-
2619,2583,98.19785621429531,-,-,-,-
2620,2583,98.19785621429531,-,-,-,-
2621,2583,98.19785621429531,-,-,-,-
2622,2583,98.19785621429531,-,-,-,-
2623,2583,98.19785621429531,-,-,-,-
2624,2583,98.19785621429531,-,-,-,-
2625,2584,103.14123756826707,-,-,-,-
2626,2585,112.81376932267162,-,-,-,-
2627,2586,126.13212893671933,-,-,-,-
2628,2587,142.07468842504784,-,-,-,-
2629,2588,159.8582371092732,-,-,-,-
2630,2589,178.9347104167879,-,-,-,-
2631,2590,82.11208625278229,-,-,-,-
2631,2591,64.54260996145983,-,-,-,-
2631,2592,51.794189173447656,-,-,-,-
2631,2593,47.885940559600556,-,-,-,-
2631,2594,47.885940559600556,-,-,-,-
2631,2595,47.885940559600556,-,-,-,-
2631,2596,47.885940559600556,-,-,-,-
2631,2597,47.885940559600556,-,-,-,-
2631,2598,47.885940559600556,-,-,-,-
2631,2599,47.885940559600556,-,-,-,-
2631,2600,47.885940559600556,-,-,-,-
2631,2601,47.885940559600556,-,-,-,-
2631,2602,47.885940559600556,-,-,-,-
2631,2603,47.885940559600556,-,-,-,-
2631,2604,47.885940559600556,-,-,-,-
2631,2605,47.885940559600556,-,-,-,-
2631,2606,47.885940559600556,-,-,-,-
2631,2607,47.885940559600556,-,-,-,-
2631,2608,47.885940559600556,-,-,-,-
2631,2609,47.885940559600556,-,-,-,-
2631,2610,46.02570077702288,-,-,-,-
2631,2611,57.51363456394047,-,-,-,-
2631,2612,76.55992678609968,-,-,-,-
2631,2613,98.88972554432233,-,-,-,-
2631,2614,122.72360998181986,-,-,-,-
2631,2615,122.72360998181986,-,-,-,-
2631,2616,122.72360998181986,-,-,-,-
2631,2617,122.72360998181986,-,-,-,-
2631,2618,122.72360998181986,-,-,-,-
2631,2619,122.72360998181986,-,-,-,-
2631,2620,122.72360998181986,-,-,-,-
2631,2621,122.72360998181986,-,-,-,-
2631,2622,122.72360998181986,-,-,-,-
2631,2623,122.72360998181986,-,-,-,-
2631,2624,122.72360998181986,-,-,-,-
2632,2625,122.72360998181986,-,-,-,-
2633,2626,122.72360998181986,-,-,-,-
2634,2627,122.72360998181986,-,-,-,-
2635,2628,122.72360998181986,-,-,-,-
2636,2629,122.72360998181986,-,-,-,-
2637,2630,122.72360998181986,-,-,-,-
2638,2631,122.72360998181986,-,-,-,-
2639,2632,122.72360998181986,-,-,-,-
2640,2633,122.72360998181986,-,-,-,-
2641,2634,122.72360998181986,-,-,-,-
2642,2635,122.72360998181986,-,-,-,-
2643,2636,122.72360998181986,-,-,-,-
2644,2637,122.72360998181986,-,-,-,-
2645,2638,122.72360998181986,-,-,-,-
2646,2639,122.72360998181986,-,-,-,-
2647,2640,122.72360998181986,-,-,-,-
2648,2641,122.72360998181986,-,-,-,-
2649,2642,122.72360998181986,-,-,-,-
2650,2643,122.72360998181986,-,-,-,-
2651,2644,122.72360998181986,-,-,-,-
2652,2645,122.72360998181986,-,-,-,-
2653,2646,122.72360998181986,-,-,-,-
2654,2647,122.72360998181986,-,-,-,-
2655,2648,122.72360998181986,-,-,-,-
2656,2649,122.72360998181986,-,-,-,-
2657,2650,122.72360998181986,-,-,-,-
2658,2651,122.72360998181986,-,-,-,-
2659,2652,122.72360998181986,-,-,-,-
2660,2653,122.72360998181986,-,-,-,-
2661,2654,122.72360998181986,-,-,-,-
2662,2655,122.72360998181986,-,-,-,-
2663,2656,122.72360998181986,-,-,-,-
2664,2657,122.72360998181986,-,-,-,-
2665,2658,122.72360998181986,-,-,-,-
2666,2659,122.72360998181986,-,-,-,-
2667,2660,122.72360998181986,-,-,-,-
2668,2661,122.72360998181986,-,-,-,-
2669,2662,122.72360998181986,-,-,-,-
2670,2663,122.72360998181986,-,-,-,-
2671,2664,122.72360998181986,-,-,-,-
2672,2665,122.72360998181986,-,-,-,-
2673,2666,122.72360998181986,-,-,-,-
2674,2667,122.72360998181986,-,-,-,-
2675,2668,122.72360998181986,-,-,-,-
2676,2669,87.41823050454907,-,-,-,-
2677,2670,72.00901673410083,-,-,-,-
2678,2671,87.6991382304662,-,-,-,-
2679,2672,127.6194635192806,-,-,-,-
2680,2673,79.47460140666227,-,-,-,-
2681,2674,36.16885341610369,-,-,-,-
2682,2675,35.53376612480348,-,-,-,-
2683,2675,35.53376612480348,-,-,-,-
2684,2675,35.53376612480348,-,-,-,-
2685,2675,35.53376612480348,-,-,-,-
2686,2675,35.53376612480348,-,-,-,-
2687,2675,35.53376612480348,-,-,-,-
2688,2675,35.53376612480348,-,-,-,-
2689,2675,35.53376612480348,-,-,-,-
2690,2675,35.53376612480348,-,-,-,-
2691,2675,35.53376612480348,-,-,-,-
2692,2675,35.53376612480348,-,-,-,-
2693,2675,35.53376612480348,-,-,-,-
2694,2675,35.53376612480348,-,-,-,-
2695,2675,35.53376612480348,-,-,-,-
2696,2675,35.53376612480348,-,-,-,-
2697,2675,35.53376612480348,-,-,-,-
2698,2675,35.53376612480348,-,-,-,-
2699,2675,35.53376612480348,-,-,-,-
2700,2675,35.53376612480348,-,-,-,-
2701,2675,35.53376612480348,-,-,-,-
2702,2676,78.61043188710872,-,-,-,-
2703,2677,94.85117506164758,-,-,-,-
2704,2677,94.85117506164758,-,-,-,-
2705,2677,94.85117506164758,-,-,-,-
2706,2677,94.85117506164758,-,-,-,-
2707,2677,94.85117506164758,-,-,-,-
2708,2677,94.85117506164758,-,-,-,-
2709,2677,94.85117506164758,-,-,-,-
2710,2677,94.85117506164758,-,-,-,-
2711,2677,94.85117506164758,-,-,-,-
2712,2677,94.85117506164758,-,-,-,-
2713,2678,94.85117506164758,-,-,-,-
2714,2679,94.85117506164758,-,-,-,-
2715,2680,94.85117506164758,-,-,-,-
2716,2681,94.85117506164758,-,-,-,-
2717,2682,94.85117506164758,-,-,-,-
2718,2683,94.85117506164758,-,-,-,-
2719,2684,94.85117506164758,-,-,-,-
2720,2685,94.85117506164758,-,-,-,-
2721,2686,94.85117506164758,-,-,-,-
2722,2687,94.85117506164758,-,-,-,-
2723,2688,94.85117506164758,-,-,-,-
2724,2689,94.85117506164758,-,-,-,-
2725,2690,94.85117506164758,-,-,-,-
2726,2691,94.85117506164758,-,-,-,-
2727,2692,94.85117506164758,-,-,-,-
2728,2693,94.85117506164758,-,-,-,-
2729,2694,94.85117506164758,-,-,-,-
2730,2695,94.85117506164758,-,-,-,-
2731,2696,94.85117506164758,-,-,-,-
2732,2697,94.85117506164758,-,-,-,-
2733,2698,94.85117506164758,-,-,-,-
2734,2699,94.85117506164758,-,-,-,-
2735,2700,94.85117506164758,-,-,-,-
2736,2701,94.85117506164758,-,-,-,-
2737,2702,94.85117506164758,-,-,-,-
2738,2703,94.85117506164758,-,-,-,-
2739,2704,137.17157115244706,-,-,-,-
2740,2705,182.93379145003902,-,-,-,-
2741,2706,230.09333275030363,-,-,-,-
2742,2707,277.939829995626,-,-,-,-
2743,2708,326.17111156546804,-,-,-,-
2744,2709,326.17111156546804,-,-,-,-
2745,2710,326.17111156546804,-,-,-,-
2746,2711,326.17111156546804,-,-,-,-
2747,2712,326.17111156546804,-,-,-,-
2748,2713,326.17111156546804,-,-,-,-
2749,2714,326.17111156546804,-,-,-,-
2750,2715,326.17111156546804,-,-,-,-
2751,2716,326.17111156546804,-,-,-,-
2752,2717,326.17111156546804,-,-,-,-
2753,2718,326.17111156546804,-,-,-,-
2754,2719,326.17111156546804,-,-,-,-
2755,2720,326.17111156546804,-,-,-,-
2756,2721,326.17111156546804,-,-,-,-
2757,2722,326.17111156546804,-,-,-,-
2758,2723,326.17111156546804,-,-,-,-
2759,2724,249.5666229684635,-,-,-,-
2760,2725,249.5666229684635,-,-,-,-
2761,2726,249.5666229684635,-,-,-,-
2762,2727,249.5666229684635,-,-,-,-
2763,2728,249.5666229684635,-,-,-,-
2764,2729,249.5666229684635,-,-,-,-
2765,2730,226.51401778171777,-,-,-,-
2766,2731,209.52714981470046,-,-,-,-
2767,2732,178.78511143119007,-,-,-,-
2767,2733,141.0787776775519,-,-,-,-
2767,2734,106.81878233084109,-,-,-,-
2767,2735,80.53079108277505,-,-,-,-
2767,2736,71.61068127251666,-,-,-,-
2768,2737,71.61068127251666,-,-,-,-
2769,2738,71.61068127251666,-,-,-,-
2770,2739,71.61068127251666,-,-,-,-
2771,2740,71.61068127251666,-,-,-,-
2772,2741,71.61068127251666,-,-,-,-
2772,2742,71.61068127251666,-,-,-,-
2772,2743,71.61068127251666,-,-,-,-
2772,2744,71.61068127251666,-,-,-,-
2772,2745,71.61068127251666,-,-,-,-
2772,2746,71.61068127251666,-,-,-,-
2772,2747,71.61068127251666,-,-,-,-
2772,2748,71.61068127251666,-,-,-,-
2772,2749,71.61068127251666,-,-,-,-
2772,2750,71.61068127251666,-,-,-,-
2772,2751,71.61068127251666,-,-,-,-
2772,2752,71.61068127251666,-,-,-,-
2772,2753,71.61068127251666,-,-,-,-
2772,2754,71.61068127251666,-,-,-,-
2772,2755,71.61068127251666,-,-,-,-
2772,2756,71.61068127251666,-,-,-,-
2772,2757,71.61068127251666,-,-,-,-
2772,2758,71.61068127251666,-,-,-,-
2772,2759,71.61068127251666,-,-,-,-
2772,2760,71.61068127251666,-,-,-,-
2772,2761,71.61068127251666,-,-,-,-
2772,2762,71.61068127251666,-,-,-,-
2772,2763,71.61068127251666,-,-,-,-
2772,2764,71.61068127251666,-,-,-,-
2772,2765,71.61068127251666,-,-,-,-
2772,2766,71.61068127251666,-,-,-,-
2772,2767,71.61068127251666,-,-,-,-
2772,2768,71.61068127251666,-,-,-,-
2772,2769,71.61068127251666,-,-,-,-
2772,2770,71.61068127251666,-,-,-,-
2773,2771,71.61068127251666,-,-,-,-
2774,2772,71.61068127251666,-,-,-,-
2775,2773,67.02303734246085,-,-,-,-
2776,2774,46.41262688365297,-,-,-,-
2777,2775,26.377809497254827,-,-,-,-
2778,2776,10.819345336283147,-,-,-,-
2779,2776,10.819345336283147,-,-,-,-
2780,2776,10.819345336283147,-,-,-,-
2781,2776,10.819345336283147,-,-,-,-
2782,2776,10.819345336283147,-,-,-,-
2783,2776,100.94520100498322,-,-,-,-
2784,2776,100.94520100498322,-,-,-,-
2785,2776,100.94520100498322,-,-,-,-
2786,2776,100.94520100498322,-,-,-,-
2787,2776,100.94520100498322,-,-,-,-
2788,2776,100.94520100498322,-,-,-,-
2789,2776,100.94520100498322,-,-,-,-
2790,2776,100.94520100498322,-,-,-,-
2791,2776,100.94520100498322,-,-,-,-
2792,2776,100.94520100498322,-,-,-,-
2793,2776,100.94520100498322,-,-,-,-
2794,2776,100.94520100498322,-,-,-,-
2795,2776,100.94520100498322,-,-,-,-
2796,2776,100.94520100498322,-,-,-,-
2797,2776,100.94520100498322,-,-,-,-
2798,2776,100.94520100498322,-,-,-,-
2799,2776,100.94520100498322,-,-,-,-
2800,2776,100.94520100498322,-,-,-,-
2801,2776,100.94520100498322,-,-,-,-
2802,2776,100.94520100498322,-,-,-,-
2803,2776,100.94520100498322,-,-,-,-
2804,2776,100.94520100498322,-,-,-,-
2805,2776,100.94520100498322,-,-,-,-
2806,2776,100.94520100498322,-,-,-,-
2807,2776,100.94520100498322,-,-,-,-
2808,2776,100.94520100498322,-,-,-,-
2809,2776,100.94520100498322,-,-,-,-
2810,2776,100.94520100498322,-,-,-,-
2811,2776,100.94520100498322,-,-,-,-
2812,2776,100.94520100498322,-,-,-,-
2813,2776,100.94520100498322,-,-,-,-
2814,2776,100.94520100498322,-,-,-,-
2815,2776,100.94520100498322,-,-,-,-
2816,2776,100.94520100498322,-,-,-,-
2817,2776,100.94520100498322,-,-,-,-
2818,2776,100.94520100498322,-,-,-,-
2819,2776,100.94520100498322,-,-,-,-
2820,2776,100.94520100498322,-,-,-,-
2821,2776,100.94520100498322,-,-,-,-
2822,2776,100.94520100498322,-,-,-,-
2823,2776,100.94520100498322,-,-,-,-
2824,2776,100.94520100498322,-,-,-,-
2825,2776,100.94520100498322,-,-,-,-
2826,2776,100.94520100498322,-,-,-,-
2827,2776,100.94520100498322,-,-,-,-
2828,2776,100.94520100498322,-,-,-,-
2829,2776,100.94520100498322,-,-,-,-
2830,2776,100.94520100498322,-,-,-,-
2831,2776,100.94520100498322,-,-,-,-
2832,2776,100.94520100498322,-,-,-,-
2833,2776,100.94520100498322,-,-,-,-
2834,2776,100.94520100498322,-,-,-,-
2835,2776,100.94520100498322,-,-,-,-
2836,2776,100.94520100498322,-,-,-,-
2837,2776,100.94520100498322,-,-,-,-
2838,2776,100.94520100498322,-,-,-,-
2839,2776,100.94520100498322,-,-,-,-
2840,2776,100.94520100498322,-,-,-,-
2841,2776,100.94520100498322,-,-,-,-
2842,2776,100.94520100498322,-,-,-,-
2843,2776,100.94520100498322,-,-,-,-
2844,2776,100.94520100498322,-,-,-,-
2845,2776,100.94520100498322,-,-,-,-
2846,2777,100.94520100498322,-,-,-,-
2847,2778,100.94520100498322,-,-,-,-
2848,2779,100.94520100498322,-,-,-,-
2849,2780,100.94520100498322,-,-,-,-
2850,2781,100.94520100498322,-,-,-,-
2851,2782,100.94520100498322,-,-,-,-
2852,2783,100.94520100498322,-,-,-,-
2853,2784,100.94520100498322,-,-,-,-
2854,2785,100.94520100498322,-,-,-,-
2855,2786,100.94520100498322,-,-,-,-
2856,2787,100.94520100498322,-,-,-,-
2857,2788,100.94520100498322,-,-,-,-
2858,2789,100.94520100498322,-,-,-,-
2859,2790,100.94520100498322,-,-,-,-
2860,2791,100.94520100498322,-,-,-,-
2861,2792,100.94520100498322,-,-,-,-
2862,2793,100.94520100498322,-,-,-,-
2863,2794,100.94520100498322,-,-,-,-
2864,2795,100.94520100498322,-,-,-,-
2865,2796,100.94520100498322,-,-,-,-
2866,2797,100.94520100498322,-,-,-,-
2867,2798,100.94520100498322,-,-,-,-
2868,2799,100.94520100498322,-,-,-,-
2869,2800,100.94520100498322,-,-,-,-
2870,2801,100.94520100498322,-,-,-,-
2871,2802,100.94520100498322,-,-,-,-
2872,2803,100.94520100498322,-,-,-,-
2873,2804,100.94520100498322,-,-,-,-
2874,2805,100.94520100498322,-,-,-,-
2875,2806,100.94520100498322,-,-,-,-
2876,2807,100.94520100498322,-,-,-,-
2877,2808,100.94520100498322,-,-,-,-
2878,2809,100.94520100498322,-,-,-,-
2879,2810,100.94520100498322,-,-,-,-
2880,2811,100.94520100498322,-,-,-,-
2881,2812,100.94520100498322,-,-,-,-
2882,2813,100.94520100498322,-,-,-,-
2883,2814,100.94520100498322,-,-,-,-
2884,2815,100.94520100498322,-,-,-,-
2885,2816,100.94520100498322,-,-,-,-
2886,2817,138.42239225403102,-,-,-,-
2887,2818,36.31763819328752,-,-,-,-
2888,2819,20.45712688358036,-,-,-,-
2889,2819,20.45712688358036,-,-,-,-
2890,2819,20.45712688358036,-,-,-,-
2891,2819,20.45712688358036,-,-,-,-
2892,2819,20.45712688358036,-,-,-,-
2893,2820,53.720376015281914,-,-,-,-
2894,2821,93.38696440411616,-,-,-,-
2895,2822,69.69867673724163,-,-,-,-
2895,2823,30.06160317273308,-,-,-,-
2895,2824,17.814488322914038,-,-,-,-
2895,2825,17.814488322914038,-,-,-,-
2895,2826,17.814488322914038,-,-,-,-
2895,2827,17.814488322914038,-,-,-,-
2895,2828,17.814488322914038,-,-,-,-
2895,2829,17.814488322914038,-,-,-,-
2895,2830,17.814488322914038,-,-,-,-
2895,2831,17.814488322914038,-,-,-,-
2895,2832,17.814488322914038,-,-,-,-
2895,2833,17.814488322914038,-,-,-,-
2895,2834,17.814488322914038,-,-,-,-
2895,2835,17.814488322914038,-,-,-,-
2895,2836,17.814488322914038,-,-,-,-
2895,2837,17.814488322914038,-,-,-,-
2895,2838,17.814488322914038,-,-,-,-
2895,2839,17.814488322914038,-,-,-,-
2895,2840,17.814488322914038,-,-,-,-
2895,2841,17.814488322914038,-,-,-,-
2895,2842,17.814488322914038,-,-,-,-
2895,2843,17.814488322914038,-,-,-,-
2895,2844,17.814488322914038,-,-,-,-
2895,2845,17.814488322914038,-,-,-,-
2895,2846,17.814488322914038,-,-,-,-
2895,2847,17.814488322914038,-,-,-,-
2895,2848,17.814488322914038,-,-,-,-
2895,2849,17.814488322914038,-,-,-,-
2895,2850,17.814488322914038,-,-,-,-
2895,2851,17.814488322914038,-,-,-,-
2895,2852,17.814488322914038,-,-,-,-
2895,2853,17.814488322914038,-,-,-,-
2895,2854,17.814488322914038,-,-,-,-
2895,2855,17.814488322914038,-,-,-,-
2895,2856,17.814488322914038,-,-,-,-
2896,2857,17.814488322914038,-,-,-,-
2897,2858,17.814488322914038,-,-,-,-
2898,2859,17.814488322914038,-,-,-,-
2899,2860,17.814488322914038,-,-,-,-
2900,2861,17.814488322914038,-,-,-,-
2901,2862,17.814488322914038,-,-,-,-
2902,2863,17.814488322914038,-,-,-,-
2903,2864,17.814488322914038,-,-,-,-
2904,2865,11.895054103172294,-,-,-,-
2905,2866,18.008505853867433,-,-,-,-
2906,2867,29.424444040990537,-,-,-,-
2907,2868,42.023412334259774,-,-,-,-
2908,2869,54.99831010467743,-,-,-,-
2909,2870,68.13470993250466,-,-,-,-
2910,2871,81.3544155769314,-,-,-,-
2910,2872,94.62251752729249,-,-,-,-
2910,2873,107.92116736582652,-,-,-,-
2910,2874,121.24031326693249,-,-,-,-
2910,2875,134.57386971320364,-,-,-,-
2910,2876,147.91793978814724,-,-,-,-
2910,2877,161.2699137031293,-,-,-,-
2910,2878,174.627978495775,-,-,-,-
2910,2879,174.627978495775,-,-,-,-
2910,2880,174.627978495775,-,-,-,-
2910,2881,174.627978495775,-,-,-,-
2910,2882,174.627978495775,-,-,-,-
2910,2883,174.627978495775,-,-,-,-
2910,2884,174.627978495775,-,-,-,-
2910,2885,174.627978495775,-,-,-,-
2910,2886,174.627978495775,-,-,-,-
2910,2887,174.627978495775,-,-,-,-
2910,2888,174.627978495775,-,-,-,-
2910,2889,174.627978495775,-,-,-,-
2910,2890,174.627978495775,-,-,-,-
2910,2891,174.627978495775,-,-,-,-
2910,2892,174.627978495775,-,-,-,-
2910,2893,174.627978495775,-,-,-,-
2910,2894,174.627978495775,-,-,-,-
2910,2895,174.627978495775,-,-,-,-
2910,2896,174.627978495775,-,-,-,-
2910,2897,174.627978495775,-,-,-,-
2910,2898,174.627978495775,-,-,-,-
2910,2899,174.627978495775,-,-,-,-
2910,2900,174.627978495775,-,-,-,-
2910,2901,174.627978495775,-,-,-,-
2910,2902,174.627978495775,-,-,-,-
2910,2903,174.627978495775,-,-,-,-
2910,2904,174.627978495775,-,-,-,-
2910,2905,155.88014610059176,-,-,-,-
2910,2906,151.74581607620087,-,-,-,-
2910,2907,163.33844960202086,-,-,-,-
2910,2908,187.7673805899764,-,-,-,-
2910,2909,220.81261961744747,-,-,-,-
2910,2910,259.19938353415785,-,-,-,-
2910,2911,300.89019847799085,-,-,-,-
2910,2912,300.89019847799085,-,-,-,-
2910,2913,300.89019847799085,-,-,-,-
2910,2914,300.89019847799085,-,-,-,-
2910,2915,300.89019847799085,-,-,-,-
2910,2916,300.89019847799085,-,-,-,-
2910,2917,300.89019847799085,-,-,-,-
2910,2918,300.89019847799085,-,-,-,-
2910,2919,300.89019847799085,-,-,-,-
2910,2920,300.89019847799085,-,-,-,-
2910,2921,300.89019847799085,-,-,-,-
2910,2922,300.89019847799085,-,-,-,-
2910,2923,300.89019847799085,-,-,-,-
2910,2924,300.89019847799085,-,-,-,-
2910,2925,300.89019847799085,-,-,-,-
2910,2926,300.89019847799085,-,-,-,-
2910,2927,300.89019847799085,-,-,-,-
2910,2928,300.89019847799085,-,-,-,-
2910,2929,300.89019847799085,-,-,-,-
2910,2930,300.89019847799085,-,-,-,-
2910,2931,300.89019847799085,-,-,-,-
2910,2932,300.89019847799085,-,-,-,-
2910,2933,300.89019847799085,-,-,-,-
2910,2934,300.89019847799085,-,-,-,-
2910,2935,300.89019847799085,-,-,-,-
2910,2936,300.89019847799085,-,-,-,-
2910,2937,300.89019847799085,-,-,-,-
2910,2938,300.89019847799085,-,-,-,-
2910,2939,259.4956909726922,-,-,-,-
2910,2940,218.1644161208678,-,-,-,-
2910,2941,176.94069069611194,-,-,-,-
2910,2942,135.922405516416,-,-,-,-
2910,2943,95.37499333376019,-,-,-,-
2910,2944,56.32472920622398,-,-,-,-
2910,2945,26.517119405923033,-,-,-,-
2910,2946,26.517119405923033,-,-,-,-
2910,2947,26.517119405923033,-,-,-,-
2910,2948,26.517119405923033,-,-,-,-
2910,2949,26.517119405923033,-,-,-,-
2910,2950,26.517119405923033,-,-,-,-
2910,2951,26.517119405923033,-,-,-,-
2910,2952,26.517119405923033,-,-,-,-
2910,2953,26.517119405923033,-,-,-,-
2910,2954,26.517119405923033,-,-,-,-
2910,2955,26.517119405923033,-,-,-,-
2910,2956,26.517119405923033,-,-,-,-
2910,2957,26.517119405923033,-,-,-,-
2910,2958,26.517119405923033,-,-,-,-
2910,2959,26.517119405923033,-,-,-,-
2910,2960,26.517119405923033,-,-,-,-
2910,2961,26.517119405923033,-,-,-,-
2910,2962,26.517119405923033,-,-,-,-
2910,2963,26.517119405923033,-,-,-,-
2910,2964,26.517119405923033,-,-,-,-
2910,2965,26.517119405923033,-,-,-,-
2910,2966,26.517119405923033,-,-,-,-
2910,2967,26.517119405923033,-,-,-,-
2910,2968,26.517119405923033,-,-,-,-
2910,2969,26.517119405923033,-,-,-,-
2910,2970,26.517119405923033,-,-,-,-
2910,2971,26.517119405923033,-,-,-,-
2910,2972,26.517119405923033,-,-,-,-
2910,2973,26.517119405923033,-,-,-,-
2910,2974,26.517119405923033,-,-,-,-
2910,2975,26.517119405923033,-,-,-,-
2910,2976,26.517119405923033,-,-,-,-
2910,2977,26.517119405923033,-,-,-,-
2910,2978,26.517119405923033,-,-,-,-
2910,2979,26.517119405923033,-,-,-,-
2910,2980,26.517119405923033,-,-,-,-
2910,2981,26.517119405923033,-,-,-,-
2910,2982,26.517119405923033,-,-,-,-
2910,2983,26.517119405923033,-,-,-,-
2910,2984,26.517119405923033,-,-,-,-
2910,2985,26.517119405923033,-,-,-,-
2910,2986,26.517119405923033,-,-,-,-
2910,2987,26.517119405923033,-,-,-,-
2910,2988,26.517119405923033,-,-,-,-
2910,2989,26.517119405923033,-,-,-,-
2910,2990,26.517119405923033,-,-,-,-
2910,2991,26.517119405923033,-,-,-,-
2910,2992,26.517119405923033,-,-,-,-
2910,2993,26.517119405923033,-,-,-,-
2910,2994,26.517119405923033,-,-,-,-
2910,2995,26.517119405923033,-,-,-,-
2910,2996,26.517119405923033,-,-,-,-
2910,2997,26.517119405923033,-,-,-,-
2910,2998,26.517119405923033,-,-,-,-
2910,2999,26.517119405923033,-,-,-,-
2910,3000,26.517119405923033,-,-,-,-
2910,3001,26.517119405923033,-,-,-,-
2910,3002,26.517119405923033,-,-,-,-
2910,3003,26.517119405923033,-,-,-,-
2910,3004,26.517119405923033,-,-,-,-
2910,3005,26.517119405923033,-,-,-,-
2910,3006,26.517119405923033,-,-,-,-
2910,3007,26.517119405923033,-,-,-,-
2910,3008,26.517119405923033,-,-,-,-
2910,3009,26.517119405923033,-,-,-,-
2910,3010,35.52471016421873,-,-,-,-
2910,3011,65.22135342750495,-,-,-,-
2910,3012,98.37996418773125,-,-,-,-
2910,3013,132.4250061893261,-,-,-,-
2910,3014,132.4250061893261,-,-,-,-
2910,3015,132.4250061893261,-,-,-,-
2910,3016,132.4250061893261,-,-,-,-
2910,3017,132.4250061893261,-,-,-,-
2910,3018,132.4250061893261,-,-,-,-
2910,3019,132.4250061893261,-,-,-,-
2910,3020,132.4250061893261,-,-,-,-
2910,3021,132.4250061893261,-,-,-,-
2910,3022,132.4250061893261,-,-,-,-
2910,3023,132.4250061893261,-,-,-,-
2910,3024,132.4250061893261,-,-,-,-
2910,3025,132.4250061893261,-,-,-,-
2910,3026,132.4250061893261,-,-,-,-
2911,3027,132.4250061893261,-,-,-,-
2912,3028,132.4250061893261,-,-,-,-
2913,3029,132.4250061893261,-,-,-,-
2914,3030,132.4250061893261,-,-,-,-
2915,3031,119.97608697250863,-,-,-,-
2916,3032,119.91370157837198,-,-,-,-
2917,3033,132.25537950200268,-,-,-,-
2918,3034,154.04814243674167,-,-,-,-
2919,3035,133.81249281552795,-,-,-,-
2919,3036,133.81249281552795,-,-,-,-
2919,3037,133.81249281552795,-,-,-,-
2919,3038,133.81249281552795,-,-,-,-
2919,3039,133.81249281552795,-,-,-,-
2919,3040,133.81249281552795,-,-,-,-
2919,3041,133.81249281552795,-,-,-,-
2919,3042,133.81249281552795,-,-,-,-
2919,3043,133.81249281552795,-,-,-,-
2919,3044,133.81249281552795,-,-,-,-
2919,3045,133.81249281552795,-,-,-,-
2919,3046,133.81249281552795,-,-,-,-
2919,3047,133.81249281552795,-,-,-,-
2919,3048,133.81249281552795,-,-,-,-
2919,3049,133.81249281552795,-,-,-,-
2919,3050,133.81249281552795,-,-,-,-
2919,3051,133.81249281552795,-,-,-,-
2919,3052,133.81249281552795,-,-,-,-
2919,3053,133.81249281552795,-,-,-,-
2919,3054,133.81249281552795,-,-,-,-
2919,3055,133.81249281552795,-,-,-,-
2919,3056,133.81249281552795,-,-,-,-
2919,3057,133.81249281552795,-,-,-,-
2919,3058,133.81249281552795,-,-,-,-
2919,3059,133.81249281552795,-,-,-,-
2919,3060,133.81249281552795,-,-,-,-
2919,3061,133.81249281552795,-,-,-,-
2919,3062,133.81249281552795,-,-,-,-
2919,3063,133.81249281552795,-,-,-,-
2919,3064,133.81249281552795,-,-,-,-
2919,3065,133.81249281552795,-,-,-,-
2919,3066,133.81249281552795,-,-,-,-
2919,3067,133.81249281552795,-,-,-,-
2919,3068,133.81249281552795,-,-,-,-
2919,3069,133.81249281552795,-,-,-,-
2919,3070,133.81249281552795,-,-,-,-
2919,3071,133.81249281552795,-,-,-,-
2919,3072,133.81249281552795,-,-,-,-
2919,3073,133.81249281552795,-,-,-,-
2919,3074,133.81249281552795,-,-,-,-
2919,3075,133.81249281552795,-,-,-,-
2919,3076,133.81249281552795,-,-,-,-
2919,3077,133.81249281552795,-,-,-,-
2919,3078,133.81249281552795,-,-,-,-
2919,3079,133.81249281552795,-,-,-,-
2919,3080,133.81249281552795,-,-,-,-
2919,3081,133.81249281552795,-,-,-,-
2919,3082,133.81249281552795,-,-,-,-
2919,3083,133.81249281552795,-,-,-,-
2919,3084,133.81249281552795,-,-,-,-
2919,3085,133.81249281552795,-,-,-,-
2919,3086,133.81249281552795,-,-,-,-
2919,3087,133.81249281552795,-,-,-,-
2919,3088,133.81249281552795,-,-,-,-
2919,3089,133.81249281552795,-,-,-,-
2919,3090,133.81249281552795,-,-,-,-
2919,3091,133.81249281552795,-,-,-,-
2919,3092,133.81249281552795,-,-,-,-
2919,3093,133.81249281552795,-,-,-,-
2919,3094,133.81249281552795,-,-,-,-
2919,3095,133.81249281552795,-,-,-,-
2919,3096,133.81249281552795,-,-,-,-
2919,3097,133.81249281552795,-,-,-,-
2919,3098,133.81249281552795,-,-,-,-
2919,3099,133.81249281552795,-,-,-,-
2919,3100,133.81249281552795,-,-,-,-
2919,3101,133.81249281552795,-,-,-,-
2919,3102,133.81249281552795,-,-,-,-
2919,3103,133.81249281552795,-,-,-,-
2919,3104,133.81249281552795,-,-,-,-
2919,3105,133.81249281552795,-,-,-,-
2919,3106,133.81249281552795,-,-,-,-
2919,3107,133.81249281552795,-,-,-,-
2919,3108,133.81249281552795,-,-,-,-
2919,3109,133.81249281552795,-,-,-,-
2919,3110,133.81249281552795,-,-,-,-
2919,3111,133.81249281552795,-,-,-,-
2919,3112,133.81249281552795,-,-,-,-
2919,3113,133.81249281552795,-,-,-,-
2919,3114,133.81249281552795,-,-,-,-
2919,3115,133.81249281552795,-,-,-,-
2919,3116,133.81249281552795,-,-,-,-
2919,3117,133.81249281552795,-,-,-,-
2919,3118,133.81249281552795,-,-,-,-
2920,3119,133.81249281552795,-,-,-,-
2921,3120,133.81249281552795,-,-,-,-
2922,3121,133.81249281552795,-,-,-,-
2923,3122,133.81249281552795,-,-,-,-
2924,3123,133.81249281552795,-,-,-,-
2925,3124,133.81249281552795,-,-,-,-
2926,3125,133.81249281552795,-,-,-,-
2927,3126,342.4824612995663,-,-,-,-
2928,3127,342.4824612995663,-,-,-,-
2929,3128,342.4824612995663,-,-,-,-
2930,3129,342.4824612995663,-,-,-,-
2931,3130,342.4824612995663,-,-,-,-
2932,3131,342.4824612995663,-,-,-,-
2933,3132,342.4824612995663,-,-,-,-
2934,3133,342.4824612995663,-,-,-,-
2935,3134,342.4824612995663,-,-,-,-
2936,3135,342.4824612995663,-,-,-,-
2937,3136,342.4824612995663,-,-,-,-
2938,3137,342.4824612995663,-,-,-,-
2939,3138,342.4824612995663,-,-,-,-
2940,3139,342.4824612995663,-,-,-,-
2941,3140,342.4824612995663,-,-,-,-
2942,3141,342.4824612995663,-,-,-,-
2943,3142,342.4824612995663,-,-,-,-
2944,3143,342.4824612995663,-,-,-,-
2945,3144,342.4824612995663,-,-,-,-
2946,3145,342.4824612995663,-,-,-,-
2947,3146,342.4824612995663,-,-,-,-
2948,3147,342.4824612995663,-,-,-,-
2949,3148,342.4824612995663,-,-,-,-
2950,3149,342.4824612995663,-,-,-,-
2951,3150,342.4824612995663,-,-,-,-
2952,3151,342.4824612995663,-,-,-,-
2953,3152,342.4824612995663,-,-,-,-
2954,3153,342.4824612995663,-,-,-,-
2955,3154,342.4824612995663,-,-,-,-
2956,3155,342.4824612995663,-,-,-,-
2957,3156,342.4824612995663,-,-,-,-
2958,3157,342.4824612995663,-,-,-,-
2959,3158,163.01366791838925,-,-,-,-
2959,3159,163.01366791838925,-,-,-,-
2959,3160,163.01366791838925,-,-,-,-
2959,3161,163.01366791838925,-,-,-,-
2959,3162,163.01366791838925,-,-,-,-
2960,3163,163.01366791838925,-,-,-,-
2961,3164,163.01366791838925,-,-,-,-
2962,3165,163.01366791838925,-,-,-,-
2963,3166,163.01366791838925,-,-,-,-
2964,3167,163.01366791838925,-,-,-,-
2965,3168,163.01366791838925,-,-,-,-
2966,3169,163.01366791838925,-,-,-,-
2967,3170,163.01366791838925,-,-,-,-
2968,3171,163.01366791838925,-,-,-,-
2969,3172,163.01366791838925,-,-,-,-
2970,3173,163.01366791838925,-,-,-,-
2971,3174,163.01366791838925,-,-,-,-
2972,3175,163.01366791838925,-,-,-,-
2973,3176,163.01366791838925,-,-,-,-
2974,3177,163.01366791838925,-,-,-,-
2975,3178,163.01366791838925,-,-,-,-
2976,3179,163.01366791838925,-,-,-,-
2977,3180,163.01366791838925,-,-,-,-
2978,3181,163.01366791838925,-,-,-,-
2979,3182,163.01366791838925,-,-,-,-
2980,3183,163.01366791838925,-,-,-,-
2981,3184,163.01366791838925,-,-,-,-
2982,3185,163.01366791838925,-,-,-,-
2983,3186,163.01366791838925,-,-,-,-
2984,3187,163.01366791838925,-,-,-,-
2985,3188,163.01366791838925,-,-,-,-
2986,3189,163.01366791838925,-,-,-,-
2987,3190,163.01366791838925,-,-,-,-
2988,3191,163.01366791838925,-,-,-,-
2989,3192,163.01366791838925,-,-,-,-
2990,3193,163.01366791838925,-,-,-,-
2991,3194,260.05412600323615,-,-,-,-
2992,3195,260.05412600323615,-,-,-,-
2993,3196,260.05412600323615,-,-,-,-
2994,3197,260.05412600323615,-,-,-,-
2995,3198,260.05412600323615,-,-,-,-
2996,3199,260.05412600323615,-,-,-,-
2997,3200,260.05412600323615,-,-,-,-
2998,3201,260.05412600323615,-,-,-,-
2999,3202,372.3176108948891,-,-,-,-
3000,3203,372.3176108948891,-,-,-,-
3001,3204,372.3176108948891,-,-,-,-
3002,3205,372.3176108948891,-,-,-,-
3003,3206,372.3176108948891,-,-,-,-
3004,3207,372.3176108948891,-,-,-,-
3005,3208,372.3176108948891,-,-,-,-
3006,3209,372.3176108948891,-,-,-,-
3007,3210,372.3176108948891,-,-,-,-
3008,3211,372.3176108948891,-,-,-,-
3009,3212,372.3176108948891,-,-,-,-
3010,3213,372.3176108948891,-,-,-,-
3011,3214,372.3176108948891,-,-,-,-
3012,3215,372.3176108948891,-,-,-,-
3013,3216,372.3176108948891,-,-,-,-
3014,3217,372.3176108948891,-,-,-,-
3015,3218,372.3176108948891,-,-,-,-
3016,3219,372.3176108948891,-,-,-,-
3017,3220,372.3176108948891,-,-,-,-
3018,3221,372.3176108948891,-,-,-,-
3019,3222,359.33034413316165,-,-,-,-
3020,3223,348.5975096599403,-,-,-,-
3021,3224,340.3324638662106,-,-,-,-
3022,3225,334.71806475787423,-,-,-,-
3023,3226,331.88885863063405,-,-,-,-
3024,3227,331.91607491188336,-,-,-,-
3025,3228,334.7990169946062,-,-,-,-
3026,3229,334.7990169946062,-,-,-,-
3027,3230,334.7990169946062,-,-,-,-
3028,3231,334.7990169946062,-,-,-,-
3029,3232,334.7990169946062,-,-,-,-
3030,3233,334.7990169946062,-,-,-,-
3031,3234,334.7990169946062,-,-,-,-
3032,3235,334.7990169946062,-,-,-,-
3033,3236,334.7990169946062,-,-,-,-
3034,3237,334.7990169946062,-,-,-,-
3035,3238,334.7990169946062,-,-,-,-
3036,3239,334.7990169946062,-,-,-,-
3037,3240,334.7990169946062,-,-,-,-
3038,3241,334.7990169946062,-,-,-,-
3039,3242,334.7990169946062,-,-,-,-
3040,3243,334.7990169946062,-,-,-,-
3041,3244,334.7990169946062,-,-,-,-
3042,3245,334.7990169946062,-,-,-,-
3043,3246,334.7990169946062,-,-,-,-
3044,3247,334.7990169946062,-,-,-,-
3045,3248,334.7990169946062,-,-,-,-
3046,3249,334.7990169946062,-,-,-,-
3047,3250,334.7990169946062,-,-,-,-
3048,3251,334.7990169946062,-,-,-,-
3049,3252,334.7990169946062,-,-,-,-
3050,3253,334.7990169946062,-,-,-,-
3051,3254,334.7990169946062,-,-,-,-
3052,3255,334.7990169946062,-,-,-,-
3053,3256,334.7990169946062,-,-,-,-
3054,3257,334.7990169946062,-,-,-,-
3055,3258,334.7990169946062,-,-,-,-
3056,3259,334.7990169946062,-,-,-,-
3057,3260,334.7990169946062,-,-,-,-
3058,3261,334.7990169946062,-,-,-,-
3059,3262,334.7990169946062,-,-,-,-
3060,3263,334.7990169946062,-,-,-,-
3061,3264,334.7990169946062,-,-,-,-
3062,3265,331.3018003565541,-,-,-,-
3063,3266,153.74620488331425,-,-,-,-
3064,3267,113.36517804748068,-,-,-,-
3065,3268,82.9153234036111,-,-,-,-
3066,3269,75.54970086100482,-,-,-,-
3067,3269,75.54970086100482,-,-,-,-
3068,3269,75.54970086100482,-,-,-,-
3069,3269,75.54970086100482,-,-,-,-
3070,3270,96.69582684336847,-,-,-,-
3071,3271,196.62162361345042,-,-,-,-
3072,3271,196.62162361345042,-,-,-,-
3073,3271,196.62162361345042,-,-,-,-
3074,3271,196.62162361345042,-,-,-,-
3075,3271,196.62162361345042,-,-,-,-
3076,3271,196.62162361345042,-,-,-,-
3077,3271,196.62162361345042,-,-,-,-
3078,3271,196.62162361345042,-,-,-,-
3079,3271,196.62162361345042,-,-,-,-
3080,3271,196.62162361345042,-,-,-,-
3081,3271,196.62162361345042,-,-,-,-
3082,3271,196.62162361345042,-,-,-,-
3083,3271,196.62162361345042,-,-,-,-
3084,3271,196.62162361345042,-,-,-,-
3085,3271,196.62162361345042,-,-,-,-
3086,3271,196.62162361345042,-,-,-,-
3087,3271,196.62162361345042,-,-,-,-
3088,3271,196.62162361345042,-,-,-,-
3089,3271,196.62162361345042,-,-,-,-
3090,3271,196.62162361345042,-,-,-,-
3091,3271,196.62162361345042,-,-,-,-
3092,3271,196.62162361345042,-,-,-,-
3093,3271,196.62162361345042,-,-,-,-
3094,3271,196.62162361345042,-,-,-,-
3095,3271,196.62162361345042,-,-,-,-
3096,3271,196.62162361345042,-,-,-,-
3097,3271,196.62162361345042,-,-,-,-
3098,3271,196.62162361345042,-,-,-,-
3099,3271,196.62162361345042,-,-,-,-
3100,3271,196.62162361345042,-,-,-,-
3101,3271,196.62162361345042,-,-,-,-
3102,3271,196.62162361345042,-,-,-,-
3103,3271,228.35311288878182,-,-,-,-
3104,3271,228.35311288878182,-,-,-,-
3105,3271,228.35311288878182,-,-,-,-
3106,3271,228.35311288878182,-,-,-,-
3107,3271,228.35311288878182,-,-,-,-
3108,3271,228.35311288878182,-,-,-,-
3109,3271,228.35311288878182,-,-,-,-
3110,3271,228.35311288878182,-,-,-,-
3111,3271,371.6587486654984,-,-,-,-
3112,3271,371.6587486654984,-,-,-,-
3113,3271,371.6587486654984,-,-,-,-
3114,3272,371.6587486654984,-,-,-,-
3115,3273,371.6587486654984,-,-,-,-
3116,3274,371.6587486654984,-,-,-,-
3117,3275,371.6587486654984,-,-,-,-
3118,3276,371.6587486654984,-,-,-,-
3119,3277,371.6587486654984,-,-,-,-
3120,3278,371.6587486654984,-,-,-,-
3121,3279,371.6587486654984,-,-,-,-
3122,3280,371.6587486654984,-,-,-,-
3123,3281,371.6587486654984,-,-,-,-
3124,3282,371.6587486654984,-,-,-,-
3125,3283,371.6587486654984,-,-,-,-
3126,3284,371.6587486654984,-,-,-,-
3127,3285,371.6587486654984,-,-,-,-
3128,3286,371.6587486654984,-,-,-,-
3129,3287,371.6587486654984,-,-,-,-
3130,3288,371.6587486654984,-,-,-,-
3131,3289,371.6587486654984,-,-,-,-
3132,3290,371.6587486654984,-,-,-,-
3133,3291,371.6587486654984,-,-,-,-
3134,3292,371.6587486654984,-,-,-,-
3135,3293,371.6587486654984,-,-,-,-
3136,3294,371.6587486654984,-,-,-,-
3137,3295,371.6587486654984,-,-,-,-
3138,3296,371.6587486654984,-,-,-,-
3139,3297,371.6587486654984,-,-,-,-
3140,3298,371.6587486654984,-,-,-,-
3141,3299,371.6587486654984,-,-,-,-
3142,3300,371.6587486654984,-,-,-,-
3143,3301,139.15949266876004,-,-,-,-
3144,3302,139.15949266876004,-,-,-,-
3145,3303,139.15949266876004,-,-,-,-
3146,3304,139.15949266876004,-,-,-,-
3147,3305,139.15949266876004,-,-,-,-
3148,3306,139.15949266876004,-,-,-,-
3149,3307,139.15949266876004,-,-,-,-
3150,3308,143.95282088983998,-,-,-,-
3151,3309,85.65566775355161,-,-,-,-
3152,3309,85.65566775355161,-,-,-,-
3153,3309,85.65566775355161,-,-,-,-
3154,3309,85.65566775355161,-,-,-,-
3155,3310,85.65566775355161,-,-,-,-
3156,3311,85.65566775355161,-,-,-,-
3157,3312,85.65566775355161,-,-,-,-
3158,3313,85.65566775355161,-,-,-,-
3159,3314,85.65566775355161,-,-,-,-
3160,3315,85.65566775355161,-,-,-,-
3161,3316,85.65566775355161,-,-,-,-
3162,3317,85.65566775355161,-,-,-,-
3163,3318,85.65566775355161,-,-,-,-
3164,3319,85.65566775355161,-,-,-,-
3165,3320,85.65566775355161,-,-,-,-
3166,3321,85.65566775355161,-,-,-,-
3167,3322,85.65566775355161,-,-,-,-
3168,3323,85.65566775355161,-,-,-,-
3169,3324,85.65566775355161,-,-,-,-
3170,3325,85.65566775355161,-,-,-,-
3171,3326,85.65566775355161,-,-,-,-
3172,3327,85.65566775355161,-,-,-,-
3173,3328,85.65566775355161,-,-,-,-
3174,3329,85.65566775355161,-,-,-,-
3175,3330,85.65566775355161,-,-,-,-
3176,3331,85.65566775355161,-,-,-,-
3177,3332,85.65566775355161,-,-,-,-
3178,3333,85.65566775355161,-,-,-,-
3179,3334,85.65566775355161,-,-,-,-
3180,3335,85.65566775355161,-,-,-,-
3181,3336,105.92908192700948,-,-,-,-
3182,3337,127.27751237068203,-,-,-,-
3183,3338,41.283673316420035,-,-,-,-
3183,3339,19.48089650801062,-,-,-,-
3183,3340,12.214202912696674,-,-,-,-
3183,3341,31.83372354291927,-,-,-,-
3183,3342,31.83372354291927,-,-,-,-
3183,3343,31.83372354291927,-,-,-,-
3183,3344,31.83372354291927,-,-,-,-
3183,3345,31.83372354291927,-,-,-,-
3183,3346,31.83372354291927,-,-,-,-
3183,3347,31.83372354291927,-,-,-,-
3183,3348,31.83372354291927,-,-,-,-
3183,3349,31.83372354291927,-,-,-,-
3183,3350,31.83372354291927,-,-,-,-
3183,3351,31.83372354291927,-,-,-,-
3183,3352,31.83372354291927,-,-,-,-
3183,3353,31.83372354291927,-,-,-,-
3183,3354,31.83372354291927,-,-,-,-
3183,3355,31.83372354291927,-,-,-,-
3183,3356,31.83372354291927,-,-,-,-
3184,3357,31.83372354291927,-,-,-,-
3185,3358,31.83372354291927,-,-,-,-
3186,3359,31.83372354291927,-,-,-,-
3187,3360,31.83372354291927,-,-,-,-
3188,3361,31.83372354291927,-,-,-,-
3189,3362,31.83372354291927,-,-,-,-
3190,3363,70.36410603668712,-,-,-,-
3191,3364,151.12020545731173,-,-,-,-
3192,3365,158.46696567800896,-,-,-,-
3193,3366,174.81937120905792,-,-,-,-
3194,3367,197.9581180797229,-,-,-,-
3195,3368,225.80653467603773,-,-,-,-
3196,3369,256.8371786095928,-,-,-,-
3197,3370,290.030433152921,-,-,-,-
3198,3371,290.030433152921,-,-,-,-
3199,3372,290.030433152921,-,-,-,-
3200,3373,290.030433152921,-,-,-,-
3201,3374,290.030433152921,-,-,-,-
3202,3375,290.030433152921,-,-,-,-
3203,3376,290.030433152921,-,-,-,-
3204,3377,290.030433152921,-,-,-,-
3205,3378,290.030433152921,-,-,-,-
3206,3379,290.030433152921,-,-,-,-
3207,3380,290.030433152921,-,-,-,-
3208,3381,290.030433152921,-,-,-,-
3209,3382,290.030433152921,-,-,-,-
3210,3383,290.030433152921,-,-,-,-
3211,3384,290.030433152921,-,-,-,-
3212,3385,290.030433152921,-,-,-,-
3213,3386,290.030433152921,-,-,-,-
3214,3387,290.030433152921,-,-,-,-
3215,3388,290.030433152921,-,-,-,-
3216,3389,290.030433152921,-,-,-,-
3217,3390,290.030433152921,-,-,-,-
3218,3391,290.030433152921,-,-,-,-
3219,3392,290.030433152921,-,-,-,-
3220,3393,290.030433152921,-,-,-,-
3221,3394,290.030433152921,-,-,-,-
3222,3395,290.030433152921,-,-,-,-
3223,3396,296.39138403809244,-,-,-,-
3224,3397,296.39138403809244,-,-,-,-
3225,3398,296.39138403809244,-,-,-,-
3226,3399,296.39138403809244,-,-,-,-
3227,3400,296.39138403809244,-,-,-,-
3228,3401,296.39138403809244,-,-,-,-
3229,3402,296.39138403809244,-,-,-,-
3230,3403,296.39138403809244,-,-,-,-
3231,3404,251.81678496722134,-,-,-,-
3232,3405,207.25066236429637,-,-,-,-
3233,3406,162.6999818981283,-,-,-,-
3234,3407,118.18220834314728,-,-,-,-
3235,3408,73.75695104920521,-,-,-,-
3236,3408,73.75695104920521,-,-,-,-
3237,3408,73.75695104920521,-,-,-,-
3238,3408,73.75695104920521,-,-,-,-
3239,3408,73.75695104920521,-,-,-,-
3240,3408,73.75695104920521,-,-,-,-
3241,3408,73.75695104920521,-,-,-,-
3242,3408,73.75695104920521,-,-,-,-
3243,3408,73.75695104920521,-,-,-,-
3244,3408,73.75695104920521,-,-,-,-
3245,3408,73.75695104920521,-,-,-,-
3246,3408,73.75695104920521,-,-,-,-
3247,3408,218.62229905916226,-,-,-,-
3248,3408,218.62229905916226,-,-,-,-
3249,3408,218.62229905916226,-,-,-,-
3250,3408,218.62229905916226,-,-,-,-
3251,3408,218.62229905916226,-,-,-,-
3252,3408,218.62229905916226,-,-,-,-
3253,3408,218.62229905916226,-,-,-,-
3254,3408,218.62229905916226,-,-,-,-
3255,3408,362.7322619671755,-,-,-,-
3256,3408,362.7322619671755,-,-,-,-
3257,3408,362.7322619671755,-,-,-,-
3258,3408,362.7322619671755,-,-,-,-
3259,3408,362.7322619671755,-,-,-,-
3260,3408,362.7322619671755,-,-,-,-
3261,3408,362.7322619671755,-,-,-,-
3262,3408,362.7322619671755,-,-,-,-
3263,3408,362.7322619671755,-,-,-,-
3264,3408,362.7322619671755,-,-,-,-
3265,3408,362.7322619671755,-,-,-,-
3266,3408,362.7322619671755,-,-,-,-
3267,3408,362.7322619671755,-,-,-,-
3268,3408,362.7322619671755,-,-,-,-
3269,3408,362.7322619671755,-,-,-,-
3270,3408,362.7322619671755,-,-,-,-
3271,3408,362.7322619671755,-,-,-,-
3272,3408,362.7322619671755,-,-,-,-
3273,3408,362.7322619671755,-,-,-,-
3274,3408,362.7322619671755,-,-,-,-
3275,3408,362.7322619671755,-,-,-,-
3276,3408,362.7322619671755,-,-,-,-
3277,3408,362.7322619671755,-,-,-,-
3278,3408,362.7322619671755,-,-,-,-
3279,3408,362.7322619671755,-,-,-,-
3280,3408,362.7322619671755,-,-,-,-
3281,3408,362.7322619671755,-,-,-,-
3282,3408,362.7322619671755,-,-,-,-
3283,3408,362.7322619671755,-,-,-,-
3284,3408,362.7322619671755,-,-,-,-
3285,3408,362.7322619671755,-,-,-,-
3286,3408,362.7322619671755,-,-,-,-
3287,3408,362.7322619671755,-,-,-,-
3288,3408,362.7322619671755,-,-,-,-
3289,3408,362.7322619671755,-,-,-,-
3290,3408,362.7322619671755,-,-,-,-
3291,3408,362.7322619671755,-,-,-,-
3292,3408,362.7322619671755,-,-,-,-
3293,3408,362.7322619671755,-,-,-,-
3294,3408,362.7322619671755,-,-,-,-
3295,3408,362.7322619671755,-,-,-,-
3296,3408,362.7322619671755,-,-,-,-
3297,3408,362.7322619671755,-,-,-,-
3298,3408,362.7322619671755,-,-,-,-
3299,3408,362.7322619671755,-,-,-,-
3300,3408,362.7322619671755,-,-,-,-
3301,3408,362.7322619671755,-,-,-,-
3302,3408,362.7322619671755,-,-,-,-
3303,3408,362.7322619671755,-,-,-,-
3304,3408,362.7322619671755,-,-,-,-
3305,3408,362.7322619671755,-,-,-,-
3306,3408,362.7322619671755,-,-,-,-
3307,3408,362.7322619671755,-,-,-,-
3308,3408,362.7322619671755,-,-,-,-
3309,3408,362.7322619671755,-,-,-,-
3310,3408,362.7322619671755,-,-,-,-
3311,3408,362.7322619671755,-,-,-,-
3312,3408,362.7322619671755,-,-,-,-
3313,3408,362.7322619671755,-,-,-,-
3314,3408,362.7322619671755,-,-,-,-
3315,3408,362.7322619671755,-,-,-,-
3316,3408,362.7322619671755,-,-,-,-
3317,3408,362.7322619671755,-,-,-,-
3318,3408,362.7322619671755,-,-,-,-
3319,3408,56.522885901548214,-,-,-,-
3320,3408,56.522885901548214,-,-,-,-
3321,3408,56.522885901548214,-,-,-,-
3322,3408,56.522885901548214,-,-,-,-
3323,3408,56.522885901548214,-,-,-,-
3324,3408,56.522885901548214,-,-,-,-
3325,3408,56.522885901548214,-,-,-,-
3326,3408,56.522885901548214,-,-,-,-
3327,3408,56.522885901548214,-,-,-,-
3328,3408,56.522885901548214,-,-,-,-
3329,3408,56.522885901548214,-,-,-,-
3330,3408,56.522885901548214,-,-,-,-
3331,3408,56.522885901548214,-,-,-,-
3332,3408,56.522885901548214,-,-,-,-
3333,3408,56.522885901548214,-,-,-,-
3334,3408,56.522885901548214,-,-,-,-
3335,3408,56.522885901548214,-,-,-,-
3336,3408,56.522885901548214,-,-,-,-
3337,3408,56.522885901548214,-,-,-,-
3338,3408,56.522885901548214,-,-,-,-
3339,3408,56.522885901548214,-,-,-,-
3340,3408,56.522885901548214,-,-,-,-
3341,3408,56.522885901548214,-,-,-,-
3342,3408,56.522885901548214,-,-,-,-
3343,3408,56.522885901548214,-,-,-,-
3344,3408,56.522885901548214,-,-,-,-
3345,3408,56.522885901548214,-,-,-,-
3346,3408,56.522885901548214,-,-,-,-
3347,3408,56.522885901548214,-,-,-,-
3348,3408,56.522885901548214,-,-,-,-
3349,3408,56.522885901548214,-,-,-,-
3350,3408,56.522885901548214,-,-,-,-
3351,3408,56.522885901548214,-,-,-,-
3352,3408,56.522885901548214,-,-,-,-
3353,3408,56.522885901548214,-,-,-,-
3354,3408,56.522885901548214,-,-,-,-
3355,3408,56.522885901548214,-,-,-,-
3356,3408,56.522885901548214,-,-,-,-
3357,3408,56.522885901548214,-,-,-,-
3358,3408,56.522885901548214,-,-,-,-
3359,3408,56.522885901548214,-,-,-,-
3360,3408,56.522885901548214,-,-,-,-
3361,3408,56.522885901548214,-,-,-,-
3362,3408,56.522885901548214,-,-,-,-
3363,3408,56.522885901548214,-,-,-,-
3364,3408,56.522885901548214,-,-,-,-
3365,3408,56.522885901548214,-,-,-,-
3366,3408,56.522885901548214,-,-,-,-
3367,3408,56.522885901548214,-,-,-,-
3368,3408,56.522885901548214,-,-,-,-
3369,3408,56.522885901548214,-,-,-,-
3370,3408,56.522885901548214,-,-,-,-
3371,3408,56.522885901548214,-,-,-,-
3372,3408,56.522885901548214,-,-,-,-
3373,3408,56.522885901548214,-,-,-,-
3374,3408,56.522885901548214,-,-,-,-
3375,3408,56.522885901548214,-,-,-,-
3376,3408,56.522885901548214,-,-,-,-
3377,3408,56.522885901548214,-,-,-,-
3378,3408,56.522885901548214,-,-,-,-
3379,3408,56.522885901548214,-,-,-,-
3380,3408,56.522885901548214,-,-,-,-
3381,3408,56.522885901548214,-,-,-,-
3382,3408,56.522885901548214,-,-,-,-
3383,3408,56.522885901548214,-,-,-,-
3384,3408,56.522885901548214,-,-,-,-
3385,3408,56.522885901548214,-,-,-,-
3386,3408,56.522885901548214,-,-,-,-
3387,3408,56.522885901548214,-,-,-,-
3388,3408,56.522885901548214,-,-,-,-
3389,3408,56.522885901548214,-,-,-,-
3390,3408,56.522885901548214,-,-,-,-
3391,3408,56.522885901548214,-,-,-,-
3392,3408,56.522885901548214,-,-,-,-
3393,3408,56.522885901548214,-,-,-,-
3394,3408,56.522885901548214,-,-,-,-
3395,3408,56.522885901548214,-,-,-,-
3396,3408,56.522885901548214,-,-,-,-
3397,3408,56.522885901548214,-,-,-,-
3398,3408,56.522885901548214,-,-,-,-
3399,3408,337.1888686788242,-,-,-,-
3400,3408,337.1888686788242,-,-,-,-
3401,3408,337.1888686788242,-,-,-,-
3402,3408,337.1888686788242,-,-,-,-
3403,3408,337.1888686788242,-,-,-,-
3404,3408,337.1888686788242,-,-,-,-
3405,3408,337.1888686788242,-,-,-,-
3406,3408,337.1888686788242,-,-,-,-
3407,3408,337.1888686788242,-,-,-,-
3408,3408,337.1888686788242,-,-,-,-
3409,3408,337.1888686788242,-,-,-,-
3410,3408,337.1888686788242,-,-,-,-
3411,3408,337.1888686788242,-,-,-,-
3412,3408,337.1888686788242,-,-,-,-
3413,3408,337.1888686788242,-,-,-,-
3414,3408,337.1888686788242,-,-,-,-
3415,3408,337.1888686788242,-,-,-,-
3416,3408,337.1888686788242,-,-,-,-
3417,3408,337.1888686788242,-,-,-,-
3418,3408,337.1888686788242,-,-,-,-
3419,3408,337.1888686788242,-,-,-,-
3420,3408,337.1888686788242,-,-,-,-
3421,3408,337.1888686788242,-,-,-,-
3422,3408,337.1888686788242,-,-,-,-
3423,3408,337.1888686788242,-,-,-,-
3424,3408,337.1888686788242,-,-,-,-
3425,3408,337.1888686788242,-,-,-,-
3426,3408,337.1888686788242,-,-,-,-
3427,3408,337.1888686788242,-,-,-,-
3428,3408,337.1888686788242,-,-,-,-
3429,3408,337.1888686788242,-,-,-,-
3430,3408,337.1888686788242,-,-,-,-
3431,3408,337.1888686788242,-,-,-,-
3432,3408,337.1888686788242,-,-,-,-
3433,3408,337.1888686788242,-,-,-,-
3434,3408,337.1888686788242,-,-,-,-
3435,3408,337.1888686788242,-,-,-,-
3436,3408,337.1888686788242,-,-,-,-
3437,3408,337.1888686788242,-,-,-,-
3438,3408,337.1888686788242,-,-,-,-
3439,3408,156.27020926959594,-,-,-,-
3440,3408,156.27020926959594,-,-,-,-
3441,3408,156.27020926959594,-,-,-,-
3442,3408,156.27020926959594,-,-,-,-
3443,3408,156.27020926959594,-,-,-,-
3444,3409,156.27020926959594,-,-,-,-
3445,3410,156.27020926959594,-,-,-,-
3446,3411,156.27020926959594,-,-,-,-
3447,3412,25.86264579899194,-,-,-,-
3448,3413,25.86264579899194,-,-,-,-
3449,3414,25.86264579899194,-,-,-,-
3450,3415,25.86264579899194,-,-,-,-
3451,3416,25.86264579899194,-,-,-,-
3452,3417,25.86264579899194,-,-,-,-
3453,3418,25.86264579899194,-,-,-,-
3454,3419,25.86264579899194,-,-,-,-
3455,3420,25.86264579899194,-,-,-,-
3456,3421,25.86264579899194,-,-,-,-
3457,3422,25.86264579899194,-,-,-,-
3458,3423,25.86264579899194,-,-,-,-
3459,3424,25.86264579899194,-,-,-,-
3460,3425,25.86264579899194,-,-,-,-
3461,3426,25.86264579899194,-,-,-,-
3462,3427,25.86264579899194,-,-,-,-
3463,3428,25.86264579899194,-,-,-,-
3464,3429,25.86264579899194,-,-,-,-
3465,3430,25.86264579899194,-,-,-,-
3466,3431,25.86264579899194,-,-,-,-
3467,3432,18.870005368163902,-,-,-,-
3468,3432,18.870005368163902,-,-,-,-
3469,3432,18.870005368163902,-,-,-,-
3470,3433,63.501132813329164,-,-,-,-
3471,3434,56.133728880786656,-,-,-,-
3472,3435,44.608046803225434,-,-,-,-
3473,3436,69.41092329199297,-,-,-,-
3474,3437,107.86561461376954,-,-,-,-
3475,3438,107.86561461376954,-,-,-,-
3476,3439,107.86561461376954,-,-,-,-
3477,3440,107.86561461376954,-,-,-,-
3478,3441,107.86561461376954,-,-,-,-
3479,3442,99.32560090315565,-,-,-,-
3479,3443,99.32560090315565,-,-,-,-
3479,3444,99.32560090315565,-,-,-,-
3479,3445,99.32560090315565,-,-,-,-
3479,3446,99.32560090315565,-,-,-,-
3479,3447,99.32560090315565,-,-,-,-
3479,3448,99.32560090315565,-,-,-,-
3479,3449,99.32560090315565,-,-,-,-
3479,3450,99.32560090315565,-,-,-,-
3479,3451,99.32560090315565,-,-,-,-
3479,3452,99.32560090315565,-,-,-,-
3479,3453,99.32560090315565,-,-,-,-
3479,3454,99.32560090315565,-,-,-,-
3479,3455,99.32560090315565,-,-,-,-
3479,3456,99.32560090315565,-,-,-,-
3479,3457,99.32560090315565,-,-,-,-
3479,3458,99.32560090315565,-,-,-,-
3479,3459,99.32560090315565,-,-,-,-
3479,3460,99.32560090315565,-,-,-,-
3479,3461,99.32560090315565,-,-,-,-
3479,3462,99.32560090315565,-,-,-,-
3479,3463,99.32560090315565,-,-,-,-
3479,3464,99.32560090315565,-,-,-,-
3479,3465,99.32560090315565,-,-,-,-
3479,3466,99.32560090315565,-,-,-,-
3479,3467,99.32560090315565,-,-,-,-
3479,3468,99.32560090315565,-,-,-,-
3479,3469,99.32560090315565,-,-,-,-
3479,3470,99.32560090315565,-,-,-,-
3479,3471,99.32560090315565,-,-,-,-
3479,3472,99.32560090315565,-,-,-,-
3479,3473,99.32560090315565,-,-,-,-
3479,3474,99.32560090315565,-,-,-,-
3479,3475,99.32560090315565,-,-,-,-
3479,3476,99.32560090315565,-,-,-,-
3479,3477,99.32560090315565,-,-,-,-
3479,3478,99.32560090315565,-,-,-,-
3479,3479,99.32560090315565,-,-,-,-
3480,3480,99.32560090315565,-,-,-,-
3481,3481,99.32560090315565,-,-,-,-
3482,3482,99.32560090315565,-,-,-,-
3483,3483,99.32560090315565,-,-,-,-
3484,3484,99.32560090315565,-,-,-,-
3485,3485,99.32560090315565,-,-,-,-
3486,3486,99.32560090315565,-,-,-,-
3487,3487,99.32560090315565,-,-,-,-
3488,3488,99.32560090315565,-,-,-,-
3489,3489,99.32560090315565,-,-,-,-
3490,3490,99.32560090315565,-,-,-,-
3491,3491,99.32560090315565,-,-,-,-
3492,3492,99.32560090315565,-,-,-,-
3493,3493,99.32560090315565,-,-,-,-
3494,3494,99.32560090315565,-,-,-,-
3495,3495,99.32560090315565,-,-,-,-
3496,3496,99.32560090315565,-,-,-,-
3497,3497,99.32560090315565,-,-,-,-
3498,3498,99.32560090315565,-,-,-,-
3499,3499,79.67493874545629,-,-,-,-
3500,3500,60.869702918705535,-,-,-,-
3501,3501,44.00738123009282,-,-,-,-
3502,3502,32.29059417307124,-,-,-,-
3503,3503,31.987799883224838,-,-,-,-
3504,3504,31.987799883224838,-,-,-,-
3505,3505,31.987799883224838,-,-,-,-
3506,3506,31.987799883224838,-,-,-,-
3507,3507,31.987799883224838,-,-,-,-
3508,3508,31.987799883224838,-,-,-,-
3509,3509,31.987799883224838,-,-,-,-
3510,3510,31.987799883224838,-,-,-,-
3511,3511,31.987799883224838,-,-,-,-
3512,3512,31.987799883224838,-,-,-,-
3513,3513,31.987799883224838,-,-,-,-
3514,3514,31.987799883224838,-,-,-,-
3515,3515,31.987799883224838,-,-,-,-
3516,3516,31.987799883224838,-,-,-,-
3517,3517,31.987799883224838,-,-,-,-
3518,3518,31.987799883224838,-,-,-,-
3519,3519,31.987799883224838,-,-,-,-
3520,3520,31.987799883224838,-,-,-,-
3521,3521,31.987799883224838,-,-,-,-
3522,3522,31.987799883224838,-,-,-,-
3523,3523,31.987799883224838,-,-,-,-
3524,3524,31.987799883224838,-,-,-,-
3525,3525,31.987799883224838,-,-,-,-
3526,3526,31.987799883224838,-,-,-,-
3527,3527,31.987799883224838,-,-,-,-
3528,3528,31.987799883224838,-,-,-,-
3529,3529,31.987799883224838,-,-,-,-
3530,3530,31.987799883224838,-,-,-,-
3531,3531,31.987799883224838,-,-,-,-
3532,3532,31.987799883224838,-,-,-,-
3533,3533,31.987799883224838,-,-,-,-
3534,3534,31.987799883224838,-,-,-,-
3535,3535,31.987799883224838,-,-,-,-
3536,3536,31.987799883224838,-,-,-,-
3537,3537,31.987799883224838,-,-,-,-
3538,3538,31.987799883224838,-,-,-,-
3539,3539,31.987799883224838,-,-,-,-
3540,3540,31.987799883224838,-,-,-,-
3541,3541,31.987799883224838,-,-,-,-
3542,3542,31.987799883224838,-,-,-,-
3543,3543,31.987799883224838,-,-,-,-
3544,3544,31.987799883224838,-,-,-,-
3545,3545,31.987799883224838,-,-,-,-
3546,3546,31.987799883224838,-,-,-,-
3547,3547,31.987799883224838,-,-,-,-
3548,3548,31.987799883224838,-,-,-,-
3549,3549,31.987799883224838,-,-,-,-
3550,3550,31.987799883224838,-,-,-,-
3551,3551,31.987799883224838,-,-,-,-
3552,3552,31.987799883224838,-,-,-,-
3553,3553,31.987799883224838,-,-,-,-
3554,3554,31.987799883224838,-,-,-,-
3555,3555,31.987799883224838,-,-,-,-
3556,3556,31.987799883224838,-,-,-,-
3557,3557,31.987799883224838,-,-,-,-
3558,3558,31.987799883224838,-,-,-,-
3559,3559,31.987799883224838,-,-,-,-
3560,3560,31.987799883224838,-,-,-,-
3561,3561,31.987799883224838,-,-,-,-
3562,3562,31.987799883224838,-,-,-,-
3563,3563,31.987799883224838,-,-,-,-
