path_ref,path_query,path_distance,ref_x,ref_y,query_x,query_y
0,0,50.48895346974643,936.3021638173003,562.5342077060476,1008.7,1228.3
1,1,50.48895346974643,936.3021638173003,562.5342077060476,1008.7,1228.3
2,2,50.48895346974643,936.3021638173003,562.5342077060476,1008.7,1228.3
3,3,50.48895346974643,936.3021638173003,562.5342077060476,1008.7,1228.3
4,4,50.48895346974643,936.3021638173003,562.5342077060476,1008.7,1228.3
5,5,50.48895346974643,936.3021638173003,562.5342077060476,1008.7,1228.3
6,6,50.48895346974643,936.3021638173003,562.5342077060476,1008.7,1228.3
7,7,50.48895346974643,936.3021638173003,562.5342077060476,1008.7,1228.3
8,8,50.48895346974643,936.3021638173003,562.5342077060476,1008.7,1228.3
9,9,50.48895346974643,936.3021638173003,562.5342077060476,1008.7,1228.3
10,10,50.48895346974643,936.3021638173003,562.5342077060476,1008.7,1228.3
11,11,50.48895346974643,936.3021638173003,562.5342077060476,1008.7,1228.3
12,12,50.48895346974643,936.3021638173003,562.5342077060476,1008.7,1228.3
13,13,50.48895346974643,936.3021638173003,562.5342077060476,1008.7,1228.3
14,14,50.48895346974643,936.3021638173003,562.5342077060476,1008.7,1228.3
15,15,50.48895346974643,936.3021638173003,562.5342077060476,1008.7,1228.3
16,16,50.48895346974643,936.3021638173003,562.5342077060476,1008.7,1228.3
17,17,50.48895346974643,936.3021638173003,562.5342077060476,1008.7,1228.3
18,18,50.48895346974643,936.3021638173003,562.5342077060476,1008.7,1228.3
19,19,50.48895346974643,936.3021638173003,562.5342077060476,1008.7,1228.3
20,20,50.48895346974643,936.3021638173003,562.5342077060476,1008.7,1228.3
21,21,50.48895346974643,936.3021638173003,562.5342077060476,1008.7,1228.3
22,22,50.48895346974643,936.3021638173003,562.5342077060476,1008.7,1228.3
23,23,50.48895346974643,936.3021638173003,562.5342077060476,1008.7,1228.3
24,24,46.06348094435414,943.3021638173003,558.5342077060476,1008.7,1228.3
25,25,46.06348094435414,943.3021638173003,558.5342077060476,1008.7,1228.3
26,26,46.06348094435414,943.3021638173003,558.5342077060476,1008.7,1228.3
27,27,46.06348094435414,943.3021638173003,558.5342077060476,1008.7,1228.3
28,28,46.06348094435414,943.3021638173003,558.5342077060476,1008.7,1228.3
29,29,46.06348094435414,943.3021638173003,558.5342077060476,1008.7,1228.3
30,30,46.06348094435414,943.3021638173003,558.5342077060476,1008.7,1228.3
31,31,37.76005211125398,950.3021638173003,554.5342077060476,1008.7,1228.3
32,32,37.76005211125398,950.3021638173003,554.5342077060476,1008.7,1228.3
33,33,37.76005211125398,950.3021638173003,554.5342077060476,1008.7,1228.3
34,34,37.76005211125398,950.3021638173003,554.5342077060476,1008.7,1228.3
35,35,37.76005211125398,950.3021638173003,554.5342077060476,1008.7,1228.3
36,36,37.76005211125398,950.3021638173003,554.5342077060476,1008.7,1228.3
37,37,37.76005211125398,950.3021638173003,554.5342077060476,1008.7,1228.3
38,38,37.76005211125398,950.3021638173003,554.5342077060476,1008.7,1228.3
39,39,18.41200705303261,957.3021638173003,550.5342077060476,1008.7,1228.3
40,40,18.41200705303261,957.3021638173003,550.5342077060476,1008.7,1228.3
41,41,18.41200705303261,957.3021638173003,550.5342077060476,1008.7,1228.3
42,42,18.41200705303261,957.3021638173003,550.5342077060476,1008.7,1228.3
43,43,18.41200705303261,957.3021638173003,550.5342077060476,1008.7,1228.3
44,44,18.41200705303261,957.3021638173003,550.5342077060476,1008.7,1228.3
45,45,18.41200705303261,957.3021638173003,550.5342077060476,1008.7,1228.3
46,46,18.41200705303261,957.3021638173003,550.5342077060476,1008.7,1228.3
47,47,18.41200705303261,957.3021638173003,550.5342077060476,1008.7,1228.3
48,48,31.0886269660411,965.3021638173003,547.5342077060476,1008.7,1228.3
49,49,31.0886269660411,965.3021638173003,547.5342077060476,1008.7,1228.3
50,50,31.0886269660411,965.3021638173003,547.5342077060476,1008.7,1228.3
51,51,31.0886269660411,965.3021638173003,547.5342077060476,1008.7,1228.3
52,52,31.0886269660411,965.3021638173003,547.5342077060476,1008.7,1228.3
53,53,31.0886269660411,965.3021638173003,547.5342077060476,1008.7,1228.3
54,54,31.0886269660411,965.3021638173003,547.5342077060476,1008.7,1228.3
55,55,30.87322777305691,965.3021638173003,547.5342077060476,1004.7833333333334,1140.85
56,56,30.58463888455108,965.3021638173003,547.5342077060476,1000.8666666666667,1053.4
57,57,30.177948518162097,965.3021638173003,547.5342077060476,996.95,965.95
58,58,29.562092542612625,965.3021638173003,547.5342077060476,993.0333333333334,878.5
59,59,28.520207913952774,965.3021638173003,547.5342077060476,989.1166666666667,791.05
60,60,26.379101033013942,965.3021638173003,547.5342077060476,985.2,703.6
61,61,26.379101033013942,965.3021638173003,547.5342077060476,985.2,703.6
62,62,26.379101033013942,965.3021638173003,547.5342077060476,985.2,703.6
63,63,26.379101033013942,965.3021638173003,547.5342077060476,985.2,703.6
64,64,26.379101033013942,965.3021638173003,547.5342077060476,985.2,703.6
65,65,26.379101033013942,965.3021638173003,547.5342077060476,985.2,703.6
66,66,26.379101033013942,965.3021638173003,547.5342077060476,985.2,703.6
67,67,26.379101033013942,965.3021638173003,547.5342077060476,985.2,703.6
68,68,26.379101033013942,965.3021638173003,547.5342077060476,985.2,703.6
69,69,26.379101033013942,965.3021638173003,547.5342077060476,985.2,703.6
70,70,26.379101033013942,965.3021638173003,547.5342077060476,985.2,703.6
71,71,26.379101033013942,965.3021638173003,547.5342077060476,985.2,703.6
72,72,0.8969048822253949,962.3021638173003,553.5342077060476,985.2,703.6
72,73,0.8969048822253949,962.3021638173003,553.5342077060476,985.2,703.6
72,74,0.8969048822253949,962.3021638173003,553.5342077060476,985.2,703.6
72,75,0.8969048822253949,962.3021638173003,553.5342077060476,985.2,703.6
72,76,0.8969048822253949,962.3021638173003,553.5342077060476,985.2,703.6
72,77,0.8969048822253949,962.3021638173003,553.5342077060476,985.2,703.6
72,78,0.8969048822253949,962.3021638173003,553.5342077060476,985.2,703.6
72,79,0.8969048822253949,962.3021638173003,553.5342077060476,985.2,703.6
72,80,0.8969048822253949,959.3021638173003,559.5342077060476,985.2,703.6
72,81,0.8969048822253949,959.3021638173003,559.5342077060476,985.2,703.6
72,82,0.8969048822253949,959.3021638173003,559.5342077060476,985.2,703.6
72,83,0.8969048822253949,959.3021638173003,559.5342077060476,985.2,703.6
72,84,0.8969048822253949,959.3021638173003,559.5342077060476,985.2,703.6
72,85,0.8969048822253949,959.3021638173003,559.5342077060476,985.2,703.6
72,86,0.8969048822253949,959.3021638173003,559.5342077060476,985.2,703.6
72,87,0.8969048822253949,959.3021638173003,559.5342077060476,985.2,703.6
72,88,0.8969048822253949,959.3021638173003,559.5342077060476,985.2,703.6
72,89,0.8969048822253949,959.3021638173003,559.5342077060476,985.2,703.6
72,90,0.8969048822253949,959.3021638173003,559.5342077060476,985.2,703.6
72,91,0.8969048822253949,959.3021638173003,559.5342077060476,985.2,703.6
72,92,0.8969048822253949,959.3021638173003,559.5342077060476,985.2,703.6
72,93,0.8969048822253949,959.3021638173003,559.5342077060476,985.2,703.6
72,94,0.8969048822253949,959.3021638173003,559.5342077060476,985.2,703.6
72,95,0.8969048822253949,959.3021638173003,559.5342077060476,985.2,703.6
72,96,0.8969048822253949,959.3021638173003,559.5342077060476,985.2,703.6
72,97,0.8969048822253949,959.3021638173003,559.5342077060476,985.2,703.6
72,98,0.8969048822253949,959.3021638173003,559.5342077060476,985.2,703.6
72,99,0.8969048822253949,959.3021638173003,559.5342077060476,985.2,703.6
72,100,0.8969048822253949,959.3021638173003,559.5342077060476,985.2,703.6
72,101,0.8969048822253949,959.3021638173003,559.5342077060476,985.2,703.6
72,102,0.8969048822253949,959.3021638173003,559.5342077060476,985.2,703.6
72,103,0.8969048822253949,959.3021638173003,559.5342077060476,985.2,703.6
72,104,0.8969048822253949,959.3021638173003,559.5342077060476,985.2,703.6
72,105,0.8969048822253949,959.3021638173003,559.5342077060476,985.2,703.6
72,106,0.8969048822253949,959.3021638173003,559.5342077060476,985.2,703.6
72,107,0.8969048822253949,959.3021638173003,559.5342077060476,985.2,703.6
72,108,0.8969048822253949,959.3021638173003,559.5342077060476,985.2,703.6
72,109,0.8969048822253949,959.3021638173003,559.5342077060476,985.2,703.6
72,110,0.8969048822253949,959.3021638173003,559.5342077060476,985.2,703.6
72,111,0.8969048822253949,959.3021638173003,559.5342077060476,985.2,703.6
72,112,0.8969048822253949,959.3021638173003,559.5342077060476,985.2,703.6
72,113,0.8969048822253949,959.3021638173003,559.5342077060476,985.2,703.6
72,114,0.8969048822253949,959.3021638173003,559.5342077060476,985.2,703.6
72,115,0.8969048822253949,959.3021638173003,559.5342077060476,985.2,703.6
72,116,0.8969048822253949,959.3021638173003,559.5342077060476,985.2,703.6
72,117,0.8969048822253949,959.3021638173003,559.5342077060476,985.2,703.6
72,118,0.8969048822253949,959.3021638173003,559.5342077060476,985.2,703.6
72,119,0.8969048822253949,959.3021638173003,559.5342077060476,985.2,703.6
72,120,0.8969048822253949,959.3021638173003,559.5342077060476,985.2,703.6
72,121,0.8969048822253949,959.3021638173003,559.5342077060476,985.2,703.6
72,122,0.8969048822253949,959.3021638173003,559.5342077060476,985.2,703.6
72,123,0.8969048822253949,959.3021638173003,559.5342077060476,985.2,703.6
72,124,0.8969048822253949,959.3021638173003,559.5342077060476,985.2,703.6
72,125,0.8969048822253949,959.3021638173003,559.5342077060476,985.2,703.6
72,126,0.8969048822253949,959.3021638173003,559.5342077060476,985.2,703.6
72,127,0.8969048822253949,794.3021638173003,615.5342077060476,985.2,703.6
72,128,0.8969048822253949,794.3021638173003,615.5342077060476,985.2,703.6
72,129,0.8969048822253949,794.3021638173003,615.5342077060476,985.2,703.6
72,130,0.8969048822253949,794.3021638173003,615.5342077060476,985.2,703.6
72,131,0.8969048822253949,794.3021638173003,615.5342077060476,985.2,703.6
72,132,0.8969048822253949,794.3021638173003,615.5342077060476,985.2,703.6
72,133,0.8969048822253949,794.3021638173003,615.5342077060476,985.2,703.6
72,134,0.8969048822253949,794.3021638173003,615.5342077060476,985.2,703.6
72,135,0.8969048822253949,794.3021638173003,615.5342077060476,985.2,703.6
72,136,0.8969048822253949,794.3021638173003,615.5342077060476,985.2,703.6
72,137,0.8969048822253949,794.3021638173003,615.5342077060476,985.2,703.6
72,138,0.8969048822253949,629.3021638173003,671.5342077060476,985.2,703.6
72,139,0.8969048822253949,629.3021638173003,671.5342077060476,985.2,703.6
72,140,0.8969048822253949,629.3021638173003,671.5342077060476,985.2,703.6
72,141,0.8969048822253949,629.3021638173003,671.5342077060476,985.2,703.6
72,142,0.8969048822253949,629.3021638173003,671.5342077060476,985.2,703.6
72,143,0.8969048822253949,629.3021638173003,671.5342077060476,985.2,703.6
72,144,0.8969048822253949,629.3021638173003,671.5342077060476,985.2,703.6
72,145,0.8969048822253949,629.3021638173003,671.5342077060476,985.2,703.6
72,146,0.8969048822253949,629.3021638173003,671.5342077060476,985.2,703.6
72,147,0.8969048822253949,629.3021638173003,671.5342077060476,985.2,703.6
72,148,0.8969048822253949,629.3021638173003,671.5342077060476,985.2,703.6
72,149,0.8969048822253949,629.3021638173003,671.5342077060476,985.2,703.6
72,150,0.8969048822253949,629.3021638173003,671.5342077060476,985.2,703.6
72,151,0.8969048822253949,772.3021638173003,489.5342077060476,985.2,703.6
72,152,0.8969048822253949,772.3021638173003,489.5342077060476,985.2,703.6
72,153,0.8969048822253949,772.3021638173003,489.5342077060476,985.2,703.6
73,154,0.8969048822253949,772.3021638173003,489.5342077060476,985.2,703.6
74,155,0.8969048822253949,772.3021638173003,489.5342077060476,985.2,703.6
75,156,0.8969048822253949,772.3021638173003,489.5342077060476,985.2,703.6
76,157,0.8969048822253949,772.3021638173003,489.5342077060476,985.2,703.6
77,158,0.8969048822253949,772.3021638173003,489.5342077060476,985.2,703.6
78,159,2.441315012112005,916.3021638173003,308.5342077060476,975.34,661.22
79,160,4.841873070127747,916.3021638173003,308.5342077060476,965.48,618.84
80,161,0.001508913944042624,916.3021638173003,308.5342077060476,955.62,576.46
81,162,0.0006439873805089691,916.3021638173003,308.5342077060476,945.76,534.0799999999999
82,162,0.0006439873805089691,916.3021638173003,308.5342077060476,935.9,491.7
83,162,0.0006439873805089691,916.3021638173003,308.5342077060476,935.9,491.7
84,162,0.0006439873805089691,916.3021638173003,308.5342077060476,935.9,491.7
85,162,0.0006439873805089691,916.3021638173003,308.5342077060476,935.9,491.7
86,162,0.0006439873805089691,916.3021638173003,308.5342077060476,935.9,491.7
87,162,0.0006439873805089691,916.3021638173003,308.5342077060476,935.9,491.7
88,162,0.0006439873805089691,916.3021638173003,308.5342077060476,935.9,491.7
89,162,0.0006439873805089691,916.3021638173003,308.5342077060476,935.9,491.7
90,162,0.0006439873805089691,916.3021638173003,308.5342077060476,935.9,491.7
91,162,0.0006439873805089691,916.3021638173003,308.5342077060476,935.9,491.7
92,162,0.0006439873805089691,916.3021638173003,308.5342077060476,935.9,491.7
93,162,0.0006439873805089691,916.3021638173003,308.5342077060476,935.9,491.7
94,162,0.0006439873805089691,1036.3021638173004,289.5342077060476,935.9,491.7
95,162,0.0006439873805089691,1036.3021638173004,289.5342077060476,935.9,491.7
96,162,0.0006439873805089691,1036.3021638173004,289.5342077060476,935.9,491.7
97,162,0.0006439873805089691,1036.3021638173004,289.5342077060476,935.9,491.7
98,162,0.0006439873805089691,1036.3021638173004,289.5342077060476,935.9,491.7
99,162,0.0006439873805089691,1036.3021638173004,289.5342077060476,935.9,491.7
100,162,0.0006439873805089691,1036.3021638173004,289.5342077060476,935.9,491.7
101,162,0.0006439873805089691,1036.3021638173004,289.5342077060476,935.9,491.7
102,162,0.0006439873805089691,1156.3021638173004,271.5342077060476,935.9,491.7
103,162,0.0006439873805089691,1156.3021638173004,271.5342077060476,935.9,491.7
104,162,0.0006439873805089691,1156.3021638173004,271.5342077060476,935.9,491.7
105,162,0.0006439873805089691,1156.3021638173004,271.5342077060476,935.9,491.7
106,162,0.0006439873805089691,1156.3021638173004,271.5342077060476,935.9,491.7
107,162,0.0006439873805089691,1156.3021638173004,271.5342077060476,935.9,491.7
108,162,0.0006439873805089691,1156.3021638173004,271.5342077060476,935.9,491.7
109,162,0.0006439873805089691,1156.3021638173004,271.5342077060476,935.9,491.7
110,162,0.0006439873805089691,1156.3021638173004,271.5342077060476,935.9,491.7
111,162,0.0006439873805089691,1156.3021638173004,271.5342077060476,935.9,491.7
112,162,0.0006439873805089691,1156.3021638173004,271.5342077060476,935.9,491.7
113,162,0.0006439873805089691,1156.3021638173004,271.5342077060476,935.9,491.7
114,162,0.0006439873805089691,1156.3021638173004,271.5342077060476,935.9,491.7
115,162,0.0006439873805089691,1156.3021638173004,271.5342077060476,935.9,491.7
116,162,0.0006439873805089691,1156.3021638173004,271.5342077060476,935.9,491.7
117,162,0.0006439873805089691,1156.3021638173004,271.5342077060476,935.9,491.7
118,162,0.0006439873805089691,894.3021638173003,473.5342077060476,935.9,491.7
119,162,0.0006439873805089691,894.3021638173003,473.5342077060476,935.9,491.7
120,162,0.0006439873805089691,894.3021638173003,473.5342077060476,935.9,491.7
121,162,0.0006439873805089691,894.3021638173003,473.5342077060476,935.9,491.7
122,162,0.0006439873805089691,894.3021638173003,473.5342077060476,935.9,491.7
123,162,0.0006439873805089691,894.3021638173003,473.5342077060476,935.9,491.7
124,162,0.0006439873805089691,894.3021638173003,473.5342077060476,935.9,491.7
125,162,0.0006439873805089691,894.3021638173003,473.5342077060476,935.9,491.7
126,162,0.0006439873805089691,632.3021638173003,674.5342077060476,935.9,491.7
127,162,47.080251648998065,632.3021638173003,674.5342077060476,935.9,491.7
128,162,47.080251648998065,632.3021638173003,674.5342077060476,935.9,491.7
129,162,47.080251648998065,632.3021638173003,674.5342077060476,935.9,491.7
130,162,47.080251648998065,632.3021638173003,674.5342077060476,935.9,491.7
131,162,47.080251648998065,632.3021638173003,674.5342077060476,935.9,491.7
132,162,47.080251648998065,632.3021638173003,674.5342077060476,935.9,491.7
133,162,47.080251648998065,632.3021638173003,674.5342077060476,935.9,491.7
134,162,47.080251648998065,632.3021638173003,674.5342077060476,935.9,491.7
135,162,47.080251648998065,632.3021638173003,674.5342077060476,935.9,491.7
136,162,47.080251648998065,632.3021638173003,674.5342077060476,935.9,491.7
137,162,47.080251648998065,632.3021638173003,674.5342077060476,935.9,491.7
138,162,44.26419921276039,632.3021638173003,674.5342077060476,935.9,491.7
139,162,44.26419921276039,632.3021638173003,674.5342077060476,935.9,491.7
140,162,44.26419921276039,632.3021638173003,674.5342077060476,935.9,491.7
141,162,44.26419921276039,632.3021638173003,674.5342077060476,935.9,491.7
142,162,44.26419921276039,632.3021638173003,674.5342077060476,935.9,491.7
143,162,44.26419921276039,632.3021638173003,674.5342077060476,935.9,491.7
144,162,44.26419921276039,632.3021638173003,674.5342077060476,935.9,491.7
145,162,44.26419921276039,632.3021638173003,674.5342077060476,935.9,491.7
146,162,44.26419921276039,632.3021638173003,674.5342077060476,935.9,491.7
147,162,44.26419921276039,632.3021638173003,674.5342077060476,935.9,491.7
148,162,44.26419921276039,632.3021638173003,674.5342077060476,935.9,491.7
149,162,44.26419921276039,632.3021638173003,674.5342077060476,935.9,491.7
150,162,44.26419921276039,774.3021638173003,677.5342077060476,935.9,491.7
151,162,7.525074606349163,774.3021638173003,677.5342077060476,935.9,491.7
152,162,7.525074606349163,774.3021638173003,677.5342077060476,935.9,491.7
153,162,7.525074606349163,774.3021638173003,677.5342077060476,935.9,491.7
154,162,7.525074606349163,774.3021638173003,677.5342077060476,935.9,491.7
155,162,7.525074606349163,774.3021638173003,677.5342077060476,935.9,491.7
156,162,7.525074606349163,774.3021638173003,677.5342077060476,935.9,491.7
157,162,7.525074606349163,774.3021638173003,677.5342077060476,935.9,491.7
158,162,7.525074606349163,774.3021638173003,677.5342077060476,935.9,491.7
159,163,15.826682896858948,774.3021638173003,677.5342077060476,935.9,491.7
160,163,15.826682896858948,917.3021638173003,679.5342077060476,935.9,491.7
161,163,15.826682896858948,917.3021638173003,679.5342077060476,935.9,491.7
162,163,15.826682896858948,917.3021638173003,679.5342077060476,935.9,491.7
163,163,15.826682896858948,917.3021638173003,679.5342077060476,935.9,491.7
164,163,15.826682896858948,917.3021638173003,679.5342077060476,935.9,491.7
165,163,15.826682896858948,917.3021638173003,679.5342077060476,935.9,491.7
166,163,15.826682896858948,917.3021638173003,679.5342077060476,935.9,491.7
167,163,15.826682896858948,917.3021638173003,679.5342077060476,935.9,491.7
168,163,15.826682896858948,917.3021638173003,679.5342077060476,935.9,491.7
169,163,15.826682896858948,917.3021638173003,679.5342077060476,935.9,491.7
170,163,15.826682896858948,917.3021638173003,679.5342077060476,935.9,491.7
171,164,15.826682896858948,917.3021638173003,679.5342077060476,935.9,491.7
172,165,15.826682896858948,917.3021638173003,679.5342077060476,935.9,491.7
173,166,15.826682896858948,917.3021638173003,679.5342077060476,935.9,491.7
174,167,15.826682896858948,917.3021638173003,463.5342077060476,935.9,491.7
175,168,43.460470038477816,917.3021638173003,463.5342077060476,935.9,491.7
176,169,43.460470038477816,917.3021638173003,463.5342077060476,934.14,447.48
177,170,43.460470038477816,917.3021638173003,463.5342077060476,932.38,403.26
178,171,43.460470038477816,917.3021638173003,463.5342077060476,930.62,359.04
179,172,43.460470038477816,917.3021638173003,463.5342077060476,928.86,314.82000000000005
180,173,43.460470038477816,917.3021638173003,463.5342077060476,927.1,270.6
181,174,43.460470038477816,917.3021638173003,463.5342077060476,927.1,270.6
182,175,43.460470038477816,917.3021638173003,463.5342077060476,927.1,270.6
183,176,62.69184970962881,917.3021638173003,247.5342077060476,927.1,270.6
184,177,62.69184970962881,917.3021638173003,247.5342077060476,927.1,270.6
185,178,62.69184970962881,917.3021638173003,247.5342077060476,927.1,270.6
186,179,62.69184970962881,917.3021638173003,247.5342077060476,927.1,270.6
187,180,62.69184970962881,917.3021638173003,247.5342077060476,927.1,270.6
188,181,62.69184970962881,917.3021638173003,247.5342077060476,927.1,270.6
189,182,62.69184970962881,917.3021638173003,247.5342077060476,927.1,270.6
190,183,62.69184970962881,917.3021638173003,247.5342077060476,927.1,270.6
191,184,62.69184970962881,917.3021638173003,247.5342077060476,927.1,270.6
192,185,62.69184970962881,917.3021638173003,247.5342077060476,927.1,270.6
193,186,62.69184970962881,917.3021638173003,247.5342077060476,927.1,270.6
194,187,62.69184970962881,917.3021638173003,247.5342077060476,927.1,270.6
195,188,62.69184970962881,917.3021638173003,247.5342077060476,927.1,270.6
196,189,62.69184970962881,917.3021638173003,247.5342077060476,927.1,270.6
197,190,62.69184970962881,917.3021638173003,247.5342077060476,927.1,270.6
198,191,62.69184970962881,917.3021638173003,247.5342077060476,927.1,270.6
199,192,18.04015856431469,917.3021638173003,247.5342077060476,927.1,270.6
200,193,18.04015856431469,917.3021638173003,247.5342077060476,927.1,270.6
201,194,18.04015856431469,917.3021638173003,247.5342077060476,927.1,270.6
202,195,18.04015856431469,917.3021638173003,247.5342077060476,927.1,270.6
203,196,18.04015856431469,917.3021638173003,247.5342077060476,927.1,270.6
204,197,18.04015856431469,917.3021638173003,247.5342077060476,927.1,270.6
205,198,18.04015856431469,917.3021638173003,247.5342077060476,927.1,270.6
206,199,18.04015856431469,917.3021638173003,247.5342077060476,927.1,270.6
207,200,85.80270002592609,917.3021638173003,247.5342077060476,927.1,270.6
208,201,85.80270002592609,917.3021638173003,247.5342077060476,927.1,270.6
209,202,85.80270002592609,917.3021638173003,247.5342077060476,927.1,270.6
210,203,85.80270002592609,917.3021638173003,247.5342077060476,927.1,270.6
211,204,85.80270002592609,917.3021638173003,247.5342077060476,927.1,270.6
212,205,85.80270002592609,917.3021638173003,247.5342077060476,927.1,270.6
213,206,85.80270002592609,917.3021638173003,247.5342077060476,927.1,270.6
214,207,85.80270002592609,917.3021638173003,247.5342077060476,927.1,270.6
215,208,85.80270002592609,917.3021638173003,247.5342077060476,927.1,270.6
216,209,85.80270002592609,917.3021638173003,247.5342077060476,927.1,270.6
217,210,85.80270002592609,917.3021638173003,247.5342077060476,927.1,270.6
218,211,85.80270002592609,917.3021638173003,247.5342077060476,927.1,270.6
219,212,85.80270002592609,917.3021638173003,247.5342077060476,927.1,270.6
220,213,85.80270002592609,917.3021638173003,247.5342077060476,927.1,270.6
221,214,85.80270002592609,917.3021638173003,247.5342077060476,927.1,270.6
222,215,85.80270002592609,917.3021638173003,247.5342077060476,927.1,270.6
223,216,85.80270002592609,917.3021638173003,247.5342077060476,927.1,270.6
224,217,85.80270002592609,917.3021638173003,247.5342077060476,927.1,270.6
225,218,85.80270002592609,917.3021638173003,247.5342077060476,927.1,270.6
226,219,85.80270002592609,917.3021638173003,247.5342077060476,927.1,270.6
227,220,85.80270002592609,917.3021638173003,247.5342077060476,927.1,270.6
228,221,85.80270002592609,917.3021638173003,247.5342077060476,927.1,270.6
229,222,85.80270002592609,917.3021638173003,247.5342077060476,927.1,270.6
230,223,85.80270002592609,917.3021638173003,247.5342077060476,927.1,270.6
231,224,100.00733980388019,917.3021638173003,247.5342077060476,927.1,270.6
232,225,100.00733980388019,917.3021638173003,247.5342077060476,927.1,270.6
233,226,100.00733980388019,917.3021638173003,247.5342077060476,927.1,270.6
234,227,100.00733980388019,917.3021638173003,247.5342077060476,927.1,270.6
235,228,100.00733980388019,917.3021638173003,247.5342077060476,927.1,270.6
236,229,100.00733980388019,917.3021638173003,247.5342077060476,927.1,270.6
237,230,100.00733980388019,917.3021638173003,247.5342077060476,927.1,270.6
238,231,100.00733980388019,917.3021638173003,247.5342077060476,927.1,270.6
239,232,100.00733980388019,917.3021638173003,247.5342077060476,927.1,270.6
240,233,100.00733980388019,917.3021638173003,247.5342077060476,927.1,270.6
241,234,136.46816503355427,917.3021638173003,247.5342077060476,927.1,270.6
242,235,136.46816503355427,917.3021638173003,247.5342077060476,927.1,270.6
243,236,136.46816503355427,917.3021638173003,247.5342077060476,927.1,270.6
244,237,136.46816503355427,917.3021638173003,247.5342077060476,912.1333333333333,331.9666666666667
245,238,136.46816503355427,917.3021638173003,247.5342077060476,897.1666666666666,393.3333333333333
246,239,136.46816503355427,868.3021638173003,427.5342077060476,882.2,454.7
247,240,136.46816503355427,868.3021638173003,427.5342077060476,867.2333333333333,516.0666666666666
248,241,136.46816503355427,868.3021638173003,427.5342077060476,852.2666666666667,577.4333333333333
249,242,136.46816503355427,868.3021638173003,427.5342077060476,837.3,638.8
250,243,136.46816503355427,868.3021638173003,427.5342077060476,837.3,638.8
251,244,136.46816503355427,868.3021638173003,427.5342077060476,837.3,638.8
252,245,136.46816503355427,868.3021638173003,427.5342077060476,837.3,638.8
253,246,136.46816503355427,868.3021638173003,427.5342077060476,837.3,638.8
254,247,136.46816503355427,868.3021638173003,427.5342077060476,837.3,638.8
255,248,2.59938843291462,819.3021638173003,607.5342077060476,837.3,638.8
256,249,2.59938843291462,819.3021638173003,607.5342077060476,837.3,638.8
257,250,2.59938843291462,819.3021638173003,607.5342077060476,837.3,638.8
258,251,2.59938843291462,819.3021638173003,607.5342077060476,837.3,638.8
259,252,2.59938843291462,819.3021638173003,607.5342077060476,837.3,638.8
260,253,2.59938843291462,819.3021638173003,607.5342077060476,837.3,638.8
261,254,2.59938843291462,819.3021638173003,607.5342077060476,837.3,638.8
262,255,2.59938843291462,819.3021638173003,607.5342077060476,837.3,638.8
263,256,2.59938843291462,819.3021638173003,607.5342077060476,837.3,638.8
264,257,7.309977899802917,819.3021638173003,607.5342077060476,837.3,638.8
264,258,3.1133993012818437,819.3021638173003,607.5342077060476,837.3,638.8
264,259,0.9157866584194225,819.3021638173003,607.5342077060476,837.3,638.8
264,260,0.4326189970460147,819.3021638173003,607.5342077060476,837.3,638.8
264,261,1.3434103346574446,819.3021638173003,607.5342077060476,837.3,638.8
264,262,1.3434103346574446,819.3021638173003,607.5342077060476,837.3,638.8
264,263,1.3434103346574446,819.3021638173003,607.5342077060476,837.3,638.8
265,264,1.3434103346574446,819.3021638173003,607.5342077060476,837.3,638.8
266,265,1.3434103346574446,819.3021638173003,607.5342077060476,837.3,638.8
267,266,1.3434103346574446,819.3021638173003,607.5342077060476,837.3,638.8
268,267,1.3434103346574446,819.3021638173003,607.5342077060476,837.3,638.8
269,268,1.3434103346574446,819.3021638173003,607.5342077060476,837.3,638.8
270,269,1.3434103346574446,819.3021638173003,607.5342077060476,837.3,638.8
271,270,1.3434103346574446,819.3021638173003,607.5342077060476,837.3,638.8
272,271,1.3434103346574446,819.3021638173003,607.5342077060476,837.3,638.8
273,272,1.3434103346574446,819.3021638173003,607.5342077060476,837.3,638.8
274,273,1.3434103346574446,819.3021638173003,607.5342077060476,837.3,638.8
275,274,1.3434103346574446,819.3021638173003,607.5342077060476,837.3,638.8
276,275,1.3434103346574446,819.3021638173003,607.5342077060476,837.3,638.8
277,276,1.3434103346574446,819.3021638173003,607.5342077060476,837.3,638.8
278,277,1.3434103346574446,819.3021638173003,607.5342077060476,837.3,638.8
279,278,1.3434103346574446,819.3021638173003,607.5342077060476,837.3,638.8
280,279,1.3434103346574446,849.3021638173003,627.5342077060476,837.3,638.8
281,280,1.3434103346574446,849.3021638173003,627.5342077060476,837.3,638.8
282,281,1.3434103346574446,849.3021638173003,627.5342077060476,837.3,638.8
283,282,1.3434103346574446,849.3021638173003,627.5342077060476,837.3,638.8
284,283,1.3434103346574446,849.3021638173003,627.5342077060476,837.3,638.8
285,284,1.3434103346574446,849.3021638173003,627.5342077060476,837.3,638.8
286,285,1.3434103346574446,849.3021638173003,627.5342077060476,837.3,638.8
287,286,1.3434103346574446,849.3021638173003,627.5342077060476,837.3,638.8
288,287,1.3434103346574446,880.3021638173003,648.5342077060476,837.3,638.8
289,288,1.3434103346574446,880.3021638173003,648.5342077060476,837.3,638.8
290,289,1.3434103346574446,880.3021638173003,648.5342077060476,837.3,638.8
291,290,1.3434103346574446,880.3021638173003,648.5342077060476,837.3,638.8
292,291,1.3434103346574446,880.3021638173003,648.5342077060476,837.3,638.8
293,292,1.3434103346574446,880.3021638173003,648.5342077060476,837.3,638.8
294,293,1.3434103346574446,880.3021638173003,648.5342077060476,837.3,638.8
295,294,1.3434103346574446,880.3021638173003,648.5342077060476,837.3,638.8
296,295,1.3434103346574446,880.3021638173003,648.5342077060476,837.3,638.8
297,296,1.3434103346574446,880.3021638173003,648.5342077060476,837.3,638.8
298,297,1.3434103346574446,880.3021638173003,648.5342077060476,837.3,638.8
299,298,1.3434103346574446,880.3021638173003,648.5342077060476,837.3,638.8
300,299,1.3434103346574446,880.3021638173003,648.5342077060476,837.3,638.8
301,300,1.3434103346574446,880.3021638173003,648.5342077060476,837.3,638.8
302,301,1.3434103346574446,880.3021638173003,648.5342077060476,837.3,638.8
303,302,1.3434103346574446,880.3021638173003,648.5342077060476,837.3,638.8
304,303,1.3434103346574446,774.3021638173003,644.5342077060476,837.3,638.8
305,304,1.3434103346574446,774.3021638173003,644.5342077060476,837.3,638.8
306,305,1.3434103346574446,774.3021638173003,644.5342077060476,837.3,638.8
307,306,1.3434103346574446,774.3021638173003,644.5342077060476,837.3,638.8
308,307,1.3434103346574446,774.3021638173003,644.5342077060476,837.3,638.8
309,308,1.3434103346574446,774.3021638173003,644.5342077060476,837.3,638.8
310,309,1.3434103346574446,774.3021638173003,644.5342077060476,837.3,638.8
311,310,1.3434103346574446,774.3021638173003,644.5342077060476,837.3,638.8
312,311,1.3434103346574446,668.3021638173003,640.5342077060476,837.3,638.8
313,312,1.3434103346574446,668.3021638173003,640.5342077060476,837.3,638.8
314,313,1.3434103346574446,668.3021638173003,640.5342077060476,837.3,638.8
315,314,1.3434103346574446,668.3021638173003,640.5342077060476,837.3,638.8
316,315,1.3434103346574446,668.3021638173003,640.5342077060476,837.3,638.8
317,316,1.3434103346574446,668.3021638173003,640.5342077060476,837.3,638.8
318,317,1.3434103346574446,668.3021638173003,640.5342077060476,837.3,638.8
319,318,1.3434103346574446,668.3021638173003,640.5342077060476,837.3,638.8
320,319,1.3434103346574446,668.3021638173003,640.5342077060476,837.3,638.8
321,320,1.3434103346574446,668.3021638173003,640.5342077060476,837.3,638.8
322,321,1.3434103346574446,668.3021638173003,640.5342077060476,837.3,638.8
323,322,1.3434103346574446,668.3021638173003,640.5342077060476,837.3,638.8
324,323,1.3434103346574446,668.3021638173003,640.5342077060476,837.3,638.8
325,324,1.3434103346574446,668.3021638173003,640.5342077060476,837.3,638.8
326,325,4.651655373380389,668.3021638173003,640.5342077060476,837.3,638.8
327,326,16.00099850627735,668.3021638173003,640.5342077060476,837.3,638.8
328,327,3.1754314639124135,668.3021638173003,640.5342077060476,837.3,638.8
329,327,3.1754314639124135,668.3021638173003,640.5342077060476,837.3,638.8
330,327,3.1754314639124135,668.3021638173003,640.5342077060476,837.3,638.8
331,327,3.1754314639124135,668.3021638173003,640.5342077060476,837.3,638.8
332,327,3.1754314639124135,668.3021638173003,640.5342077060476,837.3,638.8
333,327,3.1754314639124135,668.3021638173003,640.5342077060476,837.3,638.8
334,327,3.1754314639124135,668.3021638173003,640.5342077060476,837.3,638.8
335,328,36.34170991178507,668.3021638173003,640.5342077060476,837.3,638.8
336,329,6.480315141921916,668.3021638173003,640.5342077060476,837.3,638.8
337,329,6.480315141921916,668.3021638173003,640.5342077060476,837.3,638.8
338,329,6.480315141921916,668.3021638173003,640.5342077060476,837.3,638.8
339,329,6.480315141921916,668.3021638173003,640.5342077060476,837.3,638.8
340,329,6.480315141921916,668.3021638173003,640.5342077060476,837.3,638.8
341,329,6.480315141921916,668.3021638173003,640.5342077060476,837.3,638.8
342,329,6.480315141921916,668.3021638173003,640.5342077060476,837.3,638.8
343,329,6.480315141921916,668.3021638173003,640.5342077060476,837.3,638.8
344,329,6.480315141921916,668.3021638173003,640.5342077060476,837.3,638.8
345,329,6.480315141921916,668.3021638173003,640.5342077060476,837.3,638.8
346,329,6.480315141921916,668.3021638173003,640.5342077060476,837.3,638.8
347,329,6.480315141921916,668.3021638173003,640.5342077060476,837.3,638.8
348,329,6.480315141921916,668.3021638173003,640.5342077060476,837.3,638.8
349,329,6.480315141921916,668.3021638173003,640.5342077060476,837.3,638.8
350,329,6.480315141921916,668.3021638173003,640.5342077060476,837.3,638.8
351,329,6.480315141921916,668.3021638173003,640.5342077060476,837.3,638.8
352,329,6.480315141921916,668.3021638173003,640.5342077060476,837.3,638.8
353,329,6.480315141921916,668.3021638173003,640.5342077060476,837.3,638.8
354,329,6.480315141921916,668.3021638173003,640.5342077060476,837.3,638.8
355,329,6.480315141921916,668.3021638173003,640.5342077060476,837.3,638.8
356,329,6.480315141921916,668.3021638173003,640.5342077060476,837.3,638.8
357,329,6.480315141921916,668.3021638173003,640.5342077060476,837.3,638.8
358,329,6.480315141921916,668.3021638173003,640.5342077060476,837.3,638.8
359,329,6.480315141921916,668.3021638173003,640.5342077060476,837.3,638.8
360,329,6.480315141921916,668.3021638173003,640.5342077060476,837.3,638.8
361,329,6.480315141921916,668.3021638173003,640.5342077060476,870.3249999999999,629.625
362,329,6.480315141921916,668.3021638173003,640.5342077060476,903.3499999999999,620.45
363,329,6.480315141921916,668.3021638173003,640.5342077060476,936.375,611.275
364,330,13.200816370142434,668.3021638173003,640.5342077060476,969.4,602.1
365,331,13.200816370142434,668.3021638173003,640.5342077060476,969.4,602.1
366,332,13.200816370142434,668.3021638173003,640.5342077060476,969.4,602.1
367,333,0.5064218425381056,668.3021638173003,640.5342077060476,969.4,602.1
368,334,0.5064218425381056,668.3021638173003,640.5342077060476,969.4,602.1
369,335,0.5064218425381056,737.3021638173003,651.5342077060476,969.4,602.1
370,336,0.5064218425381056,737.3021638173003,651.5342077060476,969.4,602.1
371,337,0.5064218425381056,737.3021638173003,651.5342077060476,969.4,602.1
372,338,0.5064218425381056,737.3021638173003,651.5342077060476,969.4,602.1
373,339,0.5064218425381056,737.3021638173003,651.5342077060476,969.4,602.1
374,340,0.5064218425381056,737.3021638173003,651.5342077060476,969.4,602.1
375,341,14.868188785449362,737.3021638173003,651.5342077060476,969.4,602.1
376,342,14.868188785449362,806.3021638173003,662.5342077060476,969.4,602.1
377,343,14.868188785449362,806.3021638173003,662.5342077060476,969.4,602.1
378,344,14.868188785449362,806.3021638173003,662.5342077060476,969.4,602.1
379,345,14.868188785449362,806.3021638173003,662.5342077060476,969.4,602.1
380,346,14.868188785449362,806.3021638173003,662.5342077060476,969.4,602.1
381,347,14.868188785449362,806.3021638173003,662.5342077060476,969.4,602.1
382,348,14.868188785449362,806.3021638173003,662.5342077060476,969.4,602.1
383,349,14.868188785449362,806.3021638173003,662.5342077060476,969.4,602.1
384,350,14.868188785449362,875.3021638173003,674.5342077060476,969.4,602.1
385,351,14.868188785449362,875.3021638173003,674.5342077060476,969.4,602.1
386,352,14.868188785449362,875.3021638173003,674.5342077060476,969.4,602.1
387,353,14.868188785449362,875.3021638173003,674.5342077060476,969.4,602.1
388,354,14.868188785449362,875.3021638173003,674.5342077060476,969.4,602.1
389,355,14.868188785449362,875.3021638173003,674.5342077060476,969.4,602.1
390,356,14.868188785449362,875.3021638173003,674.5342077060476,969.4,602.1
391,357,9.465265391425934,875.3021638173003,674.5342077060476,969.4,602.1
392,358,9.465265391425934,875.3021638173003,674.5342077060476,969.4,602.1
393,359,9.465265391425934,944.3021638173003,686.5342077060476,969.4,602.1
394,360,9.465265391425934,944.3021638173003,686.5342077060476,969.4,602.1
395,361,9.465265391425934,944.3021638173003,686.5342077060476,969.4,602.1
396,362,9.465265391425934,944.3021638173003,686.5342077060476,969.4,602.1
397,363,9.465265391425934,944.3021638173003,686.5342077060476,969.4,602.1
398,364,9.465265391425934,944.3021638173003,686.5342077060476,969.4,602.1
399,365,19.824964599643522,944.3021638173003,686.5342077060476,969.4,602.1
400,366,19.824964599643522,944.3021638173003,686.5342077060476,969.4,602.1
401,367,19.824964599643522,944.3021638173003,686.5342077060476,969.4,602.1
402,368,19.824964599643522,944.3021638173003,686.5342077060476,969.4,602.1
403,369,19.824964599643522,944.3021638173003,686.5342077060476,969.4,602.1
404,370,19.824964599643522,944.3021638173003,686.5342077060476,969.4,602.1
405,371,19.824964599643522,944.3021638173003,686.5342077060476,969.4,602.1
406,372,19.824964599643522,944.3021638173003,686.5342077060476,969.4,602.1
407,373,19.824964599643522,944.3021638173003,686.5342077060476,969.4,602.1
408,374,19.824964599643522,944.3021638173003,686.5342077060476,969.4,602.1
409,375,19.824964599643522,944.3021638173003,686.5342077060476,969.4,602.1
410,376,19.824964599643522,944.3021638173003,686.5342077060476,969.4,602.1
411,377,19.824964599643522,944.3021638173003,686.5342077060476,969.4,602.1
412,378,19.824964599643522,944.3021638173003,686.5342077060476,969.4,602.1
413,379,19.824964599643522,944.3021638173003,686.5342077060476,969.4,602.1
414,380,19.824964599643522,944.3021638173003,686.5342077060476,969.4,602.1
415,381,19.824964599643522,944.3021638173003,686.5342077060476,969.4,602.1
416,382,19.824964599643522,944.3021638173003,686.5342077060476,969.4,602.1
417,383,19.824964599643522,1009.3021638173003,685.5342077060476,969.4,602.1
418,384,19.824964599643522,1009.3021638173003,685.5342077060476,969.4,602.1
419,385,19.824964599643522,1009.3021638173003,685.5342077060476,969.4,602.1
420,386,19.824964599643522,1009.3021638173003,685.5342077060476,969.4,602.1
421,387,19.824964599643522,1009.3021638173003,685.5342077060476,969.4,602.1
422,388,19.824964599643522,1009.3021638173003,685.5342077060476,969.4,602.1
423,389,19.824964599643522,1009.3021638173003,685.5342077060476,969.4,602.1
424,390,19.824964599643522,1074.3021638173004,685.5342077060476,969.4,602.1
425,391,19.824964599643522,1074.3021638173004,685.5342077060476,969.4,602.1
426,392,19.824964599643522,1074.3021638173004,685.5342077060476,969.4,602.1
427,393,19.824964599643522,1074.3021638173004,685.5342077060476,969.4,602.1
428,394,19.824964599643522,1074.3021638173004,685.5342077060476,969.4,602.1
429,395,19.824964599643522,1074.3021638173004,685.5342077060476,969.4,602.1
430,396,19.824964599643522,1074.3021638173004,685.5342077060476,969.4,602.1
431,397,19.824964599643522,1074.3021638173004,685.5342077060476,969.4,602.1
432,398,19.824964599643522,1074.3021638173004,685.5342077060476,969.4,602.1
433,399,19.824964599643522,1074.3021638173004,685.5342077060476,969.4,602.1
434,400,19.824964599643522,1074.3021638173004,685.5342077060476,969.4,602.1
435,401,19.824964599643522,1074.3021638173004,685.5342077060476,969.4,602.1
436,402,19.824964599643522,1074.3021638173004,685.5342077060476,969.4,602.1
437,403,19.824964599643522,1074.3021638173004,685.5342077060476,969.4,602.1
438,404,19.824964599643522,1074.3021638173004,685.5342077060476,969.4,602.1
439,405,19.824964599643522,1074.3021638173004,685.5342077060476,969.4,602.1
440,406,19.824964599643522,1074.3021638173004,685.5342077060476,969.4,602.1
441,407,19.824964599643522,1074.3021638173004,685.5342077060476,969.4,602.1
442,408,19.824964599643522,1074.3021638173004,685.5342077060476,969.4,602.1
443,409,19.824964599643522,1074.3021638173004,685.5342077060476,969.4,602.1
444,410,19.824964599643522,1074.3021638173004,685.5342077060476,969.4,602.1
445,411,19.824964599643522,1074.3021638173004,685.5342077060476,969.4,602.1
446,412,19.824964599643522,1074.3021638173004,685.5342077060476,969.4,602.1
447,413,19.824964599643522,1074.3021638173004,685.5342077060476,969.4,602.1
448,414,19.824964599643522,1074.3021638173004,685.5342077060476,969.4,602.1
449,415,19.824964599643522,1074.3021638173004,685.5342077060476,969.4,602.1
450,416,19.824964599643522,1074.3021638173004,685.5342077060476,969.4,602.1
451,417,19.824964599643522,1074.3021638173004,685.5342077060476,969.4,602.1
452,418,19.824964599643522,1074.3021638173004,685.5342077060476,969.4,602.1
453,419,19.824964599643522,1074.3021638173004,685.5342077060476,969.4,602.1
454,420,19.824964599643522,1074.3021638173004,685.5342077060476,969.4,602.1
455,421,19.824964599643522,1074.3021638173004,685.5342077060476,969.4,602.1
456,422,12.23839719571418,913.3021638173003,655.5342077060476,969.4,602.1
457,423,12.23839719571418,913.3021638173003,655.5342077060476,969.4,602.1
458,424,12.23839719571418,913.3021638173003,655.5342077060476,969.4,602.1
459,425,12.23839719571418,913.3021638173003,655.5342077060476,969.4,602.1
460,426,12.23839719571418,913.3021638173003,655.5342077060476,969.4,602.1
461,427,12.23839719571418,913.3021638173003,655.5342077060476,969.4,602.1
462,428,12.23839719571418,913.3021638173003,655.5342077060476,949.1,610.325
463,429,0.27828603675945285,913.3021638173003,655.5342077060476,928.8,618.55
463,430,0.27828603675945285,913.3021638173003,655.5342077060476,908.5,626.775
463,431,0.27828603675945285,913.3021638173003,655.5342077060476,888.2,635.0
463,432,0.27828603675945285,913.3021638173003,655.5342077060476,888.2,635.0
463,433,0.27828603675945285,913.3021638173003,655.5342077060476,888.2,635.0
463,434,0.27828603675945285,913.3021638173003,655.5342077060476,888.2,635.0
463,435,0.27828603675945285,913.3021638173003,655.5342077060476,888.2,635.0
463,436,0.27828603675945285,913.3021638173003,655.5342077060476,888.2,635.0
463,437,0.27828603675945285,913.3021638173003,655.5342077060476,888.2,635.0
463,438,0.27828603675945285,913.3021638173003,655.5342077060476,888.2,635.0
463,439,0.27828603675945285,913.3021638173003,655.5342077060476,888.2,635.0
463,440,0.27828603675945285,913.3021638173003,655.5342077060476,888.2,635.0
463,441,0.27828603675945285,913.3021638173003,655.5342077060476,888.2,635.0
464,442,0.27828603675945285,913.3021638173003,655.5342077060476,888.2,635.0
465,443,0.27828603675945285,913.3021638173003,655.5342077060476,888.2,635.0
466,444,0.27828603675945285,913.3021638173003,655.5342077060476,888.2,635.0
467,445,0.27828603675945285,913.3021638173003,655.5342077060476,888.2,635.0
468,446,0.27828603675945285,913.3021638173003,655.5342077060476,888.2,635.0
469,447,0.27828603675945285,913.3021638173003,655.5342077060476,888.2,635.0
470,448,6.4207356255695425,913.3021638173003,655.5342077060476,888.2,635.0
471,449,2.9588072128903438,913.3021638173003,655.5342077060476,888.2,635.0
472,449,2.9588072128903438,913.3021638173003,655.5342077060476,888.2,635.0
473,449,2.9588072128903438,913.3021638173003,655.5342077060476,888.2,635.0
474,449,2.9588072128903438,913.3021638173003,655.5342077060476,888.2,635.0
475,449,2.9588072128903438,913.3021638173003,655.5342077060476,888.2,635.0
476,449,2.9588072128903438,913.3021638173003,655.5342077060476,888.2,635.0
477,449,2.9588072128903438,913.3021638173003,655.5342077060476,888.2,635.0
478,449,2.9588072128903438,913.3021638173003,655.5342077060476,888.2,635.0
479,449,2.9588072128903438,913.3021638173003,655.5342077060476,888.2,635.0
480,450,12.223799281934996,913.3021638173003,655.5342077060476,888.2,635.0
481,450,12.223799281934996,913.3021638173003,655.5342077060476,888.2,635.0
482,450,12.223799281934996,913.3021638173003,655.5342077060476,888.2,635.0
483,450,12.223799281934996,913.3021638173003,655.5342077060476,888.2,635.0
484,451,14.722079185718982,913.3021638173003,655.5342077060476,888.2,635.0
485,452,14.722079185718982,913.3021638173003,655.5342077060476,888.2,635.0
486,453,14.722079185718982,913.3021638173003,655.5342077060476,888.2,635.0
487,454,14.722079185718982,913.3021638173003,655.5342077060476,888.2,635.0
488,455,14.722079185718982,913.3021638173003,655.5342077060476,888.2,635.0
489,456,14.722079185718982,913.3021638173003,655.5342077060476,888.2,635.0
490,457,14.722079185718982,913.3021638173003,655.5342077060476,888.2,635.0
491,458,14.722079185718982,913.3021638173003,655.5342077060476,888.2,635.0
492,459,14.722079185718982,913.3021638173003,655.5342077060476,888.2,635.0
493,460,14.722079185718982,913.3021638173003,655.5342077060476,888.2,635.0
494,461,14.722079185718982,913.3021638173003,655.5342077060476,888.2,635.0
495,462,14.722079185718982,913.3021638173003,655.5342077060476,889.5909090909091,634.2181818181818
496,463,14.722079185718982,913.3021638173003,655.5342077060476,890.9818181818182,633.4363636363636
497,464,14.722079185718982,913.3021638173003,655.5342077060476,892.3727272727273,632.6545454545454
498,465,14.722079185718982,913.3021638173003,655.5342077060476,893.7636363636364,631.8727272727273
499,466,14.722079185718982,913.3021638173003,655.5342077060476,895.1545454545454,631.0909090909091
500,467,14.722079185718982,913.3021638173003,655.5342077060476,896.5454545454546,630.3090909090909
501,468,14.722079185718982,913.3021638173003,655.5342077060476,897.9363636363637,629.5272727272727
502,469,14.722079185718982,913.3021638173003,655.5342077060476,899.3272727272728,628.7454545454545
503,470,14.722079185718982,913.3021638173003,655.5342077060476,900.7181818181818,627.9636363636364
504,471,10.107227305690486,913.3021638173003,655.5342077060476,902.1090909090909,627.1818181818181
504,472,10.107227305690486,913.3021638173003,655.5342077060476,903.5,626.4
504,473,10.107227305690486,913.3021638173003,655.5342077060476,904.8909090909091,625.6181818181818
504,474,10.107227305690486,913.3021638173003,655.5342077060476,906.2818181818182,624.8363636363636
504,475,10.107227305690486,913.3021638173003,655.5342077060476,907.6727272727272,624.0545454545454
504,476,10.107227305690486,913.3021638173003,655.5342077060476,909.0636363636363,623.2727272727273
504,477,10.107227305690486,913.3021638173003,655.5342077060476,910.4545454545454,622.4909090909091
504,478,10.107227305690486,913.3021638173003,655.5342077060476,911.8454545454546,621.7090909090908
504,479,10.107227305690486,913.3021638173003,655.5342077060476,913.2363636363636,620.9272727272727
504,480,10.107227305690486,913.3021638173003,655.5342077060476,914.6272727272727,620.1454545454545
504,481,10.107227305690486,913.3021638173003,655.5342077060476,916.0181818181818,619.3636363636364
504,482,10.107227305690486,913.3021638173003,655.5342077060476,917.4090909090909,618.5818181818181
504,483,10.107227305690486,913.3021638173003,655.5342077060476,918.8,617.8
504,484,10.107227305690486,913.3021638173003,655.5342077060476,918.8,617.8
504,485,10.107227305690486,913.3021638173003,655.5342077060476,918.8,617.8
504,486,10.107227305690486,913.3021638173003,655.5342077060476,918.8,617.8
504,487,10.107227305690486,913.3021638173003,655.5342077060476,918.8,617.8
504,488,10.107227305690486,913.3021638173003,655.5342077060476,918.8,617.8
504,489,10.107227305690486,913.3021638173003,655.5342077060476,918.8,617.8
504,490,10.107227305690486,913.3021638173003,655.5342077060476,918.8,617.8
504,491,10.107227305690486,913.3021638173003,655.5342077060476,918.8,617.8
504,492,10.107227305690486,913.3021638173003,655.5342077060476,918.8,617.8
504,493,10.107227305690486,913.3021638173003,655.5342077060476,918.8,617.8
504,494,10.107227305690486,913.3021638173003,655.5342077060476,918.8,617.8
504,495,10.107227305690486,913.3021638173003,655.5342077060476,918.8,617.8
504,496,10.107227305690486,913.3021638173003,655.5342077060476,918.8,617.8
504,497,10.107227305690486,913.3021638173003,655.5342077060476,918.8,617.8
504,498,10.107227305690486,913.3021638173003,655.5342077060476,918.8,617.8
504,499,10.107227305690486,913.3021638173003,655.5342077060476,918.8,617.8
504,500,10.107227305690486,913.3021638173003,655.5342077060476,918.8,617.8
504,501,10.107227305690486,913.3021638173003,655.5342077060476,918.8,617.8
504,502,10.107227305690486,913.3021638173003,655.5342077060476,918.8,617.8
504,503,10.107227305690486,913.3021638173003,655.5342077060476,918.8,617.8
505,504,10.107227305690486,913.3021638173003,655.5342077060476,918.8,617.8
506,505,10.107227305690486,913.3021638173003,655.5342077060476,918.8,617.8
507,506,10.107227305690486,913.3021638173003,655.5342077060476,918.8,617.8
508,507,10.107227305690486,913.3021638173003,655.5342077060476,918.8,617.8
509,508,10.107227305690486,913.3021638173003,655.5342077060476,918.8,617.8
510,509,10.107227305690486,913.3021638173003,655.5342077060476,918.8,617.8
511,510,29.53854433687609,913.3021638173003,655.5342077060476,918.8,617.8
512,511,29.53854433687609,913.3021638173003,655.5342077060476,918.8,617.8
513,512,29.53854433687609,913.3021638173003,655.5342077060476,918.8,617.8
514,513,29.53854433687609,913.3021638173003,655.5342077060476,918.8,617.8
515,514,29.53854433687609,913.3021638173003,655.5342077060476,918.8,617.8
516,515,29.53854433687609,913.3021638173003,655.5342077060476,918.8,617.8
517,516,29.53854433687609,913.3021638173003,655.5342077060476,918.8,617.8
518,517,29.53854433687609,951.3021638173003,679.5342077060476,918.8,617.8
519,518,29.53854433687609,951.3021638173003,679.5342077060476,918.8,617.8
520,519,29.53854433687609,951.3021638173003,679.5342077060476,918.8,617.8
521,520,29.53854433687609,951.3021638173003,679.5342077060476,918.8,617.8
522,521,29.53854433687609,951.3021638173003,679.5342077060476,918.8,617.8
523,522,29.53854433687609,951.3021638173003,679.5342077060476,918.8,617.8
524,523,29.53854433687609,951.3021638173003,679.5342077060476,918.8,617.8
525,524,29.53854433687609,951.3021638173003,679.5342077060476,918.8,617.8
526,525,29.53854433687609,951.3021638173003,679.5342077060476,918.8,617.8
527,526,29.53854433687609,951.3021638173003,679.5342077060476,918.8,617.8
528,527,29.53854433687609,951.3021638173003,679.5342077060476,918.8,617.8
529,528,29.53854433687609,951.3021638173003,679.5342077060476,918.8,617.8
530,529,29.53854433687609,951.3021638173003,679.5342077060476,918.8,617.8
531,530,29.53854433687609,951.3021638173003,679.5342077060476,918.8,617.8
532,531,29.53854433687609,951.3021638173003,679.5342077060476,918.8,617.8
533,532,29.53854433687609,951.3021638173003,679.5342077060476,918.8,617.8
534,533,29.53854433687609,951.3021638173003,679.5342077060476,918.8,617.8
535,534,29.53854433687609,951.3021638173003,679.5342077060476,918.8,617.8
536,535,29.53854433687609,951.3021638173003,679.5342077060476,928.9333333333333,646.3333333333333
537,536,29.53854433687609,951.3021638173003,679.5342077060476,939.0666666666667,674.8666666666667
538,537,29.53854433687609,951.3021638173003,679.5342077060476,949.2,703.4
539,538,29.53854433687609,951.3021638173003,679.5342077060476,949.2,703.4
540,539,29.53854433687609,951.3021638173003,679.5342077060476,949.2,703.4
540,540,29.53854433687609,951.3021638173003,679.5342077060476,949.2,703.4
540,541,29.53854433687609,951.3021638173003,679.5342077060476,949.2,703.4
540,542,29.53854433687609,951.3021638173003,679.5342077060476,949.2,703.4
540,543,29.53854433687609,951.3021638173003,679.5342077060476,949.2,703.4
540,544,29.53854433687609,951.3021638173003,679.5342077060476,949.2,703.4
540,545,29.53854433687609,951.3021638173003,679.5342077060476,949.2,703.4
540,546,29.53854433687609,951.3021638173003,679.5342077060476,949.2,703.4
541,547,29.53854433687609,951.3021638173003,679.5342077060476,949.2,703.4
542,548,29.53854433687609,951.3021638173003,679.5342077060476,949.2,703.4
543,549,13.197601577014586,951.3021638173003,679.5342077060476,949.2,703.4
543,550,0.3451542763704713,951.3021638173003,679.5342077060476,949.2,703.4
543,551,8.68052911682332,951.3021638173003,679.5342077060476,949.2,703.4
543,552,15.073444458103843,951.3021638173003,679.5342077060476,949.2,703.4
543,553,15.073444458103843,951.3021638173003,679.5342077060476,949.2,703.4
543,554,15.073444458103843,951.3021638173003,679.5342077060476,949.2,703.4
543,555,15.073444458103843,951.3021638173003,679.5342077060476,949.2,703.4
543,556,15.073444458103843,951.3021638173003,679.5342077060476,949.2,703.4
543,557,15.073444458103843,951.3021638173003,679.5342077060476,949.2,703.4
543,558,15.073444458103843,951.3021638173003,679.5342077060476,949.2,703.4
543,559,15.073444458103843,951.3021638173003,679.5342077060476,949.2,703.4
543,560,15.073444458103843,951.3021638173003,679.5342077060476,949.2,703.4
543,561,15.073444458103843,951.3021638173003,679.5342077060476,949.2,703.4
543,562,15.073444458103843,951.3021638173003,679.5342077060476,949.2,703.4
544,563,15.073444458103843,951.3021638173003,679.5342077060476,949.2,703.4
545,564,15.073444458103843,951.3021638173003,679.5342077060476,949.2,703.4
546,565,15.073444458103843,951.3021638173003,679.5342077060476,949.2,703.4
547,566,15.073444458103843,951.3021638173003,679.5342077060476,949.2,703.4
548,567,15.073444458103843,951.3021638173003,679.5342077060476,949.2,703.4
549,568,15.073444458103843,951.3021638173003,679.5342077060476,949.2,703.4
550,569,15.073444458103843,951.3021638173003,679.5342077060476,949.2,703.4
551,570,15.073444458103843,951.3021638173003,679.5342077060476,949.2,703.4
552,571,15.073444458103843,927.3021638173003,673.5342077060476,949.2,703.4
553,572,15.073444458103843,927.3021638173003,673.5342077060476,949.2,703.4
554,573,15.073444458103843,927.3021638173003,673.5342077060476,949.2,703.4
555,574,15.073444458103843,927.3021638173003,673.5342077060476,949.2,703.4
556,575,15.073444458103843,927.3021638173003,673.5342077060476,949.2,703.4
557,576,15.073444458103843,927.3021638173003,673.5342077060476,949.2,703.4
558,577,15.073444458103843,927.3021638173003,673.5342077060476,949.2,703.4
559,578,15.073444458103843,927.3021638173003,673.5342077060476,949.2,703.4
560,579,15.073444458103843,927.3021638173003,673.5342077060476,949.2,703.4
561,580,15.073444458103843,927.3021638173003,673.5342077060476,949.2,703.4
562,581,15.073444458103843,927.3021638173003,673.5342077060476,949.2,703.4
563,582,15.073444458103843,927.3021638173003,673.5342077060476,949.2,703.4
564,583,15.073444458103843,927.3021638173003,673.5342077060476,949.2,703.4
565,584,15.073444458103843,927.3021638173003,673.5342077060476,949.2,703.4
566,585,15.073444458103843,927.3021638173003,673.5342077060476,949.2,703.4
567,586,15.073444458103843,927.3021638173003,673.5342077060476,949.2,703.4
568,587,15.073444458103843,927.3021638173003,673.5342077060476,949.2,703.4
569,588,15.073444458103843,927.3021638173003,673.5342077060476,949.2,703.4
570,589,15.073444458103843,927.3021638173003,673.5342077060476,949.2,703.4
571,590,15.073444458103843,927.3021638173003,673.5342077060476,946.1571428571428,656.2142857142857
572,591,15.073444458103843,927.3021638173003,673.5342077060476,943.1142857142858,609.0285714285715
573,592,15.073444458103843,927.3021638173003,673.5342077060476,940.0714285714286,561.8428571428572
574,593,15.073444458103843,927.3021638173003,673.5342077060476,937.0285714285715,514.6571428571428
575,594,14.7625426628488,927.3021638173003,673.5342077060476,933.9857142857143,467.4714285714286
576,595,14.443831721520757,927.3021638173003,673.5342077060476,930.9428571428572,420.28571428571433
577,596,14.117034157359145,927.3021638173003,673.5342077060476,927.9,373.1
578,597,13.781860339223668,927.3021638173003,673.5342077060476,927.9,373.1
579,598,13.438007892159957,927.3021638173003,673.5342077060476,927.9,373.1
580,599,13.085161081024712,927.3021638173003,673.5342077060476,927.9,373.1
581,600,12.722990166643402,927.3021638173003,673.5342077060476,927.9,373.1
582,601,12.35115073412062,927.3021638173003,673.5342077060476,927.9,373.1
583,602,11.96928299311058,927.3021638173003,673.5342077060476,927.9,373.1
584,603,11.57701105008515,927.3021638173003,673.5342077060476,927.9,373.1
585,604,11.17394215292239,927.3021638173003,673.5342077060476,927.9,373.1
586,605,10.75966590848666,927.3021638173003,673.5342077060476,927.9,373.1
587,606,10.333753474291816,927.3021638173003,673.5342077060476,927.9,373.1
588,607,9.895756725847551,927.3021638173003,673.5342077060476,927.9,373.1
589,608,9.445207401895903,927.3021638173003,673.5342077060476,927.9,373.1
590,609,8.981616230467981,927.3021638173003,673.5342077060476,927.9,373.1
591,610,8.504472039553628,927.3021638173003,673.5342077060476,927.9,373.1
592,611,8.013240857186146,927.3021638173003,673.5342077060476,927.9,373.1
593,612,7.507365006942484,927.3021638173003,673.5342077060476,927.9,373.1
594,613,6.986262206256246,927.3021638173003,673.5342077060476,927.9,373.1
595,614,6.4493246765767624,927.3021638173003,673.5342077060476,927.9,373.1
596,615,5.8959182763060625,927.3021638173003,673.5342077060476,927.9,373.1
597,616,5.8959182763060625,927.3021638173003,673.5342077060476,927.9,373.1
598,617,5.8959182763060625,927.3021638173003,673.5342077060476,927.9,373.1
599,618,5.8959182763060625,927.3021638173003,673.5342077060476,927.9,373.1
600,619,5.8959182763060625,927.3021638173003,673.5342077060476,927.9,373.1
601,620,5.8959182763060625,927.3021638173003,673.5342077060476,927.9,373.1
602,621,5.8959182763060625,927.3021638173003,673.5342077060476,927.9,373.1
603,622,5.8959182763060625,927.3021638173003,673.5342077060476,927.9,373.1
604,623,5.8959182763060625,927.3021638173003,673.5342077060476,927.9,373.1
605,624,5.8959182763060625,927.3021638173003,673.5342077060476,927.9,373.1
606,625,5.8959182763060625,927.3021638173003,673.5342077060476,927.9,373.1
607,626,5.8959182763060625,927.3021638173003,673.5342077060476,927.9,373.1
608,627,5.8959182763060625,932.3021638173003,605.5342077060476,927.9,373.1
609,628,5.8959182763060625,932.3021638173003,605.5342077060476,927.9,373.1
610,629,5.8959182763060625,932.3021638173003,605.5342077060476,927.9,373.1
611,630,5.8959182763060625,932.3021638173003,605.5342077060476,927.9,373.1
612,631,5.8959182763060625,932.3021638173003,605.5342077060476,927.9,373.1
613,632,5.8959182763060625,932.3021638173003,605.5342077060476,927.9,373.1
614,633,5.8959182763060625,932.3021638173003,605.5342077060476,927.9,373.1
615,634,5.8959182763060625,932.3021638173003,605.5342077060476,927.9,373.1
616,635,5.8959182763060625,932.3021638173003,605.5342077060476,927.9,373.1
617,636,5.8959182763060625,932.3021638173003,605.5342077060476,927.9,373.1
618,637,5.8959182763060625,932.3021638173003,605.5342077060476,921.85,420.3666666666667
619,638,5.8959182763060625,932.3021638173003,605.5342077060476,915.8,467.6333333333334
620,639,5.8959182763060625,932.3021638173003,605.5342077060476,909.75,514.9000000000001
621,640,5.8959182763060625,932.3021638173003,605.5342077060476,903.7,562.1666666666667
622,641,5.8959182763060625,932.3021638173003,605.5342077060476,897.65,609.4333333333334
623,642,5.8959182763060625,932.3021638173003,605.5342077060476,891.6,656.7
624,643,5.8959182763060625,932.3021638173003,605.5342077060476,891.6,656.7
625,644,5.8959182763060625,932.3021638173003,605.5342077060476,891.6,656.7
626,645,5.8959182763060625,932.3021638173003,605.5342077060476,891.6,656.7
627,646,5.8959182763060625,932.3021638173003,605.5342077060476,891.6,656.7
628,647,5.8959182763060625,932.3021638173003,605.5342077060476,891.6,656.7
629,648,5.8959182763060625,932.3021638173003,605.5342077060476,891.6,656.7
630,649,5.8959182763060625,932.3021638173003,605.5342077060476,891.6,656.7
631,650,5.8959182763060625,932.3021638173003,605.5342077060476,891.6,656.7
632,651,5.8959182763060625,932.3021638173003,605.5342077060476,891.6,656.7
633,652,5.8959182763060625,932.3021638173003,605.5342077060476,891.6,656.7
634,653,5.8959182763060625,932.3021638173003,605.5342077060476,891.6,656.7
635,654,5.8959182763060625,932.3021638173003,605.5342077060476,891.6,656.7
636,655,5.8959182763060625,932.3021638173003,605.5342077060476,891.6,656.7
637,656,5.8959182763060625,932.3021638173003,605.5342077060476,891.6,656.7
638,657,5.8959182763060625,932.3021638173003,605.5342077060476,891.6,656.7
639,658,5.8959182763060625,932.3021638173003,605.5342077060476,891.6,656.7
640,659,5.8959182763060625,932.3021638173003,605.5342077060476,891.6,656.7
641,660,5.8959182763060625,932.3021638173003,605.5342077060476,891.6,656.7
642,661,5.8959182763060625,932.3021638173003,605.5342077060476,891.6,656.7
643,662,5.8959182763060625,932.3021638173003,605.5342077060476,891.6,656.7
644,663,5.8959182763060625,932.3021638173003,605.5342077060476,891.6,656.7
645,664,5.8959182763060625,932.3021638173003,605.5342077060476,891.6,656.7
646,665,5.8959182763060625,932.3021638173003,605.5342077060476,891.6,656.7
647,666,5.8959182763060625,932.3021638173003,605.5342077060476,891.6,656.7
648,667,5.721658912782936,932.3021638173003,605.5342077060476,891.6,656.7
649,668,5.255857482208666,932.3021638173003,605.5342077060476,891.6,656.7
650,669,0.2145857858243151,932.3021638173003,605.5342077060476,891.6,656.7
651,669,0.2145857858243151,932.3021638173003,605.5342077060476,891.6,656.7
652,669,0.2145857858243151,932.3021638173003,605.5342077060476,891.6,656.7
653,669,0.2145857858243151,932.3021638173003,605.5342077060476,891.6,656.7
654,669,0.2145857858243151,932.3021638173003,605.5342077060476,891.6,656.7
655,669,0.2145857858243151,932.3021638173003,605.5342077060476,891.6,656.7
656,669,0.2145857858243151,932.3021638173003,605.5342077060476,891.6,656.7
657,669,0.2145857858243151,932.3021638173003,605.5342077060476,891.6,656.7
658,669,0.2145857858243151,932.3021638173003,605.5342077060476,891.6,656.7
659,669,0.2145857858243151,787.3021638173003,641.5342077060476,891.6,656.7
660,669,0.2145857858243151,787.3021638173003,641.5342077060476,891.6,656.7
661,669,0.2145857858243151,787.3021638173003,641.5342077060476,891.6,656.7
662,669,0.2145857858243151,787.3021638173003,641.5342077060476,891.6,656.7
663,669,0.2145857858243151,787.3021638173003,641.5342077060476,891.6,656.7
664,669,0.2145857858243151,643.3021638173003,676.5342077060476,891.6,656.7
665,669,0.2145857858243151,643.3021638173003,676.5342077060476,891.6,656.7
666,669,0.2145857858243151,643.3021638173003,676.5342077060476,891.6,656.7
667,669,0.2145857858243151,643.3021638173003,676.5342077060476,891.6,656.7
668,669,0.2145857858243151,643.3021638173003,676.5342077060476,891.6,656.7
669,669,0.2145857858243151,643.3021638173003,676.5342077060476,891.6,656.7
670,669,0.2145857858243151,643.3021638173003,676.5342077060476,891.6,656.7
671,669,0.2145857858243151,643.3021638173003,676.5342077060476,891.6,656.7
672,669,0.2145857858243151,643.3021638173003,676.5342077060476,891.6,656.7
673,669,0.2145857858243151,643.3021638173003,676.5342077060476,891.6,656.7
674,669,0.2145857858243151,643.3021638173003,676.5342077060476,891.6,656.7
675,669,0.2145857858243151,643.3021638173003,676.5342077060476,891.6,656.7
676,669,0.2145857858243151,643.3021638173003,676.5342077060476,891.6,656.7
677,669,0.2145857858243151,643.3021638173003,676.5342077060476,891.6,656.7
678,669,0.2145857858243151,643.3021638173003,676.5342077060476,891.6,656.7
679,669,0.2145857858243151,643.3021638173003,676.5342077060476,891.6,656.7
680,669,0.2145857858243151,643.3021638173003,676.5342077060476,891.6,656.7
681,669,0.2145857858243151,643.3021638173003,676.5342077060476,891.6,656.7
682,669,0.2145857858243151,643.3021638173003,676.5342077060476,891.6,656.7
683,669,0.2145857858243151,643.3021638173003,676.5342077060476,891.6,656.7
684,669,0.2145857858243151,643.3021638173003,676.5342077060476,891.6,656.7
685,669,0.2145857858243151,643.3021638173003,676.5342077060476,891.6,656.7
686,669,0.2145857858243151,643.3021638173003,676.5342077060476,891.6,656.7
687,669,0.2145857858243151,643.3021638173003,676.5342077060476,891.6,656.7
688,669,0.2145857858243151,643.3021638173003,676.5342077060476,891.6,656.7
689,670,0.2145857858243151,643.3021638173003,676.5342077060476,891.6,656.7
690,671,0.2145857858243151,643.3021638173003,676.5342077060476,891.6,656.7
691,672,0.2145857858243151,643.3021638173003,676.5342077060476,891.6,656.7
692,673,0.2145857858243151,643.3021638173003,676.5342077060476,891.6,656.7
693,674,0.2145857858243151,643.3021638173003,676.5342077060476,891.6,656.7
694,675,0.2145857858243151,643.3021638173003,676.5342077060476,891.6,656.7
695,676,0.2145857858243151,643.3021638173003,676.5342077060476,891.6,656.7
696,677,0.2145857858243151,914.3021638173003,685.5342077060476,891.6,656.7
697,678,0.2145857858243151,914.3021638173003,685.5342077060476,891.6,656.7
698,679,0.2145857858243151,914.3021638173003,685.5342077060476,891.6,656.7
699,680,0.2145857858243151,914.3021638173003,685.5342077060476,891.6,656.7
700,681,0.2145857858243151,914.3021638173003,685.5342077060476,891.6,656.7
701,682,0.2145857858243151,914.3021638173003,685.5342077060476,891.6,656.7
702,683,0.2145857858243151,914.3021638173003,685.5342077060476,891.6,656.7
703,684,9.977505076459254,914.3021638173003,685.5342077060476,938.54,656.94
704,685,9.977505076459254,914.3021638173003,685.5342077060476,985.48,657.1800000000001
705,686,9.977505076459254,914.3021638173003,685.5342077060476,1032.42,657.42
706,687,9.977505076459254,914.3021638173003,685.5342077060476,1079.36,657.66
707,688,9.977505076459254,914.3021638173003,685.5342077060476,1126.3,657.9
708,689,9.977505076459254,914.3021638173003,685.5342077060476,1126.3,657.9
709,690,9.977505076459254,914.3021638173003,685.5342077060476,1126.3,657.9
710,691,9.977505076459254,914.3021638173003,685.5342077060476,1126.3,657.9
711,692,9.977505076459254,914.3021638173003,685.5342077060476,1126.3,657.9
712,693,9.977505076459254,914.3021638173003,685.5342077060476,1126.3,657.9
713,694,9.977505076459254,914.3021638173003,685.5342077060476,1126.3,657.9
714,695,9.977505076459254,914.3021638173003,685.5342077060476,1126.3,657.9
715,696,9.977505076459254,914.3021638173003,685.5342077060476,1126.3,657.9
716,697,9.977505076459254,914.3021638173003,685.5342077060476,1126.3,657.9
717,698,9.977505076459254,914.3021638173003,685.5342077060476,1126.3,657.9
718,699,9.977505076459254,914.3021638173003,685.5342077060476,1126.3,657.9
719,700,9.977505076459254,914.3021638173003,685.5342077060476,1126.3,657.9
720,701,9.977505076459254,914.3021638173003,685.5342077060476,1126.3,657.9
721,702,9.977505076459254,914.3021638173003,685.5342077060476,1126.3,657.9
722,703,9.977505076459254,914.3021638173003,685.5342077060476,1126.3,657.9
723,704,9.977505076459254,914.3021638173003,685.5342077060476,1126.3,657.9
724,705,9.977505076459254,914.3021638173003,685.5342077060476,1126.3,657.9
725,706,9.977505076459254,914.3021638173003,685.5342077060476,1126.3,657.9
726,707,9.977505076459254,914.3021638173003,685.5342077060476,1126.3,657.9
727,708,9.977505076459254,914.3021638173003,685.5342077060476,1126.3,657.9
728,709,9.977505076459254,1088.3021638173004,686.5342077060476,1126.3,657.9
729,710,9.977505076459254,1088.3021638173004,686.5342077060476,1126.3,657.9
730,711,9.977505076459254,1088.3021638173004,686.5342077060476,1126.3,657.9
731,712,9.977505076459254,1088.3021638173004,686.5342077060476,1126.3,657.9
732,713,9.977505076459254,1088.3021638173004,686.5342077060476,1126.3,657.9
733,714,9.977505076459254,1088.3021638173004,686.5342077060476,1126.3,657.9
734,715,9.977505076459254,1088.3021638173004,686.5342077060476,1126.3,657.9
735,716,9.977505076459254,1088.3021638173004,686.5342077060476,1126.3,657.9
736,717,9.977505076459254,1262.3021638173004,687.5342077060476,1126.3,657.9
737,718,9.977505076459254,1262.3021638173004,687.5342077060476,1126.3,657.9
738,719,9.977505076459254,1262.3021638173004,687.5342077060476,1126.3,657.9
739,720,9.977505076459254,1262.3021638173004,687.5342077060476,1126.3,657.9
740,721,9.977505076459254,1262.3021638173004,687.5342077060476,1126.3,657.9
741,722,6.966217276662965,1262.3021638173004,687.5342077060476,1126.3,657.9
742,723,0.013279995643478707,1262.3021638173004,687.5342077060476,1126.3,657.9
743,723,0.013279995643478707,1262.3021638173004,687.5342077060476,1122.4577777777777,657.6666666666666
744,723,0.013279995643478707,1262.3021638173004,687.5342077060476,1118.6155555555556,657.4333333333333
745,723,0.013279995643478707,1262.3021638173004,687.5342077060476,1114.7733333333333,657.1999999999999
746,723,0.013279995643478707,1262.3021638173004,687.5342077060476,1110.931111111111,656.9666666666667
747,723,0.013279995643478707,1262.3021638173004,687.5342077060476,1107.088888888889,656.7333333333333
748,723,0.013279995643478707,1262.3021638173004,687.5342077060476,1103.2466666666667,656.5
749,723,0.013279995643478707,1262.3021638173004,687.5342077060476,1099.4044444444444,656.2666666666667
750,723,0.013279995643478707,1262.3021638173004,687.5342077060476,1095.562222222222,656.0333333333333
751,723,0.013279995643478707,1262.3021638173004,687.5342077060476,1091.72,655.8
752,723,0.013279995643478707,1262.3021638173004,687.5342077060476,1087.8777777777777,655.5666666666666
753,723,0.013279995643478707,1262.3021638173004,687.5342077060476,1084.0355555555554,655.3333333333333
754,723,0.013279995643478707,1262.3021638173004,687.5342077060476,1080.1933333333334,655.1
755,723,0.013279995643478707,1262.3021638173004,687.5342077060476,1076.351111111111,654.8666666666667
756,723,0.013279995643478707,1262.3021638173004,687.5342077060476,1072.5088888888888,654.6333333333333
757,723,0.013279995643478707,1262.3021638173004,687.5342077060476,1068.6666666666665,654.4
758,723,0.013279995643478707,1262.3021638173004,687.5342077060476,1064.8244444444445,654.1666666666666
759,723,4.41486293022064,1262.3021638173004,687.5342077060476,1060.9822222222222,653.9333333333333
760,723,4.41486293022064,1262.3021638173004,687.5342077060476,1057.1399999999999,653.6999999999999
761,723,4.41486293022064,1262.3021638173004,687.5342077060476,1053.2977777777778,653.4666666666667
762,723,4.41486293022064,1262.3021638173004,687.5342077060476,1049.4555555555555,653.2333333333333
763,723,4.41486293022064,1262.3021638173004,687.5342077060476,1045.6133333333332,653.0
764,723,4.41486293022064,1262.3021638173004,687.5342077060476,1041.7711111111112,652.7666666666667
765,723,4.41486293022064,1262.3021638173004,687.5342077060476,1037.9288888888889,652.5333333333333
766,723,4.41486293022064,1262.3021638173004,687.5342077060476,1034.0866666666666,652.3
767,723,4.41486293022064,1262.3021638173004,687.5342077060476,1030.2444444444445,652.0666666666666
768,723,4.41486293022064,1262.3021638173004,687.5342077060476,1026.4022222222222,651.8333333333333
769,723,4.41486293022064,1262.3021638173004,687.5342077060476,1022.56,651.6
770,723,4.41486293022064,1262.3021638173004,687.5342077060476,1018.7177777777778,651.3666666666667
771,723,4.41486293022064,1262.3021638173004,687.5342077060476,1014.8755555555556,651.1333333333333
772,723,4.41486293022064,1262.3021638173004,687.5342077060476,1011.0333333333333,650.9
773,723,4.41486293022064,1262.3021638173004,687.5342077060476,1007.1911111111111,650.6666666666666
774,723,4.41486293022064,1262.3021638173004,687.5342077060476,1003.3488888888888,650.4333333333333
775,723,4.41486293022064,1262.3021638173004,687.5342077060476,999.5066666666667,650.1999999999999
776,723,4.41486293022064,1262.3021638173004,687.5342077060476,995.6644444444444,649.9666666666667
777,723,4.41486293022064,1262.3021638173004,687.5342077060476,991.8222222222222,649.7333333333333
778,723,4.41486293022064,1262.3021638173004,687.5342077060476,987.98,649.5
779,723,4.41486293022064,1262.3021638173004,687.5342077060476,984.1377777777777,649.2666666666667
780,723,4.41486293022064,1262.3021638173004,687.5342077060476,980.2955555555556,649.0333333333333
781,723,4.41486293022064,1262.3021638173004,687.5342077060476,976.4533333333334,648.8
782,723,4.41486293022064,1262.3021638173004,687.5342077060476,972.6111111111111,648.5666666666666
783,723,4.41486293022064,1262.3021638173004,687.5342077060476,968.7688888888889,648.3333333333333
784,723,4.41486293022064,1262.3021638173004,687.5342077060476,964.9266666666666,648.1
785,723,4.41486293022064,1262.3021638173004,687.5342077060476,961.0844444444444,647.8666666666667
786,723,4.41486293022064,1262.3021638173004,687.5342077060476,957.2422222222222,647.6333333333333
787,723,4.41486293022064,1262.3021638173004,687.5342077060476,953.4,647.4
788,723,4.41486293022064,1262.3021638173004,687.5342077060476,953.4,647.4
789,723,4.41486293022064,1262.3021638173004,687.5342077060476,953.4,647.4
790,723,4.41486293022064,1262.3021638173004,687.5342077060476,953.4,647.4
791,723,4.41486293022064,1262.3021638173004,687.5342077060476,953.4,647.4
792,723,4.41486293022064,932.3021638173003,672.5342077060476,953.4,647.4
793,723,4.41486293022064,932.3021638173003,672.5342077060476,953.4,647.4
794,723,4.41486293022064,932.3021638173003,672.5342077060476,953.4,647.4
795,723,4.41486293022064,932.3021638173003,672.5342077060476,953.4,647.4
796,723,4.41486293022064,932.3021638173003,672.5342077060476,953.4,647.4
797,723,4.41486293022064,932.3021638173003,672.5342077060476,953.4,647.4
798,723,4.41486293022064,932.3021638173003,672.5342077060476,953.4,647.4
799,723,4.41486293022064,932.3021638173003,672.5342077060476,953.4,647.4
800,723,4.41486293022064,932.3021638173003,672.5342077060476,953.4,647.4
801,723,4.41486293022064,932.3021638173003,672.5342077060476,953.4,647.4
802,723,4.41486293022064,932.3021638173003,672.5342077060476,953.4,647.4
803,723,4.41486293022064,932.3021638173003,672.5342077060476,953.4,647.4
804,723,4.41486293022064,932.3021638173003,672.5342077060476,953.4,647.4
805,723,4.41486293022064,932.3021638173003,672.5342077060476,953.4,647.4
806,723,4.41486293022064,932.3021638173003,672.5342077060476,953.4,647.4
807,723,4.41486293022064,932.3021638173003,672.5342077060476,953.4,647.4
808,724,9.375919345627604,932.3021638173003,672.5342077060476,953.4,647.4
809,725,55.344845867293124,932.3021638173003,672.5342077060476,953.4,647.4
810,726,100.72082878067933,932.3021638173003,672.5342077060476,953.4,647.4
811,727,106.80949997201014,932.3021638173003,672.5342077060476,953.4,647.4
812,728,109.56573980057053,932.3021638173003,672.5342077060476,953.4,647.4
813,729,109.56573980057053,932.3021638173003,672.5342077060476,953.4,647.4
814,730,109.56573980057053,932.3021638173003,672.5342077060476,953.4,647.4
815,731,102.43495405433006,932.3021638173003,672.5342077060476,953.4,647.4
815,732,102.43495405433006,932.3021638173003,672.5342077060476,953.4,647.4
815,733,102.43495405433006,932.3021638173003,672.5342077060476,953.4,647.4
815,734,102.43495405433006,932.3021638173003,672.5342077060476,953.4,647.4
815,735,102.43495405433006,932.3021638173003,672.5342077060476,953.4,647.4
815,736,102.43495405433006,932.3021638173003,672.5342077060476,953.4,647.4
815,737,102.43495405433006,932.3021638173003,672.5342077060476,953.4,647.4
815,738,102.43495405433006,932.3021638173003,672.5342077060476,953.4,647.4
815,739,102.43495405433006,932.3021638173003,672.5342077060476,953.4,647.4
815,740,102.43495405433006,932.3021638173003,672.5342077060476,953.4,647.4
815,741,102.43495405433006,932.3021638173003,672.5342077060476,953.4,647.4
816,742,102.43495405433006,932.3021638173003,672.5342077060476,953.4,647.4
817,743,102.43495405433006,932.3021638173003,672.5342077060476,953.4,647.4
818,744,102.43495405433006,932.3021638173003,672.5342077060476,953.4,647.4
819,745,102.43495405433006,932.3021638173003,672.5342077060476,953.4,647.4
820,746,102.43495405433006,932.3021638173003,672.5342077060476,953.4,647.4
821,747,102.43495405433006,932.3021638173003,672.5342077060476,953.4,647.4
822,748,102.43495405433006,932.3021638173003,672.5342077060476,953.4,647.4
823,749,102.43495405433006,932.3021638173003,672.5342077060476,953.4,647.4
824,750,102.43495405433006,932.3021638173003,672.5342077060476,953.4,647.4
825,751,102.43495405433006,932.3021638173003,672.5342077060476,953.4,647.4
826,752,102.43495405433006,932.3021638173003,672.5342077060476,953.4,647.4
827,753,102.43495405433006,932.3021638173003,672.5342077060476,953.4,647.4
828,754,102.43495405433006,932.3021638173003,672.5342077060476,953.4,647.4
829,755,102.43495405433006,932.3021638173003,672.5342077060476,953.4,647.4
830,756,102.43495405433006,932.3021638173003,672.5342077060476,953.4,647.4
831,757,102.43495405433006,932.3021638173003,672.5342077060476,953.4,647.4
832,758,102.43495405433006,932.3021638173003,672.5342077060476,953.4,647.4
833,759,102.43495405433006,932.3021638173003,672.5342077060476,953.4,647.4
834,760,102.43495405433006,932.3021638173003,672.5342077060476,953.4,647.4
835,761,102.43495405433006,932.3021638173003,672.5342077060476,953.4,647.4
836,762,102.43495405433006,932.3021638173003,672.5342077060476,953.4,647.4
837,763,102.43495405433006,932.3021638173003,672.5342077060476,953.4,647.4
838,764,102.43495405433006,932.3021638173003,672.5342077060476,953.4,647.4
839,765,102.43495405433006,932.3021638173003,672.5342077060476,953.4,647.4
840,766,102.43495405433006,932.3021638173003,672.5342077060476,953.4,647.4
841,767,102.43495405433006,932.3021638173003,672.5342077060476,953.4,647.4
842,768,102.43495405433006,932.3021638173003,672.5342077060476,953.4,647.4
843,769,95.63473718626703,932.3021638173003,672.5342077060476,953.4,647.4
844,770,81.90606855326683,932.3021638173003,672.5342077060476,953.4,647.4
845,771,49.86399672568695,932.3021638173003,672.5342077060476,953.4,647.4
846,772,1.8309992697382156,932.3021638173003,672.5342077060476,953.4,647.4
847,773,24.49099872253447,932.3021638173003,672.5342077060476,953.4,647.4
847,774,12.943023140296155,932.3021638173003,672.5342077060476,953.4,647.4
847,775,12.943023140296155,932.3021638173003,672.5342077060476,953.4,647.4
847,776,12.943023140296155,932.3021638173003,672.5342077060476,953.4,647.4
847,777,12.943023140296155,932.3021638173003,672.5342077060476,953.4,647.4
847,778,12.943023140296155,932.3021638173003,672.5342077060476,953.4,647.4
847,779,12.943023140296155,932.3021638173003,672.5342077060476,953.4,647.4
847,780,12.943023140296155,932.3021638173003,672.5342077060476,953.4,647.4
847,781,12.943023140296155,932.3021638173003,672.5342077060476,953.4,647.4
847,782,12.943023140296155,932.3021638173003,672.5342077060476,953.4,647.4
847,783,12.943023140296155,932.3021638173003,672.5342077060476,953.4,647.4
847,784,12.943023140296155,932.3021638173003,672.5342077060476,953.4,647.4
847,785,12.943023140296155,932.3021638173003,672.5342077060476,953.4,647.4
847,786,12.943023140296155,932.3021638173003,672.5342077060476,953.4,647.4
847,787,12.943023140296155,932.3021638173003,672.5342077060476,953.4,647.4
847,788,12.943023140296155,932.3021638173003,672.5342077060476,953.4,647.4
847,789,12.943023140296155,932.3021638173003,672.5342077060476,953.4,647.4
847,790,12.943023140296155,932.3021638173003,672.5342077060476,953.4,647.4
847,791,12.943023140296155,932.3021638173003,672.5342077060476,953.4,647.4
847,792,12.943023140296155,932.3021638173003,672.5342077060476,953.4,647.4
847,793,12.943023140296155,932.3021638173003,672.5342077060476,953.4,647.4
847,794,12.943023140296155,932.3021638173003,672.5342077060476,953.4,647.4
847,795,12.943023140296155,932.3021638173003,672.5342077060476,953.4,647.4
847,796,12.943023140296155,932.3021638173003,672.5342077060476,953.4,647.4
847,797,12.943023140296155,932.3021638173003,672.5342077060476,899.9666666666667,652.25
847,798,12.943023140296155,932.3021638173003,672.5342077060476,846.5333333333333,657.1
847,799,12.943023140296155,932.3021638173003,672.5342077060476,793.0999999999999,661.95
847,800,12.943023140296155,932.3021638173003,672.5342077060476,739.6666666666666,666.8
847,801,12.943023140296155,932.3021638173003,672.5342077060476,686.2333333333333,671.65
847,802,12.943023140296155,932.3021638173003,672.5342077060476,632.8,676.5
847,803,12.943023140296155,932.3021638173003,672.5342077060476,632.8,676.5
847,804,12.943023140296155,900.3021638173003,663.5342077060476,632.8,676.5
847,805,12.943023140296155,900.3021638173003,663.5342077060476,632.8,676.5
847,806,12.943023140296155,900.3021638173003,663.5342077060476,632.8,676.5
847,807,12.943023140296155,900.3021638173003,663.5342077060476,632.8,676.5
847,808,12.943023140296155,900.3021638173003,663.5342077060476,632.8,676.5
847,809,12.943023140296155,900.3021638173003,663.5342077060476,632.8,676.5
847,810,12.943023140296155,900.3021638173003,663.5342077060476,632.8,676.5
847,811,12.943023140296155,900.3021638173003,663.5342077060476,632.8,676.5
847,812,12.943023140296155,868.3021638173003,653.5342077060476,632.8,676.5
847,813,12.943023140296155,868.3021638173003,653.5342077060476,632.8,676.5
847,814,12.943023140296155,868.3021638173003,653.5342077060476,632.8,676.5
847,815,12.943023140296155,868.3021638173003,653.5342077060476,632.8,676.5
847,816,12.943023140296155,868.3021638173003,653.5342077060476,632.8,676.5
847,817,12.943023140296155,868.3021638173003,653.5342077060476,632.8,676.5
847,818,12.943023140296155,868.3021638173003,653.5342077060476,632.8,676.5
847,819,12.943023140296155,868.3021638173003,653.5342077060476,632.8,676.5
847,820,12.943023140296155,868.3021638173003,653.5342077060476,632.8,676.5
847,821,12.943023140296155,868.3021638173003,653.5342077060476,632.8,676.5
847,822,12.943023140296155,868.3021638173003,653.5342077060476,632.8,676.5
847,823,12.943023140296155,868.3021638173003,653.5342077060476,632.8,676.5
848,824,12.943023140296155,868.3021638173003,653.5342077060476,632.8,676.5
849,825,12.943023140296155,868.3021638173003,653.5342077060476,632.8,676.5
850,826,12.943023140296155,868.3021638173003,653.5342077060476,632.8,676.5
851,827,12.943023140296155,868.3021638173003,653.5342077060476,632.8,676.5
852,828,12.943023140296155,868.3021638173003,653.5342077060476,632.8,676.5
853,829,12.943023140296155,868.3021638173003,653.5342077060476,632.8,676.5
854,830,12.943023140296155,868.3021638173003,653.5342077060476,632.8,676.5
855,831,12.943023140296155,868.3021638173003,653.5342077060476,675.5833333333333,633.9166666666666
856,832,12.943023140296155,868.3021638173003,653.5342077060476,718.3666666666667,591.3333333333334
857,833,12.943023140296155,868.3021638173003,653.5342077060476,761.15,548.75
858,834,12.943023140296155,868.3021638173003,653.5342077060476,803.9333333333333,506.16666666666663
859,835,12.943023140296155,868.3021638173003,653.5342077060476,846.7166666666667,463.5833333333333
860,836,12.943023140296155,868.3021638173003,653.5342077060476,889.5,421.0
861,837,12.943023140296155,868.3021638173003,653.5342077060476,889.5,421.0
862,838,12.943023140296155,868.3021638173003,653.5342077060476,889.5,421.0
863,839,12.943023140296155,868.3021638173003,653.5342077060476,889.5,421.0
864,840,12.943023140296155,868.3021638173003,653.5342077060476,889.5,421.0
865,841,12.943023140296155,868.3021638173003,653.5342077060476,889.5,421.0
866,842,12.943023140296155,868.3021638173003,653.5342077060476,889.5,421.0
867,843,12.943023140296155,868.3021638173003,653.5342077060476,889.5,421.0
868,844,12.943023140296155,868.3021638173003,653.5342077060476,889.5,421.0
869,845,12.943023140296155,868.3021638173003,653.5342077060476,889.5,421.0
870,846,12.943023140296155,868.3021638173003,653.5342077060476,889.5,421.0
871,847,12.943023140296155,868.3021638173003,653.5342077060476,889.5,421.0
872,848,12.943023140296155,868.3021638173003,653.5342077060476,889.5,421.0
873,849,12.943023140296155,868.3021638173003,653.5342077060476,889.5,421.0
874,850,12.943023140296155,868.3021638173003,653.5342077060476,889.5,421.0
875,851,12.943023140296155,868.3021638173003,653.5342077060476,889.5,421.0
876,852,12.943023140296155,924.3021638173003,562.5342077060476,889.5,421.0
877,853,12.943023140296155,924.3021638173003,562.5342077060476,889.5,421.0
878,854,7.033510535360591,924.3021638173003,562.5342077060476,889.5,421.0
879,855,28.93706847648494,924.3021638173003,562.5342077060476,889.5,421.0
880,856,9.54004446144652,924.3021638173003,562.5342077060476,889.5,421.0
881,857,4.206256542985034,924.3021638173003,562.5342077060476,889.5,421.0
882,857,4.206256542985034,924.3021638173003,562.5342077060476,889.5,421.0
883,857,4.206256542985034,924.3021638173003,562.5342077060476,889.5,421.0
884,857,4.206256542985034,924.3021638173003,562.5342077060476,889.5,421.0
885,857,4.206256542985034,924.3021638173003,562.5342077060476,889.5,421.0
886,857,4.206256542985034,924.3021638173003,562.5342077060476,889.5,421.0
887,858,9.321082860318676,924.3021638173003,562.5342077060476,889.5,421.0
888,858,9.321082860318676,924.3021638173003,562.5342077060476,889.5,421.0
889,858,9.321082860318676,924.3021638173003,562.5342077060476,889.5,421.0
890,858,9.321082860318676,924.3021638173003,562.5342077060476,889.5,421.0
891,858,9.321082860318676,924.3021638173003,562.5342077060476,889.5,421.0
892,859,9.321082860318676,924.3021638173003,562.5342077060476,889.5,421.0
893,860,9.321082860318676,924.3021638173003,562.5342077060476,889.5,421.0
894,861,9.321082860318676,924.3021638173003,562.5342077060476,889.5,421.0
895,862,9.321082860318676,924.3021638173003,562.5342077060476,889.5,421.0
896,863,9.321082860318676,924.3021638173003,562.5342077060476,889.5,421.0
897,864,9.321082860318676,924.3021638173003,562.5342077060476,889.5,421.0
898,865,9.321082860318676,924.3021638173003,562.5342077060476,889.5,421.0
899,866,9.321082860318676,924.3021638173003,562.5342077060476,889.5,421.0
900,867,9.321082860318676,924.3021638173003,562.5342077060476,889.5,421.0
901,868,9.321082860318676,924.3021638173003,562.5342077060476,889.5,421.0
902,869,9.321082860318676,924.3021638173003,562.5342077060476,889.5,421.0
903,870,9.321082860318676,924.3021638173003,562.5342077060476,889.5,421.0
904,871,9.321082860318676,924.3021638173003,562.5342077060476,889.5,421.0
905,872,9.321082860318676,924.3021638173003,562.5342077060476,893.2666666666667,458.68333333333334
906,873,9.321082860318676,924.3021638173003,562.5342077060476,897.0333333333333,496.3666666666667
907,874,9.321082860318676,924.3021638173003,562.5342077060476,900.8,534.05
908,875,9.321082860318676,924.3021638173003,562.5342077060476,904.5666666666667,571.7333333333333
909,876,9.321082860318676,924.3021638173003,562.5342077060476,908.3333333333334,609.4166666666667
910,877,9.321082860318676,924.3021638173003,562.5342077060476,912.1,647.1
911,878,9.321082860318676,924.3021638173003,562.5342077060476,912.1,647.1
912,879,9.321082860318676,924.3021638173003,562.5342077060476,912.1,647.1
913,880,9.321082860318676,924.3021638173003,562.5342077060476,912.1,647.1
914,881,9.321082860318676,924.3021638173003,562.5342077060476,912.1,647.1
915,882,9.321082860318676,924.3021638173003,562.5342077060476,912.1,647.1
916,883,9.321082860318676,924.3021638173003,562.5342077060476,912.1,647.1
917,884,9.321082860318676,924.3021638173003,562.5342077060476,912.1,647.1
918,885,9.321082860318676,924.3021638173003,562.5342077060476,912.1,647.1
919,886,9.321082860318676,924.3021638173003,562.5342077060476,912.1,647.1
920,887,9.321082860318676,924.3021638173003,562.5342077060476,912.1,647.1
921,888,9.321082860318676,924.3021638173003,562.5342077060476,912.1,647.1
922,889,9.321082860318676,924.3021638173003,562.5342077060476,912.1,647.1
923,890,9.321082860318676,924.3021638173003,562.5342077060476,912.1,647.1
924,891,9.321082860318676,924.3021638173003,562.5342077060476,912.1,647.1
925,892,9.321082860318676,924.3021638173003,562.5342077060476,912.1,647.1
926,893,9.321082860318676,924.3021638173003,562.5342077060476,912.1,647.1
927,894,9.901445058818494,924.3021638173003,562.5342077060476,912.1,647.1
928,895,10.500913274120544,924.3021638173003,562.5342077060476,912.1,647.1
929,896,11.120308825163114,924.3021638173003,562.5342077060476,912.1,647.1
930,897,11.760489890515352,924.3021638173003,562.5342077060476,912.1,647.1
931,898,12.42235242841621,924.3021638173003,562.5342077060476,912.1,647.1
932,899,13.10683093891047,841.3021638173003,596.5342077060476,912.1,647.1
933,900,13.814899023225916,841.3021638173003,596.5342077060476,912.1,647.1
934,901,14.547569687667556,841.3021638173003,596.5342077060476,912.1,647.1
935,902,15.305895330405871,841.3021638173003,596.5342077060476,912.1,647.1
936,903,16.09096733959291,841.3021638173003,596.5342077060476,912.1,647.1
937,904,16.90391522020964,841.3021638173003,596.5342077060476,912.1,647.1
938,905,17.745905154980836,841.3021638173003,596.5342077060476,912.1,647.1
939,906,18.618137891676437,841.3021638173003,596.5342077060476,912.1,647.1
940,907,19.521845835335863,758.3021638173003,629.5342077060476,912.1,647.1
940,908,20.458289209701917,758.3021638173003,629.5342077060476,867.7857142857143,661.0714285714286
940,909,21.42875113788415,758.3021638173003,629.5342077060476,823.4714285714285,675.0428571428572
940,910,22.434531478622148,758.3021638173003,629.5342077060476,779.1571428571428,689.0142857142857
940,911,23.476939242364008,758.3021638173003,629.5342077060476,734.8428571428572,702.9857142857143
940,912,24.557283401863042,758.3021638173003,629.5342077060476,690.5285714285715,716.9571428571428
940,913,25.676861906599715,758.3021638173003,629.5342077060476,646.2142857142857,730.9285714285714
940,914,26.83694871089657,758.3021638173003,629.5342077060476,601.9,744.9
940,915,28.03877863432862,758.3021638173003,629.5342077060476,601.9,744.9
940,916,29.28352989253204,758.3021638173003,629.5342077060476,601.9,744.9
940,917,30.572304169702917,758.3021638173003,629.5342077060476,601.9,744.9
940,918,31.90610415408603,758.3021638173003,629.5342077060476,601.9,744.9
940,919,33.285808527724534,758.3021638173003,629.5342077060476,601.9,744.9
940,920,34.71214449454152,758.3021638173003,629.5342077060476,601.9,744.9
941,921,36.1856580486096,758.3021638173003,629.5342077060476,601.9,744.9
942,922,37.706682328130455,758.3021638173003,629.5342077060476,601.9,744.9
943,923,36.51480189925658,758.3021638173003,629.5342077060476,601.9,744.9
943,924,34.898774683631714,758.3021638173003,629.5342077060476,601.9,744.9
943,925,33.23584751730196,758.3021638173003,629.5342077060476,601.9,744.9
943,926,31.52687136759953,758.3021638173003,629.5342077060476,601.9,744.9
943,927,29.773072155202364,758.3021638173003,629.5342077060476,601.9,744.9
943,928,27.97607621819943,758.3021638173003,629.5342077060476,601.9,744.9
943,929,26.13793008821957,758.3021638173003,629.5342077060476,601.9,744.9
943,930,24.261112967190478,758.3021638173003,629.5342077060476,601.9,744.9
943,931,22.348540363728898,649.3021638173003,663.5342077060476,601.9,744.9
943,932,20.40355753757553,649.3021638173003,663.5342077060476,601.9,744.9
943,933,18.429921718367233,649.3021638173003,663.5342077060476,601.9,744.9
943,934,16.431772508716474,649.3021638173003,663.5342077060476,601.9,744.9
943,935,14.413590433566716,649.3021638173003,663.5342077060476,601.9,744.9
943,936,12.380144224977663,649.3021638173003,663.5342077060476,601.9,744.9
944,937,10.336428086632457,649.3021638173003,663.5342077060476,601.9,744.9
945,938,8.287590808432439,649.3021638173003,663.5342077060476,601.9,744.9
946,939,8.287590808432439,649.3021638173003,663.5342077060476,601.9,744.9
947,940,8.287590808432439,649.3021638173003,663.5342077060476,601.9,744.9
948,941,8.287590808432439,649.3021638173003,663.5342077060476,601.9,744.9
949,942,8.287590808432439,649.3021638173003,663.5342077060476,601.9,744.9
950,943,8.287590808432439,649.3021638173003,663.5342077060476,601.9,744.9
951,944,8.287590808432439,649.3021638173003,663.5342077060476,601.9,744.9
952,945,8.287590808432439,649.3021638173003,663.5342077060476,601.9,744.9
953,946,8.287590808432439,649.3021638173003,663.5342077060476,601.9,744.9
954,947,8.287590808432439,649.3021638173003,663.5342077060476,601.9,744.9
955,948,8.287590808432439,649.3021638173003,663.5342077060476,601.9,744.9
956,949,8.287590808432439,649.3021638173003,663.5342077060476,601.9,744.9
957,950,8.287590808432439,649.3021638173003,663.5342077060476,601.9,744.9
958,951,8.287590808432439,649.3021638173003,663.5342077060476,601.9,744.9
959,952,8.287590808432439,649.3021638173003,663.5342077060476,601.9,744.9
960,953,8.287590808432439,649.3021638173003,663.5342077060476,601.9,744.9
961,954,8.287590808432439,649.3021638173003,663.5342077060476,601.9,744.9
962,955,8.287590808432439,649.3021638173003,663.5342077060476,601.9,744.9
963,956,8.287590808432439,649.3021638173003,663.5342077060476,601.9,744.9
964,957,8.287590808432439,649.3021638173003,663.5342077060476,601.9,744.9
965,958,8.287590808432439,649.3021638173003,663.5342077060476,601.9,744.9
966,959,8.287590808432439,649.3021638173003,663.5342077060476,601.9,744.9
967,960,8.287590808432439,649.3021638173003,663.5342077060476,601.9,744.9
968,961,8.287590808432439,649.3021638173003,663.5342077060476,601.9,744.9
969,962,8.287590808432439,649.3021638173003,663.5342077060476,601.9,744.9
970,963,8.287590808432439,649.3021638173003,663.5342077060476,601.9,744.9
971,964,8.287590808432439,649.3021638173003,663.5342077060476,601.9,744.9
972,965,8.287590808432439,649.3021638173003,663.5342077060476,601.9,744.9
973,966,8.287590808432439,649.3021638173003,663.5342077060476,601.9,744.9
974,967,8.287590808432439,649.3021638173003,663.5342077060476,601.9,744.9
975,968,8.287590808432439,649.3021638173003,663.5342077060476,601.9,744.9
976,969,8.287590808432439,649.3021638173003,663.5342077060476,601.9,744.9
977,970,8.287590808432439,649.3021638173003,663.5342077060476,601.9,744.9
978,971,8.287590808432439,649.3021638173003,663.5342077060476,601.9,744.9
979,972,8.287590808432439,649.3021638173003,663.5342077060476,601.9,744.9
980,973,8.287590808432439,649.3021638173003,663.5342077060476,601.9,744.9
981,974,8.287590808432439,649.3021638173003,663.5342077060476,601.9,744.9
982,975,8.287590808432439,649.3021638173003,663.5342077060476,601.9,744.9
983,976,8.287590808432439,649.3021638173003,663.5342077060476,601.9,744.9
984,977,8.287590808432439,649.3021638173003,663.5342077060476,601.9,744.9
985,978,8.287590808432439,649.3021638173003,663.5342077060476,601.9,744.9
986,979,8.287590808432439,949.3021638173003,679.5342077060476,601.9,744.9
987,980,8.287590808432439,949.3021638173003,679.5342077060476,601.9,744.9
988,981,8.287590808432439,949.3021638173003,679.5342077060476,601.9,744.9
989,982,8.287590808432439,949.3021638173003,679.5342077060476,601.9,744.9
990,983,8.287590808432439,949.3021638173003,679.5342077060476,601.9,744.9
991,984,8.287590808432439,949.3021638173003,679.5342077060476,601.9,744.9
992,985,8.287590808432439,949.3021638173003,679.5342077060476,601.9,744.9
993,986,8.287590808432439,949.3021638173003,679.5342077060476,601.9,744.9
994,987,8.287590808432439,949.3021638173003,679.5342077060476,601.9,744.9
995,988,8.287590808432439,949.3021638173003,679.5342077060476,601.9,744.9
996,989,8.287590808432439,949.3021638173003,679.5342077060476,601.9,744.9
997,990,8.287590808432439,949.3021638173003,679.5342077060476,601.9,744.9
998,991,8.287590808432439,949.3021638173003,679.5342077060476,601.9,744.9
999,992,8.287590808432439,949.3021638173003,679.5342077060476,601.9,744.9
1000,993,8.287590808432439,949.3021638173003,679.5342077060476,601.9,744.9
1001,994,8.287590808432439,949.3021638173003,679.5342077060476,601.9,744.9
1002,995,8.287590808432439,949.3021638173003,679.5342077060476,601.9,744.9
1003,996,8.287590808432439,949.3021638173003,679.5342077060476,601.9,744.9
1004,997,8.287590808432439,949.3021638173003,679.5342077060476,601.9,744.9
1005,998,8.287590808432439,949.3021638173003,679.5342077060476,601.9,744.9
1006,999,8.287590808432439,949.3021638173003,679.5342077060476,601.9,744.9
1007,1000,8.287590808432439,949.3021638173003,679.5342077060476,601.9,744.9
1008,1001,8.287590808432439,949.3021638173003,679.5342077060476,601.9,744.9
1009,1002,8.287590808432439,949.3021638173003,679.5342077060476,601.9,744.9
1010,1003,8.287590808432439,949.3021638173003,679.5342077060476,601.9,744.9
1011,1004,8.287590808432439,949.3021638173003,679.5342077060476,601.9,744.9
1012,1005,8.287590808432439,949.3021638173003,679.5342077060476,601.9,744.9
1013,1006,8.287590808432439,949.3021638173003,679.5342077060476,601.9,744.9
1014,1007,8.287590808432439,949.3021638173003,679.5342077060476,601.9,744.9
1015,1008,8.287590808432439,949.3021638173003,679.5342077060476,601.9,744.9
1016,1009,8.287590808432439,949.3021638173003,679.5342077060476,601.9,744.9
1017,1010,8.287590808432439,949.3021638173003,679.5342077060476,601.9,744.9
1018,1011,8.287590808432439,949.3021638173003,679.5342077060476,601.9,744.9
1019,1012,8.287590808432439,949.3021638173003,679.5342077060476,601.9,744.9
1020,1013,8.287590808432439,949.3021638173003,679.5342077060476,601.9,744.9
1021,1014,8.287590808432439,949.3021638173003,679.5342077060476,601.9,744.9
1022,1015,8.287590808432439,949.3021638173003,679.5342077060476,601.9,744.9
1023,1016,8.287590808432439,949.3021638173003,679.5342077060476,601.9,744.9
1024,1017,8.287590808432439,949.3021638173003,679.5342077060476,601.9,744.9
1025,1018,8.287590808432439,949.3021638173003,679.5342077060476,601.9,744.9
1026,1019,8.287590808432439,897.3021638173003,664.5342077060476,601.9,744.9
1027,1020,8.287590808432439,897.3021638173003,664.5342077060476,601.9,744.9
1028,1021,8.287590808432439,897.3021638173003,664.5342077060476,601.9,744.9
1029,1022,8.287590808432439,897.3021638173003,664.5342077060476,601.9,744.9
1030,1023,8.287590808432439,897.3021638173003,664.5342077060476,601.9,744.9
1031,1024,8.287590808432439,897.3021638173003,664.5342077060476,601.9,744.9
1032,1025,8.287590808432439,897.3021638173003,664.5342077060476,601.9,744.9
1033,1026,8.287590808432439,897.3021638173003,664.5342077060476,601.9,744.9
1034,1027,8.287590808432439,897.3021638173003,664.5342077060476,601.9,744.9
1035,1028,8.287590808432439,897.3021638173003,664.5342077060476,601.9,744.9
1036,1029,8.287590808432439,897.3021638173003,664.5342077060476,601.9,744.9
1037,1030,8.287590808432439,897.3021638173003,664.5342077060476,601.9,744.9
1038,1031,8.287590808432439,897.3021638173003,664.5342077060476,601.9,744.9
1039,1032,2.3465481267502026,897.3021638173003,664.5342077060476,601.9,744.9
1040,1032,2.3465481267502026,897.3021638173003,664.5342077060476,601.9,744.9
1041,1032,2.3465481267502026,897.3021638173003,664.5342077060476,601.9,744.9
1042,1032,2.3465481267502026,897.3021638173003,664.5342077060476,601.9,744.9
1043,1032,2.3465481267502026,897.3021638173003,664.5342077060476,601.9,744.9
1044,1032,2.3465481267502026,897.3021638173003,664.5342077060476,601.9,744.9
1045,1032,2.3465481267502026,897.3021638173003,664.5342077060476,601.9,744.9
1046,1032,2.3465481267502026,897.3021638173003,664.5342077060476,601.9,744.9
1047,1033,5.170524943442224,897.3021638173003,664.5342077060476,601.9,744.9
1048,1033,5.170524943442224,897.3021638173003,664.5342077060476,601.9,744.9
1049,1033,5.170524943442224,897.3021638173003,664.5342077060476,601.9,744.9
1050,1033,5.170524943442224,897.3021638173003,664.5342077060476,601.9,744.9
1051,1033,5.170524943442224,897.3021638173003,664.5342077060476,601.9,744.9
1052,1033,5.170524943442224,897.3021638173003,664.5342077060476,601.9,744.9
1053,1033,5.170524943442224,897.3021638173003,664.5342077060476,601.9,744.9
1054,1033,5.170524943442224,897.3021638173003,664.5342077060476,601.9,744.9
1055,1033,5.170524943442224,897.3021638173003,664.5342077060476,601.9,744.9
1056,1033,5.170524943442224,897.3021638173003,664.5342077060476,601.9,744.9
1057,1033,5.170524943442224,897.3021638173003,664.5342077060476,601.9,744.9
1058,1033,5.170524943442224,897.3021638173003,664.5342077060476,601.9,744.9
1059,1033,5.170524943442224,897.3021638173003,664.5342077060476,601.9,744.9
1060,1033,5.170524943442224,755.3021638173003,666.5342077060476,601.9,744.9
1061,1033,5.170524943442224,755.3021638173003,666.5342077060476,601.9,744.9
1062,1033,5.170524943442224,755.3021638173003,666.5342077060476,601.9,744.9
1063,1033,5.170524943442224,755.3021638173003,666.5342077060476,601.9,744.9
1064,1033,5.170524943442224,755.3021638173003,666.5342077060476,601.9,744.9
1065,1033,5.170524943442224,755.3021638173003,666.5342077060476,601.9,744.9
1066,1033,5.170524943442224,613.3021638173003,667.5342077060476,601.9,744.9
1067,1033,5.170524943442224,613.3021638173003,667.5342077060476,601.9,744.9
1068,1033,5.170524943442224,613.3021638173003,667.5342077060476,601.9,744.9
1069,1033,5.170524943442224,613.3021638173003,667.5342077060476,601.9,744.9
1070,1033,5.170524943442224,613.3021638173003,667.5342077060476,601.9,744.9
1071,1033,5.170524943442224,613.3021638173003,667.5342077060476,601.9,744.9
1072,1033,5.170524943442224,613.3021638173003,667.5342077060476,601.9,744.9
1073,1033,5.170524943442224,613.3021638173003,667.5342077060476,601.9,744.9
1074,1033,5.170524943442224,613.3021638173003,667.5342077060476,601.9,744.9
1075,1033,5.170524943442224,613.3021638173003,667.5342077060476,601.9,744.9
1076,1033,5.170524943442224,613.3021638173003,667.5342077060476,601.9,744.9
1077,1033,5.170524943442224,613.3021638173003,667.5342077060476,601.9,744.9
1078,1033,5.170524943442224,613.3021638173003,667.5342077060476,601.9,744.9
1079,1033,5.170524943442224,613.3021638173003,667.5342077060476,601.9,744.9
1080,1033,5.170524943442224,613.3021638173003,667.5342077060476,601.9,744.9
1081,1033,5.170524943442224,613.3021638173003,667.5342077060476,601.9,744.9
1082,1033,5.170524943442224,613.3021638173003,667.5342077060476,601.9,744.9
1083,1033,5.170524943442224,613.3021638173003,667.5342077060476,601.9,744.9
1084,1033,5.170524943442224,613.3021638173003,667.5342077060476,601.9,744.9
1085,1033,5.170524943442224,613.3021638173003,667.5342077060476,601.9,744.9
1086,1034,14.9185905532291,613.3021638173003,667.5342077060476,644.4857142857143,735.6285714285714
1087,1035,2.3420416175852634,613.3021638173003,667.5342077060476,687.0714285714286,726.3571428571429
1087,1036,6.579955308244771,613.3021638173003,667.5342077060476,729.6571428571428,717.0857142857143
1087,1037,9.61738227246942,613.3021638173003,667.5342077060476,772.2428571428571,707.8142857142857
1087,1038,9.61738227246942,613.3021638173003,667.5342077060476,814.8285714285714,698.5428571428571
1087,1039,9.61738227246942,613.3021638173003,667.5342077060476,857.4142857142857,689.2714285714286
1087,1040,9.61738227246942,613.3021638173003,667.5342077060476,900.0,680.0
1087,1041,9.61738227246942,613.3021638173003,667.5342077060476,900.0,680.0
1087,1042,9.61738227246942,613.3021638173003,667.5342077060476,900.0,680.0
1087,1043,9.61738227246942,613.3021638173003,667.5342077060476,900.0,680.0
1087,1044,9.61738227246942,613.3021638173003,667.5342077060476,900.0,680.0
1087,1045,9.61738227246942,613.3021638173003,667.5342077060476,900.0,680.0
1087,1046,9.61738227246942,613.3021638173003,667.5342077060476,900.0,680.0
1087,1047,9.61738227246942,613.3021638173003,667.5342077060476,900.0,680.0
1087,1048,9.61738227246942,613.3021638173003,667.5342077060476,900.0,680.0
1087,1049,9.61738227246942,613.3021638173003,667.5342077060476,900.0,680.0
1087,1050,9.61738227246942,613.3021638173003,667.5342077060476,900.0,680.0
1087,1051,9.61738227246942,613.3021638173003,667.5342077060476,900.0,680.0
1087,1052,9.61738227246942,613.3021638173003,667.5342077060476,900.0,680.0
1087,1053,9.61738227246942,613.3021638173003,667.5342077060476,900.0,680.0
1087,1054,9.61738227246942,737.3021638173003,668.5342077060476,900.0,680.0
1087,1055,9.61738227246942,737.3021638173003,668.5342077060476,900.0,680.0
1087,1056,9.61738227246942,737.3021638173003,668.5342077060476,900.0,680.0
1087,1057,9.61738227246942,737.3021638173003,668.5342077060476,900.0,680.0
1087,1058,9.61738227246942,737.3021638173003,668.5342077060476,900.0,680.0
1087,1059,9.61738227246942,737.3021638173003,668.5342077060476,900.0,680.0
1087,1060,9.61738227246942,737.3021638173003,668.5342077060476,900.0,680.0
1087,1061,9.61738227246942,737.3021638173003,668.5342077060476,900.0,680.0
1087,1062,9.61738227246942,860.3021638173003,669.5342077060476,900.0,680.0
1087,1063,9.61738227246942,860.3021638173003,669.5342077060476,900.0,680.0
1087,1064,9.61738227246942,860.3021638173003,669.5342077060476,900.0,680.0
1087,1065,9.61738227246942,860.3021638173003,669.5342077060476,900.0,680.0
1087,1066,13.988472435943237,860.3021638173003,669.5342077060476,900.0,680.0
1087,1067,20.268330567229352,860.3021638173003,669.5342077060476,900.0,680.0
1087,1068,29.74254848418999,860.3021638173003,669.5342077060476,900.0,680.0
1087,1069,44.49385639362345,860.3021638173003,669.5342077060476,900.0,680.0
1087,1070,66.26421076566163,860.3021638173003,669.5342077060476,900.0,680.0
1087,1071,91.61802509447007,860.3021638173003,669.5342077060476,900.0,680.0
1087,1072,91.61802509447007,860.3021638173003,669.5342077060476,900.0,680.0
1087,1073,91.61802509447007,860.3021638173003,669.5342077060476,900.0,680.0
1087,1074,91.61802509447007,860.3021638173003,669.5342077060476,900.0,680.0
1087,1075,91.61802509447007,860.3021638173003,669.5342077060476,900.0,680.0
1087,1076,91.61802509447007,860.3021638173003,669.5342077060476,900.0,680.0
1087,1077,91.61802509447007,860.3021638173003,669.5342077060476,900.0,680.0
1087,1078,91.61802509447007,1055.3021638173004,674.5342077060476,900.0,680.0
1087,1079,91.61802509447007,1055.3021638173004,674.5342077060476,900.0,680.0
1087,1080,91.61802509447007,1055.3021638173004,674.5342077060476,900.0,680.0
1087,1081,91.61802509447007,1055.3021638173004,674.5342077060476,900.0,680.0
1087,1082,91.61802509447007,1055.3021638173004,674.5342077060476,900.0,680.0
1087,1083,91.61802509447007,1055.3021638173004,674.5342077060476,900.0,680.0
1087,1084,91.61802509447007,1055.3021638173004,674.5342077060476,900.0,680.0
1087,1085,91.61802509447007,1055.3021638173004,674.5342077060476,900.0,680.0
1087,1086,91.61802509447007,1249.3021638173004,680.5342077060476,900.0,680.0
1087,1087,91.61802509447007,1249.3021638173004,680.5342077060476,900.0,680.0
1087,1088,91.61802509447007,1249.3021638173004,680.5342077060476,900.0,680.0
1087,1089,91.61802509447007,1249.3021638173004,680.5342077060476,900.0,680.0
1087,1090,91.61802509447007,1249.3021638173004,680.5342077060476,900.0,680.0
1087,1091,91.61802509447007,1249.3021638173004,680.5342077060476,900.0,680.0
1087,1092,91.61802509447007,1249.3021638173004,680.5342077060476,900.0,680.0
1087,1093,91.61802509447007,1249.3021638173004,680.5342077060476,900.0,680.0
1087,1094,91.61802509447007,1249.3021638173004,680.5342077060476,900.0,680.0
1087,1095,91.61802509447007,1249.3021638173004,680.5342077060476,900.0,680.0
1087,1096,91.61802509447007,1249.3021638173004,680.5342077060476,900.0,680.0
1087,1097,91.61802509447007,1249.3021638173004,680.5342077060476,900.0,680.0
1087,1098,91.61802509447007,1249.3021638173004,680.5342077060476,900.0,680.0
1087,1099,91.61802509447007,1249.3021638173004,680.5342077060476,900.0,680.0
1087,1100,91.61802509447007,1249.3021638173004,680.5342077060476,900.0,680.0
1087,1101,91.61802509447007,1249.3021638173004,680.5342077060476,900.0,680.0
1087,1102,91.61802509447007,1249.3021638173004,680.5342077060476,900.0,680.0
1087,1103,91.61802509447007,1249.3021638173004,680.5342077060476,900.0,680.0
1087,1104,91.61802509447007,1249.3021638173004,680.5342077060476,900.0,680.0
1087,1105,91.61802509447007,1249.3021638173004,680.5342077060476,900.0,680.0
1087,1106,91.61802509447007,1249.3021638173004,680.5342077060476,900.0,680.0
1087,1107,91.61802509447007,1249.3021638173004,680.5342077060476,900.0,680.0
1087,1108,91.61802509447007,1249.3021638173004,680.5342077060476,900.0,680.0
1087,1109,91.61802509447007,1249.3021638173004,680.5342077060476,900.0,680.0
1087,1110,91.61802509447007,1249.3021638173004,680.5342077060476,900.0,680.0
1087,1111,91.61802509447007,1249.3021638173004,680.5342077060476,900.0,680.0
1087,1112,91.61802509447007,1249.3021638173004,680.5342077060476,900.0,680.0
1087,1113,91.61802509447007,1249.3021638173004,680.5342077060476,900.0,680.0
1087,1114,91.61802509447007,1249.3021638173004,680.5342077060476,900.0,680.0
1087,1115,91.61802509447007,1249.3021638173004,680.5342077060476,900.0,680.0
1087,1116,82.85484777272079,1249.3021638173004,680.5342077060476,900.0,680.0
1087,1117,51.41045703610274,1249.3021638173004,680.5342077060476,900.0,680.0
1087,1118,2.2245663490014027,1249.3021638173004,680.5342077060476,900.0,680.0
1087,1119,0.36238450562238705,1249.3021638173004,680.5342077060476,900.0,680.0
1087,1120,20.459224506240176,1249.3021638173004,680.5342077060476,900.0,680.0
1087,1121,33.64072122250152,1249.3021638173004,680.5342077060476,900.0,680.0
1087,1122,33.64072122250152,1249.3021638173004,680.5342077060476,900.0,680.0
1087,1123,33.64072122250152,1249.3021638173004,680.5342077060476,900.0,680.0
1087,1124,33.64072122250152,1249.3021638173004,680.5342077060476,900.0,680.0
1087,1125,33.64072122250152,1249.3021638173004,680.5342077060476,900.0,680.0
1087,1126,33.64072122250152,1249.3021638173004,680.5342077060476,900.0,680.0
1087,1127,33.64072122250152,1249.3021638173004,680.5342077060476,900.0,680.0
1087,1128,33.64072122250152,1249.3021638173004,680.5342077060476,900.0,680.0
1087,1129,33.64072122250152,1249.3021638173004,680.5342077060476,900.0,680.0
1087,1130,33.64072122250152,1249.3021638173004,680.5342077060476,900.0,680.0
1087,1131,33.64072122250152,1249.3021638173004,680.5342077060476,900.0,680.0
1087,1132,33.64072122250152,1249.3021638173004,680.5342077060476,900.0,680.0
1087,1133,33.64072122250152,1249.3021638173004,680.5342077060476,900.0,680.0
1087,1134,33.64072122250152,1250.3021638173004,649.5342077060476,900.0,680.0
1087,1135,33.64072122250152,1250.3021638173004,649.5342077060476,900.0,680.0
1087,1136,33.64072122250152,1250.3021638173004,649.5342077060476,900.0,680.0
1087,1137,33.64072122250152,1250.3021638173004,649.5342077060476,900.0,680.0
1087,1138,33.64072122250152,1250.3021638173004,649.5342077060476,900.0,680.0
1087,1139,33.64072122250152,1250.3021638173004,649.5342077060476,900.0,680.0
1087,1140,33.64072122250152,1250.3021638173004,649.5342077060476,900.0,680.0
1087,1141,33.64072122250152,1250.3021638173004,649.5342077060476,900.0,680.0
1087,1142,33.64072122250152,1252.3021638173004,618.5342077060476,900.0,680.0
1087,1143,33.64072122250152,1252.3021638173004,618.5342077060476,900.0,680.0
1087,1144,33.64072122250152,1252.3021638173004,618.5342077060476,900.0,680.0
1088,1145,33.64072122250152,1252.3021638173004,618.5342077060476,900.0,680.0
1089,1146,33.64072122250152,1252.3021638173004,618.5342077060476,900.0,680.0
1090,1147,33.64072122250152,1252.3021638173004,618.5342077060476,900.0,680.0
1091,1148,33.64072122250152,1252.3021638173004,618.5342077060476,900.0,680.0
1092,1149,33.64072122250152,1252.3021638173004,618.5342077060476,900.0,680.0
1093,1150,33.64072122250152,1252.3021638173004,618.5342077060476,900.0,680.0
1094,1151,33.64072122250152,1252.3021638173004,618.5342077060476,900.0,680.0
1095,1152,20.443108412705346,1252.3021638173004,618.5342077060476,900.0,680.0
1096,1153,12.424438776551872,1252.3021638173004,618.5342077060476,900.0,680.0
1097,1154,7.226369129306517,1252.3021638173004,618.5342077060476,900.0,680.0
1098,1155,3.6377435042817985,1252.3021638173004,618.5342077060476,900.0,680.0
1099,1156,1.0300909115270571,1252.3021638173004,618.5342077060476,900.0,680.0
1100,1157,0.942934957449744,1252.3021638173004,618.5342077060476,900.0,680.0
1101,1158,2.4845013796862427,1252.3021638173004,618.5342077060476,900.0,680.0
1102,1159,2.4845013796862427,1252.3021638173004,618.5342077060476,900.0,680.0
1103,1160,2.4845013796862427,1252.3021638173004,618.5342077060476,900.0,680.0
1104,1161,2.4845013796862427,1252.3021638173004,618.5342077060476,900.0,680.0
1105,1162,2.4845013796862427,1252.3021638173004,618.5342077060476,900.0,680.0
1106,1163,2.4845013796862427,1252.3021638173004,618.5342077060476,900.0,680.0
1107,1164,2.4845013796862427,1252.3021638173004,618.5342077060476,900.0,680.0
1108,1165,2.4845013796862427,1252.3021638173004,618.5342077060476,900.0,680.0
1109,1166,2.4845013796862427,1239.3021638173004,603.5342077060476,900.0,680.0
1110,1167,2.4845013796862427,1239.3021638173004,603.5342077060476,900.0,680.0
1111,1168,2.4845013796862427,1239.3021638173004,603.5342077060476,900.0,680.0
1112,1169,2.4845013796862427,1239.3021638173004,603.5342077060476,900.0,680.0
1113,1170,2.4845013796862427,1239.3021638173004,603.5342077060476,900.0,680.0
1114,1171,2.4845013796862427,1239.3021638173004,603.5342077060476,900.0,680.0
1115,1172,2.4845013796862427,1239.3021638173004,603.5342077060476,900.0,680.0
1116,1173,2.4845013796862427,1239.3021638173004,603.5342077060476,900.0,680.0
1117,1174,2.4845013796862427,1225.3021638173004,588.5342077060476,900.0,680.0
1118,1175,2.4845013796862427,1225.3021638173004,588.5342077060476,900.0,680.0
1119,1176,2.4845013796862427,1225.3021638173004,588.5342077060476,900.0,680.0
1120,1177,2.4845013796862427,1225.3021638173004,588.5342077060476,900.0,680.0
1121,1178,2.4845013796862427,1225.3021638173004,588.5342077060476,900.0,680.0
1122,1179,2.4845013796862427,1225.3021638173004,588.5342077060476,900.0,680.0
1123,1180,2.4845013796862427,1225.3021638173004,588.5342077060476,900.0,680.0
1124,1181,2.4845013796862427,1225.3021638173004,588.5342077060476,900.0,680.0
1125,1182,2.4845013796862427,1225.3021638173004,588.5342077060476,900.0,680.0
1126,1183,2.4845013796862427,1225.3021638173004,588.5342077060476,900.0,680.0
1127,1184,2.4845013796862427,1225.3021638173004,588.5342077060476,900.0,680.0
1128,1185,2.4845013796862427,1225.3021638173004,588.5342077060476,900.0,680.0
1129,1186,2.4845013796862427,1225.3021638173004,588.5342077060476,900.0,680.0
1130,1187,2.4845013796862427,1225.3021638173004,588.5342077060476,900.0,680.0
1131,1188,2.4845013796862427,1225.3021638173004,588.5342077060476,900.0,680.0
1132,1189,2.4845013796862427,1225.3021638173004,588.5342077060476,900.0,680.0
1133,1190,2.4845013796862427,1098.3021638173004,636.5342077060476,900.0,680.0
1134,1191,2.4845013796862427,1098.3021638173004,636.5342077060476,900.0,680.0
1134,1192,2.4845013796862427,1098.3021638173004,636.5342077060476,900.0,680.0
1134,1193,2.4845013796862427,1098.3021638173004,636.5342077060476,900.0,680.0
1134,1194,2.4845013796862427,1098.3021638173004,636.5342077060476,900.0,680.0
1134,1195,2.4845013796862427,1098.3021638173004,636.5342077060476,900.0,680.0
1134,1196,2.4845013796862427,1098.3021638173004,636.5342077060476,900.0,680.0
1134,1197,2.4845013796862427,1098.3021638173004,636.5342077060476,900.0,680.0
1134,1198,2.4845013796862427,971.3021638173003,684.5342077060476,900.0,680.0
1134,1199,2.4845013796862427,971.3021638173003,684.5342077060476,900.0,680.0
1134,1200,2.4845013796862427,971.3021638173003,684.5342077060476,900.0,680.0
1134,1201,2.4845013796862427,971.3021638173003,684.5342077060476,900.0,680.0
1134,1202,2.4845013796862427,971.3021638173003,684.5342077060476,900.0,680.0
1134,1203,2.4845013796862427,971.3021638173003,684.5342077060476,900.0,680.0
1134,1204,2.4845013796862427,971.3021638173003,684.5342077060476,900.0,680.0
1134,1205,2.4845013796862427,971.3021638173003,684.5342077060476,900.0,680.0
1134,1206,2.4845013796862427,971.3021638173003,684.5342077060476,900.0,680.0
1134,1207,2.4845013796862427,971.3021638173003,684.5342077060476,900.0,680.0
1134,1208,2.4845013796862427,971.3021638173003,684.5342077060476,900.0,680.0
1134,1209,2.4845013796862427,971.3021638173003,684.5342077060476,900.0,680.0
1134,1210,2.4845013796862427,971.3021638173003,684.5342077060476,900.0,680.0
1134,1211,2.4845013796862427,971.3021638173003,684.5342077060476,900.0,680.0
1134,1212,2.4845013796862427,971.3021638173003,684.5342077060476,900.0,680.0
1134,1213,2.4845013796862427,971.3021638173003,684.5342077060476,900.0,680.0
1134,1214,2.4845013796862427,971.3021638173003,684.5342077060476,900.0,680.0
1134,1215,2.4845013796862427,971.3021638173003,684.5342077060476,900.0,680.0
1134,1216,2.4845013796862427,971.3021638173003,684.5342077060476,900.0,680.0
1134,1217,2.4845013796862427,971.3021638173003,684.5342077060476,900.0,680.0
1134,1218,2.4845013796862427,971.3021638173003,684.5342077060476,900.0,680.0
1134,1219,2.4845013796862427,971.3021638173003,684.5342077060476,900.0,680.0
1134,1220,2.4845013796862427,971.3021638173003,684.5342077060476,900.0,680.0
1134,1221,2.4845013796862427,971.3021638173003,684.5342077060476,900.0,680.0
1134,1222,2.4845013796862427,971.3021638173003,684.5342077060476,855.7714285714286,681.3428571428572
1134,1223,2.4845013796862427,971.3021638173003,684.5342077060476,811.5428571428571,682.6857142857143
1134,1224,2.4845013796862427,971.3021638173003,684.5342077060476,767.3142857142857,684.0285714285715
1134,1225,2.4845013796862427,971.3021638173003,684.5342077060476,723.0857142857143,685.3714285714285
1134,1226,2.4845013796862427,971.3021638173003,684.5342077060476,678.8571428571429,686.7142857142857
1134,1227,2.4845013796862427,971.3021638173003,684.5342077060476,634.6285714285714,688.0571428571428
1134,1228,2.4845013796862427,971.3021638173003,684.5342077060476,590.4,689.4
1134,1229,2.4845013796862427,971.3021638173003,684.5342077060476,590.4,689.4
1134,1230,2.4845013796862427,971.3021638173003,684.5342077060476,590.4,689.4
1134,1231,2.4845013796862427,971.3021638173003,684.5342077060476,590.4,689.4
1134,1232,2.4845013796862427,971.3021638173003,684.5342077060476,590.4,689.4
1134,1233,2.4845013796862427,971.3021638173003,684.5342077060476,590.4,689.4
1134,1234,2.4845013796862427,971.3021638173003,684.5342077060476,590.4,689.4
1134,1235,2.4845013796862427,971.3021638173003,684.5342077060476,590.4,689.4
1134,1236,2.4845013796862427,971.3021638173003,684.5342077060476,590.4,689.4
1134,1237,2.4845013796862427,971.3021638173003,684.5342077060476,590.4,689.4
1134,1238,2.4845013796862427,956.3021638173003,688.5342077060476,590.4,689.4
1134,1239,2.4845013796862427,956.3021638173003,688.5342077060476,590.4,689.4
1135,1240,2.4845013796862427,956.3021638173003,688.5342077060476,590.4,689.4
1136,1241,2.4845013796862427,956.3021638173003,688.5342077060476,590.4,689.4
1137,1242,2.4845013796862427,956.3021638173003,688.5342077060476,590.4,689.4
1138,1243,2.4845013796862427,956.3021638173003,688.5342077060476,590.4,689.4
1139,1244,2.4845013796862427,956.3021638173003,688.5342077060476,590.4,689.4
1140,1245,2.4845013796862427,956.3021638173003,688.5342077060476,590.4,689.4
1141,1246,2.4845013796862427,940.3021638173003,692.5342077060476,590.4,689.4
1142,1247,2.4845013796862427,940.3021638173003,692.5342077060476,590.4,689.4
1143,1248,4.309767150573473,940.3021638173003,692.5342077060476,590.4,689.4
1144,1249,4.309767150573473,940.3021638173003,692.5342077060476,590.4,689.4
1145,1250,4.309767150573473,940.3021638173003,692.5342077060476,590.4,689.4
1146,1251,4.309767150573473,940.3021638173003,692.5342077060476,590.4,689.4
1147,1252,4.309767150573473,940.3021638173003,692.5342077060476,590.4,689.4
1148,1253,4.309767150573473,940.3021638173003,692.5342077060476,590.4,689.4
1149,1254,4.309767150573473,940.3021638173003,692.5342077060476,590.4,689.4
1150,1255,4.309767150573473,940.3021638173003,692.5342077060476,590.4,689.4
1151,1256,5.841046412971357,940.3021638173003,692.5342077060476,590.4,689.4
1152,1257,5.841046412971357,940.3021638173003,692.5342077060476,590.4,689.4
1153,1258,5.841046412971357,940.3021638173003,692.5342077060476,590.4,689.4
1154,1259,5.841046412971357,940.3021638173003,692.5342077060476,590.4,689.4
1155,1260,5.841046412971357,940.3021638173003,692.5342077060476,590.4,689.4
1156,1261,5.841046412971357,940.3021638173003,692.5342077060476,590.4,689.4
1157,1262,5.841046412971357,940.3021638173003,692.5342077060476,590.4,689.4
1158,1263,5.841046412971357,940.3021638173003,692.5342077060476,590.4,689.4
1159,1264,5.841046412971357,940.3021638173003,692.5342077060476,590.4,689.4
1160,1265,5.841046412971357,940.3021638173003,692.5342077060476,590.4,689.4
1161,1266,5.841046412971357,940.3021638173003,692.5342077060476,590.4,689.4
1162,1267,5.841046412971357,940.3021638173003,692.5342077060476,590.4,689.4
1163,1268,5.841046412971357,940.3021638173003,692.5342077060476,590.4,689.4
1164,1269,5.841046412971357,940.3021638173003,692.5342077060476,590.4,689.4
1165,1270,5.841046412971357,800.3021638173003,676.5342077060476,590.4,689.4
1166,1271,5.841046412971357,800.3021638173003,676.5342077060476,590.4,689.4
1167,1272,5.841046412971357,800.3021638173003,676.5342077060476,590.4,689.4
1168,1273,5.841046412971357,800.3021638173003,676.5342077060476,590.4,689.4
1169,1274,5.841046412971357,800.3021638173003,676.5342077060476,590.4,689.4
1170,1275,5.841046412971357,800.3021638173003,676.5342077060476,590.4,689.4
1171,1276,5.841046412971357,800.3021638173003,676.5342077060476,590.4,689.4
1172,1277,5.841046412971357,800.3021638173003,676.5342077060476,590.4,689.4
1173,1278,5.841046412971357,660.3021638173003,661.5342077060476,590.4,689.4
1174,1279,5.841046412971357,660.3021638173003,661.5342077060476,590.4,689.4
1175,1280,8.094721349594117,660.3021638173003,661.5342077060476,590.4,689.4
1176,1281,8.094721349594117,660.3021638173003,661.5342077060476,590.4,689.4
1177,1282,8.094721349594117,660.3021638173003,661.5342077060476,590.4,689.4
1178,1283,8.094721349594117,660.3021638173003,661.5342077060476,590.4,689.4
1179,1284,8.094721349594117,660.3021638173003,661.5342077060476,590.4,689.4
1180,1285,8.094721349594117,660.3021638173003,661.5342077060476,590.4,689.4
1181,1286,8.094721349594117,660.3021638173003,661.5342077060476,590.4,689.4
1182,1287,8.094721349594117,660.3021638173003,661.5342077060476,590.4,689.4
1183,1288,8.094721349594117,660.3021638173003,661.5342077060476,590.4,689.4
1184,1289,8.094721349594117,660.3021638173003,661.5342077060476,590.4,689.4
1185,1290,8.094721349594117,660.3021638173003,661.5342077060476,590.4,689.4
1186,1291,8.094721349594117,660.3021638173003,661.5342077060476,590.4,689.4
1187,1292,8.094721349594117,660.3021638173003,661.5342077060476,590.4,689.4
1188,1293,8.094721349594117,660.3021638173003,661.5342077060476,590.4,689.4
1189,1294,8.094721349594117,660.3021638173003,661.5342077060476,590.4,689.4
1190,1295,8.094721349594117,660.3021638173003,661.5342077060476,590.4,689.4
1191,1296,8.094721349594117,660.3021638173003,661.5342077060476,590.4,689.4
1192,1297,8.094721349594117,660.3021638173003,661.5342077060476,590.4,689.4
1193,1298,8.094721349594117,660.3021638173003,661.5342077060476,590.4,689.4
1194,1299,8.094721349594117,660.3021638173003,661.5342077060476,650.2333333333333,652.1333333333333
1195,1300,8.094721349594117,660.3021638173003,661.5342077060476,710.0666666666666,614.8666666666667
1196,1301,8.094721349594117,660.3021638173003,661.5342077060476,769.9,577.6
1197,1302,8.094721349594117,655.3021638173003,661.5342077060476,829.7333333333333,540.3333333333333
1198,1303,8.094721349594117,655.3021638173003,661.5342077060476,889.5666666666667,503.06666666666666
1199,1304,8.094721349594117,655.3021638173003,661.5342077060476,949.4000000000001,465.79999999999995
1200,1305,8.094721349594117,655.3021638173003,661.5342077060476,1009.2333333333333,428.5333333333333
1201,1306,8.094721349594117,655.3021638173003,661.5342077060476,1069.0666666666666,391.26666666666665
1202,1307,8.094721349594117,655.3021638173003,661.5342077060476,1128.9,354.0
1203,1308,8.094721349594117,655.3021638173003,661.5342077060476,1128.9,354.0
1204,1309,8.094721349594117,655.3021638173003,661.5342077060476,1128.9,354.0
1205,1310,8.094721349594117,650.3021638173003,660.5342077060476,1128.9,354.0
1206,1311,8.094721349594117,650.3021638173003,660.5342077060476,1128.9,354.0
1207,1312,8.094721349594117,650.3021638173003,660.5342077060476,1128.9,354.0
1208,1313,8.094721349594117,650.3021638173003,660.5342077060476,1128.9,354.0
1209,1314,8.094721349594117,650.3021638173003,660.5342077060476,1128.9,354.0
1210,1315,8.094721349594117,650.3021638173003,660.5342077060476,1128.9,354.0
1211,1316,8.094721349594117,650.3021638173003,660.5342077060476,1128.9,354.0
1212,1317,8.094721349594117,650.3021638173003,660.5342077060476,1128.9,354.0
1213,1318,8.094721349594117,646.3021638173003,660.5342077060476,1128.9,354.0
1214,1319,8.094721349594117,646.3021638173003,660.5342077060476,1128.9,354.0
1215,1320,8.094721349594117,646.3021638173003,660.5342077060476,1128.9,354.0
1216,1321,8.094721349594117,646.3021638173003,660.5342077060476,1128.9,354.0
1217,1322,8.094721349594117,646.3021638173003,660.5342077060476,1128.9,354.0
1218,1323,10.11729945812135,646.3021638173003,660.5342077060476,1128.9,354.0
1219,1324,12.642590558948624,646.3021638173003,660.5342077060476,1128.9,354.0
1220,1325,15.869902115092192,646.3021638173003,660.5342077060476,1128.9,354.0
1221,1326,20.106939810560743,642.3021638173003,660.5342077060476,1156.775,339.075
1222,1327,25.838007981936446,642.3021638173003,660.5342077060476,1184.65,324.15
1223,1328,30.11432753572139,642.3021638173003,660.5342077060476,1212.525,309.225
1224,1329,18.81440292576531,642.3021638173003,660.5342077060476,1240.4,294.3
1225,1330,18.81440292576531,642.3021638173003,660.5342077060476,1240.4,294.3
1226,1331,18.81440292576531,642.3021638173003,660.5342077060476,1240.4,294.3
1227,1332,18.81440292576531,642.3021638173003,660.5342077060476,1240.4,294.3
1228,1333,18.81440292576531,642.3021638173003,660.5342077060476,1240.4,294.3
1229,1334,18.81440292576531,642.3021638173003,660.5342077060476,1240.4,294.3
1230,1335,18.81440292576531,642.3021638173003,660.5342077060476,1240.4,294.3
1231,1336,18.81440292576531,642.3021638173003,660.5342077060476,1240.4,294.3
1232,1337,18.81440292576531,642.3021638173003,660.5342077060476,1240.4,294.3
1233,1338,18.81440292576531,642.3021638173003,660.5342077060476,1240.4,294.3
1234,1339,18.81440292576531,642.3021638173003,660.5342077060476,1240.4,294.3
1235,1340,18.81440292576531,642.3021638173003,660.5342077060476,1240.4,294.3
1236,1341,18.81440292576531,642.3021638173003,660.5342077060476,1240.4,294.3
1237,1342,18.81440292576531,642.3021638173003,660.5342077060476,1240.4,294.3
1238,1343,18.81440292576531,642.3021638173003,660.5342077060476,1240.4,294.3
1239,1344,18.81440292576531,642.3021638173003,660.5342077060476,1240.4,294.3
1240,1345,18.81440292576531,642.3021638173003,660.5342077060476,1240.4,294.3
1241,1346,18.81440292576531,642.3021638173003,660.5342077060476,1240.4,294.3
1242,1347,18.81440292576531,642.3021638173003,660.5342077060476,1240.4,294.3
1243,1348,18.81440292576531,642.3021638173003,660.5342077060476,1240.4,294.3
1244,1349,18.81440292576531,642.3021638173003,660.5342077060476,1240.4,294.3
1245,1350,18.81440292576531,642.3021638173003,660.5342077060476,1240.4,294.3
1246,1351,18.81440292576531,642.3021638173003,660.5342077060476,1240.4,294.3
1247,1352,18.81440292576531,642.3021638173003,660.5342077060476,1240.4,294.3
1248,1353,18.81440292576531,642.3021638173003,660.5342077060476,1240.4,294.3
1249,1354,18.81440292576531,642.3021638173003,660.5342077060476,1240.4,294.3
1250,1355,18.81440292576531,642.3021638173003,660.5342077060476,1240.4,294.3
1251,1356,18.81440292576531,642.3021638173003,660.5342077060476,1240.4,294.3
1252,1357,18.81440292576531,642.3021638173003,660.5342077060476,1240.4,294.3
1253,1358,18.81440292576531,642.3021638173003,660.5342077060476,1240.4,294.3
1254,1359,18.81440292576531,642.3021638173003,660.5342077060476,1240.4,294.3
1255,1360,18.81440292576531,642.3021638173003,660.5342077060476,1240.4,294.3
1256,1361,18.81440292576531,642.3021638173003,660.5342077060476,1240.4,294.3
1257,1362,18.81440292576531,642.3021638173003,660.5342077060476,1240.4,294.3
1258,1363,18.81440292576531,642.3021638173003,660.5342077060476,1172.2142857142858,352.81428571428575
1259,1364,18.81440292576531,642.3021638173003,660.5342077060476,1104.0285714285715,411.3285714285714
1260,1365,18.81440292576531,642.3021638173003,660.5342077060476,1035.8428571428572,469.84285714285716
1261,1366,18.81440292576531,642.3021638173003,660.5342077060476,967.6571428571428,528.3571428571429
1262,1367,18.81440292576531,642.3021638173003,660.5342077060476,899.4714285714285,586.8714285714286
1263,1368,3.524778491512044,642.3021638173003,660.5342077060476,831.2857142857143,645.3857142857144
1263,1369,3.524778491512044,642.3021638173003,660.5342077060476,763.1,703.9
1263,1370,3.524778491512044,642.3021638173003,660.5342077060476,763.1,703.9
1263,1371,3.524778491512044,642.3021638173003,660.5342077060476,763.1,703.9
1263,1372,3.524778491512044,642.3021638173003,660.5342077060476,763.1,703.9
1263,1373,3.524778491512044,642.3021638173003,660.5342077060476,763.1,703.9
1263,1374,3.524778491512044,642.3021638173003,660.5342077060476,763.1,703.9
1263,1375,3.524778491512044,642.3021638173003,660.5342077060476,763.1,703.9
1263,1376,3.524778491512044,642.3021638173003,660.5342077060476,763.1,703.9
1263,1377,3.524778491512044,642.3021638173003,660.5342077060476,763.1,703.9
1263,1378,3.524778491512044,642.3021638173003,660.5342077060476,763.1,703.9
1263,1379,3.524778491512044,642.3021638173003,660.5342077060476,763.1,703.9
1263,1380,3.524778491512044,642.3021638173003,660.5342077060476,763.1,703.9
1263,1381,3.524778491512044,642.3021638173003,660.5342077060476,763.1,703.9
1263,1382,3.524778491512044,642.3021638173003,660.5342077060476,763.1,703.9
1263,1383,3.524778491512044,642.3021638173003,660.5342077060476,763.1,703.9
1263,1384,3.524778491512044,642.3021638173003,660.5342077060476,763.1,703.9
1263,1385,3.524778491512044,642.3021638173003,660.5342077060476,763.1,703.9
1263,1386,3.524778491512044,642.3021638173003,660.5342077060476,763.1,703.9
1263,1387,3.524778491512044,642.3021638173003,660.5342077060476,763.1,703.9
1263,1388,3.524778491512044,642.3021638173003,660.5342077060476,763.1,703.9
1263,1389,3.524778491512044,642.3021638173003,660.5342077060476,763.1,703.9
1263,1390,3.524778491512044,642.3021638173003,660.5342077060476,763.1,703.9
1263,1391,3.524778491512044,642.3021638173003,660.5342077060476,763.1,703.9
1263,1392,3.524778491512044,642.3021638173003,660.5342077060476,763.1,703.9
1263,1393,3.524778491512044,642.3021638173003,660.5342077060476,763.1,703.9
1263,1394,3.524778491512044,642.3021638173003,660.5342077060476,763.1,703.9
1263,1395,3.524778491512044,642.3021638173003,660.5342077060476,763.1,703.9
1263,1396,3.524778491512044,642.3021638173003,660.5342077060476,763.1,703.9
1263,1397,3.524778491512044,642.3021638173003,660.5342077060476,763.1,703.9
1263,1398,3.524778491512044,642.3021638173003,660.5342077060476,763.1,703.9
1263,1399,3.524778491512044,642.3021638173003,660.5342077060476,763.1,703.9
1263,1400,3.524778491512044,642.3021638173003,660.5342077060476,763.1,703.9
1263,1401,3.524778491512044,642.3021638173003,660.5342077060476,763.1,703.9
1263,1402,3.524778491512044,642.3021638173003,660.5342077060476,763.1,703.9
1263,1403,3.524778491512044,642.3021638173003,660.5342077060476,763.1,703.9
1263,1404,3.524778491512044,642.3021638173003,660.5342077060476,763.1,703.9
1263,1405,3.524778491512044,642.3021638173003,660.5342077060476,790.6,697.975
1263,1406,3.524778491512044,791.3021638173003,650.5342077060476,818.1,692.05
1263,1407,3.524778491512044,791.3021638173003,650.5342077060476,845.6,686.125
1263,1408,3.524778491512044,791.3021638173003,650.5342077060476,873.1,680.2
1263,1409,3.524778491512044,791.3021638173003,650.5342077060476,873.1,680.2
1263,1410,3.524778491512044,791.3021638173003,650.5342077060476,873.1,680.2
1263,1411,3.524778491512044,791.3021638173003,650.5342077060476,873.1,680.2
1263,1412,3.524778491512044,791.3021638173003,650.5342077060476,873.1,680.2
1263,1413,3.524778491512044,791.3021638173003,650.5342077060476,873.1,680.2
1263,1414,3.524778491512044,939.3021638173003,640.5342077060476,873.1,680.2
1263,1415,3.524778491512044,939.3021638173003,640.5342077060476,873.1,680.2
1263,1416,3.524778491512044,939.3021638173003,640.5342077060476,873.1,680.2
1263,1417,3.524778491512044,939.3021638173003,640.5342077060476,873.1,680.2
1263,1418,3.524778491512044,939.3021638173003,640.5342077060476,873.1,680.2
1263,1419,3.524778491512044,939.3021638173003,640.5342077060476,873.1,680.2
1263,1420,3.524778491512044,939.3021638173003,640.5342077060476,873.1,680.2
1263,1421,3.524778491512044,939.3021638173003,640.5342077060476,873.1,680.2
1263,1422,3.524778491512044,939.3021638173003,640.5342077060476,873.1,680.2
1263,1423,3.524778491512044,939.3021638173003,640.5342077060476,873.1,680.2
1263,1424,3.524778491512044,939.3021638173003,640.5342077060476,873.1,680.2
1263,1425,3.524778491512044,939.3021638173003,640.5342077060476,873.1,680.2
1263,1426,3.524778491512044,939.3021638173003,640.5342077060476,873.1,680.2
1263,1427,3.524778491512044,939.3021638173003,640.5342077060476,873.1,680.2
1263,1428,3.524778491512044,939.3021638173003,640.5342077060476,873.1,680.2
1263,1429,3.524778491512044,939.3021638173003,640.5342077060476,873.1,680.2
1263,1430,3.524778491512044,939.3021638173003,640.5342077060476,873.1,680.2
1263,1431,3.524778491512044,939.3021638173003,640.5342077060476,873.1,680.2
1263,1432,3.524778491512044,939.3021638173003,640.5342077060476,873.1,680.2
1263,1433,3.524778491512044,939.3021638173003,640.5342077060476,873.1,680.2
1263,1434,3.524778491512044,939.3021638173003,640.5342077060476,873.1,680.2
1263,1435,3.524778491512044,939.3021638173003,640.5342077060476,873.1,680.2
1263,1436,3.524778491512044,939.3021638173003,640.5342077060476,873.1,680.2
1263,1437,3.524778491512044,939.3021638173003,640.5342077060476,873.1,680.2
1263,1438,3.524778491512044,939.3021638173003,640.5342077060476,873.1,680.2
1263,1439,3.524778491512044,939.3021638173003,640.5342077060476,873.1,680.2
1263,1440,3.524778491512044,939.3021638173003,640.5342077060476,873.1,680.2
1263,1441,3.524778491512044,939.3021638173003,640.5342077060476,873.1,680.2
1263,1442,3.524778491512044,939.3021638173003,640.5342077060476,873.1,680.2
1263,1443,3.524778491512044,939.3021638173003,640.5342077060476,873.1,680.2
1263,1444,3.524778491512044,939.3021638173003,640.5342077060476,873.1,680.2
1263,1445,3.524778491512044,939.3021638173003,640.5342077060476,873.1,680.2
1263,1446,3.524778491512044,939.3021638173003,640.5342077060476,873.1,680.2
1263,1447,3.524778491512044,939.3021638173003,640.5342077060476,873.1,680.2
1263,1448,3.524778491512044,939.3021638173003,640.5342077060476,873.1,680.2
1263,1449,3.524778491512044,939.3021638173003,640.5342077060476,873.1,680.2
1263,1450,3.524778491512044,939.3021638173003,640.5342077060476,873.1,680.2
1263,1451,3.524778491512044,939.3021638173003,640.5342077060476,873.1,680.2
1263,1452,3.524778491512044,939.3021638173003,640.5342077060476,873.1,680.2
1263,1453,3.524778491512044,939.3021638173003,640.5342077060476,873.7833333333333,630.3333333333334
1263,1454,3.524778491512044,939.3021638173003,640.5342077060476,874.4666666666667,580.4666666666667
1263,1455,3.524778491512044,939.3021638173003,640.5342077060476,875.1500000000001,530.6
1263,1456,3.524778491512044,939.3021638173003,640.5342077060476,875.8333333333334,480.73333333333335
1263,1457,3.524778491512044,939.3021638173003,640.5342077060476,876.5166666666667,430.8666666666667
1263,1458,3.524778491512044,939.3021638173003,640.5342077060476,877.2,381.0
1263,1459,3.524778491512044,939.3021638173003,640.5342077060476,877.2,381.0
1263,1460,3.524778491512044,939.3021638173003,640.5342077060476,877.2,381.0
1263,1461,3.524778491512044,939.3021638173003,640.5342077060476,877.2,381.0
1263,1462,3.524778491512044,939.3021638173003,640.5342077060476,877.2,381.0
1263,1463,3.524778491512044,939.3021638173003,640.5342077060476,877.2,381.0
1263,1464,3.524778491512044,939.3021638173003,640.5342077060476,877.2,381.0
1263,1465,3.524778491512044,939.3021638173003,640.5342077060476,877.2,381.0
1263,1466,3.524778491512044,939.3021638173003,640.5342077060476,877.2,381.0
1263,1467,3.524778491512044,939.3021638173003,640.5342077060476,877.2,381.0
1263,1468,3.524778491512044,939.3021638173003,640.5342077060476,877.2,381.0
1263,1469,3.524778491512044,939.3021638173003,640.5342077060476,877.2,381.0
1263,1470,3.524778491512044,939.3021638173003,640.5342077060476,877.2,381.0
1263,1471,3.524778491512044,939.3021638173003,640.5342077060476,877.2,381.0
1263,1472,3.524778491512044,939.3021638173003,640.5342077060476,877.2,381.0
1263,1473,3.524778491512044,939.3021638173003,640.5342077060476,877.2,381.0
1263,1474,3.524778491512044,939.3021638173003,640.5342077060476,877.2,381.0
1263,1475,3.524778491512044,939.3021638173003,640.5342077060476,877.2,381.0
1263,1476,3.524778491512044,939.3021638173003,640.5342077060476,877.2,381.0
1263,1477,3.524778491512044,939.3021638173003,640.5342077060476,877.2,381.0
1263,1478,3.524778491512044,939.3021638173003,640.5342077060476,877.2,381.0
1264,1479,3.524778491512044,939.3021638173003,640.5342077060476,877.2,381.0
1265,1480,3.524778491512044,939.3021638173003,640.5342077060476,877.2,381.0
1266,1481,3.524778491512044,939.3021638173003,640.5342077060476,877.2,381.0
1267,1482,3.524778491512044,939.3021638173003,640.5342077060476,877.2,381.0
1268,1483,3.524778491512044,939.3021638173003,640.5342077060476,877.2,381.0
1269,1484,3.524778491512044,939.3021638173003,640.5342077060476,877.2,381.0
1270,1485,3.524778491512044,939.3021638173003,640.5342077060476,877.2,381.0
1271,1486,3.524778491512044,939.3021638173003,258.5342077060476,877.2,381.0
1272,1487,3.524778491512044,939.3021638173003,258.5342077060476,877.2,381.0
1273,1488,3.524778491512044,939.3021638173003,258.5342077060476,877.2,381.0
1274,1489,3.524778491512044,939.3021638173003,258.5342077060476,877.2,381.0
1275,1490,3.524778491512044,939.3021638173003,258.5342077060476,877.2,381.0
1276,1491,3.524778491512044,939.3021638173003,258.5342077060476,877.2,381.0
1277,1492,3.524778491512044,939.3021638173003,258.5342077060476,877.2,381.0
1278,1493,3.524778491512044,939.3021638173003,258.5342077060476,877.2,381.0
1279,1494,3.524778491512044,939.3021638173003,258.5342077060476,877.2,381.0
1280,1495,3.524778491512044,939.3021638173003,258.5342077060476,877.2,381.0
1281,1496,3.524778491512044,939.3021638173003,258.5342077060476,877.2,381.0
1282,1497,3.524778491512044,939.3021638173003,258.5342077060476,877.2,381.0
1283,1498,3.524778491512044,939.3021638173003,258.5342077060476,877.2,381.0
1284,1499,3.524778491512044,939.3021638173003,258.5342077060476,877.2,381.0
1285,1500,3.524778491512044,939.3021638173003,258.5342077060476,877.2,381.0
1286,1501,3.524778491512044,939.3021638173003,258.5342077060476,877.2,381.0
1287,1502,3.524778491512044,939.3021638173003,258.5342077060476,877.2,381.0
1288,1503,3.524778491512044,939.3021638173003,258.5342077060476,877.2,381.0
1289,1504,3.524778491512044,939.3021638173003,258.5342077060476,877.2,381.0
1290,1505,3.524778491512044,939.3021638173003,258.5342077060476,877.2,381.0
1291,1506,3.524778491512044,939.3021638173003,258.5342077060476,877.2,381.0
1292,1507,3.524778491512044,939.3021638173003,258.5342077060476,877.2,381.0
1293,1508,3.524778491512044,939.3021638173003,258.5342077060476,877.2,381.0
1294,1509,3.524778491512044,939.3021638173003,258.5342077060476,877.2,381.0
1295,1510,3.524778491512044,939.3021638173003,258.5342077060476,877.2,381.0
1296,1511,9.682310962228597,939.3021638173003,258.5342077060476,877.2,381.0
1297,1512,12.1420214900575,939.3021638173003,258.5342077060476,877.2,381.0
1298,1513,5.055018673092233,939.3021638173003,258.5342077060476,877.2,381.0
1299,1514,0.18890970720077785,939.3021638173003,258.5342077060476,877.2,381.0
1300,1514,0.18890970720077785,939.3021638173003,258.5342077060476,877.2,381.0
1301,1514,0.18890970720077785,939.3021638173003,258.5342077060476,877.2,381.0
1302,1515,4.164546397980423,939.3021638173003,258.5342077060476,877.2,381.0
1303,1516,4.271201949030288,939.3021638173003,258.5342077060476,877.2,381.0
1303,1517,1.8133316181622838,939.3021638173003,258.5342077060476,882.32,348.36
1303,1518,1.8133316181622838,939.3021638173003,258.5342077060476,887.44,315.72
1303,1519,1.8133316181622838,939.3021638173003,258.5342077060476,892.56,283.08
1303,1520,1.8133316181622838,939.3021638173003,258.5342077060476,897.68,250.44
1303,1521,1.8133316181622838,939.3021638173003,258.5342077060476,902.8,217.8
1303,1522,1.8133316181622838,939.3021638173003,258.5342077060476,902.8,217.8
1303,1523,1.8133316181622838,939.3021638173003,258.5342077060476,902.8,217.8
1303,1524,1.8133316181622838,939.3021638173003,258.5342077060476,902.8,217.8
1303,1525,1.8133316181622838,939.3021638173003,258.5342077060476,902.8,217.8
1303,1526,1.8133316181622838,939.3021638173003,258.5342077060476,902.8,217.8
1303,1527,1.8133316181622838,939.3021638173003,258.5342077060476,902.8,217.8
1303,1528,1.8133316181622838,939.3021638173003,258.5342077060476,902.8,217.8
1304,1529,1.8133316181622838,939.3021638173003,258.5342077060476,902.8,217.8
1305,1530,1.8133316181622838,939.3021638173003,258.5342077060476,902.8,217.8
1306,1531,1.8133316181622838,939.3021638173003,258.5342077060476,902.8,217.8
1307,1532,1.8133316181622838,939.3021638173003,258.5342077060476,902.8,217.8
1308,1533,1.8133316181622838,939.3021638173003,258.5342077060476,902.8,217.8
1309,1534,1.8133316181622838,939.3021638173003,258.5342077060476,902.8,217.8
1310,1535,1.8133316181622838,939.3021638173003,258.5342077060476,902.8,217.8
1311,1536,1.8133316181622838,939.3021638173003,258.5342077060476,902.8,217.8
1312,1537,1.8133316181622838,939.3021638173003,258.5342077060476,902.8,217.8
1313,1538,1.8133316181622838,939.3021638173003,258.5342077060476,902.8,217.8
1314,1539,1.8133316181622838,939.3021638173003,258.5342077060476,902.8,217.8
1315,1540,1.8133316181622838,939.3021638173003,258.5342077060476,902.8,217.8
1316,1541,1.8133316181622838,939.3021638173003,258.5342077060476,902.8,217.8
1317,1542,1.8133316181622838,939.3021638173003,258.5342077060476,902.8,217.8
1318,1543,1.8133316181622838,939.3021638173003,258.5342077060476,902.8,217.8
1319,1544,1.8133316181622838,939.3021638173003,258.5342077060476,902.8,217.8
1320,1545,1.8133316181622838,939.3021638173003,258.5342077060476,902.8,217.8
1321,1546,1.8133316181622838,939.3021638173003,258.5342077060476,902.8,217.8
1322,1547,1.8133316181622838,939.3021638173003,258.5342077060476,902.8,217.8
1323,1548,1.8133316181622838,939.3021638173003,258.5342077060476,902.8,217.8
1324,1549,1.8133316181622838,939.3021638173003,258.5342077060476,902.8,217.8
1325,1550,1.8133316181622838,939.3021638173003,258.5342077060476,902.8,217.8
1326,1551,1.8133316181622838,939.3021638173003,258.5342077060476,902.8,217.8
1327,1552,1.8133316181622838,939.3021638173003,258.5342077060476,902.8,217.8
1328,1553,1.8133316181622838,939.3021638173003,258.5342077060476,902.8,217.8
1329,1554,1.8133316181622838,939.3021638173003,258.5342077060476,902.8,217.8
1330,1555,1.8133316181622838,939.3021638173003,258.5342077060476,902.8,217.8
1331,1556,1.8133316181622838,939.3021638173003,258.5342077060476,902.8,217.8
1332,1557,1.8133316181622838,939.3021638173003,258.5342077060476,902.8,217.8
1333,1558,1.8133316181622838,939.3021638173003,258.5342077060476,902.8,217.8
1334,1559,1.8133316181622838,939.3021638173003,258.5342077060476,902.8,217.8
1334,1560,1.8133316181622838,939.3021638173003,258.5342077060476,902.8,217.8
1335,1561,1.8133316181622838,939.3021638173003,258.5342077060476,902.8,217.8
1336,1562,1.8133316181622838,939.3021638173003,258.5342077060476,902.8,217.8
1337,1563,1.8133316181622838,939.3021638173003,258.5342077060476,902.8,217.8
1338,1564,1.8133316181622838,939.3021638173003,258.5342077060476,902.8,217.8
1339,1565,1.8133316181622838,939.3021638173003,258.5342077060476,902.8,217.8
1340,1566,1.8133316181622838,939.3021638173003,258.5342077060476,902.8,217.8
1341,1567,1.8133316181622838,939.3021638173003,258.5342077060476,902.8,217.8
1342,1568,1.8133316181622838,939.3021638173003,258.5342077060476,902.8,217.8
1343,1569,7.982612368166853,939.3021638173003,258.5342077060476,902.8,217.8
1344,1570,7.982612368166853,939.3021638173003,258.5342077060476,902.8,217.8
1345,1571,7.982612368166853,939.3021638173003,258.5342077060476,902.8,217.8
1346,1572,7.982612368166853,939.3021638173003,258.5342077060476,902.8,217.8
1347,1573,7.982612368166853,939.3021638173003,258.5342077060476,902.8,217.8
1348,1574,7.982612368166853,939.3021638173003,258.5342077060476,902.8,217.8
1349,1575,7.982612368166853,939.3021638173003,258.5342077060476,902.8,217.8
1350,1576,7.982612368166853,939.3021638173003,258.5342077060476,902.8,217.8
1351,1577,30.406228907721854,939.3021638173003,258.5342077060476,902.8,217.8
1352,1578,30.406228907721854,939.3021638173003,258.5342077060476,899.525,243.45
1353,1579,30.406228907721854,939.3021638173003,258.5342077060476,896.25,269.1
1354,1580,30.406228907721854,939.3021638173003,258.5342077060476,892.975,294.75
1355,1581,30.406228907721854,939.3021638173003,258.5342077060476,889.7,320.4
1356,1582,30.406228907721854,939.3021638173003,258.5342077060476,889.7,320.4
1357,1583,30.406228907721854,939.3021638173003,258.5342077060476,889.7,320.4
1358,1584,30.406228907721854,939.3021638173003,258.5342077060476,889.7,320.4
1359,1585,30.406228907721854,939.3021638173003,258.5342077060476,889.7,320.4
1360,1586,30.406228907721854,939.3021638173003,258.5342077060476,889.7,320.4
1361,1587,30.406228907721854,939.3021638173003,258.5342077060476,889.7,320.4
1362,1588,32.51591485326743,939.3021638173003,258.5342077060476,889.7,320.4
1363,1589,35.740405609421956,939.3021638173003,258.5342077060476,889.7,320.4
1364,1590,41.227648621063935,939.3021638173003,258.5342077060476,889.7,320.4
1365,1591,52.26919985475102,939.3021638173003,258.5342077060476,889.7,320.4
1366,1592,80.0871111687426,939.3021638173003,258.5342077060476,889.7,320.4
1367,1593,152.8168753851433,939.3021638173003,258.5342077060476,889.7,320.4
1368,1594,120.85636776140875,939.3021638173003,258.5342077060476,889.7,320.4
1369,1595,108.43404873402021,939.3021638173003,258.5342077060476,889.7,320.4
1370,1596,102.44529857437078,939.3021638173003,258.5342077060476,889.7,320.4
1371,1597,102.44529857437078,939.3021638173003,258.5342077060476,889.7,320.4
1372,1598,102.44529857437078,939.3021638173003,258.5342077060476,889.7,320.4
1373,1599,102.44529857437078,939.3021638173003,258.5342077060476,889.7,320.4
1374,1600,102.44529857437078,939.3021638173003,258.5342077060476,889.7,320.4
1375,1601,73.66759954877325,939.3021638173003,258.5342077060476,889.7,320.4
1376,1602,73.66759954877325,939.3021638173003,258.5342077060476,889.7,320.4
1377,1603,73.66759954877325,939.3021638173003,258.5342077060476,889.7,320.4
1378,1604,73.66759954877325,939.3021638173003,258.5342077060476,889.7,320.4
1379,1605,73.66759954877325,939.3021638173003,258.5342077060476,889.7,320.4
1380,1606,73.66759954877325,939.3021638173003,258.5342077060476,889.7,320.4
1381,1607,73.66759954877325,939.3021638173003,258.5342077060476,889.7,320.4
1382,1608,73.66759954877325,939.3021638173003,258.5342077060476,889.7,320.4
1383,1609,73.66759954877325,939.3021638173003,258.5342077060476,853.0571428571429,366.3142857142857
1384,1610,73.66759954877325,939.3021638173003,258.5342077060476,816.4142857142857,412.2285714285714
1385,1611,73.66759954877325,939.3021638173003,258.5342077060476,779.7714285714286,458.1428571428571
1386,1612,73.66759954877325,939.3021638173003,258.5342077060476,743.1285714285715,504.0571428571428
1387,1613,73.66759954877325,939.3021638173003,258.5342077060476,706.4857142857143,549.9714285714285
1388,1614,73.66759954877325,939.3021638173003,258.5342077060476,669.8428571428572,595.8857142857142
1389,1615,71.50693389546943,939.3021638173003,258.5342077060476,633.2,641.8
1390,1616,69.7646114048399,939.3021638173003,258.5342077060476,633.2,641.8
1391,1617,68.33232476613152,939.3021638173003,258.5342077060476,633.2,641.8
1392,1618,67.13547970079973,939.3021638173003,258.5342077060476,633.2,641.8
1393,1618,67.13547970079973,939.3021638173003,258.5342077060476,633.2,641.8
1394,1618,67.13547970079973,939.3021638173003,258.5342077060476,633.2,641.8
1395,1618,67.13547970079973,939.3021638173003,258.5342077060476,633.2,641.8
1396,1618,67.13547970079973,939.3021638173003,258.5342077060476,633.2,641.8
1397,1618,67.13547970079973,939.3021638173003,258.5342077060476,633.2,641.8
1398,1618,67.13547970079973,939.3021638173003,258.5342077060476,633.2,641.8
1399,1618,67.13547970079973,939.3021638173003,258.5342077060476,633.2,641.8
1400,1618,67.13547970079973,939.3021638173003,258.5342077060476,633.2,641.8
1401,1618,67.13547970079973,939.3021638173003,258.5342077060476,633.2,641.8
1402,1618,67.13547970079973,940.3021638173003,306.5342077060476,633.2,641.8
1403,1618,67.13547970079973,940.3021638173003,306.5342077060476,633.2,641.8
1404,1618,67.13547970079973,940.3021638173003,306.5342077060476,633.2,641.8
1405,1618,67.13547970079973,940.3021638173003,306.5342077060476,633.2,641.8
1406,1618,67.13547970079973,940.3021638173003,306.5342077060476,633.2,641.8
1407,1618,67.13547970079973,940.3021638173003,306.5342077060476,633.2,641.8
1408,1618,67.13547970079973,940.3021638173003,306.5342077060476,633.2,641.8
1409,1618,67.13547970079973,940.3021638173003,306.5342077060476,633.2,641.8
1410,1618,67.13547970079973,940.3021638173003,306.5342077060476,633.2,641.8
1411,1618,67.13547970079973,940.3021638173003,306.5342077060476,633.2,641.8
1412,1618,67.13547970079973,940.3021638173003,306.5342077060476,633.2,641.8
1413,1618,67.13547970079973,940.3021638173003,306.5342077060476,633.2,641.8
1414,1618,67.13547970079973,940.3021638173003,306.5342077060476,633.2,641.8
1415,1618,67.13547970079973,940.3021638173003,306.5342077060476,633.2,641.8
1416,1618,67.13547970079973,940.3021638173003,306.5342077060476,633.2,641.8
1417,1618,67.13547970079973,940.3021638173003,306.5342077060476,633.2,641.8
1418,1618,67.13547970079973,672.3021638173003,639.5342077060476,633.2,641.8
1419,1618,67.13547970079973,672.3021638173003,639.5342077060476,633.2,641.8
1420,1618,67.13547970079973,672.3021638173003,639.5342077060476,633.2,641.8
1421,1618,67.13547970079973,672.3021638173003,639.5342077060476,633.2,641.8
1422,1618,67.13547970079973,672.3021638173003,639.5342077060476,633.2,641.8
1423,1618,61.89844990141973,672.3021638173003,639.5342077060476,633.2,641.8
1424,1618,61.89844990141973,672.3021638173003,639.5342077060476,633.2,641.8
1425,1618,61.89844990141973,672.3021638173003,639.5342077060476,633.2,641.8
1426,1618,61.89844990141973,672.3021638173003,639.5342077060476,633.2,641.8
1427,1618,61.89844990141973,672.3021638173003,639.5342077060476,633.2,641.8
1428,1618,61.89844990141973,672.3021638173003,639.5342077060476,633.2,641.8
1429,1618,61.89844990141973,672.3021638173003,639.5342077060476,633.2,641.8
1430,1618,61.89844990141973,672.3021638173003,639.5342077060476,633.2,641.8
1431,1618,56.265184665093585,672.3021638173003,639.5342077060476,633.2,641.8
1432,1618,56.265184665093585,672.3021638173003,639.5342077060476,633.2,641.8
1433,1618,56.265184665093585,672.3021638173003,639.5342077060476,633.2,641.8
1434,1618,56.265184665093585,672.3021638173003,639.5342077060476,633.2,641.8
1435,1618,56.265184665093585,672.3021638173003,639.5342077060476,633.2,641.8
1436,1618,56.265184665093585,672.3021638173003,639.5342077060476,633.2,641.8
1437,1618,56.265184665093585,672.3021638173003,639.5342077060476,633.2,641.8
1438,1618,56.265184665093585,672.3021638173003,639.5342077060476,633.2,641.8
1439,1618,56.265184665093585,672.3021638173003,639.5342077060476,633.2,641.8
1440,1618,56.265184665093585,672.3021638173003,639.5342077060476,633.2,641.8
1441,1618,56.265184665093585,672.3021638173003,639.5342077060476,633.2,641.8
1442,1618,56.265184665093585,672.3021638173003,639.5342077060476,633.2,641.8
1443,1618,56.265184665093585,672.3021638173003,639.5342077060476,633.2,641.8
1444,1618,56.265184665093585,672.3021638173003,639.5342077060476,633.2,641.8
1445,1618,56.265184665093585,672.3021638173003,639.5342077060476,633.2,641.8
1446,1618,56.265184665093585,672.3021638173003,639.5342077060476,675.1166666666667,645.55
1447,1618,56.265184665093585,672.3021638173003,639.5342077060476,717.0333333333334,649.3
1448,1618,56.265184665093585,672.3021638173003,639.5342077060476,758.95,653.05
1449,1618,56.265184665093585,672.3021638173003,639.5342077060476,800.8666666666667,656.8
1450,1619,56.265184665093585,672.3021638173003,639.5342077060476,842.7833333333333,660.55
1451,1620,56.265184665093585,672.3021638173003,639.5342077060476,884.7,664.3
1452,1621,56.265184665093585,672.3021638173003,639.5342077060476,884.7,664.3
1453,1622,56.265184665093585,672.3021638173003,639.5342077060476,884.7,664.3
1454,1623,56.265184665093585,672.3021638173003,639.5342077060476,884.7,664.3
1455,1624,54.04168122737159,672.3021638173003,639.5342077060476,884.7,664.3
1456,1625,54.04168122737159,672.3021638173003,639.5342077060476,884.7,664.3
1457,1626,54.04168122737159,672.3021638173003,639.5342077060476,884.7,664.3
1458,1627,54.04168122737159,672.3021638173003,639.5342077060476,884.7,664.3
1459,1628,54.04168122737159,672.3021638173003,639.5342077060476,884.7,664.3
1460,1629,54.04168122737159,672.3021638173003,639.5342077060476,884.7,664.3
1461,1630,54.04168122737159,672.3021638173003,639.5342077060476,884.7,664.3
1462,1631,54.04168122737159,672.3021638173003,639.5342077060476,884.7,664.3
1463,1632,51.59342287740897,672.3021638173003,639.5342077060476,884.7,664.3
1464,1633,51.59342287740897,672.3021638173003,639.5342077060476,884.7,664.3
1465,1634,51.59342287740897,672.3021638173003,639.5342077060476,884.7,664.3
1466,1635,51.59342287740897,796.3021638173003,666.5342077060476,884.7,664.3
1467,1636,51.59342287740897,796.3021638173003,666.5342077060476,884.7,664.3
1468,1637,51.59342287740897,796.3021638173003,666.5342077060476,884.7,664.3
1469,1638,51.59342287740897,796.3021638173003,666.5342077060476,884.7,664.3
1470,1639,51.59342287740897,796.3021638173003,666.5342077060476,884.7,664.3
1471,1640,51.59342287740897,796.3021638173003,666.5342077060476,884.7,664.3
1472,1641,51.59342287740897,796.3021638173003,666.5342077060476,884.7,664.3
1473,1642,51.59342287740897,796.3021638173003,666.5342077060476,884.7,664.3
1474,1643,51.59342287740897,920.3021638173003,692.5342077060476,884.7,664.3
1475,1644,51.59342287740897,920.3021638173003,692.5342077060476,884.7,664.3
1476,1645,51.59342287740897,920.3021638173003,692.5342077060476,884.7,664.3
1477,1646,51.59342287740897,920.3021638173003,692.5342077060476,884.7,664.3
1478,1647,51.59342287740897,920.3021638173003,692.5342077060476,884.7,664.3
1479,1648,76.14125073628162,920.3021638173003,692.5342077060476,884.7,664.3
1480,1649,76.14125073628162,920.3021638173003,692.5342077060476,884.7,664.3
1481,1650,76.14125073628162,920.3021638173003,692.5342077060476,884.7,664.3
1482,1651,76.14125073628162,920.3021638173003,692.5342077060476,884.7,664.3
1483,1652,76.3290694495334,920.3021638173003,692.5342077060476,884.7,664.3
1484,1653,76.69162886539198,920.3021638173003,692.5342077060476,884.7,664.3
1485,1654,77.68468825114972,920.3021638173003,692.5342077060476,884.7,664.3
1486,1655,91.583176964156,920.3021638173003,692.5342077060476,884.7,664.3
1487,1656,56.71818800835632,920.3021638173003,692.5342077060476,884.7,664.3
1488,1656,56.71818800835632,920.3021638173003,692.5342077060476,884.7,664.3
1489,1656,56.71818800835632,920.3021638173003,692.5342077060476,884.7,664.3
1490,1656,56.71818800835632,920.3021638173003,692.5342077060476,884.7,664.3
1491,1656,56.71818800835632,920.3021638173003,692.5342077060476,884.7,664.3
1492,1656,56.71818800835632,920.3021638173003,692.5342077060476,884.7,664.3
1493,1656,56.71818800835632,920.3021638173003,692.5342077060476,884.7,664.3
1494,1656,56.71818800835632,920.3021638173003,692.5342077060476,884.7,664.3
1495,1656,56.71818800835632,920.3021638173003,692.5342077060476,884.7,664.3
1496,1656,56.71818800835632,920.3021638173003,692.5342077060476,884.7,664.3
1497,1656,56.71818800835632,920.3021638173003,692.5342077060476,884.7,664.3
1498,1656,56.71818800835632,920.3021638173003,692.5342077060476,884.7,664.3
1499,1656,56.71818800835632,920.3021638173003,692.5342077060476,884.7,664.3
1500,1656,56.71818800835632,920.3021638173003,692.5342077060476,884.7,664.3
1501,1656,56.71818800835632,920.3021638173003,692.5342077060476,884.7,664.3
1502,1656,56.71818800835632,920.3021638173003,692.5342077060476,884.7,664.3
1503,1656,56.71818800835632,920.3021638173003,692.5342077060476,884.7,664.3
1504,1656,56.71818800835632,920.3021638173003,692.5342077060476,884.7,664.3
1505,1656,56.71818800835632,920.3021638173003,692.5342077060476,884.7,664.3
1506,1656,56.71818800835632,920.3021638173003,692.5342077060476,884.7,664.3
1507,1656,56.71818800835632,920.3021638173003,692.5342077060476,884.7,664.3
1508,1656,56.71818800835632,920.3021638173003,692.5342077060476,884.7,664.3
1509,1656,56.71818800835632,920.3021638173003,692.5342077060476,884.7,664.3
1510,1656,56.71818800835632,920.3021638173003,692.5342077060476,884.7,664.3
1511,1656,56.71818800835632,920.3021638173003,692.5342077060476,884.7,664.3
1512,1656,56.71818800835632,920.3021638173003,692.5342077060476,884.7,664.3
1513,1656,56.71818800835632,920.3021638173003,692.5342077060476,884.7,664.3
1514,1656,56.71818800835632,920.3021638173003,692.5342077060476,884.7,664.3
1515,1656,56.71818800835632,920.3021638173003,692.5342077060476,884.7,664.3
1516,1656,56.71818800835632,920.3021638173003,692.5342077060476,884.7,664.3
1517,1656,56.71818800835632,920.3021638173003,692.5342077060476,884.7,664.3
1518,1656,56.71818800835632,920.3021638173003,692.5342077060476,884.7,664.3
1519,1656,56.71818800835632,920.3021638173003,692.5342077060476,884.7,664.3
1520,1656,56.71818800835632,920.3021638173003,692.5342077060476,884.7,664.3
1521,1656,56.71818800835632,920.3021638173003,692.5342077060476,884.7,664.3
1522,1656,56.71818800835632,920.3021638173003,692.5342077060476,884.7,664.3
1523,1656,56.71818800835632,920.3021638173003,692.5342077060476,884.7,664.3
1524,1656,56.71818800835632,920.3021638173003,692.5342077060476,884.7,664.3
1525,1656,56.71818800835632,920.3021638173003,692.5342077060476,884.7,664.3
1526,1656,56.71818800835632,920.3021638173003,692.5342077060476,884.7,664.3
1527,1656,50.820807642298995,920.3021638173003,692.5342077060476,884.7,664.3
1528,1656,50.820807642298995,920.3021638173003,692.5342077060476,938.1,665.9599999999999
1529,1656,50.820807642298995,920.3021638173003,692.5342077060476,991.5,667.62
1530,1656,50.820807642298995,1038.3021638173004,691.5342077060476,1044.9,669.28
1531,1656,50.820807642298995,1038.3021638173004,691.5342077060476,1098.3,670.94
1532,1656,50.820807642298995,1038.3021638173004,691.5342077060476,1151.7,672.6
1533,1656,50.820807642298995,1038.3021638173004,691.5342077060476,1151.7,672.6
1534,1656,50.820807642298995,1038.3021638173004,691.5342077060476,1151.7,672.6
1535,1656,44.88862990263394,1038.3021638173004,691.5342077060476,1151.7,672.6
1536,1656,44.88862990263394,1038.3021638173004,691.5342077060476,1151.7,672.6
1537,1656,44.88862990263394,1038.3021638173004,691.5342077060476,1151.7,672.6
1538,1656,44.88862990263394,1038.3021638173004,691.5342077060476,1151.7,672.6
1539,1656,44.88862990263394,1038.3021638173004,691.5342077060476,1151.7,672.6
1540,1656,44.88862990263394,1038.3021638173004,691.5342077060476,1151.7,672.6
1541,1656,44.88862990263394,1038.3021638173004,691.5342077060476,1151.7,672.6
1542,1656,44.88862990263394,1038.3021638173004,691.5342077060476,1151.7,672.6
1543,1656,44.88862990263394,1038.3021638173004,691.5342077060476,1151.7,672.6
1544,1656,44.88862990263394,1038.3021638173004,691.5342077060476,1151.7,672.6
1545,1656,44.88862990263394,1038.3021638173004,691.5342077060476,1151.7,672.6
1546,1656,44.88862990263394,1038.3021638173004,691.5342077060476,1151.7,672.6
1547,1656,44.88862990263394,1038.3021638173004,691.5342077060476,1151.7,672.6
1548,1656,44.88862990263394,1038.3021638173004,691.5342077060476,1151.7,672.6
1549,1656,44.88862990263394,1038.3021638173004,691.5342077060476,1151.7,672.6
1550,1656,44.88862990263394,1038.3021638173004,691.5342077060476,1151.7,672.6
1551,1656,44.88862990263394,1038.3021638173004,691.5342077060476,1151.7,672.6
1552,1656,44.88862990263394,1038.3021638173004,691.5342077060476,1151.7,672.6
1553,1656,44.88862990263394,1038.3021638173004,691.5342077060476,1151.7,672.6
1554,1656,44.88862990263394,1133.3021638173004,688.5342077060476,1151.7,672.6
1555,1656,44.88862990263394,1133.3021638173004,688.5342077060476,1151.7,672.6
1556,1656,44.88862990263394,1133.3021638173004,688.5342077060476,1151.7,672.6
1557,1656,44.88862990263394,1133.3021638173004,688.5342077060476,1151.7,672.6
1558,1656,44.88862990263394,1133.3021638173004,688.5342077060476,1151.7,672.6
1559,1656,2.7758220715358948,1133.3021638173004,688.5342077060476,1151.7,672.6
1560,1656,2.7758220715358948,1133.3021638173004,688.5342077060476,1151.7,672.6
1561,1656,2.7758220715358948,1133.3021638173004,688.5342077060476,1151.7,672.6
1562,1656,2.7758220715358948,1227.3021638173004,684.5342077060476,1151.7,672.6
1563,1656,2.7758220715358948,1227.3021638173004,684.5342077060476,1151.7,672.6
1564,1656,2.7758220715358948,1227.3021638173004,684.5342077060476,1151.7,672.6
1565,1656,2.7758220715358948,1227.3021638173004,684.5342077060476,1151.7,672.6
1566,1656,2.7758220715358948,1227.3021638173004,684.5342077060476,1151.7,672.6
1567,1656,15.679417900202044,1227.3021638173004,684.5342077060476,1151.7,672.6
1568,1656,15.679417900202044,1227.3021638173004,684.5342077060476,1094.8,673.16
1569,1656,15.679417900202044,1227.3021638173004,684.5342077060476,1037.9,673.72
1570,1656,15.679417900202044,1227.3021638173004,684.5342077060476,981.0,674.28
1571,1656,15.679417900202044,1227.3021638173004,684.5342077060476,924.1,674.84
1572,1656,15.679417900202044,1227.3021638173004,684.5342077060476,867.2,675.4
1573,1656,15.679417900202044,1227.3021638173004,684.5342077060476,867.2,675.4
1574,1656,15.679417900202044,1227.3021638173004,684.5342077060476,867.2,675.4
1575,1656,15.679417900202044,1227.3021638173004,684.5342077060476,867.2,675.4
1576,1656,15.679417900202044,1227.3021638173004,684.5342077060476,867.2,675.4
1577,1656,15.679417900202044,1227.3021638173004,684.5342077060476,867.2,675.4
1578,1656,15.679417900202044,1227.3021638173004,684.5342077060476,867.2,675.4
1579,1656,15.679417900202044,1227.3021638173004,684.5342077060476,867.2,675.4
1580,1656,15.679417900202044,1227.3021638173004,684.5342077060476,867.2,675.4
1581,1656,15.679417900202044,1227.3021638173004,684.5342077060476,867.2,675.4
1582,1656,15.679417900202044,1227.3021638173004,684.5342077060476,867.2,675.4
1583,1656,15.679417900202044,1227.3021638173004,684.5342077060476,867.2,675.4
1584,1656,15.679417900202044,1227.3021638173004,684.5342077060476,867.2,675.4
1585,1656,15.679417900202044,1227.3021638173004,684.5342077060476,867.2,675.4
1586,1656,15.679417900202044,998.3021638173003,676.5342077060476,867.2,675.4
1587,1656,15.679417900202044,998.3021638173003,676.5342077060476,867.2,675.4
1588,1656,15.679417900202044,998.3021638173003,676.5342077060476,867.2,675.4
1589,1656,15.679417900202044,998.3021638173003,676.5342077060476,867.2,675.4
1590,1656,15.679417900202044,998.3021638173003,676.5342077060476,867.2,675.4
1591,1656,16.00760445910293,998.3021638173003,676.5342077060476,867.2,675.4
1592,1656,16.00760445910293,998.3021638173003,676.5342077060476,832.26,676.34
1593,1656,16.00760445910293,998.3021638173003,676.5342077060476,797.32,677.28
1594,1656,16.00760445910293,768.3021638173003,668.5342077060476,762.38,678.22
1595,1656,16.00760445910293,768.3021638173003,668.5342077060476,727.44,679.16
1596,1656,16.00760445910293,768.3021638173003,668.5342077060476,692.5,680.1
1597,1656,16.00760445910293,768.3021638173003,668.5342077060476,692.5,680.1
1598,1656,16.00760445910293,768.3021638173003,668.5342077060476,692.5,680.1
1599,1656,16.48712090513315,768.3021638173003,668.5342077060476,692.5,680.1
1600,1656,16.48712090513315,768.3021638173003,668.5342077060476,692.5,680.1
1601,1656,16.48712090513315,768.3021638173003,668.5342077060476,692.5,680.1
1602,1656,16.48712090513315,768.3021638173003,668.5342077060476,692.5,680.1
1603,1656,16.48712090513315,768.3021638173003,668.5342077060476,692.5,680.1
1604,1656,16.48712090513315,768.3021638173003,668.5342077060476,692.5,680.1
1605,1656,16.48712090513315,768.3021638173003,668.5342077060476,692.5,680.1
1606,1656,16.48712090513315,768.3021638173003,668.5342077060476,692.5,680.1
1607,1656,16.73447248963969,768.3021638173003,668.5342077060476,692.5,680.1
1608,1656,16.73447248963969,768.3021638173003,668.5342077060476,692.5,680.1
1609,1656,16.73447248963969,768.3021638173003,668.5342077060476,692.5,680.1
1610,1656,16.73447248963969,768.3021638173003,668.5342077060476,745.2714285714286,677.2571428571429
1611,1656,16.73447248963969,768.3021638173003,668.5342077060476,798.0428571428572,674.4142857142857
1612,1656,16.73447248963969,768.3021638173003,668.5342077060476,850.8142857142857,671.5714285714286
1613,1656,16.73447248963969,768.3021638173003,668.5342077060476,903.5857142857144,668.7285714285715
1614,1656,16.73447248963969,768.3021638173003,668.5342077060476,956.3571428571429,665.8857142857144
1615,1656,16.976388012621403,768.3021638173003,668.5342077060476,1009.1285714285715,663.0428571428572
1616,1656,16.976388012621403,768.3021638173003,668.5342077060476,1061.9,660.2
1617,1656,16.976388012621403,768.3021638173003,668.5342077060476,1061.9,660.2
1618,1656,16.976388012621403,848.3021638173003,659.5342077060476,1061.9,660.2
1619,1656,16.976388012621403,848.3021638173003,659.5342077060476,1061.9,660.2
1620,1656,16.976388012621403,848.3021638173003,659.5342077060476,1061.9,660.2
1621,1656,16.976388012621403,848.3021638173003,659.5342077060476,1061.9,660.2
1622,1656,16.976388012621403,848.3021638173003,659.5342077060476,1061.9,660.2
1623,1656,16.976388012621403,848.3021638173003,659.5342077060476,1061.9,660.2
1624,1656,16.976388012621403,848.3021638173003,659.5342077060476,1061.9,660.2
1625,1656,16.976388012621403,848.3021638173003,659.5342077060476,1061.9,660.2
1626,1656,16.976388012621403,848.3021638173003,659.5342077060476,1061.9,660.2
1627,1656,16.976388012621403,848.3021638173003,659.5342077060476,1061.9,660.2
1628,1656,16.976388012621403,928.3021638173003,650.5342077060476,1061.9,660.2
1629,1656,16.976388012621403,928.3021638173003,650.5342077060476,1061.9,660.2
1630,1656,16.976388012621403,928.3021638173003,650.5342077060476,1061.9,660.2
1631,1656,16.976388012621403,928.3021638173003,650.5342077060476,1061.9,660.2
1632,1656,16.976388012621403,928.3021638173003,650.5342077060476,1061.9,660.2
1633,1656,16.976388012621403,928.3021638173003,650.5342077060476,1061.9,660.2
1634,1656,16.976388012621403,928.3021638173003,650.5342077060476,1061.9,660.2
1635,1656,16.976388012621403,928.3021638173003,650.5342077060476,1061.9,660.2
1636,1656,16.976388012621403,928.3021638173003,650.5342077060476,1061.9,660.2
1637,1656,16.976388012621403,928.3021638173003,650.5342077060476,1061.9,660.2
1638,1656,16.976388012621403,928.3021638173003,650.5342077060476,1061.9,660.2
1639,1656,16.976388012621403,928.3021638173003,650.5342077060476,1061.9,660.2
1640,1656,16.976388012621403,928.3021638173003,650.5342077060476,1061.9,660.2
1641,1656,16.976388012621403,928.3021638173003,650.5342077060476,1061.9,660.2
1642,1656,16.976388012621403,928.3021638173003,650.5342077060476,1061.9,660.2
1643,1656,16.976388012621403,928.3021638173003,650.5342077060476,1061.9,660.2
1644,1656,16.976388012621403,928.3021638173003,650.5342077060476,1061.9,660.2
1645,1656,16.976388012621403,928.3021638173003,650.5342077060476,1061.9,660.2
1646,1656,16.976388012621403,928.3021638173003,650.5342077060476,1061.9,660.2
1647,1656,16.976388012621403,928.3021638173003,650.5342077060476,1061.9,660.2
1648,1656,16.976388012621403,928.3021638173003,650.5342077060476,1061.9,660.2
1649,1656,16.976388012621403,928.3021638173003,650.5342077060476,1061.9,660.2
1650,1656,16.976388012621403,928.3021638173003,650.5342077060476,1061.9,660.2
1651,1656,16.976388012621403,928.3021638173003,650.5342077060476,1061.9,660.2
1652,1656,16.976388012621403,928.3021638173003,650.5342077060476,1061.9,660.2
1653,1656,16.976388012621403,928.3021638173003,650.5342077060476,1061.9,660.2
1654,1656,16.976388012621403,928.3021638173003,650.5342077060476,1061.9,660.2
1655,1656,16.976388012621403,928.3021638173003,650.5342077060476,1061.9,660.2
1656,1656,16.976388012621403,928.3021638173003,650.5342077060476,1032.68,662.94
1657,1656,16.976388012621403,928.3021638173003,650.5342077060476,1003.46,665.6800000000001
1658,1656,16.976388012621403,928.3021638173003,650.5342077060476,974.24,668.42
1659,1656,16.976388012621403,928.3021638173003,650.5342077060476,945.02,671.16
1660,1656,16.976388012621403,928.3021638173003,650.5342077060476,915.8,673.9
1661,1656,16.976388012621403,928.3021638173003,650.5342077060476,915.8,673.9
1662,1656,16.976388012621403,928.3021638173003,650.5342077060476,915.8,673.9
1663,1656,16.976388012621403,928.3021638173003,650.5342077060476,915.8,673.9
1664,1657,18.53244988507224,928.3021638173003,650.5342077060476,915.8,673.9
1665,1658,18.997382682461105,928.3021638173003,650.5342077060476,915.8,673.9
1666,1659,18.997382682461105,928.3021638173003,650.5342077060476,915.8,673.9
1667,1660,18.997382682461105,928.3021638173003,650.5342077060476,915.8,673.9
1668,1661,18.997382682461105,928.3021638173003,650.5342077060476,915.8,673.9
1669,1662,18.997382682461105,928.3021638173003,650.5342077060476,915.8,673.9
1670,1663,18.997382682461105,928.3021638173003,650.5342077060476,915.8,673.9
1671,1664,18.997382682461105,928.3021638173003,650.5342077060476,915.8,673.9
1672,1665,18.997382682461105,928.3021638173003,650.5342077060476,915.8,673.9
1673,1666,18.997382682461105,928.3021638173003,650.5342077060476,915.8,673.9
1674,1667,18.997382682461105,928.3021638173003,650.5342077060476,915.8,673.9
1675,1668,18.997382682461105,928.3021638173003,650.5342077060476,915.8,673.9
1676,1669,18.997382682461105,928.3021638173003,650.5342077060476,915.8,673.9
1677,1670,18.997382682461105,928.3021638173003,650.5342077060476,915.8,673.9
1678,1671,18.997382682461105,928.3021638173003,650.5342077060476,915.8,673.9
1679,1672,18.997382682461105,928.3021638173003,650.5342077060476,915.8,673.9
1680,1673,18.997382682461105,928.3021638173003,650.5342077060476,915.8,673.9
1681,1674,18.997382682461105,928.3021638173003,650.5342077060476,915.8,673.9
1682,1675,18.997382682461105,928.3021638173003,650.5342077060476,915.8,673.9
1683,1676,18.997382682461105,928.3021638173003,650.5342077060476,915.8,673.9
1684,1677,18.997382682461105,928.3021638173003,650.5342077060476,915.8,673.9
1685,1678,18.997382682461105,928.3021638173003,650.5342077060476,915.8,673.9
1686,1679,18.997382682461105,928.3021638173003,650.5342077060476,915.8,673.9
1687,1680,18.997382682461105,928.3021638173003,650.5342077060476,915.8,673.9
1688,1681,18.997382682461105,928.3021638173003,650.5342077060476,915.8,673.9
1689,1682,18.997382682461105,928.3021638173003,650.5342077060476,915.8,673.9
1690,1683,18.997382682461105,928.3021638173003,650.5342077060476,915.8,673.9
1691,1684,18.997382682461105,928.3021638173003,650.5342077060476,915.8,673.9
1692,1685,18.997382682461105,928.3021638173003,650.5342077060476,915.8,673.9
1693,1686,18.997382682461105,928.3021638173003,650.5342077060476,915.8,673.9
1694,1687,18.997382682461105,928.3021638173003,650.5342077060476,915.8,673.9
1695,1688,6.540451201341466,928.3021638173003,650.5342077060476,915.8,673.9
1696,1689,6.540451201341466,928.3021638173003,650.5342077060476,915.8,673.9
1697,1690,6.540451201341466,928.3021638173003,650.5342077060476,915.8,673.9
1698,1691,6.540451201341466,928.3021638173003,650.5342077060476,915.8,673.9
1699,1692,6.540451201341466,928.3021638173003,650.5342077060476,915.8,673.9
1700,1693,6.540451201341466,928.3021638173003,650.5342077060476,915.8,673.9
1701,1694,9.76763490209434,928.3021638173003,650.5342077060476,915.8,673.9
1702,1695,13.743997930783557,928.3021638173003,650.5342077060476,915.8,673.9
1703,1696,26.42366044070097,928.3021638173003,650.5342077060476,915.8,673.9
1704,1697,20.158402957665963,928.3021638173003,650.5342077060476,915.8,673.9
1705,1697,20.158402957665963,928.3021638173003,650.5342077060476,915.8,673.9
1706,1697,20.158402957665963,946.3021638173003,625.5342077060476,915.8,673.9
1707,1697,20.158402957665963,946.3021638173003,625.5342077060476,915.8,673.9
1708,1697,20.158402957665963,946.3021638173003,625.5342077060476,915.8,673.9
1709,1697,20.158402957665963,946.3021638173003,625.5342077060476,915.8,673.9
1710,1697,20.158402957665963,946.3021638173003,625.5342077060476,915.8,673.9
1711,1697,20.158402957665963,946.3021638173003,625.5342077060476,915.8,673.9
1712,1697,20.158402957665963,946.3021638173003,625.5342077060476,915.8,673.9
1713,1697,20.158402957665963,946.3021638173003,625.5342077060476,915.8,673.9
1714,1697,20.158402957665963,946.3021638173003,625.5342077060476,915.8,673.9
1715,1697,20.158402957665963,946.3021638173003,625.5342077060476,915.8,673.9
1716,1697,20.158402957665963,946.3021638173003,625.5342077060476,915.8,673.9
1717,1697,20.158402957665963,946.3021638173003,625.5342077060476,915.8,673.9
1718,1697,20.158402957665963,946.3021638173003,625.5342077060476,915.8,673.9
1719,1697,20.158402957665963,946.3021638173003,625.5342077060476,915.8,673.9
1720,1697,20.158402957665963,946.3021638173003,625.5342077060476,915.8,673.9
1721,1697,20.158402957665963,946.3021638173003,625.5342077060476,915.8,673.9
1722,1697,20.158402957665963,946.3021638173003,625.5342077060476,895.25,676.8
1723,1697,20.158402957665963,946.3021638173003,625.5342077060476,874.7,679.7
1724,1697,20.158402957665963,946.3021638173003,625.5342077060476,854.15,682.6
1725,1697,20.158402957665963,946.3021638173003,625.5342077060476,833.6,685.5
1726,1697,20.158402957665963,946.3021638173003,625.5342077060476,833.6,685.5
1727,1697,20.158402957665963,946.3021638173003,625.5342077060476,833.6,685.5
1728,1698,20.158402957665963,946.3021638173003,625.5342077060476,833.6,685.5
1729,1699,20.158402957665963,946.3021638173003,625.5342077060476,833.6,685.5
1730,1700,20.158402957665963,946.3021638173003,625.5342077060476,833.6,685.5
1731,1701,20.158402957665963,946.3021638173003,625.5342077060476,833.6,685.5
1732,1702,20.158402957665963,946.3021638173003,625.5342077060476,833.6,685.5
1733,1703,20.158402957665963,946.3021638173003,625.5342077060476,833.6,685.5
1734,1704,20.158402957665963,946.3021638173003,625.5342077060476,833.6,685.5
1735,1705,20.158402957665963,946.3021638173003,625.5342077060476,833.6,685.5
1736,1706,20.158402957665963,946.3021638173003,625.5342077060476,833.6,685.5
1737,1707,20.158402957665963,946.3021638173003,625.5342077060476,833.6,685.5
1738,1708,20.158402957665963,946.3021638173003,625.5342077060476,833.6,685.5
1739,1709,20.158402957665963,946.3021638173003,625.5342077060476,833.6,685.5
1740,1710,20.158402957665963,918.3021638173003,686.5342077060476,833.6,685.5
1741,1711,20.158402957665963,918.3021638173003,686.5342077060476,833.6,685.5
1742,1712,20.158402957665963,918.3021638173003,686.5342077060476,833.6,685.5
1743,1713,20.158402957665963,918.3021638173003,686.5342077060476,833.6,685.5
1744,1714,20.158402957665963,918.3021638173003,686.5342077060476,833.6,685.5
1745,1715,20.158402957665963,918.3021638173003,686.5342077060476,833.6,685.5
1746,1716,20.158402957665963,918.3021638173003,686.5342077060476,833.6,685.5
1747,1717,20.158402957665963,918.3021638173003,686.5342077060476,833.6,685.5
1748,1718,20.158402957665963,918.3021638173003,686.5342077060476,833.6,685.5
1749,1719,20.158402957665963,918.3021638173003,686.5342077060476,833.6,685.5
1750,1720,20.158402957665963,918.3021638173003,686.5342077060476,833.6,685.5
1751,1721,20.158402957665963,918.3021638173003,686.5342077060476,833.6,685.5
1752,1722,20.158402957665963,918.3021638173003,686.5342077060476,833.6,685.5
1753,1723,20.158402957665963,918.3021638173003,686.5342077060476,833.6,685.5
1754,1724,20.158402957665963,918.3021638173003,686.5342077060476,833.6,685.5
1755,1725,20.158402957665963,918.3021638173003,686.5342077060476,833.6,685.5
1756,1726,20.158402957665963,918.3021638173003,686.5342077060476,833.6,685.5
1757,1727,20.158402957665963,918.3021638173003,686.5342077060476,833.6,685.5
1758,1728,20.158402957665963,918.3021638173003,686.5342077060476,833.6,685.5
1759,1729,20.158402957665963,918.3021638173003,686.5342077060476,833.6,685.5
1760,1730,20.158402957665963,918.3021638173003,686.5342077060476,833.6,685.5
1761,1731,20.158402957665963,918.3021638173003,686.5342077060476,833.6,685.5
1762,1732,20.158402957665963,918.3021638173003,686.5342077060476,833.6,685.5
1763,1733,20.158402957665963,918.3021638173003,686.5342077060476,833.6,685.5
1764,1734,20.158402957665963,918.3021638173003,686.5342077060476,833.6,685.5
1765,1735,20.158402957665963,918.3021638173003,686.5342077060476,833.6,685.5
1766,1736,20.158402957665963,918.3021638173003,686.5342077060476,833.6,685.5
1767,1737,20.158402957665963,918.3021638173003,686.5342077060476,833.6,685.5
1768,1738,20.158402957665963,918.3021638173003,686.5342077060476,833.6,685.5
1769,1739,20.158402957665963,918.3021638173003,686.5342077060476,833.6,685.5
1770,1740,20.158402957665963,918.3021638173003,686.5342077060476,833.6,685.5
1771,1741,20.158402957665963,918.3021638173003,686.5342077060476,833.6,685.5
1772,1742,32.03070354889369,918.3021638173003,686.5342077060476,833.6,685.5
1773,1743,53.00921449023656,918.3021638173003,686.5342077060476,833.6,685.5
1774,1744,84.62746630067555,918.3021638173003,686.5342077060476,833.6,685.5
1775,1745,50.64266027029818,918.3021638173003,686.5342077060476,833.6,685.5
1775,1746,33.20904833761978,918.3021638173003,686.5342077060476,833.6,685.5
1775,1747,23.302733379516553,918.3021638173003,686.5342077060476,833.6,685.5
1775,1748,23.302733379516553,918.3021638173003,686.5342077060476,833.6,685.5
1775,1749,23.302733379516553,918.3021638173003,686.5342077060476,833.6,685.5
1776,1750,23.302733379516553,918.3021638173003,686.5342077060476,833.6,685.5
1777,1751,23.302733379516553,918.3021638173003,686.5342077060476,833.6,685.5
1778,1752,23.302733379516553,918.3021638173003,686.5342077060476,833.6,685.5
1779,1753,23.302733379516553,918.3021638173003,686.5342077060476,833.6,685.5
1780,1754,23.302733379516553,918.3021638173003,686.5342077060476,833.6,685.5
1781,1755,23.302733379516553,918.3021638173003,686.5342077060476,833.6,685.5
1782,1756,23.302733379516553,910.3021638173003,656.5342077060476,833.6,685.5
1783,1757,23.302733379516553,910.3021638173003,656.5342077060476,833.6,685.5
1784,1758,23.302733379516553,910.3021638173003,656.5342077060476,833.6,685.5
1785,1759,23.302733379516553,910.3021638173003,656.5342077060476,833.6,685.5
1786,1760,23.302733379516553,910.3021638173003,656.5342077060476,833.6,685.5
1787,1761,23.302733379516553,910.3021638173003,656.5342077060476,833.6,685.5
1788,1762,23.302733379516553,910.3021638173003,656.5342077060476,833.6,685.5
1789,1763,23.302733379516553,910.3021638173003,656.5342077060476,833.6,685.5
1790,1764,23.302733379516553,910.3021638173003,656.5342077060476,833.6,685.5
1791,1765,23.302733379516553,910.3021638173003,656.5342077060476,833.6,685.5
1792,1766,23.302733379516553,910.3021638173003,656.5342077060476,833.6,685.5
1793,1767,23.302733379516553,910.3021638173003,656.5342077060476,833.6,685.5
1794,1768,23.302733379516553,910.3021638173003,656.5342077060476,833.6,685.5
1795,1769,23.302733379516553,910.3021638173003,656.5342077060476,833.6,685.5
1796,1770,23.302733379516553,910.3021638173003,656.5342077060476,833.6,685.5
1797,1771,23.302733379516553,910.3021638173003,656.5342077060476,833.6,685.5
1798,1772,23.302733379516553,910.3021638173003,656.5342077060476,833.6,685.5
1799,1773,23.302733379516553,910.3021638173003,656.5342077060476,833.6,685.5
1800,1774,23.302733379516553,910.3021638173003,656.5342077060476,833.6,685.5
1801,1775,23.302733379516553,910.3021638173003,656.5342077060476,833.6,685.5
1802,1776,23.302733379516553,910.3021638173003,656.5342077060476,833.6,685.5
1803,1777,23.302733379516553,910.3021638173003,656.5342077060476,833.6,685.5
1804,1778,23.302733379516553,910.3021638173003,656.5342077060476,833.6,685.5
1805,1779,23.302733379516553,910.3021638173003,656.5342077060476,833.6,685.5
1806,1780,23.302733379516553,910.3021638173003,656.5342077060476,833.6,685.5
1807,1781,23.302733379516553,910.3021638173003,656.5342077060476,833.6,685.5
1808,1782,23.302733379516553,910.3021638173003,656.5342077060476,791.58,687.28
1809,1783,23.302733379516553,910.3021638173003,656.5342077060476,749.5600000000001,689.06
1810,1784,23.302733379516553,910.3021638173003,656.5342077060476,707.54,690.84
1811,1785,23.302733379516553,910.3021638173003,656.5342077060476,665.52,692.62
1812,1786,23.302733379516553,910.3021638173003,656.5342077060476,623.5,694.4
1813,1787,23.302733379516553,910.3021638173003,656.5342077060476,623.5,694.4
1814,1788,23.302733379516553,910.3021638173003,656.5342077060476,623.5,694.4
1815,1789,23.302733379516553,910.3021638173003,656.5342077060476,623.5,694.4
1816,1790,23.302733379516553,910.3021638173003,656.5342077060476,623.5,694.4
1817,1791,23.302733379516553,910.3021638173003,656.5342077060476,623.5,694.4
1818,1792,23.302733379516553,910.3021638173003,656.5342077060476,623.5,694.4
1819,1793,23.302733379516553,910.3021638173003,656.5342077060476,623.5,694.4
1820,1794,23.302733379516553,910.3021638173003,656.5342077060476,623.5,694.4
1821,1795,23.302733379516553,910.3021638173003,656.5342077060476,623.5,694.4
1822,1796,23.302733379516553,910.3021638173003,656.5342077060476,623.5,694.4
1823,1797,23.302733379516553,910.3021638173003,656.5342077060476,623.5,694.4
1824,1798,23.302733379516553,910.3021638173003,656.5342077060476,623.5,694.4
1825,1799,23.302733379516553,910.3021638173003,656.5342077060476,623.5,694.4
1826,1800,23.302733379516553,910.3021638173003,656.5342077060476,623.5,694.4
1827,1801,23.302733379516553,910.3021638173003,656.5342077060476,623.5,694.4
1828,1802,23.302733379516553,910.3021638173003,656.5342077060476,623.5,694.4
1829,1803,23.302733379516553,910.3021638173003,656.5342077060476,623.5,694.4
1830,1804,23.302733379516553,910.3021638173003,656.5342077060476,623.5,694.4
1831,1805,23.302733379516553,910.3021638173003,656.5342077060476,623.5,694.4
1832,1806,23.302733379516553,910.3021638173003,656.5342077060476,623.5,694.4
1833,1807,23.302733379516553,910.3021638173003,656.5342077060476,623.5,694.4
1834,1808,17.859120057799935,910.3021638173003,656.5342077060476,623.5,694.4
1835,1809,13.721921785851665,910.3021638173003,656.5342077060476,623.5,694.4
1836,1810,10.502265042132333,910.3021638173003,656.5342077060476,623.5,694.4
1837,1811,7.94037146140588,910.3021638173003,656.5342077060476,623.5,694.4
1838,1812,5.861081192998774,910.3021638173003,656.5342077060476,623.5,694.4
1839,1812,5.861081192998774,910.3021638173003,656.5342077060476,623.5,694.4
1840,1812,5.861081192998774,910.3021638173003,656.5342077060476,623.5,694.4
1841,1812,5.861081192998774,910.3021638173003,656.5342077060476,623.5,694.4
1842,1812,5.861081192998774,910.3021638173003,656.5342077060476,623.5,694.4
1843,1812,5.861081192998774,910.3021638173003,656.5342077060476,623.5,694.4
1844,1812,5.861081192998774,910.3021638173003,656.5342077060476,623.5,694.4
1845,1812,5.861081192998774,910.3021638173003,656.5342077060476,623.5,694.4
1846,1812,5.861081192998774,788.3021638173003,679.5342077060476,623.5,694.4
1847,1812,5.861081192998774,788.3021638173003,679.5342077060476,623.5,694.4
1848,1813,5.861081192998774,788.3021638173003,679.5342077060476,623.5,694.4
1849,1814,5.861081192998774,788.3021638173003,679.5342077060476,623.5,694.4
1850,1815,5.861081192998774,788.3021638173003,679.5342077060476,623.5,694.4
1851,1816,5.861081192998774,788.3021638173003,679.5342077060476,623.5,694.4
1852,1817,5.861081192998774,788.3021638173003,679.5342077060476,623.5,694.4
1853,1818,5.861081192998774,788.3021638173003,679.5342077060476,623.5,694.4
1854,1819,5.861081192998774,666.3021638173003,702.5342077060476,623.5,694.4
1855,1820,5.861081192998774,666.3021638173003,702.5342077060476,623.5,694.4
1856,1821,5.861081192998774,666.3021638173003,702.5342077060476,623.5,694.4
1857,1822,5.861081192998774,666.3021638173003,702.5342077060476,623.5,694.4
1858,1823,5.861081192998774,666.3021638173003,702.5342077060476,623.5,694.4
1859,1824,5.861081192998774,666.3021638173003,702.5342077060476,623.5,694.4
1860,1825,5.861081192998774,666.3021638173003,702.5342077060476,623.5,694.4
1861,1826,5.861081192998774,666.3021638173003,702.5342077060476,623.5,694.4
1862,1827,5.861081192998774,666.3021638173003,702.5342077060476,623.5,694.4
1863,1828,5.861081192998774,666.3021638173003,702.5342077060476,623.5,694.4
1864,1829,5.861081192998774,666.3021638173003,702.5342077060476,623.5,694.4
1865,1830,5.861081192998774,666.3021638173003,702.5342077060476,623.5,694.4
1866,1831,5.861081192998774,666.3021638173003,702.5342077060476,623.5,694.4
1867,1832,5.861081192998774,666.3021638173003,702.5342077060476,623.5,694.4
1868,1833,5.861081192998774,666.3021638173003,702.5342077060476,623.5,694.4
1869,1834,5.861081192998774,666.3021638173003,702.5342077060476,682.12,695.6999999999999
1870,1835,5.861081192998774,666.3021638173003,702.5342077060476,740.74,697.0
1871,1836,5.861081192998774,666.3021638173003,702.5342077060476,799.36,698.3
1872,1837,5.861081192998774,666.3021638173003,702.5342077060476,857.98,699.6
1873,1838,5.861081192998774,666.3021638173003,702.5342077060476,916.6,700.9
1874,1839,5.861081192998774,666.3021638173003,702.5342077060476,916.6,700.9
1875,1840,5.861081192998774,666.3021638173003,702.5342077060476,916.6,700.9
1876,1841,5.861081192998774,666.3021638173003,702.5342077060476,916.6,700.9
1877,1842,5.861081192998774,666.3021638173003,702.5342077060476,916.6,700.9
1878,1843,5.861081192998774,803.3021638173003,697.5342077060476,916.6,700.9
1879,1844,5.861081192998774,803.3021638173003,697.5342077060476,916.6,700.9
1880,1845,5.861081192998774,803.3021638173003,697.5342077060476,916.6,700.9
1881,1846,5.861081192998774,803.3021638173003,697.5342077060476,916.6,700.9
1882,1847,5.861081192998774,803.3021638173003,697.5342077060476,916.6,700.9
1883,1848,5.861081192998774,803.3021638173003,697.5342077060476,916.6,700.9
1884,1849,5.861081192998774,803.3021638173003,697.5342077060476,916.6,700.9
1885,1850,5.861081192998774,803.3021638173003,697.5342077060476,916.6,700.9
1886,1851,5.861081192998774,940.3021638173003,692.5342077060476,916.6,700.9
1887,1852,5.861081192998774,940.3021638173003,692.5342077060476,916.6,700.9
1888,1853,5.861081192998774,940.3021638173003,692.5342077060476,916.6,700.9
1889,1854,5.861081192998774,940.3021638173003,692.5342077060476,916.6,700.9
1890,1855,5.861081192998774,940.3021638173003,692.5342077060476,916.6,700.9
1891,1856,5.861081192998774,940.3021638173003,692.5342077060476,916.6,700.9
1892,1857,5.861081192998774,940.3021638173003,692.5342077060476,916.6,700.9
1893,1858,5.861081192998774,940.3021638173003,692.5342077060476,916.6,700.9
1894,1859,5.861081192998774,940.3021638173003,692.5342077060476,916.6,700.9
1895,1860,5.861081192998774,940.3021638173003,692.5342077060476,916.6,700.9
1896,1861,5.861081192998774,940.3021638173003,692.5342077060476,916.6,700.9
1897,1862,5.861081192998774,940.3021638173003,692.5342077060476,916.6,700.9
1898,1863,5.861081192998774,940.3021638173003,692.5342077060476,916.6,700.9
1899,1864,5.861081192998774,940.3021638173003,692.5342077060476,916.6,700.9
1900,1865,5.861081192998774,940.3021638173003,692.5342077060476,916.6,700.9
1901,1866,5.861081192998774,940.3021638173003,692.5342077060476,916.6,700.9
1902,1867,5.861081192998774,940.3021638173003,692.5342077060476,916.6,700.9
1903,1868,5.861081192998774,940.3021638173003,692.5342077060476,916.6,700.9
1904,1869,7.320472070805196,940.3021638173003,692.5342077060476,916.6,700.9
1905,1870,9.036562288201509,940.3021638173003,692.5342077060476,916.6,700.9
1906,1871,11.079534684008415,940.3021638173003,692.5342077060476,916.6,700.9
1907,1872,13.545572353936198,940.3021638173003,692.5342077060476,916.6,700.9
1908,1873,13.545572353936198,940.3021638173003,692.5342077060476,916.6,700.9
1909,1874,13.545572353936198,940.3021638173003,692.5342077060476,916.6,700.9
1910,1875,13.545572353936198,940.3021638173003,692.5342077060476,916.6,700.9
1911,1876,13.545572353936198,940.3021638173003,692.5342077060476,916.6,700.9
1912,1877,13.545572353936198,940.3021638173003,692.5342077060476,916.6,700.9
1913,1878,13.545572353936198,940.3021638173003,692.5342077060476,916.6,700.9
1914,1879,13.545572353936198,940.3021638173003,692.5342077060476,916.6,700.9
1915,1880,13.545572353936198,940.3021638173003,692.5342077060476,916.6,700.9
1916,1881,13.545572353936198,940.3021638173003,692.5342077060476,916.6,700.9
1917,1882,13.545572353936198,940.3021638173003,692.5342077060476,916.6,700.9
1918,1883,13.545572353936198,940.3021638173003,692.5342077060476,916.6,700.9
1919,1884,12.928594904440077,940.3021638173003,692.5342077060476,916.6,700.9
1920,1885,12.928594904440077,940.3021638173003,692.5342077060476,916.6,700.9
1921,1886,12.928594904440077,940.3021638173003,692.5342077060476,916.6,700.9
1922,1887,12.928594904440077,940.3021638173003,692.5342077060476,916.6,700.9
1923,1888,12.928594904440077,940.3021638173003,692.5342077060476,916.6,700.9
1924,1889,12.928594904440077,940.3021638173003,692.5342077060476,916.6,700.9
1925,1890,12.928594904440077,940.3021638173003,692.5342077060476,916.6,700.9
1926,1891,12.928594904440077,940.3021638173003,692.5342077060476,916.6,700.9
1926,1892,12.928594904440077,940.3021638173003,692.5342077060476,916.6,700.9
1926,1893,12.928594904440077,940.3021638173003,692.5342077060476,916.6,700.9
1927,1894,12.928594904440077,940.3021638173003,692.5342077060476,868.7,703.9
1928,1895,12.928594904440077,940.3021638173003,692.5342077060476,820.8000000000001,706.9
1929,1896,12.928594904440077,940.3021638173003,692.5342077060476,772.9000000000001,709.9
1930,1897,12.928594904440077,940.3021638173003,692.5342077060476,725.0,712.9
1931,1898,12.928594904440077,940.3021638173003,692.5342077060476,677.1,715.9
1932,1899,12.928594904440077,940.3021638173003,692.5342077060476,629.2,718.9
1933,1900,26.798995199913293,940.3021638173003,692.5342077060476,629.2,718.9
1934,1901,43.51263579077954,940.3021638173003,692.5342077060476,629.2,718.9
1935,1902,43.51081999811291,940.3021638173003,692.5342077060476,629.2,718.9
1935,1903,28.494267904724413,940.3021638173003,692.5342077060476,629.2,718.9
1935,1904,16.83153321751043,940.3021638173003,692.5342077060476,629.2,718.9
1935,1905,8.182023297685188,940.3021638173003,692.5342077060476,629.2,718.9
1935,1906,1.7818768298458376,940.3021638173003,692.5342077060476,629.2,718.9
1935,1907,1.7818768298458376,940.3021638173003,692.5342077060476,629.2,718.9
1935,1908,1.7818768298458376,940.3021638173003,692.5342077060476,629.2,718.9
1935,1909,1.7818768298458376,940.3021638173003,692.5342077060476,629.2,718.9
1935,1910,1.7818768298458376,940.3021638173003,692.5342077060476,629.2,718.9
1935,1911,1.7818768298458376,940.3021638173003,692.5342077060476,629.2,718.9
1935,1912,1.7818768298458376,940.3021638173003,692.5342077060476,629.2,718.9
1935,1913,1.7818768298458376,940.3021638173003,692.5342077060476,629.2,718.9
1935,1914,1.7818768298458376,940.3021638173003,692.5342077060476,629.2,718.9
1935,1915,1.7818768298458376,940.3021638173003,692.5342077060476,629.2,718.9
1935,1916,1.7818768298458376,940.3021638173003,692.5342077060476,629.2,718.9
1935,1917,1.7818768298458376,940.3021638173003,692.5342077060476,629.2,718.9
1936,1918,1.7818768298458376,940.3021638173003,692.5342077060476,629.2,718.9
1937,1919,1.7818768298458376,940.3021638173003,692.5342077060476,629.2,718.9
1938,1920,1.7818768298458376,940.3021638173003,692.5342077060476,629.2,718.9
1939,1921,1.7818768298458376,940.3021638173003,692.5342077060476,629.2,718.9
1940,1922,1.7818768298458376,940.3021638173003,692.5342077060476,629.2,718.9
1941,1923,1.7818768298458376,940.3021638173003,692.5342077060476,629.2,718.9
1942,1924,1.7818768298458376,940.3021638173003,692.5342077060476,629.2,718.9
1943,1925,1.7818768298458376,940.3021638173003,692.5342077060476,629.2,718.9
1944,1926,1.7818768298458376,940.3021638173003,692.5342077060476,629.2,718.9
1945,1927,1.7818768298458376,940.3021638173003,692.5342077060476,629.2,718.9
1946,1928,1.7818768298458376,940.3021638173003,692.5342077060476,629.2,718.9
1947,1929,1.7818768298458376,940.3021638173003,692.5342077060476,629.2,718.9
1948,1930,1.7818768298458376,940.3021638173003,692.5342077060476,629.2,718.9
1949,1931,1.7818768298458376,940.3021638173003,692.5342077060476,629.2,718.9
1950,1932,1.7818768298458376,940.3021638173003,692.5342077060476,629.2,718.9
1951,1933,1.7818768298458376,940.3021638173003,692.5342077060476,629.2,718.9
1952,1934,1.7818768298458376,940.3021638173003,692.5342077060476,629.2,718.9
1953,1935,1.7818768298458376,940.3021638173003,692.5342077060476,629.2,718.9
1954,1936,1.7818768298458376,940.3021638173003,692.5342077060476,629.2,718.9
1955,1937,1.7818768298458376,940.3021638173003,692.5342077060476,629.2,718.9
1956,1938,1.7818768298458376,940.3021638173003,692.5342077060476,629.2,718.9
1957,1939,1.7818768298458376,940.3021638173003,692.5342077060476,629.2,718.9
1958,1940,1.7818768298458376,940.3021638173003,692.5342077060476,629.2,718.9
1959,1941,1.7818768298458376,783.3021638173003,676.5342077060476,629.2,718.9
1960,1942,1.7818768298458376,783.3021638173003,676.5342077060476,613.1333333333333,713.4666666666667
1961,1943,1.7818768298458376,783.3021638173003,676.5342077060476,597.0666666666667,708.0333333333333
1962,1944,1.7818768298458376,783.3021638173003,676.5342077060476,581.0,702.6
1963,1945,1.7818768298458376,783.3021638173003,676.5342077060476,581.0,702.6
1964,1946,1.7818768298458376,783.3021638173003,676.5342077060476,581.0,702.6
1965,1947,1.7818768298458376,626.3021638173003,660.5342077060476,581.0,702.6
1966,1948,1.7818768298458376,626.3021638173003,660.5342077060476,581.0,702.6
1967,1949,1.7818768298458376,626.3021638173003,660.5342077060476,581.0,702.6
1968,1950,1.7818768298458376,626.3021638173003,660.5342077060476,581.0,702.6
1969,1951,1.7818768298458376,626.3021638173003,660.5342077060476,581.0,702.6
1970,1952,1.7818768298458376,626.3021638173003,660.5342077060476,581.0,702.6
1971,1953,1.7818768298458376,626.3021638173003,660.5342077060476,581.0,702.6
1972,1954,1.7818768298458376,626.3021638173003,660.5342077060476,581.0,702.6
1973,1955,1.7818768298458376,626.3021638173003,660.5342077060476,581.0,702.6
1974,1956,1.7818768298458376,626.3021638173003,660.5342077060476,581.0,702.6
1975,1957,1.7818768298458376,626.3021638173003,660.5342077060476,581.0,702.6
1976,1958,1.7818768298458376,626.3021638173003,660.5342077060476,581.0,702.6
1977,1959,1.7818768298458376,626.3021638173003,660.5342077060476,581.0,702.6
1978,1960,1.7818768298458376,626.3021638173003,660.5342077060476,581.0,702.6
1979,1961,1.7818768298458376,626.3021638173003,660.5342077060476,581.0,702.6
1980,1962,1.7818768298458376,626.3021638173003,660.5342077060476,581.0,702.6
1981,1963,1.2458200759959035,626.3021638173003,660.5342077060476,581.0,702.6
1982,1964,5.136905244088222,626.3021638173003,660.5342077060476,581.0,702.6
1983,1965,8.354140610508855,626.3021638173003,660.5342077060476,581.0,702.6
1984,1966,1.4253343823070643,626.3021638173003,660.5342077060476,581.0,702.6
1985,1966,1.4253343823070643,626.3021638173003,660.5342077060476,581.0,702.6
1986,1966,1.4253343823070643,626.3021638173003,660.5342077060476,581.0,702.6
1987,1966,1.4253343823070643,626.3021638173003,660.5342077060476,581.0,702.6
1988,1966,1.4253343823070643,626.3021638173003,660.5342077060476,581.0,702.6
1989,1966,1.4253343823070643,626.3021638173003,660.5342077060476,581.0,702.6
1990,1967,8.100098105019734,626.3021638173003,660.5342077060476,581.0,702.6
1991,1968,16.619247243861146,626.3021638173003,660.5342077060476,581.0,702.6
1991,1969,16.619247243861146,626.3021638173003,660.5342077060476,581.0,702.6
1991,1970,16.619247243861146,626.3021638173003,660.5342077060476,581.0,702.6
1991,1971,16.619247243861146,626.3021638173003,660.5342077060476,581.0,702.6
1991,1972,16.619247243861146,626.3021638173003,660.5342077060476,581.0,702.6
1991,1973,16.619247243861146,626.3021638173003,660.5342077060476,581.0,702.6
1991,1974,16.619247243861146,669.3021638173003,663.5342077060476,581.0,702.6
1991,1975,16.619247243861146,669.3021638173003,663.5342077060476,581.0,702.6
1991,1976,16.619247243861146,669.3021638173003,663.5342077060476,581.0,702.6
1991,1977,16.619247243861146,669.3021638173003,663.5342077060476,581.0,702.6
1991,1978,16.619247243861146,669.3021638173003,663.5342077060476,581.0,702.6
1991,1979,16.619247243861146,669.3021638173003,663.5342077060476,581.0,702.6
1991,1980,16.619247243861146,669.3021638173003,663.5342077060476,581.0,702.6
1991,1981,16.619247243861146,669.3021638173003,663.5342077060476,581.0,702.6
1991,1982,16.619247243861146,669.3021638173003,663.5342077060476,581.0,702.6
1991,1983,16.619247243861146,669.3021638173003,663.5342077060476,581.0,702.6
1991,1984,16.619247243861146,669.3021638173003,663.5342077060476,581.0,702.6
1991,1985,16.619247243861146,669.3021638173003,663.5342077060476,581.0,702.6
1991,1986,16.619247243861146,669.3021638173003,663.5342077060476,581.0,702.6
1991,1987,16.619247243861146,669.3021638173003,663.5342077060476,581.0,702.6
1991,1988,16.619247243861146,669.3021638173003,663.5342077060476,581.0,702.6
1991,1989,16.619247243861146,669.3021638173003,663.5342077060476,581.0,702.6
1991,1990,16.619247243861146,669.3021638173003,663.5342077060476,581.0,702.6
1991,1991,16.619247243861146,669.3021638173003,663.5342077060476,581.0,702.6
1991,1992,16.619247243861146,669.3021638173003,663.5342077060476,581.0,702.6
1991,1993,16.619247243861146,669.3021638173003,663.5342077060476,581.0,702.6
1992,1994,16.619247243861146,669.3021638173003,663.5342077060476,581.0,702.6
1993,1995,16.619247243861146,669.3021638173003,663.5342077060476,581.0,702.6
1994,1996,16.619247243861146,669.3021638173003,663.5342077060476,581.0,702.6
1995,1997,16.619247243861146,669.3021638173003,663.5342077060476,581.0,702.6
1996,1998,16.619247243861146,669.3021638173003,663.5342077060476,581.0,702.6
1997,1999,16.619247243861146,669.3021638173003,663.5342077060476,581.0,702.6
1998,2000,16.619247243861146,669.3021638173003,663.5342077060476,581.0,702.6
1999,2001,16.619247243861146,669.3021638173003,663.5342077060476,581.0,702.6
2000,2002,16.619247243861146,669.3021638173003,663.5342077060476,581.0,702.6
2001,2003,16.619247243861146,669.3021638173003,663.5342077060476,581.0,702.6
2002,2004,16.619247243861146,669.3021638173003,663.5342077060476,581.0,702.6
2003,2005,16.619247243861146,669.3021638173003,663.5342077060476,581.0,702.6
2004,2006,16.619247243861146,669.3021638173003,663.5342077060476,581.0,702.6
2005,2007,16.619247243861146,669.3021638173003,663.5342077060476,581.0,702.6
2006,2008,16.619247243861146,669.3021638173003,663.5342077060476,581.0,702.6
2007,2009,16.619247243861146,669.3021638173003,663.5342077060476,581.0,702.6
2008,2010,16.619247243861146,669.3021638173003,663.5342077060476,581.0,702.6
2009,2011,16.619247243861146,669.3021638173003,663.5342077060476,581.0,702.6
2010,2012,16.619247243861146,669.3021638173003,663.5342077060476,581.0,702.6
2011,2013,16.619247243861146,669.3021638173003,663.5342077060476,581.0,702.6
2012,2014,16.619247243861146,669.3021638173003,663.5342077060476,581.0,702.6
2013,2015,16.619247243861146,669.3021638173003,663.5342077060476,618.76,657.66
2014,2016,16.619247243861146,669.3021638173003,663.5342077060476,656.52,612.72
2015,2017,16.619247243861146,669.3021638173003,663.5342077060476,694.28,567.78
2016,2018,16.619247243861146,669.3021638173003,663.5342077060476,732.04,522.8399999999999
2017,2019,16.619247243861146,669.3021638173003,663.5342077060476,769.8,477.9
2018,2020,16.619247243861146,669.3021638173003,663.5342077060476,769.8,477.9
2019,2021,16.619247243861146,669.3021638173003,663.5342077060476,769.8,477.9
2020,2022,16.619247243861146,669.3021638173003,663.5342077060476,769.8,477.9
2021,2023,16.619247243861146,669.3021638173003,663.5342077060476,769.8,477.9
2022,2024,16.619247243861146,669.3021638173003,663.5342077060476,769.8,477.9
2023,2025,16.619247243861146,669.3021638173003,663.5342077060476,769.8,477.9
2024,2026,16.619247243861146,669.3021638173003,663.5342077060476,769.8,477.9
2025,2027,16.619247243861146,669.3021638173003,663.5342077060476,769.8,477.9
2026,2028,16.619247243861146,669.3021638173003,663.5342077060476,769.8,477.9
2027,2029,16.619247243861146,669.3021638173003,663.5342077060476,769.8,477.9
2028,2030,16.619247243861146,669.3021638173003,663.5342077060476,769.8,477.9
2029,2031,16.619247243861146,669.3021638173003,663.5342077060476,769.8,477.9
2030,2032,16.619247243861146,669.3021638173003,663.5342077060476,769.8,477.9
2031,2033,16.619247243861146,669.3021638173003,663.5342077060476,769.8,477.9
2032,2034,16.619247243861146,669.3021638173003,663.5342077060476,769.8,477.9
2033,2035,16.619247243861146,669.3021638173003,663.5342077060476,769.8,477.9
2034,2036,16.619247243861146,669.3021638173003,663.5342077060476,769.8,477.9
2035,2037,16.619247243861146,669.3021638173003,663.5342077060476,769.8,477.9
2036,2038,16.619247243861146,669.3021638173003,663.5342077060476,769.8,477.9
2037,2039,16.619247243861146,669.3021638173003,663.5342077060476,769.8,477.9
2038,2040,16.619247243861146,669.3021638173003,663.5342077060476,769.8,477.9
2039,2041,16.619247243861146,669.3021638173003,663.5342077060476,769.8,477.9
2040,2042,16.619247243861146,669.3021638173003,663.5342077060476,769.8,477.9
2041,2043,16.619247243861146,669.3021638173003,663.5342077060476,769.8,477.9
2042,2044,16.619247243861146,669.3021638173003,663.5342077060476,769.8,477.9
2043,2045,4.724797387409382,669.3021638173003,663.5342077060476,769.8,477.9
2044,2045,4.724797387409382,669.3021638173003,663.5342077060476,769.8,477.9
2045,2045,4.724797387409382,669.3021638173003,663.5342077060476,789.74,446.9
2046,2045,4.724797387409382,669.3021638173003,663.5342077060476,809.68,415.9
2047,2046,13.46173876645292,669.3021638173003,663.5342077060476,829.62,384.9
2048,2047,5.966747479688471,669.3021638173003,663.5342077060476,849.56,353.9
2049,2047,5.966747479688471,669.3021638173003,663.5342077060476,869.5,322.9
2050,2047,5.966747479688471,669.3021638173003,663.5342077060476,869.5,322.9
2051,2047,5.966747479688471,669.3021638173003,663.5342077060476,869.5,322.9
2052,2047,5.966747479688471,811.3021638173003,502.5342077060476,869.5,322.9
2053,2047,5.966747479688471,811.3021638173003,502.5342077060476,869.5,322.9
2054,2047,5.966747479688471,811.3021638173003,502.5342077060476,869.5,322.9
2055,2047,5.966747479688471,811.3021638173003,502.5342077060476,869.5,322.9
2056,2047,5.966747479688471,811.3021638173003,502.5342077060476,869.5,322.9
2057,2047,5.966747479688471,811.3021638173003,502.5342077060476,869.5,322.9
2058,2047,5.966747479688471,811.3021638173003,502.5342077060476,869.5,322.9
2059,2047,5.966747479688471,811.3021638173003,502.5342077060476,869.5,322.9
2060,2047,5.966747479688471,952.3021638173003,342.5342077060476,869.5,322.9
2061,2047,5.966747479688471,952.3021638173003,342.5342077060476,869.5,322.9
2062,2047,5.966747479688471,952.3021638173003,342.5342077060476,869.5,322.9
2063,2047,5.966747479688471,952.3021638173003,342.5342077060476,869.5,322.9
2064,2047,5.966747479688471,952.3021638173003,342.5342077060476,869.5,322.9
2065,2047,5.966747479688471,952.3021638173003,342.5342077060476,869.5,322.9
2066,2047,5.966747479688471,952.3021638173003,342.5342077060476,869.5,322.9
2067,2047,5.966747479688471,952.3021638173003,342.5342077060476,869.5,322.9
2068,2047,5.966747479688471,952.3021638173003,342.5342077060476,869.5,322.9
2069,2047,5.966747479688471,952.3021638173003,342.5342077060476,869.5,322.9
2070,2047,5.966747479688471,952.3021638173003,342.5342077060476,869.5,322.9
2071,2048,2.8348481301578454,952.3021638173003,342.5342077060476,833.1428571428571,378.8142857142857
2072,2048,2.8348481301578454,952.3021638173003,342.5342077060476,796.7857142857143,434.7285714285714
2073,2048,2.8348481301578454,952.3021638173003,342.5342077060476,760.4285714285714,490.6428571428571
2074,2049,5.9274584944290885,952.3021638173003,342.5342077060476,724.0714285714286,546.5571428571428
2075,2050,5.9274584944290885,952.3021638173003,342.5342077060476,687.7142857142858,602.4714285714285
2076,2051,5.9274584944290885,812.3021638173003,493.5342077060476,651.3571428571429,658.3857142857142
2076,2052,5.9274584944290885,812.3021638173003,493.5342077060476,615.0,714.3
2076,2053,5.9274584944290885,812.3021638173003,493.5342077060476,615.0,714.3
2076,2054,5.9274584944290885,812.3021638173003,493.5342077060476,615.0,714.3
2076,2055,5.9274584944290885,812.3021638173003,493.5342077060476,615.0,714.3
2076,2056,5.9274584944290885,812.3021638173003,493.5342077060476,615.0,714.3
2076,2057,5.9274584944290885,812.3021638173003,493.5342077060476,615.0,714.3
2077,2058,5.9274584944290885,812.3021638173003,493.5342077060476,615.0,714.3
2078,2059,5.9274584944290885,672.3021638173003,644.5342077060476,615.0,714.3
2079,2060,6.271093259550222,672.3021638173003,644.5342077060476,615.0,714.3
2080,2061,6.271093259550222,672.3021638173003,644.5342077060476,615.0,714.3
2081,2062,6.271093259550222,672.3021638173003,644.5342077060476,615.0,714.3
2082,2063,6.271093259550222,672.3021638173003,644.5342077060476,615.0,714.3
2083,2064,6.271093259550222,672.3021638173003,644.5342077060476,615.0,714.3
2084,2065,6.271093259550222,672.3021638173003,644.5342077060476,615.0,714.3
2085,2066,6.271093259550222,672.3021638173003,644.5342077060476,615.0,714.3
2086,2067,6.271093259550222,672.3021638173003,644.5342077060476,615.0,714.3
2087,2068,6.271093259550222,672.3021638173003,644.5342077060476,615.0,714.3
2088,2069,6.271093259550222,672.3021638173003,644.5342077060476,615.0,714.3
2089,2070,6.271093259550222,672.3021638173003,644.5342077060476,615.0,714.3
2090,2071,6.271093259550222,672.3021638173003,644.5342077060476,615.0,714.3
2091,2072,6.271093259550222,672.3021638173003,644.5342077060476,615.0,714.3
2092,2073,6.271093259550222,672.3021638173003,644.5342077060476,615.0,714.3
2093,2074,6.271093259550222,672.3021638173003,644.5342077060476,615.0,714.3
2094,2075,6.271093259550222,672.3021638173003,644.5342077060476,615.0,714.3
2094,2076,6.271093259550222,672.3021638173003,644.5342077060476,615.0,714.3
2094,2077,6.271093259550222,672.3021638173003,644.5342077060476,615.0,714.3
2095,2078,6.271093259550222,672.3021638173003,644.5342077060476,615.0,714.3
2096,2079,6.271093259550222,672.3021638173003,644.5342077060476,615.0,714.3
2097,2080,6.271093259550222,672.3021638173003,644.5342077060476,615.0,714.3
2098,2081,6.271093259550222,672.3021638173003,644.5342077060476,615.0,714.3
2099,2082,6.271093259550222,672.3021638173003,644.5342077060476,615.0,714.3
2100,2083,6.271093259550222,672.3021638173003,644.5342077060476,615.0,714.3
2101,2084,6.271093259550222,672.3021638173003,644.5342077060476,615.0,714.3
2102,2085,16.248595208250677,672.3021638173003,644.5342077060476,615.0,714.3
2103,2086,14.552902937843484,672.3021638173003,644.5342077060476,615.0,714.3
2104,2087,6.782018960601031,672.3021638173003,644.5342077060476,615.0,714.3
2105,2087,6.782018960601031,672.3021638173003,644.5342077060476,615.0,714.3
2106,2087,6.782018960601031,672.3021638173003,644.5342077060476,615.0,714.3
2107,2087,6.782018960601031,672.3021638173003,644.5342077060476,615.0,714.3
2108,2087,6.782018960601031,672.3021638173003,644.5342077060476,615.0,714.3
2109,2087,6.782018960601031,672.3021638173003,644.5342077060476,615.0,714.3
2110,2088,30.579156032609042,672.3021638173003,644.5342077060476,615.0,714.3
2111,2089,21.732150887495468,672.3021638173003,644.5342077060476,615.0,714.3
2111,2090,21.732150887495468,672.3021638173003,644.5342077060476,615.0,714.3
2111,2091,21.732150887495468,672.3021638173003,644.5342077060476,615.0,714.3
2111,2092,21.732150887495468,672.3021638173003,644.5342077060476,615.0,714.3
2111,2093,21.732150887495468,672.3021638173003,644.5342077060476,615.0,714.3
2111,2094,21.732150887495468,672.3021638173003,644.5342077060476,615.0,714.3
2111,2095,21.732150887495468,672.3021638173003,644.5342077060476,615.0,714.3
2111,2096,21.732150887495468,672.3021638173003,644.5342077060476,615.0,714.3
2111,2097,21.732150887495468,672.3021638173003,644.5342077060476,615.0,714.3
2111,2098,21.732150887495468,672.3021638173003,644.5342077060476,615.0,714.3
2111,2099,21.732150887495468,672.3021638173003,644.5342077060476,615.0,714.3
2111,2100,21.732150887495468,672.3021638173003,644.5342077060476,615.0,714.3
2111,2101,21.732150887495468,672.3021638173003,644.5342077060476,615.0,714.3
2111,2102,21.732150887495468,672.3021638173003,644.5342077060476,615.0,714.3
2111,2103,21.732150887495468,672.3021638173003,644.5342077060476,615.0,714.3
2111,2104,21.732150887495468,672.3021638173003,644.5342077060476,615.0,714.3
2111,2105,21.732150887495468,672.3021638173003,644.5342077060476,615.0,714.3
2112,2106,21.732150887495468,672.3021638173003,644.5342077060476,615.0,714.3
2113,2107,21.732150887495468,672.3021638173003,644.5342077060476,615.0,714.3
2114,2108,21.732150887495468,672.3021638173003,644.5342077060476,615.0,714.3
2115,2109,13.02320928353381,672.3021638173003,644.5342077060476,615.0,714.3
2116,2110,6.317837397899067,672.3021638173003,644.5342077060476,615.0,714.3
2117,2111,1.1278121707337279,672.3021638173003,644.5342077060476,615.0,714.3
2118,2111,1.1278121707337279,672.3021638173003,644.5342077060476,615.0,714.3
2119,2112,2.946425605599581,672.3021638173003,644.5342077060476,615.0,714.3
2120,2113,6.1992456680840515,672.3021638173003,644.5342077060476,615.0,714.3
2121,2114,6.1992456680840515,672.3021638173003,644.5342077060476,615.0,714.3
2122,2115,6.1992456680840515,672.3021638173003,644.5342077060476,615.0,714.3
2123,2116,6.1992456680840515,672.3021638173003,644.5342077060476,615.0,714.3
2124,2117,6.1992456680840515,672.3021638173003,644.5342077060476,615.0,714.3
2125,2118,6.1992456680840515,672.3021638173003,644.5342077060476,615.0,714.3
2126,2119,6.1992456680840515,672.3021638173003,644.5342077060476,615.0,714.3
2127,2120,6.1992456680840515,672.3021638173003,644.5342077060476,615.0,714.3
2128,2121,6.1992456680840515,672.3021638173003,644.5342077060476,615.0,714.3
2129,2122,6.1992456680840515,672.3021638173003,644.5342077060476,615.0,714.3
2130,2123,6.1992456680840515,672.3021638173003,644.5342077060476,615.0,714.3
2131,2124,6.1992456680840515,672.3021638173003,644.5342077060476,615.0,714.3
2132,2125,6.1992456680840515,672.3021638173003,644.5342077060476,615.0,714.3
2133,2126,6.1992456680840515,672.3021638173003,644.5342077060476,615.0,714.3
2134,2127,1.2548056370155984,672.3021638173003,644.5342077060476,615.0,714.3
2135,2128,7.2504422088435705,672.3021638173003,644.5342077060476,615.0,714.3
2136,2129,3.371125027776197,672.3021638173003,644.5342077060476,615.0,714.3
2137,2129,3.371125027776197,672.3021638173003,644.5342077060476,615.0,714.3
2138,2129,3.371125027776197,672.3021638173003,644.5342077060476,615.0,714.3
2139,2129,3.371125027776197,672.3021638173003,644.5342077060476,615.0,714.3
2140,2129,3.371125027776197,672.3021638173003,644.5342077060476,615.0,714.3
2141,2129,3.371125027776197,672.3021638173003,644.5342077060476,615.0,714.3
2142,2129,3.371125027776197,672.3021638173003,644.5342077060476,615.0,714.3
2143,2129,3.371125027776197,672.3021638173003,644.5342077060476,647.5666666666666,675.3499999999999
2144,2129,3.371125027776197,672.3021638173003,644.5342077060476,680.1333333333333,636.4
2145,2130,7.663782662596851,672.3021638173003,644.5342077060476,712.7,597.45
2146,2130,7.663782662596851,672.3021638173003,644.5342077060476,745.2666666666667,558.5
2147,2130,7.663782662596851,672.3021638173003,644.5342077060476,777.8333333333333,519.55
2148,2130,7.663782662596851,672.3021638173003,644.5342077060476,810.4,480.6
2149,2130,7.663782662596851,672.3021638173003,644.5342077060476,810.4,480.6
2150,2130,7.663782662596851,672.3021638173003,644.5342077060476,810.4,480.6
2151,2130,7.663782662596851,672.3021638173003,644.5342077060476,810.4,480.6
2152,2130,7.663782662596851,672.3021638173003,644.5342077060476,810.4,480.6
2153,2130,7.663782662596851,672.3021638173003,644.5342077060476,810.4,480.6
2154,2130,7.663782662596851,672.3021638173003,644.5342077060476,810.4,480.6
2155,2130,7.663782662596851,672.3021638173003,644.5342077060476,810.4,480.6
2156,2130,7.663782662596851,891.3021638173003,655.5342077060476,810.4,480.6
2157,2130,7.663782662596851,891.3021638173003,655.5342077060476,810.4,480.6
2158,2130,7.663782662596851,891.3021638173003,655.5342077060476,810.4,480.6
2159,2131,14.343677028315362,891.3021638173003,655.5342077060476,810.4,480.6
2160,2132,37.767094103402876,891.3021638173003,655.5342077060476,810.4,480.6
2161,2133,56.2910111093115,891.3021638173003,655.5342077060476,810.4,480.6
2162,2134,56.2910111093115,891.3021638173003,655.5342077060476,810.4,480.6
2163,2135,56.2910111093115,891.3021638173003,655.5342077060476,810.4,480.6
2164,2136,56.2910111093115,891.3021638173003,655.5342077060476,810.4,480.6
2165,2137,56.2910111093115,891.3021638173003,655.5342077060476,810.4,480.6
2166,2138,56.2910111093115,891.3021638173003,655.5342077060476,810.4,480.6
2167,2139,56.2910111093115,891.3021638173003,655.5342077060476,810.4,480.6
2168,2140,56.2910111093115,891.3021638173003,655.5342077060476,810.4,480.6
2169,2141,56.2910111093115,891.3021638173003,655.5342077060476,810.4,480.6
2170,2142,56.2910111093115,891.3021638173003,655.5342077060476,810.4,480.6
2171,2143,56.2910111093115,891.3021638173003,655.5342077060476,810.4,480.6
2172,2144,56.2910111093115,891.3021638173003,655.5342077060476,810.4,480.6
2173,2145,56.2910111093115,891.3021638173003,655.5342077060476,810.4,480.6
2174,2146,56.2910111093115,891.3021638173003,655.5342077060476,810.4,480.6
2175,2147,56.2910111093115,891.3021638173003,655.5342077060476,810.4,480.6
2176,2148,56.2910111093115,891.3021638173003,655.5342077060476,810.4,480.6
2177,2149,56.2910111093115,891.3021638173003,655.5342077060476,810.4,480.6
2178,2150,56.2910111093115,891.3021638173003,655.5342077060476,810.4,480.6
2179,2151,56.2910111093115,891.3021638173003,655.5342077060476,810.4,480.6
2180,2152,56.2910111093115,925.3021638173003,486.5342077060476,810.4,480.6
2181,2153,56.2910111093115,925.3021638173003,486.5342077060476,810.4,480.6
2182,2154,56.2910111093115,925.3021638173003,486.5342077060476,810.4,480.6
2183,2155,56.2910111093115,925.3021638173003,486.5342077060476,810.4,480.6
2184,2156,56.2910111093115,925.3021638173003,486.5342077060476,810.4,480.6
2185,2157,56.2910111093115,925.3021638173003,486.5342077060476,810.4,480.6
2186,2158,56.2910111093115,925.3021638173003,486.5342077060476,810.4,480.6
2187,2159,56.2910111093115,925.3021638173003,486.5342077060476,810.4,480.6
2188,2160,56.2910111093115,960.3021638173003,316.5342077060476,810.4,480.6
2189,2161,56.2910111093115,960.3021638173003,316.5342077060476,810.4,480.6
2190,2162,56.2910111093115,960.3021638173003,316.5342077060476,810.4,480.6
2191,2163,56.2910111093115,960.3021638173003,316.5342077060476,810.4,480.6
2192,2164,56.2910111093115,960.3021638173003,316.5342077060476,810.4,480.6
2193,2165,56.2910111093115,960.3021638173003,316.5342077060476,810.4,480.6
2194,2166,56.2910111093115,960.3021638173003,316.5342077060476,810.4,480.6
2195,2167,56.2910111093115,960.3021638173003,316.5342077060476,810.4,480.6
2196,2168,56.2910111093115,960.3021638173003,316.5342077060476,810.4,480.6
2197,2169,56.2910111093115,960.3021638173003,316.5342077060476,810.4,480.6
2198,2170,56.2910111093115,960.3021638173003,316.5342077060476,810.4,480.6
2199,2171,56.2910111093115,960.3021638173003,316.5342077060476,810.4,480.6
2200,2172,56.2910111093115,960.3021638173003,316.5342077060476,810.4,480.6
2201,2173,46.59211663998433,960.3021638173003,316.5342077060476,810.4,480.6
2202,2174,35.076579926776475,960.3021638173003,316.5342077060476,810.4,480.6
2203,2175,22.3287010330286,960.3021638173003,316.5342077060476,810.4,480.6
2204,2176,9.485654788949462,960.3021638173003,241.5342077060476,810.4,480.6
2205,2176,9.485654788949462,960.3021638173003,241.5342077060476,810.4,480.6
2206,2176,9.485654788949462,960.3021638173003,241.5342077060476,810.4,480.6
2207,2176,9.485654788949462,960.3021638173003,241.5342077060476,810.4,480.6
2208,2176,9.485654788949462,960.3021638173003,241.5342077060476,810.4,480.6
2209,2176,9.485654788949462,960.3021638173003,241.5342077060476,810.4,480.6
2210,2176,9.485654788949462,960.3021638173003,241.5342077060476,810.4,480.6
2211,2176,9.485654788949462,960.3021638173003,241.5342077060476,810.4,480.6
2212,2176,9.485654788949462,960.3021638173003,241.5342077060476,810.4,480.6
2213,2176,9.485654788949462,960.3021638173003,241.5342077060476,810.4,480.6
2214,2176,9.485654788949462,960.3021638173003,241.5342077060476,810.4,480.6
2215,2176,9.485654788949462,960.3021638173003,241.5342077060476,810.4,480.6
2216,2176,9.485654788949462,960.3021638173003,241.5342077060476,810.4,480.6
2217,2176,9.485654788949462,960.3021638173003,241.5342077060476,810.4,480.6
2218,2176,9.485654788949462,960.3021638173003,241.5342077060476,810.4,480.6
2219,2176,9.485654788949462,960.3021638173003,241.5342077060476,810.4,480.6
2220,2176,9.485654788949462,953.3021638173003,332.5342077060476,810.4,480.6
2221,2176,9.485654788949462,953.3021638173003,332.5342077060476,810.4,480.6
2222,2176,9.485654788949462,953.3021638173003,332.5342077060476,810.4,480.6
2223,2176,2.582736569058251,953.3021638173003,332.5342077060476,810.4,480.6
2224,2176,2.582736569058251,953.3021638173003,332.5342077060476,810.4,480.6
2225,2176,2.582736569058251,953.3021638173003,332.5342077060476,810.4,480.6
2226,2176,2.582736569058251,953.3021638173003,332.5342077060476,810.4,480.6
2227,2176,2.582736569058251,953.3021638173003,332.5342077060476,810.4,480.6
2228,2176,2.582736569058251,946.3021638173003,422.5342077060476,810.4,480.6
2229,2176,2.582736569058251,946.3021638173003,422.5342077060476,810.4,480.6
2230,2176,2.582736569058251,946.3021638173003,422.5342077060476,810.4,480.6
2231,2176,2.582736569058251,946.3021638173003,422.5342077060476,810.4,480.6
2232,2176,2.582736569058251,946.3021638173003,422.5342077060476,810.4,480.6
2233,2176,2.582736569058251,946.3021638173003,422.5342077060476,810.4,480.6
2234,2176,2.582736569058251,946.3021638173003,422.5342077060476,810.4,480.6
2235,2176,2.582736569058251,946.3021638173003,422.5342077060476,810.4,480.6
2236,2176,2.582736569058251,939.3021638173003,513.5342077060476,810.4,480.6
2237,2176,2.582736569058251,939.3021638173003,513.5342077060476,810.4,480.6
2238,2176,2.582736569058251,939.3021638173003,513.5342077060476,810.4,480.6
2239,2176,2.582736569058251,939.3021638173003,513.5342077060476,810.4,480.6
2240,2176,2.582736569058251,939.3021638173003,513.5342077060476,810.4,480.6
2241,2176,2.582736569058251,939.3021638173003,513.5342077060476,810.4,480.6
2242,2176,2.582736569058251,939.3021638173003,513.5342077060476,810.4,480.6
2243,2176,2.582736569058251,939.3021638173003,513.5342077060476,860.9333333333333,466.78333333333336
2244,2176,2.582736569058251,939.3021638173003,513.5342077060476,911.4666666666666,452.9666666666667
2245,2176,2.582736569058251,939.3021638173003,513.5342077060476,962.0,439.15
2246,2176,2.582736569058251,933.3021638173003,604.5342077060476,1012.5333333333333,425.3333333333333
2247,2176,2.582736569058251,933.3021638173003,604.5342077060476,1063.0666666666666,411.51666666666665
2248,2176,2.582736569058251,933.3021638173003,604.5342077060476,1113.6,397.7
2249,2176,2.582736569058251,933.3021638173003,604.5342077060476,1113.6,397.7
2250,2176,2.582736569058251,933.3021638173003,604.5342077060476,1113.6,397.7
2251,2176,2.582736569058251,933.3021638173003,604.5342077060476,1113.6,397.7
2252,2176,2.582736569058251,933.3021638173003,604.5342077060476,1113.6,397.7
2253,2176,2.582736569058251,933.3021638173003,604.5342077060476,1113.6,397.7
2254,2176,2.582736569058251,933.3021638173003,604.5342077060476,1113.6,397.7
2255,2176,2.582736569058251,933.3021638173003,604.5342077060476,1113.6,397.7
2256,2176,2.582736569058251,933.3021638173003,604.5342077060476,1113.6,397.7
2257,2177,2.383650801474329,933.3021638173003,604.5342077060476,1113.6,397.7
2258,2177,2.383650801474329,933.3021638173003,604.5342077060476,1113.6,397.7
2259,2177,2.383650801474329,933.3021638173003,604.5342077060476,1113.6,397.7
2260,2177,2.383650801474329,933.3021638173003,604.5342077060476,1113.6,397.7
2261,2177,2.383650801474329,933.3021638173003,604.5342077060476,1113.6,397.7
2262,2177,2.383650801474329,933.3021638173003,604.5342077060476,1113.6,397.7
2263,2177,2.383650801474329,933.3021638173003,604.5342077060476,1113.6,397.7
2264,2177,2.383650801474329,933.3021638173003,604.5342077060476,1113.6,397.7
2265,2177,2.383650801474329,933.3021638173003,604.5342077060476,1113.6,397.7
2266,2177,2.383650801474329,933.3021638173003,604.5342077060476,1113.6,397.7
2267,2177,2.383650801474329,933.3021638173003,604.5342077060476,1113.6,397.7
2268,2177,2.383650801474329,933.3021638173003,604.5342077060476,1113.6,397.7
2269,2177,2.383650801474329,933.3021638173003,604.5342077060476,1113.6,397.7
2270,2177,2.383650801474329,933.3021638173003,604.5342077060476,1113.6,397.7
2271,2177,2.383650801474329,933.3021638173003,604.5342077060476,1113.6,397.7
2272,2177,2.383650801474329,933.3021638173003,604.5342077060476,1113.6,397.7
2273,2177,2.383650801474329,933.3021638173003,604.5342077060476,1113.6,397.7
2274,2177,2.383650801474329,933.3021638173003,604.5342077060476,1113.6,397.7
2275,2177,2.383650801474329,933.3021638173003,604.5342077060476,1113.6,397.7
2276,2177,2.383650801474329,933.3021638173003,604.5342077060476,1113.6,397.7
2277,2177,2.383650801474329,933.3021638173003,604.5342077060476,1113.6,397.7
2278,2177,2.383650801474329,933.3021638173003,604.5342077060476,1113.6,397.7
2279,2177,2.383650801474329,933.3021638173003,604.5342077060476,1113.6,397.7
2280,2177,2.383650801474329,933.3021638173003,604.5342077060476,1065.375,443.575
2281,2178,2.383650801474329,933.3021638173003,604.5342077060476,1017.15,489.45000000000005
2282,2179,2.383650801474329,933.3021638173003,604.5342077060476,968.925,535.325
2283,2180,2.383650801474329,933.3021638173003,604.5342077060476,920.7,581.2
2284,2181,2.383650801474329,933.3021638173003,604.5342077060476,920.7,581.2
2285,2182,2.383650801474329,933.3021638173003,604.5342077060476,920.7,581.2
2286,2183,2.383650801474329,933.3021638173003,604.5342077060476,920.7,581.2
2287,2184,2.383650801474329,933.3021638173003,604.5342077060476,920.7,581.2
2288,2185,2.383650801474329,933.3021638173003,604.5342077060476,920.7,581.2
2289,2186,2.383650801474329,933.3021638173003,604.5342077060476,920.7,581.2
2290,2187,2.383650801474329,933.3021638173003,604.5342077060476,920.7,581.2
2291,2188,2.383650801474329,933.3021638173003,604.5342077060476,920.7,581.2
2292,2189,2.383650801474329,933.3021638173003,604.5342077060476,920.7,581.2
2293,2190,2.383650801474329,933.3021638173003,604.5342077060476,920.7,581.2
2294,2191,2.383650801474329,933.3021638173003,604.5342077060476,920.7,581.2
2295,2192,2.383650801474329,933.3021638173003,604.5342077060476,920.7,581.2
2296,2193,2.383650801474329,933.3021638173003,604.5342077060476,920.7,581.2
2297,2194,2.383650801474329,933.3021638173003,604.5342077060476,920.7,581.2
2298,2195,2.383650801474329,933.3021638173003,604.5342077060476,920.7,581.2
2299,2196,2.383650801474329,933.3021638173003,604.5342077060476,920.7,581.2
2300,2197,2.383650801474329,933.3021638173003,604.5342077060476,920.7,581.2
2300,2198,2.383650801474329,933.3021638173003,604.5342077060476,920.7,581.2
2300,2199,2.383650801474329,933.3021638173003,604.5342077060476,920.7,581.2
2300,2200,2.383650801474329,933.3021638173003,604.5342077060476,920.7,581.2
2300,2201,2.383650801474329,933.3021638173003,604.5342077060476,920.7,581.2
2300,2202,2.383650801474329,933.3021638173003,604.5342077060476,920.7,581.2
2300,2203,2.383650801474329,933.3021638173003,604.5342077060476,920.7,581.2
2300,2204,2.383650801474329,933.3021638173003,604.5342077060476,920.7,581.2
2300,2205,2.383650801474329,933.3021638173003,604.5342077060476,920.7,581.2
2300,2206,2.383650801474329,933.3021638173003,604.5342077060476,920.7,581.2
2300,2207,2.383650801474329,933.3021638173003,604.5342077060476,920.7,581.2
2300,2208,2.383650801474329,933.3021638173003,604.5342077060476,920.7,581.2
2300,2209,2.383650801474329,933.3021638173003,604.5342077060476,920.7,581.2
2300,2210,2.383650801474329,933.3021638173003,604.5342077060476,920.7,581.2
2300,2211,2.383650801474329,933.3021638173003,604.5342077060476,920.7,581.2
2300,2212,2.383650801474329,933.3021638173003,604.5342077060476,920.7,581.2
2300,2213,2.383650801474329,938.3021638173003,687.5342077060476,920.7,581.2
2300,2214,2.383650801474329,938.3021638173003,687.5342077060476,920.7,581.2
2300,2215,2.383650801474329,938.3021638173003,687.5342077060476,920.7,581.2
2300,2216,2.383650801474329,938.3021638173003,687.5342077060476,920.7,581.2
2300,2217,2.383650801474329,938.3021638173003,687.5342077060476,920.7,581.2
2300,2218,2.383650801474329,938.3021638173003,687.5342077060476,920.7,581.2
2300,2219,2.383650801474329,938.3021638173003,687.5342077060476,920.7,581.2
2300,2220,2.383650801474329,938.3021638173003,687.5342077060476,920.7,581.2
2300,2221,2.383650801474329,938.3021638173003,687.5342077060476,920.7,581.2
2300,2222,2.383650801474329,938.3021638173003,687.5342077060476,920.7,581.2
2300,2223,2.383650801474329,938.3021638173003,687.5342077060476,920.7,581.2
2300,2224,2.383650801474329,938.3021638173003,687.5342077060476,920.7,581.2
2300,2225,2.383650801474329,938.3021638173003,687.5342077060476,920.7,581.2
2301,2226,2.383650801474329,938.3021638173003,687.5342077060476,920.7,581.2
2302,2227,2.383650801474329,938.3021638173003,687.5342077060476,920.7,581.2
2303,2228,4.828675653059746,938.3021638173003,687.5342077060476,920.7,581.2
2304,2229,4.828675653059746,938.3021638173003,687.5342077060476,920.7,581.2
2305,2230,4.828675653059746,938.3021638173003,687.5342077060476,920.7,581.2
2306,2231,4.828675653059746,944.3021638173003,474.5342077060476,920.7,581.2
2307,2232,4.828675653059746,944.3021638173003,474.5342077060476,920.7,581.2
2308,2233,4.828675653059746,944.3021638173003,474.5342077060476,920.7,581.2
2309,2234,4.828675653059746,944.3021638173003,474.5342077060476,920.7,581.2
2310,2235,4.828675653059746,944.3021638173003,474.5342077060476,920.7,581.2
2311,2236,4.828675653059746,944.3021638173003,474.5342077060476,920.7,581.2
2312,2237,4.828675653059746,951.3021638173003,262.5342077060476,920.7,581.2
2313,2238,4.828675653059746,951.3021638173003,262.5342077060476,920.7,581.2
2314,2239,2.232487418667574,951.3021638173003,262.5342077060476,920.7,581.2
2315,2239,2.232487418667574,951.3021638173003,262.5342077060476,920.7,581.2
2316,2239,2.232487418667574,951.3021638173003,262.5342077060476,920.7,581.2
2317,2239,2.232487418667574,951.3021638173003,262.5342077060476,920.7,581.2
2318,2239,2.232487418667574,951.3021638173003,262.5342077060476,920.7,581.2
2319,2239,2.232487418667574,951.3021638173003,262.5342077060476,920.7,581.2
2320,2239,2.232487418667574,951.3021638173003,262.5342077060476,920.7,581.2
2321,2239,2.232487418667574,951.3021638173003,262.5342077060476,920.7,581.2
2322,2239,2.232487418667574,951.3021638173003,262.5342077060476,920.7,581.2
2323,2239,2.232487418667574,951.3021638173003,262.5342077060476,920.7,581.2
2324,2239,2.232487418667574,951.3021638173003,262.5342077060476,920.7,581.2
2325,2239,2.232487418667574,951.3021638173003,262.5342077060476,920.7,581.2
2326,2239,2.232487418667574,951.3021638173003,262.5342077060476,920.7,581.2
2327,2239,2.232487418667574,951.3021638173003,262.5342077060476,920.7,581.2
2328,2239,2.232487418667574,951.3021638173003,262.5342077060476,920.7,581.2
2329,2239,2.232487418667574,951.3021638173003,262.5342077060476,920.7,581.2
2330,2239,2.232487418667574,951.3021638173003,262.5342077060476,920.7,581.2
2331,2239,2.232487418667574,951.3021638173003,262.5342077060476,920.7,581.2
2332,2239,2.232487418667574,951.3021638173003,262.5342077060476,920.7,581.2
2333,2239,2.232487418667574,951.3021638173003,262.5342077060476,920.7,581.2
2334,2239,2.232487418667574,951.3021638173003,262.5342077060476,920.7,581.2
2335,2239,2.232487418667574,951.3021638173003,262.5342077060476,920.7,581.2
2336,2239,2.232487418667574,928.3021638173003,457.5342077060476,920.7,581.2
2337,2239,2.232487418667574,928.3021638173003,457.5342077060476,920.7,581.2
2338,2239,2.232487418667574,928.3021638173003,457.5342077060476,920.7,581.2
2339,2239,2.232487418667574,928.3021638173003,457.5342077060476,920.7,581.2
2340,2239,2.232487418667574,928.3021638173003,457.5342077060476,920.7,581.2
2341,2239,2.232487418667574,928.3021638173003,457.5342077060476,920.7,581.2
2342,2239,2.232487418667574,928.3021638173003,457.5342077060476,920.7,581.2
2343,2239,2.232487418667574,928.3021638173003,457.5342077060476,920.7,581.2
2344,2239,2.232487418667574,905.3021638173003,651.5342077060476,920.7,581.2
2345,2239,2.232487418667574,905.3021638173003,651.5342077060476,920.7,581.2
2346,2239,2.232487418667574,905.3021638173003,651.5342077060476,913.2777777777778,585.7777777777778
2347,2239,2.232487418667574,905.3021638173003,651.5342077060476,905.8555555555556,590.3555555555556
2348,2239,2.232487418667574,905.3021638173003,651.5342077060476,898.4333333333334,594.9333333333334
2349,2239,2.232487418667574,905.3021638173003,651.5342077060476,891.0111111111112,599.5111111111112
2350,2239,2.232487418667574,905.3021638173003,651.5342077060476,883.5888888888888,604.0888888888888
2351,2239,2.232487418667574,905.3021638173003,651.5342077060476,876.1666666666666,608.6666666666666
2352,2239,2.232487418667574,905.3021638173003,651.5342077060476,868.7444444444444,613.2444444444444
2353,2239,2.232487418667574,905.3021638173003,651.5342077060476,861.3222222222222,617.8222222222222
2354,2239,2.232487418667574,905.3021638173003,651.5342077060476,853.9,622.4
2355,2239,2.232487418667574,905.3021638173003,651.5342077060476,853.9,622.4
2356,2239,2.232487418667574,905.3021638173003,651.5342077060476,853.9,622.4
2357,2239,2.232487418667574,905.3021638173003,651.5342077060476,853.9,622.4
2358,2239,2.232487418667574,905.3021638173003,651.5342077060476,853.9,622.4
2359,2239,2.232487418667574,905.3021638173003,651.5342077060476,853.9,622.4
2360,2239,2.232487418667574,905.3021638173003,651.5342077060476,853.9,622.4
2361,2239,2.232487418667574,905.3021638173003,651.5342077060476,853.9,622.4
2362,2239,2.232487418667574,905.3021638173003,651.5342077060476,853.9,622.4
2363,2239,2.232487418667574,905.3021638173003,651.5342077060476,853.9,622.4
2364,2240,8.311411700235052,905.3021638173003,651.5342077060476,853.9,622.4
2365,2241,13.489403646514665,905.3021638173003,651.5342077060476,853.9,622.4
2366,2242,17.885195324676385,905.3021638173003,651.5342077060476,853.9,622.4
2367,2243,9.918390911731619,905.3021638173003,651.5342077060476,853.9,622.4
2367,2244,9.918390911731619,905.3021638173003,651.5342077060476,853.9,622.4
2367,2245,9.918390911731619,905.3021638173003,651.5342077060476,853.9,622.4
2367,2246,9.918390911731619,905.3021638173003,651.5342077060476,853.9,622.4
2367,2247,9.918390911731619,905.3021638173003,651.5342077060476,853.9,622.4
2367,2248,9.918390911731619,905.3021638173003,651.5342077060476,853.9,622.4
2367,2249,9.918390911731619,905.3021638173003,651.5342077060476,853.9,622.4
2367,2250,9.918390911731619,905.3021638173003,651.5342077060476,853.9,622.4
2367,2251,9.918390911731619,905.3021638173003,651.5342077060476,853.9,622.4
2367,2252,9.918390911731619,788.3021638173003,677.5342077060476,853.9,622.4
2367,2253,9.918390911731619,788.3021638173003,677.5342077060476,853.9,622.4
2367,2254,9.918390911731619,788.3021638173003,677.5342077060476,853.9,622.4
2367,2255,9.918390911731619,788.3021638173003,677.5342077060476,853.9,622.4
2367,2256,9.918390911731619,788.3021638173003,677.5342077060476,853.9,622.4
2367,2257,9.918390911731619,788.3021638173003,677.5342077060476,853.9,622.4
2367,2258,9.918390911731619,788.3021638173003,677.5342077060476,853.9,622.4
2367,2259,9.918390911731619,788.3021638173003,677.5342077060476,853.9,622.4
2367,2260,9.918390911731619,670.3021638173003,702.5342077060476,853.9,622.4
2367,2261,9.918390911731619,670.3021638173003,702.5342077060476,853.9,622.4
2367,2262,9.918390911731619,670.3021638173003,702.5342077060476,853.9,622.4
2367,2263,9.918390911731619,670.3021638173003,702.5342077060476,853.9,622.4
2367,2264,9.918390911731619,670.3021638173003,702.5342077060476,853.9,622.4
2367,2265,9.918390911731619,670.3021638173003,702.5342077060476,853.9,622.4
2367,2266,9.918390911731619,670.3021638173003,702.5342077060476,853.9,622.4
2367,2267,9.918390911731619,670.3021638173003,702.5342077060476,853.9,622.4
2367,2268,9.918390911731619,670.3021638173003,702.5342077060476,853.9,622.4
2367,2269,9.918390911731619,670.3021638173003,702.5342077060476,853.9,622.4
2367,2270,9.918390911731619,670.3021638173003,702.5342077060476,853.9,622.4
2367,2271,9.918390911731619,670.3021638173003,702.5342077060476,853.9,622.4
2367,2272,9.918390911731619,670.3021638173003,702.5342077060476,853.9,622.4
2367,2273,9.918390911731619,670.3021638173003,702.5342077060476,862.3,645.475
2367,2274,9.918390911731619,670.3021638173003,702.5342077060476,870.7,668.55
2367,2275,9.918390911731619,670.3021638173003,702.5342077060476,879.1,691.625
2367,2276,9.918390911731619,670.3021638173003,702.5342077060476,887.5,714.7
2367,2277,9.918390911731619,670.3021638173003,702.5342077060476,887.5,714.7
2367,2278,9.918390911731619,670.3021638173003,702.5342077060476,887.5,714.7
2367,2279,9.918390911731619,670.3021638173003,702.5342077060476,887.5,714.7
2367,2280,9.918390911731619,670.3021638173003,702.5342077060476,887.5,714.7
2367,2281,9.918390911731619,670.3021638173003,702.5342077060476,887.5,714.7
2367,2282,9.918390911731619,670.3021638173003,702.5342077060476,887.5,714.7
2367,2283,9.918390911731619,670.3021638173003,702.5342077060476,887.5,714.7
2367,2284,9.918390911731619,670.3021638173003,702.5342077060476,887.5,714.7
2367,2285,9.918390911731619,670.3021638173003,702.5342077060476,887.5,714.7
2367,2286,9.918390911731619,670.3021638173003,702.5342077060476,887.5,714.7
2367,2287,9.918390911731619,670.3021638173003,702.5342077060476,887.5,714.7
2367,2288,9.918390911731619,670.3021638173003,702.5342077060476,887.5,714.7
2367,2289,9.918390911731619,670.3021638173003,702.5342077060476,887.5,714.7
2367,2290,9.918390911731619,670.3021638173003,702.5342077060476,887.5,714.7
2367,2291,9.918390911731619,670.3021638173003,702.5342077060476,887.5,714.7
2367,2292,9.918390911731619,670.3021638173003,702.5342077060476,887.5,714.7
2367,2293,9.918390911731619,670.3021638173003,702.5342077060476,887.5,714.7
2367,2294,9.918390911731619,670.3021638173003,702.5342077060476,887.5,714.7
2367,2295,9.918390911731619,670.3021638173003,702.5342077060476,887.5,714.7
2367,2296,9.918390911731619,670.3021638173003,702.5342077060476,887.5,714.7
2367,2297,9.918390911731619,670.3021638173003,702.5342077060476,887.5,714.7
2367,2298,9.918390911731619,670.3021638173003,702.5342077060476,887.5,714.7
2367,2299,9.918390911731619,670.3021638173003,702.5342077060476,887.5,714.7
2367,2300,9.918390911731619,670.3021638173003,702.5342077060476,887.5,714.7
2367,2301,9.918390911731619,670.3021638173003,702.5342077060476,887.5,714.7
2367,2302,9.918390911731619,670.3021638173003,702.5342077060476,887.5,714.7
2367,2303,9.918390911731619,670.3021638173003,702.5342077060476,887.5,714.7
2367,2304,9.918390911731619,670.3021638173003,702.5342077060476,887.5,714.7
2367,2305,9.918390911731619,670.3021638173003,702.5342077060476,887.5,714.7
2367,2306,9.918390911731619,670.3021638173003,702.5342077060476,887.5,714.7
2367,2307,9.918390911731619,670.3021638173003,702.5342077060476,887.5,714.7
2367,2308,9.918390911731619,670.3021638173003,702.5342077060476,887.5,714.7
2367,2309,9.918390911731619,670.3021638173003,702.5342077060476,887.5,714.7
2367,2310,9.918390911731619,670.3021638173003,702.5342077060476,887.5,714.7
2367,2311,9.918390911731619,670.3021638173003,702.5342077060476,887.5,714.7
2367,2312,9.918390911731619,670.3021638173003,702.5342077060476,887.5,714.7
2367,2313,9.918390911731619,670.3021638173003,702.5342077060476,887.5,714.7
2367,2314,9.918390911731619,670.3021638173003,702.5342077060476,887.5,714.7
2367,2315,9.918390911731619,670.3021638173003,702.5342077060476,887.5,714.7
2367,2316,9.918390911731619,670.3021638173003,702.5342077060476,887.5,714.7
2367,2317,9.918390911731619,670.3021638173003,702.5342077060476,887.5,714.7
2367,2318,9.918390911731619,670.3021638173003,702.5342077060476,887.5,714.7
2367,2319,9.918390911731619,670.3021638173003,702.5342077060476,887.5,714.7
2367,2320,9.918390911731619,670.3021638173003,702.5342077060476,887.5,714.7
2367,2321,9.918390911731619,670.3021638173003,702.5342077060476,887.5,714.7
2367,2322,9.918390911731619,670.3021638173003,702.5342077060476,887.5,714.7
2367,2323,9.918390911731619,670.3021638173003,702.5342077060476,887.5,714.7
2368,2324,9.918390911731619,949.3021638173003,694.5342077060476,887.5,714.7
2369,2325,9.918390911731619,949.3021638173003,694.5342077060476,887.5,714.7
2370,2326,9.918390911731619,949.3021638173003,694.5342077060476,887.5,714.7
2371,2327,9.918390911731619,949.3021638173003,694.5342077060476,887.5,714.7
2372,2328,9.918390911731619,949.3021638173003,694.5342077060476,887.5,714.7
2373,2329,2.069230129094249,949.3021638173003,694.5342077060476,887.5,714.7
2374,2330,3.7889201637131547,949.3021638173003,694.5342077060476,887.5,714.7
2375,2331,1.897091652299088,949.3021638173003,694.5342077060476,887.5,714.7
2375,2332,1.5640850117267602,1229.3021638173004,686.5342077060476,887.5,714.7
2375,2333,4.312816196013495,1229.3021638173004,686.5342077060476,887.5,714.7
2375,2334,4.312816196013495,1229.3021638173004,686.5342077060476,887.5,714.7
2375,2335,4.312816196013495,1229.3021638173004,686.5342077060476,887.5,714.7
2375,2336,4.312816196013495,1229.3021638173004,686.5342077060476,887.5,714.7
2375,2337,4.312816196013495,1229.3021638173004,686.5342077060476,887.5,714.7
2375,2338,4.312816196013495,1229.3021638173004,686.5342077060476,887.5,714.7
2375,2339,4.312816196013495,1229.3021638173004,686.5342077060476,900.06,659.6
2375,2340,4.312816196013495,1229.3021638173004,686.5342077060476,912.62,604.5
2375,2341,4.312816196013495,1229.3021638173004,686.5342077060476,925.18,549.4000000000001
2375,2342,4.312816196013495,1229.3021638173004,686.5342077060476,937.74,494.3
2375,2343,4.312816196013495,1229.3021638173004,686.5342077060476,950.3,439.2
2375,2344,4.312816196013495,1229.3021638173004,686.5342077060476,950.3,439.2
2375,2345,4.312816196013495,1229.3021638173004,686.5342077060476,950.3,439.2
2375,2346,4.312816196013495,1229.3021638173004,686.5342077060476,950.3,439.2
2375,2347,4.312816196013495,1229.3021638173004,686.5342077060476,950.3,439.2
2375,2348,4.312816196013495,1229.3021638173004,686.5342077060476,950.3,439.2
2375,2349,4.312816196013495,1229.3021638173004,686.5342077060476,950.3,439.2
2375,2350,4.312816196013495,1229.3021638173004,686.5342077060476,950.3,439.2
2375,2351,4.312816196013495,1229.3021638173004,686.5342077060476,950.3,439.2
2375,2352,4.312816196013495,1229.3021638173004,686.5342077060476,950.3,439.2
2375,2353,4.312816196013495,1229.3021638173004,686.5342077060476,950.3,439.2
2375,2354,4.312816196013495,1229.3021638173004,686.5342077060476,950.3,439.2
2375,2355,4.312816196013495,1229.3021638173004,686.5342077060476,950.3,439.2
2375,2356,4.312816196013495,1229.3021638173004,686.5342077060476,950.3,439.2
2375,2357,4.312816196013495,1229.3021638173004,686.5342077060476,950.3,439.2
2375,2358,4.312816196013495,1229.3021638173004,686.5342077060476,950.3,439.2
2375,2359,4.312816196013495,1229.3021638173004,686.5342077060476,950.3,439.2
2375,2360,4.312816196013495,1229.3021638173004,686.5342077060476,950.3,439.2
2375,2361,4.312816196013495,1229.3021638173004,686.5342077060476,950.3,439.2
2375,2362,4.312816196013495,1229.3021638173004,686.5342077060476,950.3,439.2
2375,2363,4.312816196013495,1229.3021638173004,686.5342077060476,950.3,439.2
2375,2364,4.312816196013495,1229.3021638173004,686.5342077060476,950.3,439.2
2375,2365,4.312816196013495,1229.3021638173004,686.5342077060476,950.3,439.2
2375,2366,4.312816196013495,1229.3021638173004,686.5342077060476,950.3,439.2
2375,2367,4.312816196013495,1229.3021638173004,686.5342077060476,950.3,439.2
2375,2368,4.312816196013495,1229.3021638173004,686.5342077060476,950.3,439.2
2376,2369,4.312816196013495,1229.3021638173004,686.5342077060476,950.3,439.2
2377,2370,4.312816196013495,1229.3021638173004,686.5342077060476,950.3,439.2
2378,2371,4.312816196013495,1229.3021638173004,686.5342077060476,950.3,439.2
2379,2372,4.312816196013495,1229.3021638173004,686.5342077060476,950.3,439.2
2380,2373,4.312816196013495,1229.3021638173004,686.5342077060476,950.3,439.2
2381,2374,4.312816196013495,1229.3021638173004,686.5342077060476,950.3,439.2
2382,2375,4.312816196013495,1229.3021638173004,686.5342077060476,950.3,439.2
2383,2376,4.312816196013495,1229.3021638173004,686.5342077060476,950.3,439.2
2384,2377,4.312816196013495,1229.3021638173004,686.5342077060476,950.3,439.2
2385,2378,4.312816196013495,1229.3021638173004,686.5342077060476,950.3,439.2
2386,2379,4.312816196013495,1229.3021638173004,686.5342077060476,950.3,439.2
2387,2380,4.312816196013495,1095.3021638173004,682.5342077060476,950.3,439.2
2388,2381,4.312816196013495,1095.3021638173004,682.5342077060476,950.3,439.2
2389,2382,4.312816196013495,1095.3021638173004,682.5342077060476,950.3,439.2
2390,2383,4.312816196013495,1095.3021638173004,682.5342077060476,950.3,439.2
2391,2384,4.312816196013495,1095.3021638173004,682.5342077060476,950.3,439.2
2392,2385,4.312816196013495,1095.3021638173004,682.5342077060476,950.3,439.2
2393,2386,4.312816196013495,1095.3021638173004,682.5342077060476,950.3,439.2
2394,2387,4.312816196013495,1095.3021638173004,682.5342077060476,950.3,439.2
2395,2388,4.312816196013495,962.3021638173003,678.5342077060476,950.3,439.2
2396,2389,4.312816196013495,962.3021638173003,678.5342077060476,950.3,439.2
2397,2390,0.3020973885427523,962.3021638173003,678.5342077060476,950.3,439.2
2398,2391,6.643948923471904,962.3021638173003,678.5342077060476,950.3,439.2
2399,2392,0.5728605001330103,962.3021638173003,678.5342077060476,950.3,439.2
2400,2392,0.5728605001330103,962.3021638173003,678.5342077060476,950.3,439.2
2401,2392,0.5728605001330103,962.3021638173003,678.5342077060476,950.3,439.2
2402,2392,0.5728605001330103,962.3021638173003,678.5342077060476,950.3,439.2
2403,2392,0.5728605001330103,962.3021638173003,678.5342077060476,950.3,439.2
2404,2392,0.5728605001330103,962.3021638173003,678.5342077060476,950.3,439.2
2405,2392,0.5728605001330103,962.3021638173003,678.5342077060476,950.3,439.2
2406,2393,12.259848131566729,962.3021638173003,678.5342077060476,950.3,439.2
2407,2394,7.737010505595769,962.3021638173003,678.5342077060476,950.3,439.2
2408,2394,7.737010505595769,962.3021638173003,678.5342077060476,950.3,439.2
2409,2394,7.737010505595769,962.3021638173003,678.5342077060476,950.3,439.2
2410,2394,7.737010505595769,962.3021638173003,678.5342077060476,950.3,439.2
2411,2394,7.737010505595769,962.3021638173003,678.5342077060476,950.3,439.2
2412,2394,7.737010505595769,962.3021638173003,678.5342077060476,994.925,435.075
2413,2394,7.737010505595769,962.3021638173003,678.5342077060476,1039.55,430.95
2414,2394,7.737010505595769,962.3021638173003,678.5342077060476,1084.175,426.825
2415,2394,7.737010505595769,962.3021638173003,678.5342077060476,1128.8,422.7
2416,2394,7.737010505595769,962.3021638173003,678.5342077060476,1128.8,422.7
2417,2394,7.737010505595769,962.3021638173003,678.5342077060476,1128.8,422.7
2418,2394,7.737010505595769,962.3021638173003,678.5342077060476,1128.8,422.7
2419,2394,7.737010505595769,962.3021638173003,678.5342077060476,1128.8,422.7
2420,2394,7.737010505595769,962.3021638173003,678.5342077060476,1128.8,422.7
2421,2394,7.737010505595769,962.3021638173003,678.5342077060476,1128.8,422.7
2422,2394,7.737010505595769,962.3021638173003,678.5342077060476,1128.8,422.7
2423,2394,7.737010505595769,962.3021638173003,678.5342077060476,1128.8,422.7
2424,2394,7.737010505595769,962.3021638173003,678.5342077060476,1128.8,422.7
2425,2394,7.737010505595769,962.3021638173003,678.5342077060476,1128.8,422.7
2426,2394,7.737010505595769,962.3021638173003,678.5342077060476,1128.8,422.7
2427,2394,7.737010505595769,962.3021638173003,678.5342077060476,1128.8,422.7
2428,2394,7.737010505595769,962.3021638173003,678.5342077060476,1128.8,422.7
2429,2394,7.737010505595769,962.3021638173003,678.5342077060476,1128.8,422.7
2430,2394,7.737010505595769,962.3021638173003,678.5342077060476,1128.8,422.7
2431,2394,7.737010505595769,962.3021638173003,678.5342077060476,1128.8,422.7
2432,2394,7.737010505595769,962.3021638173003,678.5342077060476,1128.8,422.7
2433,2394,7.737010505595769,962.3021638173003,678.5342077060476,1128.8,422.7
2434,2394,7.737010505595769,962.3021638173003,678.5342077060476,1128.8,422.7
2435,2394,7.737010505595769,962.3021638173003,678.5342077060476,1128.8,422.7
2436,2394,7.737010505595769,962.3021638173003,678.5342077060476,1128.8,422.7
2437,2394,7.737010505595769,962.3021638173003,678.5342077060476,1128.8,422.7
2438,2394,7.737010505595769,962.3021638173003,678.5342077060476,1128.8,422.7
2439,2394,7.737010505595769,962.3021638173003,678.5342077060476,1128.8,422.7
2440,2394,7.737010505595769,962.3021638173003,678.5342077060476,1087.85,490.525
2441,2395,7.737010505595769,962.3021638173003,678.5342077060476,1046.9,558.35
2442,2396,7.737010505595769,962.3021638173003,678.5342077060476,1005.95,626.175
2443,2397,7.737010505595769,962.3021638173003,678.5342077060476,965.0,694.0
2444,2398,7.737010505595769,962.3021638173003,678.5342077060476,965.0,694.0
2445,2399,7.737010505595769,962.3021638173003,678.5342077060476,965.0,694.0
2446,2400,7.737010505595769,962.3021638173003,678.5342077060476,965.0,694.0
2447,2401,7.737010505595769,962.3021638173003,678.5342077060476,965.0,694.0
2448,2402,7.737010505595769,962.3021638173003,678.5342077060476,965.0,694.0
2449,2403,7.737010505595769,962.3021638173003,678.5342077060476,965.0,694.0
2450,2404,7.737010505595769,962.3021638173003,678.5342077060476,965.0,694.0
2451,2405,7.737010505595769,962.3021638173003,678.5342077060476,965.0,694.0
2452,2406,7.737010505595769,962.3021638173003,678.5342077060476,965.0,694.0
2453,2407,7.737010505595769,962.3021638173003,678.5342077060476,965.0,694.0
2454,2408,7.737010505595769,962.3021638173003,678.5342077060476,965.0,694.0
2455,2409,7.737010505595769,962.3021638173003,678.5342077060476,965.0,694.0
2456,2410,7.737010505595769,962.3021638173003,678.5342077060476,965.0,694.0
2457,2411,7.737010505595769,962.3021638173003,678.5342077060476,965.0,694.0
2458,2412,7.737010505595769,962.3021638173003,678.5342077060476,965.0,694.0
2459,2413,7.737010505595769,962.3021638173003,678.5342077060476,965.0,694.0
2460,2414,7.737010505595769,962.3021638173003,678.5342077060476,965.0,694.0
2461,2415,7.737010505595769,962.3021638173003,678.5342077060476,965.0,694.0
2462,2416,7.737010505595769,962.3021638173003,678.5342077060476,965.0,694.0
2463,2417,7.737010505595769,962.3021638173003,678.5342077060476,965.0,694.0
2464,2418,7.737010505595769,962.3021638173003,678.5342077060476,965.0,694.0
2465,2419,7.737010505595769,962.3021638173003,678.5342077060476,965.0,694.0
2466,2420,7.737010505595769,962.3021638173003,678.5342077060476,965.0,694.0
2467,2421,7.737010505595769,822.3021638173003,695.5342077060476,965.0,694.0
2468,2422,7.737010505595769,822.3021638173003,695.5342077060476,965.0,694.0
2469,2423,7.737010505595769,822.3021638173003,695.5342077060476,965.0,694.0
2470,2424,7.737010505595769,822.3021638173003,695.5342077060476,965.0,694.0
2471,2425,7.737010505595769,822.3021638173003,695.5342077060476,965.0,694.0
2472,2426,7.737010505595769,822.3021638173003,695.5342077060476,965.0,694.0
2473,2427,7.737010505595769,822.3021638173003,695.5342077060476,965.0,694.0
2474,2428,7.737010505595769,822.3021638173003,695.5342077060476,965.0,694.0
2475,2429,7.737010505595769,822.3021638173003,695.5342077060476,965.0,694.0
2476,2430,7.737010505595769,822.3021638173003,695.5342077060476,965.0,694.0
2477,2431,7.737010505595769,683.3021638173003,712.5342077060476,965.0,694.0
2478,2432,7.737010505595769,683.3021638173003,712.5342077060476,965.0,694.0
2479,2433,7.737010505595769,683.3021638173003,712.5342077060476,965.0,694.0
2480,2434,7.737010505595769,683.3021638173003,712.5342077060476,965.0,694.0
2481,2435,7.737010505595769,683.3021638173003,712.5342077060476,965.0,694.0
2482,2436,7.737010505595769,683.3021638173003,712.5342077060476,965.0,694.0
2483,2437,7.737010505595769,683.3021638173003,712.5342077060476,965.0,694.0
2484,2438,7.737010505595769,683.3021638173003,712.5342077060476,965.0,694.0
2485,2439,7.737010505595769,683.3021638173003,712.5342077060476,965.0,694.0
2486,2440,7.737010505595769,683.3021638173003,712.5342077060476,965.0,694.0
2487,2441,7.737010505595769,683.3021638173003,712.5342077060476,965.0,694.0
2488,2442,7.737010505595769,683.3021638173003,712.5342077060476,965.0,694.0
2489,2443,7.737010505595769,683.3021638173003,712.5342077060476,965.0,694.0
2490,2444,7.737010505595769,683.3021638173003,712.5342077060476,965.0,694.0
2491,2445,7.737010505595769,683.3021638173003,712.5342077060476,965.0,694.0
2492,2446,7.737010505595769,683.3021638173003,712.5342077060476,965.0,694.0
2493,2447,7.737010505595769,683.3021638173003,712.5342077060476,965.0,694.0
2494,2448,7.737010505595769,683.3021638173003,712.5342077060476,965.0,694.0
2495,2449,7.737010505595769,683.3021638173003,712.5342077060476,965.0,694.0
2496,2450,21.761569270665444,683.3021638173003,712.5342077060476,965.0,694.0
2497,2451,12.477581039745989,683.3021638173003,712.5342077060476,965.0,694.0
2498,2452,4.548444655110119,683.3021638173003,712.5342077060476,961.15,640.0166666666667
2499,2453,1.349640928580472,683.3021638173003,712.5342077060476,957.3,586.0333333333333
2500,2454,5.820925028491545,683.3021638173003,712.5342077060476,953.45,532.05
2501,2455,9.288246405880408,683.3021638173003,712.5342077060476,949.6,478.0666666666667
2502,2456,9.288246405880408,683.3021638173003,712.5342077060476,945.75,424.08333333333337
2503,2457,8.544866068314889,683.3021638173003,712.5342077060476,941.9,370.1
2503,2458,8.544866068314889,683.3021638173003,712.5342077060476,941.9,370.1
2503,2459,8.544866068314889,683.3021638173003,712.5342077060476,941.9,370.1
2503,2460,8.544866068314889,683.3021638173003,712.5342077060476,941.9,370.1
2503,2461,8.544866068314889,683.3021638173003,712.5342077060476,941.9,370.1
2503,2462,8.544866068314889,683.3021638173003,712.5342077060476,941.9,370.1
2503,2463,8.544866068314889,683.3021638173003,712.5342077060476,941.9,370.1
2503,2464,8.544866068314889,683.3021638173003,712.5342077060476,941.9,370.1
2503,2465,8.544866068314889,683.3021638173003,712.5342077060476,941.9,370.1
2503,2466,8.544866068314889,683.3021638173003,712.5342077060476,941.9,370.1
2503,2467,8.544866068314889,683.3021638173003,712.5342077060476,941.9,370.1
2503,2468,8.544866068314889,683.3021638173003,712.5342077060476,941.9,370.1
2503,2469,8.544866068314889,819.3021638173003,704.5342077060476,941.9,370.1
2504,2470,8.544866068314889,819.3021638173003,704.5342077060476,941.9,370.1
2505,2471,8.544866068314889,819.3021638173003,704.5342077060476,941.9,370.1
2506,2472,8.544866068314889,819.3021638173003,704.5342077060476,941.9,370.1
2507,2473,8.544866068314889,819.3021638173003,704.5342077060476,941.9,370.1
2508,2474,8.544866068314889,819.3021638173003,704.5342077060476,941.9,370.1
2509,2475,8.544866068314889,819.3021638173003,704.5342077060476,941.9,370.1
2510,2476,8.544866068314889,819.3021638173003,704.5342077060476,941.9,370.1
2511,2477,8.544866068314889,956.3021638173003,696.5342077060476,941.9,370.1
2512,2478,8.544866068314889,956.3021638173003,696.5342077060476,941.9,370.1
2513,2479,8.544866068314889,956.3021638173003,696.5342077060476,941.9,370.1
2514,2480,8.544866068314889,956.3021638173003,696.5342077060476,941.9,370.1
2515,2481,8.544866068314889,956.3021638173003,696.5342077060476,941.9,370.1
2516,2482,8.544866068314889,956.3021638173003,696.5342077060476,941.9,370.1
2517,2483,8.544866068314889,956.3021638173003,696.5342077060476,941.9,370.1
2518,2484,8.544866068314889,956.3021638173003,696.5342077060476,941.9,370.1
2519,2485,8.544866068314889,956.3021638173003,696.5342077060476,941.9,370.1
2520,2486,8.544866068314889,956.3021638173003,696.5342077060476,941.9,370.1
2521,2487,8.544866068314889,956.3021638173003,696.5342077060476,941.9,370.1
2522,2488,8.544866068314889,956.3021638173003,696.5342077060476,941.9,370.1
2523,2489,8.544866068314889,956.3021638173003,696.5342077060476,941.9,370.1
2524,2490,8.544866068314889,956.3021638173003,696.5342077060476,941.9,370.1
2525,2491,8.544866068314889,956.3021638173003,696.5342077060476,941.9,370.1
2526,2492,8.544866068314889,956.3021638173003,696.5342077060476,941.9,370.1
2527,2493,8.544866068314889,930.3021638173003,254.5342077060476,941.9,370.1
2528,2494,8.544866068314889,930.3021638173003,254.5342077060476,941.9,370.1
2529,2495,8.544866068314889,930.3021638173003,254.5342077060476,941.9,370.1
2530,2496,8.544866068314889,930.3021638173003,254.5342077060476,941.9,370.1
2531,2497,8.544866068314889,930.3021638173003,254.5342077060476,941.9,370.1
2532,2498,6.709348956565062,930.3021638173003,254.5342077060476,941.9,370.1
2533,2499,4.983405710701894,930.3021638173003,254.5342077060476,941.9,370.1
2534,2500,3.3603745339300732,930.3021638173003,254.5342077060476,941.9,370.1
2535,2500,0.197054968630749,930.3021638173003,254.5342077060476,941.9,370.1
2536,2500,0.197054968630749,930.3021638173003,254.5342077060476,941.9,370.1
2537,2501,0.197054968630749,930.3021638173003,254.5342077060476,941.9,370.1
2538,2502,0.197054968630749,930.3021638173003,254.5342077060476,941.9,370.1
2539,2503,0.197054968630749,930.3021638173003,254.5342077060476,941.9,370.1
2540,2504,0.197054968630749,930.3021638173003,254.5342077060476,941.9,370.1
2541,2505,0.197054968630749,930.3021638173003,254.5342077060476,941.9,370.1
2542,2506,0.197054968630749,930.3021638173003,254.5342077060476,941.9,370.1
2543,2507,0.197054968630749,930.3021638173003,254.5342077060476,941.9,370.1
2544,2508,0.197054968630749,930.3021638173003,254.5342077060476,911.3874999999999,404.95000000000005
2545,2509,0.197054968630749,930.3021638173003,254.5342077060476,880.875,439.8
2546,2510,0.197054968630749,930.3021638173003,254.5342077060476,850.3625,474.65
2547,2511,0.197054968630749,930.3021638173003,254.5342077060476,819.8499999999999,509.5
2548,2512,0.197054968630749,930.3021638173003,254.5342077060476,789.3375,544.35
2549,2513,0.197054968630749,930.3021638173003,254.5342077060476,758.8249999999999,579.2
2550,2514,0.197054968630749,930.3021638173003,254.5342077060476,728.3125,614.05
2551,2515,0.197054968630749,930.3021638173003,254.5342077060476,697.8,648.9
2552,2516,0.197054968630749,930.3021638173003,254.5342077060476,697.8,648.9
2553,2517,0.197054968630749,930.3021638173003,254.5342077060476,697.8,648.9
2554,2518,0.197054968630749,930.3021638173003,254.5342077060476,697.8,648.9
2555,2519,0.197054968630749,930.3021638173003,254.5342077060476,697.8,648.9
2556,2520,0.197054968630749,930.3021638173003,254.5342077060476,697.8,648.9
2557,2521,0.197054968630749,930.3021638173003,254.5342077060476,697.8,648.9
2558,2522,0.197054968630749,930.3021638173003,254.5342077060476,697.8,648.9
2559,2523,0.197054968630749,930.3021638173003,254.5342077060476,697.8,648.9
2560,2524,0.197054968630749,930.3021638173003,254.5342077060476,697.8,648.9
2561,2525,0.197054968630749,930.3021638173003,254.5342077060476,697.8,648.9
2562,2526,0.197054968630749,930.3021638173003,254.5342077060476,697.8,648.9
2563,2527,0.197054968630749,930.3021638173003,254.5342077060476,697.8,648.9
2564,2528,0.197054968630749,930.3021638173003,254.5342077060476,697.8,648.9
2565,2529,0.197054968630749,930.3021638173003,254.5342077060476,697.8,648.9
2566,2530,0.197054968630749,930.3021638173003,254.5342077060476,697.8,648.9
2567,2531,0.197054968630749,882.3021638173003,457.5342077060476,697.8,648.9
2568,2532,0.197054968630749,882.3021638173003,457.5342077060476,697.8,648.9
2569,2533,0.197054968630749,882.3021638173003,457.5342077060476,697.8,648.9
2570,2534,0.197054968630749,882.3021638173003,457.5342077060476,697.8,648.9
2571,2535,0.197054968630749,882.3021638173003,457.5342077060476,697.8,648.9
2572,2536,0.197054968630749,882.3021638173003,457.5342077060476,697.8,648.9
2573,2537,0.197054968630749,882.3021638173003,457.5342077060476,697.8,648.9
2574,2538,0.197054968630749,882.3021638173003,457.5342077060476,697.8,648.9
2575,2539,0.197054968630749,833.3021638173003,660.5342077060476,697.8,648.9
2576,2540,0.197054968630749,833.3021638173003,660.5342077060476,697.8,648.9
2577,2541,0.197054968630749,833.3021638173003,660.5342077060476,697.8,648.9
2578,2542,0.197054968630749,833.3021638173003,660.5342077060476,697.8,648.9
2579,2543,0.197054968630749,833.3021638173003,660.5342077060476,697.8,648.9
2580,2544,0.197054968630749,833.3021638173003,660.5342077060476,697.8,648.9
2581,2545,0.197054968630749,833.3021638173003,660.5342077060476,697.8,648.9
2582,2546,0.197054968630749,833.3021638173003,660.5342077060476,697.8,648.9
2583,2547,0.197054968630749,833.3021638173003,660.5342077060476,697.8,648.9
2584,2548,0.197054968630749,833.3021638173003,660.5342077060476,697.8,648.9
2585,2549,0.197054968630749,833.3021638173003,660.5342077060476,697.8,648.9
2586,2550,0.197054968630749,833.3021638173003,660.5342077060476,697.8,648.9
2587,2551,0.197054968630749,833.3021638173003,660.5342077060476,697.8,648.9
2588,2552,0.197054968630749,833.3021638173003,660.5342077060476,697.8,648.9
2589,2553,0.197054968630749,833.3021638173003,660.5342077060476,697.8,648.9
2590,2554,0.197054968630749,833.3021638173003,660.5342077060476,697.8,648.9
2591,2555,0.197054968630749,833.3021638173003,660.5342077060476,697.8,648.9
2592,2556,0.197054968630749,833.3021638173003,660.5342077060476,697.8,648.9
2593,2557,0.197054968630749,833.3021638173003,660.5342077060476,697.8,648.9
2594,2558,0.197054968630749,833.3021638173003,660.5342077060476,697.8,648.9
2595,2559,0.197054968630749,833.3021638173003,660.5342077060476,697.8,648.9
2596,2560,0.197054968630749,833.3021638173003,660.5342077060476,697.8,648.9
2597,2561,0.197054968630749,833.3021638173003,660.5342077060476,697.8,648.9
2598,2562,0.197054968630749,833.3021638173003,660.5342077060476,697.8,648.9
2599,2563,0.197054968630749,906.3021638173003,702.5342077060476,697.8,648.9
2600,2564,0.197054968630749,906.3021638173003,702.5342077060476,697.8,648.9
2601,2565,0.197054968630749,906.3021638173003,702.5342077060476,697.8,648.9
2602,2566,0.197054968630749,906.3021638173003,702.5342077060476,697.8,648.9
2603,2567,0.197054968630749,906.3021638173003,702.5342077060476,697.8,648.9
2604,2568,0.197054968630749,906.3021638173003,702.5342077060476,697.8,648.9
2605,2569,0.197054968630749,906.3021638173003,702.5342077060476,697.8,648.9
2606,2570,0.197054968630749,906.3021638173003,702.5342077060476,697.8,648.9
2607,2571,0.197054968630749,906.3021638173003,702.5342077060476,697.8,648.9
2608,2572,0.197054968630749,906.3021638173003,702.5342077060476,697.8,648.9
2609,2573,0.197054968630749,906.3021638173003,702.5342077060476,697.8,648.9
2610,2574,0.197054968630749,906.3021638173003,702.5342077060476,697.8,648.9
2611,2575,0.197054968630749,906.3021638173003,702.5342077060476,697.8,648.9
2612,2576,3.999165794535644,906.3021638173003,702.5342077060476,697.8,648.9
2613,2577,9.548259690414676,906.3021638173003,702.5342077060476,697.8,648.9
2614,2578,17.05505546476988,906.3021638173003,702.5342077060476,697.8,648.9
2615,2579,9.836948060117875,906.3021638173003,702.5342077060476,697.8,648.9
2615,2580,3.9399317425408213,906.3021638173003,702.5342077060476,697.8,648.9
2615,2581,3.9399317425408213,906.3021638173003,702.5342077060476,726.9499999999999,599.75
2615,2582,3.9399317425408213,906.3021638173003,702.5342077060476,756.1,550.6
2615,2583,3.9399317425408213,906.3021638173003,702.5342077060476,785.25,501.45
2615,2584,3.9399317425408213,906.3021638173003,702.5342077060476,814.4,452.29999999999995
2615,2585,3.9399317425408213,906.3021638173003,702.5342077060476,843.5500000000001,403.15
2615,2586,3.9399317425408213,906.3021638173003,702.5342077060476,872.7,354.0
2615,2587,3.9399317425408213,906.3021638173003,702.5342077060476,872.7,354.0
2615,2588,3.9399317425408213,906.3021638173003,702.5342077060476,872.7,354.0
2615,2589,3.9399317425408213,906.3021638173003,702.5342077060476,872.7,354.0
2615,2590,3.9399317425408213,906.3021638173003,702.5342077060476,872.7,354.0
2615,2591,3.9399317425408213,906.3021638173003,702.5342077060476,872.7,354.0
2615,2592,3.9399317425408213,906.3021638173003,702.5342077060476,872.7,354.0
2615,2593,3.9399317425408213,906.3021638173003,702.5342077060476,872.7,354.0
2615,2594,3.9399317425408213,906.3021638173003,702.5342077060476,872.7,354.0
2615,2595,3.9399317425408213,906.3021638173003,702.5342077060476,872.7,354.0
2615,2596,3.9399317425408213,906.3021638173003,702.5342077060476,872.7,354.0
2615,2597,3.9399317425408213,906.3021638173003,702.5342077060476,872.7,354.0
2615,2598,3.9399317425408213,906.3021638173003,702.5342077060476,872.7,354.0
2615,2599,3.9399317425408213,906.3021638173003,702.5342077060476,872.7,354.0
2615,2600,3.9399317425408213,906.3021638173003,702.5342077060476,872.7,354.0
2615,2601,3.9399317425408213,906.3021638173003,702.5342077060476,872.7,354.0
2615,2602,3.9399317425408213,906.3021638173003,702.5342077060476,872.7,354.0
2615,2603,3.9399317425408213,906.3021638173003,702.5342077060476,872.7,354.0
2616,2604,3.9399317425408213,906.3021638173003,702.5342077060476,872.7,354.0
2617,2605,3.9399317425408213,906.3021638173003,702.5342077060476,872.7,354.0
2618,2606,3.9399317425408213,906.3021638173003,702.5342077060476,872.7,354.0
2619,2607,3.9399317425408213,906.3021638173003,702.5342077060476,872.7,354.0
2620,2608,14.528466098827755,906.3021638173003,702.5342077060476,872.7,354.0
2621,2609,25.400283235110134,906.3021638173003,702.5342077060476,872.7,354.0
2622,2610,35.8071076532559,906.3021638173003,702.5342077060476,872.7,354.0
2623,2611,28.454335593308585,933.3021638173003,465.5342077060476,872.7,354.0
2623,2612,20.39679519013329,933.3021638173003,465.5342077060476,872.7,354.0
2623,2613,20.39679519013329,933.3021638173003,465.5342077060476,872.7,354.0
2623,2614,20.39679519013329,933.3021638173003,465.5342077060476,872.7,354.0
2624,2615,20.39679519013329,933.3021638173003,465.5342077060476,872.7,354.0
2625,2616,20.39679519013329,933.3021638173003,465.5342077060476,872.7,354.0
2626,2617,20.39679519013329,933.3021638173003,465.5342077060476,872.7,354.0
2627,2618,20.39679519013329,933.3021638173003,465.5342077060476,872.7,354.0
2628,2619,20.39679519013329,961.3021638173003,228.5342077060476,872.7,354.0
2629,2620,20.39679519013329,961.3021638173003,228.5342077060476,872.7,354.0
2630,2621,20.39679519013329,961.3021638173003,228.5342077060476,872.7,354.0
2631,2622,20.39679519013329,961.3021638173003,228.5342077060476,872.7,354.0
2632,2623,20.39679519013329,961.3021638173003,228.5342077060476,872.7,354.0
2633,2624,20.39679519013329,961.3021638173003,228.5342077060476,872.7,354.0
2634,2625,20.39679519013329,961.3021638173003,228.5342077060476,872.7,354.0
2635,2626,20.39679519013329,961.3021638173003,228.5342077060476,872.7,354.0
2636,2627,20.39679519013329,961.3021638173003,228.5342077060476,872.7,354.0
2636,2628,20.39679519013329,961.3021638173003,228.5342077060476,872.7,354.0
2636,2629,20.39679519013329,961.3021638173003,228.5342077060476,872.7,354.0
2636,2630,20.39679519013329,961.3021638173003,228.5342077060476,872.7,354.0
2636,2631,20.39679519013329,961.3021638173003,228.5342077060476,872.7,354.0
2637,2632,20.39679519013329,961.3021638173003,228.5342077060476,872.7,354.0
2638,2633,20.39679519013329,961.3021638173003,228.5342077060476,872.7,354.0
2639,2634,34.33278539965782,961.3021638173003,228.5342077060476,872.7,354.0
2640,2635,15.357979243162548,788.3021638173003,462.5342077060476,872.7,354.0
2641,2636,3.5721951705724897,788.3021638173003,462.5342077060476,872.7,354.0
2642,2636,3.5721951705724897,788.3021638173003,462.5342077060476,872.7,354.0
2643,2636,3.5721951705724897,788.3021638173003,462.5342077060476,872.7,354.0
2644,2636,3.5721951705724897,788.3021638173003,462.5342077060476,872.7,354.0
2645,2636,3.5721951705724897,788.3021638173003,462.5342077060476,872.7,354.0
2646,2637,19.055601066443664,788.3021638173003,462.5342077060476,872.7,354.0
2647,2638,7.046546790007648,788.3021638173003,462.5342077060476,872.7,354.0
2647,2639,1.0167731681154923,616.3021638173003,697.5342077060476,872.7,354.0
2647,2640,6.8352263192470275,616.3021638173003,697.5342077060476,872.7,354.0
2647,2641,6.8352263192470275,616.3021638173003,697.5342077060476,872.7,354.0
2647,2642,6.8352263192470275,616.3021638173003,697.5342077060476,872.7,354.0
2647,2643,6.8352263192470275,616.3021638173003,697.5342077060476,872.7,354.0
2647,2644,6.8352263192470275,616.3021638173003,697.5342077060476,872.7,354.0
2647,2645,6.8352263192470275,616.3021638173003,697.5342077060476,872.7,354.0
2647,2646,6.8352263192470275,616.3021638173003,697.5342077060476,872.7,354.0
2647,2647,6.8352263192470275,616.3021638173003,697.5342077060476,872.7,354.0
2647,2648,6.8352263192470275,616.3021638173003,697.5342077060476,872.7,354.0
2647,2649,6.8352263192470275,616.3021638173003,697.5342077060476,872.7,354.0
2647,2650,6.8352263192470275,616.3021638173003,697.5342077060476,872.7,354.0
2647,2651,6.8352263192470275,616.3021638173003,697.5342077060476,872.7,354.0
2647,2652,6.8352263192470275,616.3021638173003,697.5342077060476,872.7,354.0
2647,2653,6.8352263192470275,616.3021638173003,697.5342077060476,872.7,354.0
2647,2654,6.8352263192470275,616.3021638173003,697.5342077060476,872.7,354.0
2647,2655,6.8352263192470275,616.3021638173003,697.5342077060476,872.7,354.0
2647,2656,6.8352263192470275,616.3021638173003,697.5342077060476,872.7,354.0
2647,2657,6.8352263192470275,616.3021638173003,697.5342077060476,872.7,354.0
2647,2658,6.8352263192470275,616.3021638173003,697.5342077060476,872.7,354.0
2647,2659,6.8352263192470275,616.3021638173003,697.5342077060476,872.7,354.0
2647,2660,6.8352263192470275,616.3021638173003,697.5342077060476,872.7,354.0
2647,2661,6.8352263192470275,616.3021638173003,697.5342077060476,872.7,354.0
2647,2662,6.8352263192470275,616.3021638173003,697.5342077060476,872.7,354.0
2647,2663,6.8352263192470275,639.3021638173003,689.5342077060476,872.7,354.0
2647,2664,6.8352263192470275,639.3021638173003,689.5342077060476,872.7,354.0
2647,2665,6.8352263192470275,639.3021638173003,689.5342077060476,872.7,354.0
2647,2666,6.8352263192470275,639.3021638173003,689.5342077060476,876.3333333333334,333.53333333333336
2647,2667,6.8352263192470275,639.3021638173003,689.5342077060476,879.9666666666667,313.06666666666666
2648,2668,6.8352263192470275,639.3021638173003,689.5342077060476,883.6,292.6
2649,2669,6.8352263192470275,639.3021638173003,689.5342077060476,883.6,292.6
2650,2670,6.8352263192470275,639.3021638173003,689.5342077060476,883.6,292.6
2651,2671,6.8352263192470275,639.3021638173003,689.5342077060476,883.6,292.6
2652,2672,6.8352263192470275,639.3021638173003,689.5342077060476,883.6,292.6
2653,2673,6.8352263192470275,639.3021638173003,689.5342077060476,883.6,292.6
2654,2674,6.8352263192470275,639.3021638173003,689.5342077060476,883.6,292.6
2655,2675,6.8352263192470275,639.3021638173003,689.5342077060476,883.6,292.6
2656,2676,6.8352263192470275,639.3021638173003,689.5342077060476,883.6,292.6
2657,2677,6.8352263192470275,639.3021638173003,689.5342077060476,883.6,292.6
2658,2678,6.8352263192470275,639.3021638173003,689.5342077060476,883.6,292.6
2659,2679,6.8352263192470275,639.3021638173003,689.5342077060476,883.6,292.6
2660,2680,6.8352263192470275,639.3021638173003,689.5342077060476,883.6,292.6
2661,2681,6.8352263192470275,639.3021638173003,689.5342077060476,883.6,292.6
2662,2682,6.8352263192470275,639.3021638173003,689.5342077060476,883.6,292.6
2663,2683,6.8352263192470275,639.3021638173003,689.5342077060476,883.6,292.6
2664,2684,6.8352263192470275,639.3021638173003,689.5342077060476,883.6,292.6
2665,2685,6.8352263192470275,639.3021638173003,689.5342077060476,883.6,292.6
2666,2686,6.8352263192470275,639.3021638173003,689.5342077060476,883.6,292.6
2667,2687,6.8352263192470275,639.3021638173003,689.5342077060476,883.6,292.6
2668,2688,6.8352263192470275,639.3021638173003,689.5342077060476,883.6,292.6
2669,2689,6.8352263192470275,939.3021638173003,699.5342077060476,883.6,292.6
2670,2690,6.8352263192470275,939.3021638173003,699.5342077060476,883.6,292.6
2671,2691,6.8352263192470275,939.3021638173003,699.5342077060476,883.6,292.6
2672,2692,6.8352263192470275,939.3021638173003,699.5342077060476,883.6,292.6
2673,2693,6.8352263192470275,939.3021638173003,699.5342077060476,883.6,292.6
2674,2694,6.8352263192470275,939.3021638173003,699.5342077060476,883.6,292.6
2675,2695,6.8352263192470275,1239.3021638173004,708.5342077060476,883.6,292.6
2676,2696,6.8352263192470275,1239.3021638173004,708.5342077060476,883.6,292.6
2677,2697,6.8352263192470275,1239.3021638173004,708.5342077060476,883.6,292.6
2678,2698,6.8352263192470275,1239.3021638173004,708.5342077060476,883.6,292.6
2679,2699,6.8352263192470275,1239.3021638173004,708.5342077060476,883.6,292.6
2680,2700,6.8352263192470275,1239.3021638173004,708.5342077060476,883.6,292.6
2681,2701,6.8352263192470275,1239.3021638173004,708.5342077060476,883.6,292.6
2682,2702,6.8352263192470275,1239.3021638173004,708.5342077060476,883.6,292.6
2683,2703,6.8352263192470275,1239.3021638173004,708.5342077060476,883.6,292.6
2684,2704,6.8352263192470275,1239.3021638173004,708.5342077060476,883.6,292.6
2685,2705,6.8352263192470275,1239.3021638173004,708.5342077060476,883.6,292.6
2686,2706,6.8352263192470275,1239.3021638173004,708.5342077060476,883.6,292.6
2687,2707,6.8352263192470275,1239.3021638173004,708.5342077060476,883.6,292.6
2688,2708,6.8352263192470275,1239.3021638173004,708.5342077060476,883.6,292.6
2689,2709,6.8352263192470275,1239.3021638173004,708.5342077060476,883.6,292.6
2690,2710,6.8352263192470275,1239.3021638173004,708.5342077060476,841.5375,336.40000000000003
2691,2711,6.8352263192470275,1239.3021638173004,708.5342077060476,799.475,380.20000000000005
2692,2712,6.8352263192470275,1239.3021638173004,708.5342077060476,757.4125,424.0
2693,2713,6.8352263192470275,1239.3021638173004,708.5342077060476,715.35,467.8
2694,2714,6.8352263192470275,1239.3021638173004,708.5342077060476,673.2875,511.6
2695,2715,6.8352263192470275,1239.3021638173004,708.5342077060476,631.225,555.4
2696,2716,6.8352263192470275,1239.3021638173004,708.5342077060476,589.1625,599.2
2697,2717,6.8352263192470275,1239.3021638173004,708.5342077060476,547.1,643.0
2698,2718,6.8352263192470275,1239.3021638173004,708.5342077060476,547.1,643.0
2699,2719,6.8352263192470275,1239.3021638173004,708.5342077060476,547.1,643.0
2700,2720,6.8352263192470275,1239.3021638173004,708.5342077060476,547.1,643.0
2701,2721,6.8352263192470275,1239.3021638173004,708.5342077060476,547.1,643.0
2702,2722,6.8352263192470275,1239.3021638173004,708.5342077060476,547.1,643.0
2703,2723,6.8352263192470275,1239.3021638173004,708.5342077060476,547.1,643.0
2704,2724,6.8352263192470275,1239.3021638173004,708.5342077060476,547.1,643.0
2705,2725,6.8352263192470275,1239.3021638173004,708.5342077060476,547.1,643.0
2706,2726,6.8352263192470275,1239.3021638173004,708.5342077060476,547.1,643.0
2707,2727,6.8352263192470275,1239.3021638173004,708.5342077060476,547.1,643.0
2708,2728,6.8352263192470275,1239.3021638173004,708.5342077060476,547.1,643.0
2709,2729,6.8352263192470275,1239.3021638173004,708.5342077060476,547.1,643.0
2710,2730,3.4543868659236745,1239.3021638173004,708.5342077060476,547.1,643.0
2711,2731,0.9622177029705453,1239.3021638173004,708.5342077060476,547.1,643.0
2712,2732,6.890126394206666,1239.3021638173004,708.5342077060476,547.1,643.0
2713,2733,15.04440740043432,1239.3021638173004,708.5342077060476,547.1,643.0
2714,2734,26.373670951816933,1239.3021638173004,708.5342077060476,547.1,643.0
2715,2735,41.62446206636328,1239.3021638173004,708.5342077060476,547.1,643.0
2716,2736,41.62446206636328,1239.3021638173004,708.5342077060476,547.1,643.0
2717,2737,41.62446206636328,1239.3021638173004,708.5342077060476,612.3166666666667,648.5666666666666
2718,2738,41.62446206636328,1239.3021638173004,708.5342077060476,677.5333333333333,654.1333333333333
2719,2739,41.62446206636328,1239.3021638173004,708.5342077060476,742.75,659.7
2720,2740,41.62446206636328,1239.3021638173004,708.5342077060476,807.9666666666667,665.2666666666667
2721,2741,41.62446206636328,1239.3021638173004,708.5342077060476,873.1833333333333,670.8333333333333
2722,2742,41.62446206636328,1239.3021638173004,708.5342077060476,938.4,676.4
2723,2743,41.62446206636328,1239.3021638173004,708.5342077060476,938.4,676.4
2724,2744,41.62446206636328,1239.3021638173004,708.5342077060476,938.4,676.4
2725,2745,41.62446206636328,1239.3021638173004,708.5342077060476,938.4,676.4
2726,2746,41.62446206636328,1239.3021638173004,708.5342077060476,938.4,676.4
2727,2747,41.62446206636328,1239.3021638173004,708.5342077060476,938.4,676.4
2728,2748,41.62446206636328,1239.3021638173004,708.5342077060476,938.4,676.4
2729,2749,41.62446206636328,1239.3021638173004,708.5342077060476,938.4,676.4
2730,2750,41.62446206636328,1239.3021638173004,708.5342077060476,938.4,676.4
2731,2751,41.62446206636328,1239.3021638173004,708.5342077060476,938.4,676.4
2732,2752,41.62446206636328,1239.3021638173004,708.5342077060476,938.4,676.4
2733,2753,41.62446206636328,1239.3021638173004,708.5342077060476,938.4,676.4
2734,2754,41.62446206636328,1239.3021638173004,708.5342077060476,938.4,676.4
2735,2755,41.62446206636328,1239.3021638173004,708.5342077060476,938.4,676.4
2736,2756,41.62446206636328,1239.3021638173004,708.5342077060476,938.4,676.4
2737,2757,41.62446206636328,1239.3021638173004,708.5342077060476,938.4,676.4
2738,2758,41.62446206636328,1239.3021638173004,708.5342077060476,938.4,676.4
2739,2759,41.62446206636328,1239.3021638173004,708.5342077060476,938.4,676.4
2740,2760,41.62446206636328,1239.3021638173004,708.5342077060476,938.4,676.4
2741,2761,41.62446206636328,1239.3021638173004,708.5342077060476,938.4,676.4
2742,2762,41.62446206636328,1239.3021638173004,708.5342077060476,938.4,676.4
2743,2763,80.91983415076444,1239.3021638173004,708.5342077060476,938.4,676.4
2744,2764,80.91983415076444,1239.3021638173004,708.5342077060476,938.4,676.4
2745,2765,80.91983415076444,1239.3021638173004,708.5342077060476,938.4,676.4
2746,2766,80.91983415076444,1239.3021638173004,708.5342077060476,938.4,676.4
2747,2767,80.91983415076444,1239.3021638173004,708.5342077060476,925.98,624.84
2748,2768,80.91983415076444,1239.3021638173004,708.5342077060476,913.56,573.28
2749,2769,80.91983415076444,1239.3021638173004,708.5342077060476,901.14,521.72
2750,2770,80.91983415076444,1239.3021638173004,708.5342077060476,888.7199999999999,470.16
2751,2771,80.91983415076444,1239.3021638173004,708.5342077060476,876.3,418.6
2752,2772,80.91983415076444,1239.3021638173004,708.5342077060476,876.3,418.6
2753,2773,80.91983415076444,1239.3021638173004,708.5342077060476,876.3,418.6
2754,2774,80.91983415076444,1239.3021638173004,708.5342077060476,876.3,418.6
2755,2775,80.91983415076444,1239.3021638173004,708.5342077060476,876.3,418.6
2756,2776,80.91983415076444,1239.3021638173004,708.5342077060476,876.3,418.6
2757,2777,80.91983415076444,1239.3021638173004,708.5342077060476,876.3,418.6
2758,2778,80.91983415076444,1239.3021638173004,708.5342077060476,876.3,418.6
2759,2779,80.91983415076444,1239.3021638173004,708.5342077060476,876.3,418.6
2760,2780,80.91983415076444,1239.3021638173004,708.5342077060476,876.3,418.6
2761,2781,80.91983415076444,1239.3021638173004,708.5342077060476,876.3,418.6
2762,2782,80.91983415076444,1239.3021638173004,708.5342077060476,876.3,418.6
2763,2783,80.91983415076444,958.3021638173003,672.5342077060476,876.3,418.6
2764,2784,80.91983415076444,958.3021638173003,672.5342077060476,876.3,418.6
2765,2785,80.91983415076444,958.3021638173003,672.5342077060476,876.3,418.6
2766,2786,80.91983415076444,958.3021638173003,672.5342077060476,876.3,418.6
2767,2787,35.36154318516516,958.3021638173003,672.5342077060476,876.3,418.6
2767,2788,35.36154318516516,958.3021638173003,672.5342077060476,876.3,418.6
2767,2789,35.36154318516516,958.3021638173003,672.5342077060476,876.3,418.6
2767,2790,35.36154318516516,958.3021638173003,672.5342077060476,876.3,418.6
2767,2791,35.36154318516516,958.3021638173003,672.5342077060476,876.3,418.6
2767,2792,35.36154318516516,958.3021638173003,672.5342077060476,876.3,418.6
2767,2793,35.36154318516516,958.3021638173003,672.5342077060476,876.3,418.6
2767,2794,35.36154318516516,958.3021638173003,672.5342077060476,876.3,418.6
2767,2795,35.36154318516516,958.3021638173003,672.5342077060476,876.3,418.6
2767,2796,35.36154318516516,958.3021638173003,672.5342077060476,876.3,418.6
2767,2797,35.36154318516516,958.3021638173003,672.5342077060476,876.3,418.6
2767,2798,35.36154318516516,958.3021638173003,672.5342077060476,876.3,418.6
2767,2799,35.36154318516516,958.3021638173003,672.5342077060476,876.3,418.6
2767,2800,35.36154318516516,958.3021638173003,672.5342077060476,876.3,418.6
2767,2801,35.36154318516516,958.3021638173003,672.5342077060476,876.3,418.6
2767,2802,35.36154318516516,958.3021638173003,672.5342077060476,876.3,418.6
2767,2803,35.36154318516516,958.3021638173003,672.5342077060476,876.3,418.6
2767,2804,35.36154318516516,958.3021638173003,672.5342077060476,876.3,418.6
2767,2805,35.36154318516516,958.3021638173003,672.5342077060476,876.3,418.6
2767,2806,35.36154318516516,958.3021638173003,672.5342077060476,876.3,418.6
2767,2807,35.36154318516516,958.3021638173003,672.5342077060476,876.3,418.6
2767,2808,35.36154318516516,958.3021638173003,672.5342077060476,876.3,418.6
2767,2809,35.36154318516516,958.3021638173003,672.5342077060476,876.3,418.6
2767,2810,35.36154318516516,958.3021638173003,672.5342077060476,876.3,418.6
2767,2811,35.36154318516516,958.3021638173003,672.5342077060476,876.3,418.6
2767,2812,35.36154318516516,958.3021638173003,672.5342077060476,876.3,418.6
2767,2813,35.36154318516516,958.3021638173003,672.5342077060476,876.3,418.6
2767,2814,35.36154318516516,958.3021638173003,672.5342077060476,876.3,418.6
2767,2815,35.36154318516516,875.3021638173003,670.5342077060476,876.3,418.6
2767,2816,35.36154318516516,875.3021638173003,670.5342077060476,876.3,418.6
2767,2817,35.36154318516516,875.3021638173003,670.5342077060476,876.3,418.6
2767,2818,35.36154318516516,875.3021638173003,670.5342077060476,876.3,418.6
2767,2819,35.36154318516516,875.3021638173003,670.5342077060476,876.3,418.6
2767,2820,35.36154318516516,875.3021638173003,670.5342077060476,876.3,418.6
2767,2821,35.36154318516516,875.3021638173003,670.5342077060476,876.3,418.6
2767,2822,35.36154318516516,875.3021638173003,670.5342077060476,876.3,418.6
2767,2823,35.36154318516516,875.3021638173003,670.5342077060476,876.3,418.6
2767,2824,35.36154318516516,875.3021638173003,670.5342077060476,876.3,418.6
2768,2825,35.36154318516516,875.3021638173003,670.5342077060476,876.3,418.6
2769,2826,35.36154318516516,875.3021638173003,670.5342077060476,876.3,418.6
2770,2827,35.36154318516516,875.3021638173003,670.5342077060476,876.3,418.6
2771,2828,35.36154318516516,875.3021638173003,670.5342077060476,876.3,418.6
2772,2829,35.36154318516516,875.3021638173003,670.5342077060476,861.8333333333333,452.55
2773,2830,20.55061200913069,875.3021638173003,670.5342077060476,847.3666666666667,486.5
2774,2831,3.831138726175218,875.3021638173003,670.5342077060476,832.9,520.45
2775,2832,1.0586348728490742,875.3021638173003,670.5342077060476,818.4333333333333,554.4
2776,2832,1.0586348728490742,875.3021638173003,670.5342077060476,803.9666666666667,588.3499999999999
2777,2832,1.0586348728490742,875.3021638173003,670.5342077060476,789.5,622.3
2778,2832,1.0586348728490742,875.3021638173003,670.5342077060476,789.5,622.3
2779,2832,1.0586348728490742,875.3021638173003,670.5342077060476,789.5,622.3
2780,2832,1.0586348728490742,875.3021638173003,670.5342077060476,789.5,622.3
2781,2832,1.0586348728490742,875.3021638173003,670.5342077060476,789.5,622.3
2782,2832,1.0586348728490742,758.3021638173003,668.5342077060476,789.5,622.3
2783,2832,1.0586348728490742,758.3021638173003,668.5342077060476,789.5,622.3
2784,2832,1.0586348728490742,758.3021638173003,668.5342077060476,789.5,622.3
2785,2832,1.0586348728490742,758.3021638173003,668.5342077060476,789.5,622.3
2786,2832,1.0586348728490742,758.3021638173003,668.5342077060476,789.5,622.3
2787,2833,24.53691431088337,758.3021638173003,668.5342077060476,789.5,622.3
2788,2834,38.6583897453302,758.3021638173003,668.5342077060476,789.5,622.3
2789,2835,47.109507965977876,758.3021638173003,668.5342077060476,789.5,622.3
2790,2836,47.109507965977876,641.3021638173003,666.5342077060476,789.5,622.3
2791,2837,47.128975911771,641.3021638173003,666.5342077060476,789.5,622.3
2792,2838,47.128975911771,641.3021638173003,666.5342077060476,789.5,622.3
2793,2839,47.128975911771,641.3021638173003,666.5342077060476,789.5,622.3
2794,2840,47.128975911771,641.3021638173003,666.5342077060476,789.5,622.3
2795,2841,47.128975911771,641.3021638173003,666.5342077060476,789.5,622.3
2796,2842,47.128975911771,641.3021638173003,666.5342077060476,789.5,622.3
2797,2843,47.128975911771,641.3021638173003,666.5342077060476,789.5,622.3
2798,2844,47.128975911771,641.3021638173003,666.5342077060476,789.5,622.3
2799,2845,47.128975911771,641.3021638173003,666.5342077060476,789.5,622.3
2800,2846,47.128975911771,641.3021638173003,666.5342077060476,789.5,622.3
2801,2847,47.128975911771,641.3021638173003,666.5342077060476,789.5,622.3
2802,2848,47.128975911771,641.3021638173003,666.5342077060476,789.5,622.3
2803,2849,47.128975911771,641.3021638173003,666.5342077060476,789.5,622.3
2804,2850,47.128975911771,641.3021638173003,666.5342077060476,789.5,622.3
2805,2851,47.128975911771,641.3021638173003,666.5342077060476,789.5,622.3
2806,2852,47.128975911771,641.3021638173003,666.5342077060476,789.5,622.3
2807,2853,49.036079195477384,641.3021638173003,666.5342077060476,789.5,622.3
2808,2854,49.036079195477384,641.3021638173003,666.5342077060476,789.5,622.3
2809,2855,49.036079195477384,641.3021638173003,666.5342077060476,789.5,622.3
2810,2856,49.036079195477384,641.3021638173003,666.5342077060476,789.5,622.3
2811,2857,49.036079195477384,641.3021638173003,666.5342077060476,789.5,622.3
2812,2858,49.036079195477384,641.3021638173003,666.5342077060476,789.5,622.3
2813,2859,49.036079195477384,641.3021638173003,666.5342077060476,789.5,622.3
2814,2860,49.036079195477384,641.3021638173003,666.5342077060476,789.5,622.3
2815,2861,53.838275687803566,641.3021638173003,666.5342077060476,789.5,622.3
2816,2862,53.838275687803566,641.3021638173003,666.5342077060476,789.5,622.3
2817,2863,53.838275687803566,641.3021638173003,666.5342077060476,789.5,622.3
2818,2864,53.838275687803566,641.3021638173003,666.5342077060476,789.5,622.3
2819,2865,53.838275687803566,641.3021638173003,666.5342077060476,789.5,622.3
2820,2866,53.838275687803566,641.3021638173003,666.5342077060476,789.5,622.3
2821,2867,54.19074259557162,641.3021638173003,666.5342077060476,807.0,588.14
2822,2868,55.157016413541974,641.3021638173003,666.5342077060476,824.5,553.98
2823,2869,0.015267957279311704,641.3021638173003,666.5342077060476,842.0,519.8199999999999
2824,2869,0.015267957279311704,641.3021638173003,666.5342077060476,859.5,485.65999999999997
2825,2869,0.015267957279311704,641.3021638173003,666.5342077060476,877.0,451.5
2826,2869,0.015267957279311704,641.3021638173003,666.5342077060476,877.0,451.5
2827,2869,0.015267957279311704,641.3021638173003,666.5342077060476,877.0,451.5
2828,2869,0.015267957279311704,641.3021638173003,666.5342077060476,877.0,451.5
2829,2869,0.015267957279311704,641.3021638173003,666.5342077060476,877.0,451.5
2830,2869,0.015267957279311704,641.3021638173003,666.5342077060476,877.0,451.5
2831,2869,0.015267957279311704,641.3021638173003,666.5342077060476,877.0,451.5
2832,2869,0.015267957279311704,641.3021638173003,666.5342077060476,877.0,451.5
2833,2870,8.613945345211508,641.3021638173003,666.5342077060476,877.0,451.5
2834,2870,8.613945345211508,641.3021638173003,666.5342077060476,877.0,451.5
2835,2870,8.613945345211508,641.3021638173003,666.5342077060476,877.0,451.5
2836,2870,8.613945345211508,641.3021638173003,666.5342077060476,877.0,451.5
2837,2870,8.613945345211508,641.3021638173003,666.5342077060476,877.0,451.5
2838,2870,8.613945345211508,780.3021638173003,677.5342077060476,877.0,451.5
2839,2870,8.613945345211508,780.3021638173003,677.5342077060476,877.0,451.5
2840,2870,8.613945345211508,780.3021638173003,677.5342077060476,877.0,451.5
2841,2870,8.613945345211508,780.3021638173003,677.5342077060476,877.0,451.5
2842,2870,8.613945345211508,780.3021638173003,677.5342077060476,877.0,451.5
2843,2870,8.613945345211508,780.3021638173003,677.5342077060476,877.0,451.5
2844,2870,8.613945345211508,780.3021638173003,677.5342077060476,877.0,451.5
2845,2870,8.613945345211508,780.3021638173003,677.5342077060476,877.0,451.5
2846,2870,8.613945345211508,918.3021638173003,688.5342077060476,877.0,451.5
2847,2870,8.613945345211508,918.3021638173003,688.5342077060476,877.0,451.5
2848,2870,8.613945345211508,918.3021638173003,688.5342077060476,877.0,451.5
2849,2870,8.613945345211508,918.3021638173003,688.5342077060476,877.0,451.5
2850,2870,8.613945345211508,918.3021638173003,688.5342077060476,877.0,451.5
2851,2870,8.613945345211508,918.3021638173003,688.5342077060476,877.0,451.5
2852,2870,8.613945345211508,918.3021638173003,688.5342077060476,877.0,451.5
2853,2870,8.613945345211508,918.3021638173003,688.5342077060476,877.0,451.5
2854,2870,8.613945345211508,918.3021638173003,688.5342077060476,877.0,451.5
2855,2870,8.613945345211508,918.3021638173003,688.5342077060476,877.0,451.5
2856,2870,8.613945345211508,918.3021638173003,688.5342077060476,877.0,451.5
2857,2870,8.613945345211508,918.3021638173003,688.5342077060476,877.0,451.5
2858,2870,8.613945345211508,918.3021638173003,688.5342077060476,877.0,451.5
2859,2870,8.613945345211508,918.3021638173003,688.5342077060476,877.0,451.5
2860,2870,8.613945345211508,918.3021638173003,688.5342077060476,877.0,451.5
2861,2870,8.613945345211508,918.3021638173003,688.5342077060476,877.0,451.5
2862,2870,8.613945345211508,941.3021638173003,490.5342077060476,877.0,451.5
2863,2870,8.613945345211508,941.3021638173003,490.5342077060476,877.0,451.5
2864,2870,8.613945345211508,941.3021638173003,490.5342077060476,877.0,451.5
2865,2870,8.613945345211508,941.3021638173003,490.5342077060476,877.0,451.5
2866,2870,8.613945345211508,941.3021638173003,490.5342077060476,877.0,451.5
2867,2870,8.613945345211508,941.3021638173003,490.5342077060476,877.0,451.5
2868,2870,8.613945345211508,941.3021638173003,490.5342077060476,877.0,451.5
2869,2870,8.613945345211508,941.3021638173003,490.5342077060476,877.0,451.5
2870,2870,8.613945345211508,964.3021638173003,293.5342077060476,877.0,451.5
2871,2870,8.613945345211508,964.3021638173003,293.5342077060476,877.0,451.5
2872,2870,8.613945345211508,964.3021638173003,293.5342077060476,877.0,451.5
2873,2870,8.613945345211508,964.3021638173003,293.5342077060476,877.0,451.5
2874,2870,8.613945345211508,964.3021638173003,293.5342077060476,877.0,451.5
2875,2870,8.613945345211508,964.3021638173003,293.5342077060476,877.0,451.5
2876,2870,8.613945345211508,964.3021638173003,293.5342077060476,877.0,451.5
2877,2870,8.613945345211508,964.3021638173003,293.5342077060476,877.0,451.5
2878,2870,8.613945345211508,964.3021638173003,293.5342077060476,877.0,451.5
2879,2870,8.613945345211508,964.3021638173003,293.5342077060476,877.0,451.5
2880,2870,8.613945345211508,964.3021638173003,293.5342077060476,877.0,451.5
2881,2870,8.613945345211508,964.3021638173003,293.5342077060476,877.0,451.5
2882,2870,8.613945345211508,964.3021638173003,293.5342077060476,877.0,451.5
2883,2870,8.613945345211508,964.3021638173003,293.5342077060476,877.0,451.5
2884,2870,8.613945345211508,964.3021638173003,293.5342077060476,864.1,489.375
2885,2870,8.613945345211508,964.3021638173003,293.5342077060476,851.2,527.25
2886,2870,8.613945345211508,964.3021638173003,293.5342077060476,838.3,565.125
2887,2870,8.613945345211508,964.3021638173003,293.5342077060476,825.4,603.0
2888,2870,8.613945345211508,964.3021638173003,293.5342077060476,825.4,603.0
2889,2870,8.613945345211508,964.3021638173003,293.5342077060476,825.4,603.0
2890,2870,8.613945345211508,964.3021638173003,293.5342077060476,825.4,603.0
2891,2870,8.613945345211508,964.3021638173003,293.5342077060476,825.4,603.0
2892,2870,8.613945345211508,964.3021638173003,293.5342077060476,825.4,603.0
2893,2870,8.613945345211508,964.3021638173003,293.5342077060476,825.4,603.0
2894,2870,8.613945345211508,931.3021638173003,593.5342077060476,825.4,603.0
2895,2870,8.613945345211508,931.3021638173003,593.5342077060476,825.4,603.0
2896,2870,8.613945345211508,931.3021638173003,593.5342077060476,825.4,603.0
2897,2870,8.613945345211508,931.3021638173003,593.5342077060476,825.4,603.0
2898,2870,8.613945345211508,931.3021638173003,593.5342077060476,825.4,603.0
2899,2871,8.613945345211508,931.3021638173003,593.5342077060476,825.4,603.0
2900,2872,8.613945345211508,931.3021638173003,593.5342077060476,825.4,603.0
2901,2873,8.613945345211508,931.3021638173003,593.5342077060476,825.4,603.0
2902,2874,8.613945345211508,931.3021638173003,593.5342077060476,825.4,603.0
2903,2875,35.28142233777572,931.3021638173003,593.5342077060476,825.4,603.0
2904,2876,35.28142233777572,931.3021638173003,593.5342077060476,825.4,603.0
2905,2877,35.28142233777572,931.3021638173003,593.5342077060476,825.4,603.0
2906,2878,35.28142233777572,931.3021638173003,593.5342077060476,825.4,603.0
2907,2879,35.28142233777572,931.3021638173003,593.5342077060476,825.4,603.0
2908,2880,35.28142233777572,931.3021638173003,593.5342077060476,825.4,603.0
2909,2881,35.28142233777572,931.3021638173003,593.5342077060476,825.4,603.0
2910,2882,35.28142233777572,788.3021638173003,640.5342077060476,825.4,603.0
2911,2883,35.28142233777572,788.3021638173003,640.5342077060476,825.4,603.0
2912,2884,35.28142233777572,788.3021638173003,640.5342077060476,825.4,603.0
2913,2885,35.28142233777572,788.3021638173003,640.5342077060476,825.4,603.0
2914,2886,35.28142233777572,788.3021638173003,640.5342077060476,825.4,603.0
2915,2887,35.28142233777572,788.3021638173003,640.5342077060476,825.4,603.0
2916,2888,35.28142233777572,788.3021638173003,640.5342077060476,825.4,603.0
2917,2889,35.28142233777572,788.3021638173003,640.5342077060476,825.4,603.0
2918,2890,35.28142233777572,644.3021638173003,687.5342077060476,825.4,603.0
2919,2891,35.28142233777572,644.3021638173003,687.5342077060476,825.4,603.0
2920,2892,35.28142233777572,644.3021638173003,687.5342077060476,825.4,603.0
2921,2893,33.98392231191616,644.3021638173003,687.5342077060476,825.4,603.0
2922,2894,33.98392231191616,644.3021638173003,687.5342077060476,825.4,603.0
2923,2895,33.98392231191616,644.3021638173003,687.5342077060476,825.4,603.0
2924,2896,33.98392231191616,644.3021638173003,687.5342077060476,847.2333333333333,563.0333333333333
2925,2897,33.98392231191616,644.3021638173003,687.5342077060476,869.0666666666666,523.0666666666666
2926,2898,33.98392231191616,644.3021638173003,687.5342077060476,890.9,483.1
2927,2899,134.5565849258072,644.3021638173003,687.5342077060476,912.7333333333333,443.1333333333333
2928,2900,134.5565849258072,644.3021638173003,687.5342077060476,934.5666666666666,403.16666666666663
2929,2901,134.5565849258072,644.3021638173003,687.5342077060476,956.4,363.2
2930,2902,134.5565849258072,644.3021638173003,687.5342077060476,956.4,363.2
2931,2903,134.5565849258072,644.3021638173003,687.5342077060476,956.4,363.2
2932,2904,134.5565849258072,644.3021638173003,687.5342077060476,956.4,363.2
2933,2905,134.5565849258072,644.3021638173003,687.5342077060476,956.4,363.2
2934,2906,134.5565849258072,644.3021638173003,687.5342077060476,956.4,363.2
2935,2907,134.5565849258072,644.3021638173003,687.5342077060476,956.4,363.2
2936,2908,134.5565849258072,644.3021638173003,687.5342077060476,956.4,363.2
2937,2909,134.5565849258072,644.3021638173003,687.5342077060476,956.4,363.2
2938,2910,134.5565849258072,644.3021638173003,687.5342077060476,956.4,363.2
2939,2911,134.5565849258072,644.3021638173003,687.5342077060476,956.4,363.2
2940,2912,134.5565849258072,644.3021638173003,687.5342077060476,956.4,363.2
2941,2913,134.5565849258072,644.3021638173003,687.5342077060476,956.4,363.2
2942,2914,134.5565849258072,644.3021638173003,687.5342077060476,956.4,363.2
2943,2915,134.5565849258072,644.3021638173003,687.5342077060476,956.4,363.2
2944,2916,134.5565849258072,644.3021638173003,687.5342077060476,956.4,363.2
2945,2917,134.5565849258072,644.3021638173003,687.5342077060476,956.4,363.2
2946,2918,134.5565849258072,644.3021638173003,687.5342077060476,956.4,363.2
2947,2919,134.5565849258072,644.3021638173003,687.5342077060476,956.4,363.2
2948,2920,134.5565849258072,644.3021638173003,687.5342077060476,956.4,363.2
2949,2921,134.5565849258072,644.3021638173003,687.5342077060476,956.4,363.2
2950,2922,134.5565849258072,644.3021638173003,687.5342077060476,956.4,363.2
2951,2923,113.08316366505025,644.3021638173003,687.5342077060476,956.4,363.2
2952,2924,113.08316366505025,644.3021638173003,687.5342077060476,956.4,363.2
2953,2925,113.08316366505025,644.3021638173003,687.5342077060476,956.4,363.2
2954,2926,113.08316366505025,644.3021638173003,687.5342077060476,956.4,363.2
2955,2927,113.08316366505025,644.3021638173003,687.5342077060476,956.4,363.2
2956,2928,113.08316366505025,644.3021638173003,687.5342077060476,956.4,363.2
2957,2929,113.08316366505025,644.3021638173003,687.5342077060476,956.4,363.2
2958,2930,113.08316366505025,936.3021638173003,693.5342077060476,956.4,363.2
2959,2931,17.523907373036653,936.3021638173003,693.5342077060476,956.4,363.2
2960,2932,17.523907373036653,936.3021638173003,693.5342077060476,956.4,363.2
2961,2933,17.523907373036653,936.3021638173003,693.5342077060476,956.4,363.2
2962,2934,17.523907373036653,936.3021638173003,693.5342077060476,956.4,363.2
2963,2935,17.523907373036653,936.3021638173003,693.5342077060476,956.4,363.2
2964,2936,17.523907373036653,936.3021638173003,693.5342077060476,956.4,363.2
2965,2937,17.523907373036653,936.3021638173003,693.5342077060476,956.4,363.2
2966,2938,17.523907373036653,1228.3021638173004,699.5342077060476,956.4,363.2
2967,2939,17.523907373036653,1228.3021638173004,699.5342077060476,956.4,363.2
2968,2940,17.523907373036653,1228.3021638173004,699.5342077060476,956.4,363.2
2969,2941,17.523907373036653,1228.3021638173004,699.5342077060476,956.4,363.2
2970,2942,17.523907373036653,1228.3021638173004,699.5342077060476,956.4,363.2
2971,2943,17.523907373036653,1228.3021638173004,699.5342077060476,956.4,363.2
2972,2944,17.523907373036653,1228.3021638173004,699.5342077060476,956.4,363.2
2973,2945,17.523907373036653,1228.3021638173004,699.5342077060476,956.4,363.2
2974,2946,17.523907373036653,1228.3021638173004,699.5342077060476,956.4,363.2
2975,2947,17.523907373036653,1228.3021638173004,699.5342077060476,956.4,363.2
2976,2948,17.523907373036653,1228.3021638173004,699.5342077060476,956.4,363.2
2977,2949,17.523907373036653,1228.3021638173004,699.5342077060476,956.4,363.2
2978,2950,17.523907373036653,1228.3021638173004,699.5342077060476,956.4,363.2
2979,2951,17.523907373036653,1228.3021638173004,699.5342077060476,956.4,363.2
2980,2952,17.523907373036653,1228.3021638173004,699.5342077060476,956.4,363.2
2981,2953,17.523907373036653,1228.3021638173004,699.5342077060476,956.4,363.2
2982,2954,17.523907373036653,1228.3021638173004,699.5342077060476,956.4,363.2
2983,2955,17.523907373036653,1228.3021638173004,699.5342077060476,956.4,363.2
2984,2956,17.523907373036653,1228.3021638173004,699.5342077060476,956.4,363.2
2985,2957,17.523907373036653,1228.3021638173004,699.5342077060476,956.4,363.2
2986,2958,17.523907373036653,1228.3021638173004,699.5342077060476,956.4,363.2
2987,2959,17.523907373036653,1228.3021638173004,699.5342077060476,956.4,363.2
2988,2960,17.523907373036653,1228.3021638173004,699.5342077060476,956.4,363.2
2989,2961,19.460951438582658,1228.3021638173004,699.5342077060476,956.4,363.2
2990,2962,20.95244391777154,1228.3021638173004,699.5342077060476,956.4,363.2
2991,2963,3.0455941029236944,1228.3021638173004,699.5342077060476,956.4,363.2
2992,2964,2.0860822946410713,1228.3021638173004,699.5342077060476,956.4,363.2
2993,2965,1.2922431358565134,1228.3021638173004,699.5342077060476,956.4,363.2
2994,2966,0.6248179715213379,1228.3021638173004,699.5342077060476,956.4,363.2
2995,2967,0.05598276486471745,1228.3021638173004,699.5342077060476,956.4,363.2
2996,2967,0.05598276486471745,1228.3021638173004,699.5342077060476,956.4,363.2
2997,2967,0.05598276486471745,1228.3021638173004,699.5342077060476,956.4,363.2
2998,2968,0.43451399282928876,1286.3021638173004,703.5342077060476,956.4,363.2
2999,2969,8.539347076001734,1286.3021638173004,703.5342077060476,956.4,363.2
3000,2969,8.539347076001734,1286.3021638173004,703.5342077060476,992.4666666666667,416.8666666666667
3001,2969,8.539347076001734,1286.3021638173004,703.5342077060476,1028.5333333333333,470.53333333333336
3002,2969,8.539347076001734,1286.3021638173004,703.5342077060476,1064.6,524.2
3003,2969,8.539347076001734,1286.3021638173004,703.5342077060476,1100.6666666666665,577.8666666666667
3004,2969,8.539347076001734,1286.3021638173004,703.5342077060476,1136.7333333333333,631.5333333333333
3005,2969,8.539347076001734,1286.3021638173004,703.5342077060476,1172.8,685.2
3006,2969,8.539347076001734,1286.3021638173004,703.5342077060476,1172.8,685.2
3007,2969,8.539347076001734,1286.3021638173004,703.5342077060476,1172.8,685.2
3008,2969,8.539347076001734,1286.3021638173004,703.5342077060476,1172.8,685.2
3009,2969,8.539347076001734,1286.3021638173004,703.5342077060476,1172.8,685.2
3010,2969,8.539347076001734,1286.3021638173004,703.5342077060476,1172.8,685.2
3011,2969,8.539347076001734,1286.3021638173004,703.5342077060476,1172.8,685.2
3012,2969,8.539347076001734,1286.3021638173004,703.5342077060476,1172.8,685.2
3013,2969,8.539347076001734,1286.3021638173004,703.5342077060476,1172.8,685.2
3014,2969,8.539347076001734,1187.3021638173004,563.5342077060476,1172.8,685.2
3015,2969,8.539347076001734,1187.3021638173004,563.5342077060476,1172.8,685.2
3016,2969,8.539347076001734,1187.3021638173004,563.5342077060476,1172.8,685.2
3017,2969,8.539347076001734,1187.3021638173004,563.5342077060476,1172.8,685.2
3018,2969,8.539347076001734,1187.3021638173004,563.5342077060476,1172.8,685.2
3019,2969,8.539347076001734,1187.3021638173004,563.5342077060476,1172.8,685.2
3020,2970,8.539347076001734,1187.3021638173004,563.5342077060476,1172.8,685.2
3021,2971,8.539347076001734,1187.3021638173004,563.5342077060476,1172.8,685.2
3022,2972,8.539347076001734,1088.3021638173004,423.5342077060476,1172.8,685.2
3023,2973,8.539347076001734,1088.3021638173004,423.5342077060476,1172.8,685.2
3024,2974,8.539347076001734,1088.3021638173004,423.5342077060476,1172.8,685.2
3025,2975,8.539347076001734,1088.3021638173004,423.5342077060476,1172.8,685.2
3026,2976,8.539347076001734,1088.3021638173004,423.5342077060476,1172.8,685.2
3027,2977,8.539347076001734,1088.3021638173004,423.5342077060476,1172.8,685.2
3028,2978,8.539347076001734,1088.3021638173004,423.5342077060476,1172.8,685.2
3029,2979,8.539347076001734,1088.3021638173004,423.5342077060476,1172.8,685.2
3030,2980,8.539347076001734,1088.3021638173004,423.5342077060476,1172.8,685.2
3031,2981,8.539347076001734,1088.3021638173004,423.5342077060476,1172.8,685.2
3032,2982,8.539347076001734,1088.3021638173004,423.5342077060476,1172.8,685.2
3033,2983,8.539347076001734,1088.3021638173004,423.5342077060476,1172.8,685.2
3034,2984,8.539347076001734,1088.3021638173004,423.5342077060476,1172.8,685.2
3035,2985,8.539347076001734,1088.3021638173004,423.5342077060476,1172.8,685.2
3036,2986,8.539347076001734,1088.3021638173004,423.5342077060476,1172.8,685.2
3037,2987,8.539347076001734,1088.3021638173004,423.5342077060476,1172.8,685.2
3038,2988,8.539347076001734,1088.3021638173004,423.5342077060476,1172.8,685.2
3039,2989,8.539347076001734,1088.3021638173004,423.5342077060476,1172.8,685.2
3040,2990,8.539347076001734,1088.3021638173004,423.5342077060476,1172.8,685.2
3041,2991,8.539347076001734,1088.3021638173004,423.5342077060476,1172.8,685.2
3042,2992,8.539347076001734,1088.3021638173004,423.5342077060476,1172.8,685.2
3043,2993,8.539347076001734,-,-,-,-
3044,2994,8.539347076001734,-,-,-,-
3045,2995,8.539347076001734,-,-,-,-
3046,2996,8.539347076001734,-,-,-,-
3047,2997,8.539347076001734,-,-,-,-
3048,2998,8.539347076001734,-,-,-,-
3049,2999,8.539347076001734,-,-,-,-
3050,3000,8.539347076001734,-,-,-,-
3051,3001,8.539347076001734,-,-,-,-
3052,3002,8.539347076001734,-,-,-,-
3053,3003,8.539347076001734,-,-,-,-
3054,3004,8.539347076001734,-,-,-,-
3055,3005,8.539347076001734,-,-,-,-
3056,3006,8.539347076001734,-,-,-,-
3057,3007,8.539347076001734,-,-,-,-
3058,3008,8.539347076001734,-,-,-,-
3059,3009,8.539347076001734,-,-,-,-
3060,3010,8.539347076001734,-,-,-,-
3061,3011,8.539347076001734,-,-,-,-
3062,3012,17.897007852374955,-,-,-,-
3063,3013,30.82654192311305,-,-,-,-
3064,3014,24.122233825978125,-,-,-,-
3065,3015,18.578251409877545,-,-,-,-
3066,3015,18.578251409877545,-,-,-,-
3067,3015,18.578251409877545,-,-,-,-
3068,3015,18.578251409877545,-,-,-,-
3069,3015,18.578251409877545,-,-,-,-
3070,3015,18.578251409877545,-,-,-,-
3071,3015,83.98656567445889,-,-,-,-
3072,3015,83.98656567445889,-,-,-,-
3073,3015,83.98656567445889,-,-,-,-
3074,3015,83.98656567445889,-,-,-,-
3075,3015,83.98656567445889,-,-,-,-
3076,3015,83.98656567445889,-,-,-,-
3077,3015,83.98656567445889,-,-,-,-
3078,3015,83.98656567445889,-,-,-,-
3079,3015,83.98656567445889,-,-,-,-
3080,3015,83.98656567445889,-,-,-,-
3081,3015,83.98656567445889,-,-,-,-
3082,3015,83.98656567445889,-,-,-,-
3083,3015,83.98656567445889,-,-,-,-
3084,3015,83.98656567445889,-,-,-,-
3085,3015,83.98656567445889,-,-,-,-
3086,3015,83.98656567445889,-,-,-,-
3087,3015,83.98656567445889,-,-,-,-
3088,3015,83.98656567445889,-,-,-,-
3089,3015,83.98656567445889,-,-,-,-
3090,3015,83.98656567445889,-,-,-,-
3091,3015,83.98656567445889,-,-,-,-
3092,3015,83.98656567445889,-,-,-,-
3093,3015,83.98656567445889,-,-,-,-
3094,3015,83.98656567445889,-,-,-,-
3095,3015,83.98656567445889,-,-,-,-
3096,3015,83.98656567445889,-,-,-,-
3097,3015,83.98656567445889,-,-,-,-
3098,3015,83.98656567445889,-,-,-,-
3099,3015,83.98656567445889,-,-,-,-
3100,3015,83.98656567445889,-,-,-,-
3101,3015,83.98656567445889,-,-,-,-
3102,3015,83.98656567445889,-,-,-,-
3103,3015,83.98656567445889,-,-,-,-
3104,3015,83.98656567445889,-,-,-,-
3105,3015,83.98656567445889,-,-,-,-
3106,3015,83.98656567445889,-,-,-,-
3107,3015,83.98656567445889,-,-,-,-
3108,3015,83.98656567445889,-,-,-,-
3109,3015,83.98656567445889,-,-,-,-
3110,3015,83.98656567445889,-,-,-,-
3111,3015,83.98656567445889,-,-,-,-
3112,3015,83.98656567445889,-,-,-,-
3113,3015,83.98656567445889,-,-,-,-
3114,3015,83.98656567445889,-,-,-,-
3115,3015,83.98656567445889,-,-,-,-
3116,3015,83.98656567445889,-,-,-,-
3117,3015,83.98656567445889,-,-,-,-
3118,3015,83.98656567445889,-,-,-,-
3119,3015,66.04724530915932,-,-,-,-
3120,3015,66.04724530915932,-,-,-,-
3121,3015,66.04724530915932,-,-,-,-
3122,3015,66.04724530915932,-,-,-,-
3123,3015,66.04724530915932,-,-,-,-
3124,3015,66.04724530915932,-,-,-,-
3125,3015,66.04724530915932,-,-,-,-
3126,3015,66.04724530915932,-,-,-,-
3127,3015,23.49036475449736,-,-,-,-
3128,3015,23.49036475449736,-,-,-,-
3129,3015,23.49036475449736,-,-,-,-
3130,3015,23.49036475449736,-,-,-,-
3131,3015,23.49036475449736,-,-,-,-
3132,3015,23.49036475449736,-,-,-,-
3133,3015,23.49036475449736,-,-,-,-
3134,3015,23.49036475449736,-,-,-,-
3135,3015,23.49036475449736,-,-,-,-
3136,3016,23.49036475449736,-,-,-,-
3137,3017,23.49036475449736,-,-,-,-
3138,3018,23.49036475449736,-,-,-,-
3139,3019,23.49036475449736,-,-,-,-
3140,3020,23.49036475449736,-,-,-,-
3141,3021,23.49036475449736,-,-,-,-
3142,3022,23.49036475449736,-,-,-,-
3143,3023,23.49036475449736,-,-,-,-
3144,3024,23.49036475449736,-,-,-,-
3145,3025,23.49036475449736,-,-,-,-
3146,3026,23.49036475449736,-,-,-,-
3147,3027,23.49036475449736,-,-,-,-
3148,3028,23.49036475449736,-,-,-,-
3149,3029,23.49036475449736,-,-,-,-
3150,3030,23.49036475449736,-,-,-,-
3151,3031,23.49036475449736,-,-,-,-
3152,3032,23.49036475449736,-,-,-,-
3153,3033,23.49036475449736,-,-,-,-
3154,3034,23.49036475449736,-,-,-,-
3155,3035,23.49036475449736,-,-,-,-
3156,3036,23.49036475449736,-,-,-,-
3157,3037,23.49036475449736,-,-,-,-
3158,3038,23.49036475449736,-,-,-,-
3159,3039,23.49036475449736,-,-,-,-
3160,3040,23.49036475449736,-,-,-,-
3161,3041,23.49036475449736,-,-,-,-
3162,3042,23.49036475449736,-,-,-,-
3163,3043,23.49036475449736,-,-,-,-
3164,3044,23.49036475449736,-,-,-,-
3165,3045,23.49036475449736,-,-,-,-
3166,3046,23.49036475449736,-,-,-,-
3167,3047,23.49036475449736,-,-,-,-
3168,3048,23.49036475449736,-,-,-,-
3169,3049,23.49036475449736,-,-,-,-
3170,3050,23.49036475449736,-,-,-,-
3171,3051,23.49036475449736,-,-,-,-
3172,3052,23.49036475449736,-,-,-,-
3173,3053,23.49036475449736,-,-,-,-
3174,3054,23.49036475449736,-,-,-,-
3175,3055,23.49036475449736,-,-,-,-
3176,3056,23.49036475449736,-,-,-,-
3177,3057,23.49036475449736,-,-,-,-
3178,3058,23.49036475449736,-,-,-,-
3179,3059,23.49036475449736,-,-,-,-
3180,3060,23.49036475449736,-,-,-,-
3181,3061,23.49036475449736,-,-,-,-
3182,3062,23.49036475449736,-,-,-,-
3183,3063,23.49036475449736,-,-,-,-
3184,3064,23.49036475449736,-,-,-,-
3185,3065,23.49036475449736,-,-,-,-
3186,3066,23.49036475449736,-,-,-,-
3187,3067,23.49036475449736,-,-,-,-
3188,3068,23.49036475449736,-,-,-,-
3189,3069,23.49036475449736,-,-,-,-
3190,3070,23.49036475449736,-,-,-,-
3191,3071,23.49036475449736,-,-,-,-
3192,3072,23.49036475449736,-,-,-,-
3193,3073,23.49036475449736,-,-,-,-
3194,3074,23.49036475449736,-,-,-,-
3195,3075,23.49036475449736,-,-,-,-
3196,3076,23.49036475449736,-,-,-,-
3197,3077,23.49036475449736,-,-,-,-
3198,3078,27.570730824837035,-,-,-,-
3199,3079,5.219145961167956,-,-,-,-
3200,3079,5.219145961167956,-,-,-,-
3201,3079,5.219145961167956,-,-,-,-
3202,3079,5.219145961167956,-,-,-,-
3203,3079,5.219145961167956,-,-,-,-
3204,3079,5.219145961167956,-,-,-,-
3205,3079,5.219145961167956,-,-,-,-
3206,3079,5.219145961167956,-,-,-,-
3207,3079,5.219145961167956,-,-,-,-
3208,3079,5.219145961167956,-,-,-,-
3209,3079,21.754483500202014,-,-,-,-
3210,3079,21.754483500202014,-,-,-,-
3211,3079,21.754483500202014,-,-,-,-
3212,3079,21.754483500202014,-,-,-,-
3213,3079,21.754483500202014,-,-,-,-
3214,3079,21.754483500202014,-,-,-,-
3215,3079,21.754483500202014,-,-,-,-
3216,3079,21.754483500202014,-,-,-,-
3217,3079,21.754483500202014,-,-,-,-
3218,3079,21.754483500202014,-,-,-,-
3219,3079,21.754483500202014,-,-,-,-
3220,3079,21.754483500202014,-,-,-,-
3221,3079,21.754483500202014,-,-,-,-
3222,3079,21.754483500202014,-,-,-,-
3223,3079,21.754483500202014,-,-,-,-
3224,3079,21.754483500202014,-,-,-,-
3225,3079,21.754483500202014,-,-,-,-
3226,3079,21.754483500202014,-,-,-,-
3227,3079,21.754483500202014,-,-,-,-
3228,3079,21.754483500202014,-,-,-,-
3229,3079,21.754483500202014,-,-,-,-
3230,3079,21.754483500202014,-,-,-,-
3231,3079,21.754483500202014,-,-,-,-
3232,3079,21.754483500202014,-,-,-,-
3233,3079,21.754483500202014,-,-,-,-
3234,3079,21.754483500202014,-,-,-,-
3235,3079,21.754483500202014,-,-,-,-
3236,3079,21.754483500202014,-,-,-,-
3237,3079,21.754483500202014,-,-,-,-
3238,3079,21.754483500202014,-,-,-,-
3239,3079,21.754483500202014,-,-,-,-
3240,3079,21.754483500202014,-,-,-,-
3241,3079,21.754483500202014,-,-,-,-
3242,3079,21.754483500202014,-,-,-,-
3243,3079,21.754483500202014,-,-,-,-
3244,3079,21.754483500202014,-,-,-,-
3245,3079,21.754483500202014,-,-,-,-
3246,3079,21.754483500202014,-,-,-,-
3247,3079,4.234661749316696,-,-,-,-
3248,3079,4.234661749316696,-,-,-,-
3249,3079,4.234661749316696,-,-,-,-
3250,3079,4.234661749316696,-,-,-,-
3251,3079,4.234661749316696,-,-,-,-
3252,3079,4.234661749316696,-,-,-,-
3253,3079,4.234661749316696,-,-,-,-
3254,3079,4.234661749316696,-,-,-,-
3255,3079,34.946765831022674,-,-,-,-
3256,3079,34.946765831022674,-,-,-,-
3257,3079,34.946765831022674,-,-,-,-
3258,3079,34.946765831022674,-,-,-,-
3259,3079,34.946765831022674,-,-,-,-
3260,3079,34.946765831022674,-,-,-,-
3261,3079,34.946765831022674,-,-,-,-
3262,3079,34.946765831022674,-,-,-,-
3263,3079,34.946765831022674,-,-,-,-
3264,3079,34.946765831022674,-,-,-,-
3265,3079,34.946765831022674,-,-,-,-
3266,3079,34.946765831022674,-,-,-,-
3267,3079,34.946765831022674,-,-,-,-
3268,3079,34.946765831022674,-,-,-,-
3269,3079,34.946765831022674,-,-,-,-
3270,3080,73.53931488558061,-,-,-,-
3271,3081,20.0309555549554,-,-,-,-
3271,3082,0.44262448376475305,-,-,-,-
3271,3083,0.44262448376475305,-,-,-,-
3271,3084,0.44262448376475305,-,-,-,-
3271,3085,0.44262448376475305,-,-,-,-
3271,3086,0.44262448376475305,-,-,-,-
3271,3087,0.44262448376475305,-,-,-,-
3271,3088,0.44262448376475305,-,-,-,-
3271,3089,0.44262448376475305,-,-,-,-
3271,3090,0.44262448376475305,-,-,-,-
3271,3091,0.44262448376475305,-,-,-,-
3271,3092,0.44262448376475305,-,-,-,-
3271,3093,0.44262448376475305,-,-,-,-
3271,3094,0.44262448376475305,-,-,-,-
3271,3095,0.44262448376475305,-,-,-,-
3271,3096,0.44262448376475305,-,-,-,-
3271,3097,0.44262448376475305,-,-,-,-
3271,3098,0.44262448376475305,-,-,-,-
3271,3099,0.44262448376475305,-,-,-,-
3271,3100,0.44262448376475305,-,-,-,-
3271,3101,0.44262448376475305,-,-,-,-
3271,3102,0.44262448376475305,-,-,-,-
3271,3103,0.44262448376475305,-,-,-,-
3271,3104,0.44262448376475305,-,-,-,-
3271,3105,0.44262448376475305,-,-,-,-
3271,3106,0.44262448376475305,-,-,-,-
3271,3107,0.44262448376475305,-,-,-,-
3271,3108,0.44262448376475305,-,-,-,-
3271,3109,0.44262448376475305,-,-,-,-
3271,3110,0.44262448376475305,-,-,-,-
3271,3111,0.44262448376475305,-,-,-,-
3271,3112,0.44262448376475305,-,-,-,-
3271,3113,0.44262448376475305,-,-,-,-
3271,3114,0.44262448376475305,-,-,-,-
3271,3115,0.44262448376475305,-,-,-,-
3271,3116,0.44262448376475305,-,-,-,-
3271,3117,0.44262448376475305,-,-,-,-
3271,3118,0.44262448376475305,-,-,-,-
3271,3119,0.44262448376475305,-,-,-,-
3271,3120,0.44262448376475305,-,-,-,-
3271,3121,0.44262448376475305,-,-,-,-
3271,3122,0.44262448376475305,-,-,-,-
3271,3123,0.44262448376475305,-,-,-,-
3271,3124,0.44262448376475305,-,-,-,-
3271,3125,0.44262448376475305,-,-,-,-
3272,3126,0.44262448376475305,-,-,-,-
3273,3127,0.44262448376475305,-,-,-,-
3274,3128,0.44262448376475305,-,-,-,-
3275,3129,0.44262448376475305,-,-,-,-
3276,3130,0.44262448376475305,-,-,-,-
3277,3131,0.44262448376475305,-,-,-,-
3278,3132,0.44262448376475305,-,-,-,-
3279,3133,0.44262448376475305,-,-,-,-
3280,3134,0.44262448376475305,-,-,-,-
3281,3135,0.44262448376475305,-,-,-,-
3282,3136,0.44262448376475305,-,-,-,-
3283,3137,0.44262448376475305,-,-,-,-
3284,3138,0.44262448376475305,-,-,-,-
3285,3139,0.44262448376475305,-,-,-,-
3286,3140,0.44262448376475305,-,-,-,-
3287,3141,0.44262448376475305,-,-,-,-
3288,3142,0.44262448376475305,-,-,-,-
3289,3143,0.44262448376475305,-,-,-,-
3290,3144,24.34965376793889,-,-,-,-
3291,3145,42.049355079637756,-,-,-,-
3292,3146,53.59275900118843,-,-,-,-
3293,3147,61.14364302417338,-,-,-,-
3294,3148,61.14364302417338,-,-,-,-
3295,3149,61.14364302417338,-,-,-,-
3296,3150,61.14364302417338,-,-,-,-
3297,3151,61.14364302417338,-,-,-,-
3298,3152,61.14364302417338,-,-,-,-
3299,3153,61.14364302417338,-,-,-,-
3300,3154,61.14364302417338,-,-,-,-
3301,3155,61.14364302417338,-,-,-,-
3302,3156,61.14364302417338,-,-,-,-
3303,3157,61.14364302417338,-,-,-,-
3304,3158,61.14364302417338,-,-,-,-
3305,3159,61.14364302417338,-,-,-,-
3306,3160,61.14364302417338,-,-,-,-
3307,3161,61.14364302417338,-,-,-,-
3308,3162,61.14364302417338,-,-,-,-
3309,3163,61.14364302417338,-,-,-,-
3310,3164,61.14364302417338,-,-,-,-
3311,3165,98.49921109132433,-,-,-,-
3312,3166,98.49921109132433,-,-,-,-
3313,3167,98.49921109132433,-,-,-,-
3314,3168,98.49921109132433,-,-,-,-
3315,3169,98.49921109132433,-,-,-,-
3316,3170,98.49921109132433,-,-,-,-
3317,3171,98.49921109132433,-,-,-,-
3318,3172,112.13953467787735,-,-,-,-
3319,3173,124.50457508168525,-,-,-,-
3320,3174,74.49542923062337,-,-,-,-
3321,3175,48.28771826230566,-,-,-,-
3322,3176,48.28771826230566,-,-,-,-
3323,3177,48.28771826230566,-,-,-,-
3324,3178,48.28771826230566,-,-,-,-
3325,3179,48.28771826230566,-,-,-,-
3326,3180,48.28771826230566,-,-,-,-
3327,3181,48.28771826230566,-,-,-,-
3328,3182,48.28771826230566,-,-,-,-
3329,3183,48.28771826230566,-,-,-,-
3330,3184,48.28771826230566,-,-,-,-
3331,3185,48.28771826230566,-,-,-,-
3332,3186,48.28771826230566,-,-,-,-
3333,3187,48.28771826230566,-,-,-,-
3334,3188,48.28771826230566,-,-,-,-
3335,3189,48.28771826230566,-,-,-,-
3336,3190,48.28771826230566,-,-,-,-
3337,3191,48.28771826230566,-,-,-,-
3338,3192,48.28771826230566,-,-,-,-
3339,3193,48.28771826230566,-,-,-,-
3340,3194,48.28771826230566,-,-,-,-
3341,3195,48.28771826230566,-,-,-,-
3342,3196,48.28771826230566,-,-,-,-
3343,3197,20.14205284057613,-,-,-,-
3344,3198,20.14205284057613,-,-,-,-
3345,3199,20.14205284057613,-,-,-,-
3346,3200,20.14205284057613,-,-,-,-
3347,3201,20.14205284057613,-,-,-,-
3348,3202,20.14205284057613,-,-,-,-
3349,3203,20.14205284057613,-,-,-,-
3350,3204,20.14205284057613,-,-,-,-
3351,3205,20.14205284057613,-,-,-,-
3352,3206,20.14205284057613,-,-,-,-
3353,3207,20.14205284057613,-,-,-,-
3354,3208,20.14205284057613,-,-,-,-
3355,3209,20.14205284057613,-,-,-,-
3356,3210,20.14205284057613,-,-,-,-
3357,3211,20.14205284057613,-,-,-,-
3358,3212,20.14205284057613,-,-,-,-
3359,3213,20.14205284057613,-,-,-,-
3360,3214,20.14205284057613,-,-,-,-
3361,3215,20.14205284057613,-,-,-,-
3362,3216,20.14205284057613,-,-,-,-
3363,3217,20.14205284057613,-,-,-,-
3364,3218,20.14205284057613,-,-,-,-
3365,3219,20.14205284057613,-,-,-,-
3366,3220,20.14205284057613,-,-,-,-
3367,3221,20.14205284057613,-,-,-,-
3368,3222,20.14205284057613,-,-,-,-
3369,3223,20.14205284057613,-,-,-,-
3370,3224,20.14205284057613,-,-,-,-
3371,3225,20.14205284057613,-,-,-,-
3372,3226,20.14205284057613,-,-,-,-
3373,3227,20.14205284057613,-,-,-,-
3374,3228,20.14205284057613,-,-,-,-
3375,3229,20.14205284057613,-,-,-,-
3376,3230,18.94121613797443,-,-,-,-
3377,3231,14.925721301203485,-,-,-,-
3378,3231,14.925721301203485,-,-,-,-
3379,3231,14.925721301203485,-,-,-,-
3380,3231,14.925721301203485,-,-,-,-
3381,3231,14.925721301203485,-,-,-,-
3382,3231,14.925721301203485,-,-,-,-
3383,3231,14.925721301203485,-,-,-,-
3384,3231,14.925721301203485,-,-,-,-
3385,3231,14.925721301203485,-,-,-,-
3386,3231,14.925721301203485,-,-,-,-
3387,3231,14.925721301203485,-,-,-,-
3388,3231,14.925721301203485,-,-,-,-
3389,3231,14.925721301203485,-,-,-,-
3390,3231,14.925721301203485,-,-,-,-
3391,3232,16.896623430535676,-,-,-,-
3392,3233,8.714372508894972,-,-,-,-
3393,3233,8.714372508894972,-,-,-,-
3394,3233,8.714372508894972,-,-,-,-
3395,3234,12.715289252080034,-,-,-,-
3396,3235,13.643047700411435,-,-,-,-
3397,3236,13.643047700411435,-,-,-,-
3398,3237,13.643047700411435,-,-,-,-
3399,3238,6.320508631153484,-,-,-,-
3399,3239,6.320508631153484,-,-,-,-
3399,3240,6.320508631153484,-,-,-,-
3399,3241,6.320508631153484,-,-,-,-
3399,3242,6.320508631153484,-,-,-,-
3399,3243,6.320508631153484,-,-,-,-
3399,3244,6.320508631153484,-,-,-,-
3399,3245,6.320508631153484,-,-,-,-
3399,3246,6.320508631153484,-,-,-,-
3399,3247,6.320508631153484,-,-,-,-
3399,3248,6.320508631153484,-,-,-,-
3399,3249,6.320508631153484,-,-,-,-
3399,3250,6.320508631153484,-,-,-,-
3399,3251,6.320508631153484,-,-,-,-
3399,3252,6.320508631153484,-,-,-,-
3399,3253,6.320508631153484,-,-,-,-
3399,3254,6.320508631153484,-,-,-,-
3399,3255,6.320508631153484,-,-,-,-
3399,3256,6.320508631153484,-,-,-,-
3399,3257,6.320508631153484,-,-,-,-
3399,3258,6.320508631153484,-,-,-,-
3399,3259,6.320508631153484,-,-,-,-
3399,3260,6.320508631153484,-,-,-,-
3400,3261,6.320508631153484,-,-,-,-
3401,3262,6.320508631153484,-,-,-,-
3402,3263,6.320508631153484,-,-,-,-
3403,3264,6.320508631153484,-,-,-,-
3404,3265,6.320508631153484,-,-,-,-
3405,3266,6.320508631153484,-,-,-,-
3406,3267,6.320508631153484,-,-,-,-
3406,3268,6.320508631153484,-,-,-,-
3406,3269,6.320508631153484,-,-,-,-
3406,3270,6.320508631153484,-,-,-,-
3406,3271,6.320508631153484,-,-,-,-
3406,3272,6.320508631153484,-,-,-,-
3406,3273,6.320508631153484,-,-,-,-
3406,3274,6.320508631153484,-,-,-,-
3406,3275,6.320508631153484,-,-,-,-
3406,3276,6.320508631153484,-,-,-,-
3406,3277,6.320508631153484,-,-,-,-
3406,3278,6.320508631153484,-,-,-,-
3406,3279,6.320508631153484,-,-,-,-
3406,3280,6.320508631153484,-,-,-,-
3407,3281,6.320508631153484,-,-,-,-
3408,3282,6.320508631153484,-,-,-,-
3409,3283,6.320508631153484,-,-,-,-
3410,3284,6.320508631153484,-,-,-,-
3411,3285,6.320508631153484,-,-,-,-
3412,3286,6.320508631153484,-,-,-,-
3413,3287,6.320508631153484,-,-,-,-
3414,3288,20.036349157806978,-,-,-,-
3415,3289,27.419172942833537,-,-,-,-
3416,3290,6.513563020988059,-,-,-,-
3417,3290,6.513563020988059,-,-,-,-
3418,3290,6.513563020988059,-,-,-,-
3419,3290,6.513563020988059,-,-,-,-
3420,3290,6.513563020988059,-,-,-,-
3421,3291,12.006209471996199,-,-,-,-
3422,3292,25.743802464832832,-,-,-,-
3423,3293,13.598178198695017,-,-,-,-
3423,3294,6.899915928630456,-,-,-,-
3423,3295,2.069729711446693,-,-,-,-
3423,3296,2.069729711446693,-,-,-,-
3423,3297,2.069729711446693,-,-,-,-
3423,3298,2.069729711446693,-,-,-,-
3423,3299,2.069729711446693,-,-,-,-
3423,3300,2.069729711446693,-,-,-,-
3423,3301,2.069729711446693,-,-,-,-
3423,3302,2.069729711446693,-,-,-,-
3423,3303,2.069729711446693,-,-,-,-
3423,3304,2.069729711446693,-,-,-,-
3423,3305,2.069729711446693,-,-,-,-
3423,3306,2.069729711446693,-,-,-,-
3423,3307,2.069729711446693,-,-,-,-
3423,3308,2.069729711446693,-,-,-,-
3423,3309,2.069729711446693,-,-,-,-
3423,3310,2.069729711446693,-,-,-,-
3423,3311,2.069729711446693,-,-,-,-
3423,3312,2.069729711446693,-,-,-,-
3423,3313,2.069729711446693,-,-,-,-
3423,3314,2.069729711446693,-,-,-,-
3423,3315,2.069729711446693,-,-,-,-
3423,3316,2.069729711446693,-,-,-,-
3423,3317,2.069729711446693,-,-,-,-
3423,3318,2.069729711446693,-,-,-,-
3423,3319,2.069729711446693,-,-,-,-
3423,3320,2.069729711446693,-,-,-,-
3423,3321,2.069729711446693,-,-,-,-
3423,3322,2.069729711446693,-,-,-,-
3423,3323,2.069729711446693,-,-,-,-
3423,3324,2.069729711446693,-,-,-,-
3423,3325,2.069729711446693,-,-,-,-
3423,3326,2.069729711446693,-,-,-,-
3423,3327,2.069729711446693,-,-,-,-
3423,3328,2.069729711446693,-,-,-,-
3423,3329,2.069729711446693,-,-,-,-
3423,3330,2.069729711446693,-,-,-,-
3423,3331,2.069729711446693,-,-,-,-
3423,3332,2.069729711446693,-,-,-,-
3423,3333,2.069729711446693,-,-,-,-
3423,3334,2.069729711446693,-,-,-,-
3423,3335,2.069729711446693,-,-,-,-
3423,3336,2.069729711446693,-,-,-,-
3423,3337,2.069729711446693,-,-,-,-
3423,3338,2.069729711446693,-,-,-,-
3423,3339,2.069729711446693,-,-,-,-
3423,3340,2.069729711446693,-,-,-,-
3423,3341,2.069729711446693,-,-,-,-
3423,3342,2.069729711446693,-,-,-,-
3423,3343,2.069729711446693,-,-,-,-
3423,3344,2.069729711446693,-,-,-,-
3423,3345,2.069729711446693,-,-,-,-
3423,3346,2.069729711446693,-,-,-,-
3423,3347,2.069729711446693,-,-,-,-
3423,3348,2.069729711446693,-,-,-,-
3423,3349,2.069729711446693,-,-,-,-
3423,3350,2.069729711446693,-,-,-,-
3424,3351,2.069729711446693,-,-,-,-
3425,3352,2.069729711446693,-,-,-,-
3426,3353,2.069729711446693,-,-,-,-
3427,3354,2.069729711446693,-,-,-,-
3428,3355,2.069729711446693,-,-,-,-
3429,3356,2.069729711446693,-,-,-,-
3430,3357,2.069729711446693,-,-,-,-
3431,3358,2.069729711446693,-,-,-,-
3432,3359,2.069729711446693,-,-,-,-
3433,3360,2.069729711446693,-,-,-,-
3434,3361,10.244480051337057,-,-,-,-
3435,3362,21.64848109041474,-,-,-,-
3436,3363,37.06464758761934,-,-,-,-
3437,3364,55.68642981195616,-,-,-,-
3438,3365,74.2288830383693,-,-,-,-
3439,3366,89.481155736089,-,-,-,-
3440,3367,89.481155736089,-,-,-,-
3441,3368,89.481155736089,-,-,-,-
3442,3369,89.481155736089,-,-,-,-
3443,3370,89.481155736089,-,-,-,-
3444,3371,89.481155736089,-,-,-,-
3445,3372,89.481155736089,-,-,-,-
3446,3373,89.481155736089,-,-,-,-
3447,3374,89.85534380979846,-,-,-,-
3448,3375,89.85534380979846,-,-,-,-
3449,3376,89.85534380979846,-,-,-,-
3450,3377,89.85534380979846,-,-,-,-
3451,3378,89.85534380979846,-,-,-,-
3452,3379,89.85534380979846,-,-,-,-
3453,3380,89.85534380979846,-,-,-,-
3454,3381,89.85534380979846,-,-,-,-
3455,3382,89.85534380979846,-,-,-,-
3456,3383,89.85534380979846,-,-,-,-
3457,3384,89.85534380979846,-,-,-,-
3458,3385,89.85534380979846,-,-,-,-
3459,3386,89.85534380979846,-,-,-,-
3460,3387,89.85534380979846,-,-,-,-
3461,3388,89.85534380979846,-,-,-,-
3462,3389,89.85534380979846,-,-,-,-
3463,3390,89.85534380979846,-,-,-,-
3464,3391,89.85534380979846,-,-,-,-
3465,3392,89.85534380979846,-,-,-,-
3466,3393,89.85534380979846,-,-,-,-
3467,3394,89.85534380979846,-,-,-,-
3468,3395,89.85534380979846,-,-,-,-
3469,3396,89.85534380979846,-,-,-,-
3470,3397,89.85534380979846,-,-,-,-
3471,3398,89.85534380979846,-,-,-,-
3472,3399,89.85534380979846,-,-,-,-
3473,3400,147.46454413763598,-,-,-,-
3474,3401,147.46454413763598,-,-,-,-
3475,3402,147.46454413763598,-,-,-,-
3476,3403,147.46454413763598,-,-,-,-
3477,3404,147.46454413763598,-,-,-,-
3478,3405,147.46454413763598,-,-,-,-
3479,3406,146.25051486187235,-,-,-,-
3480,3407,146.25051486187235,-,-,-,-
3481,3408,146.25051486187235,-,-,-,-
3482,3409,146.25051486187235,-,-,-,-
3483,3410,146.25051486187235,-,-,-,-
3484,3411,146.25051486187235,-,-,-,-
3485,3412,146.25051486187235,-,-,-,-
3486,3413,146.25051486187235,-,-,-,-
3487,3414,146.25051486187235,-,-,-,-
3488,3415,146.25051486187235,-,-,-,-
3489,3416,146.25051486187235,-,-,-,-
3490,3417,146.25051486187235,-,-,-,-
3491,3418,146.25051486187235,-,-,-,-
3492,3419,146.25051486187235,-,-,-,-
3493,3420,146.25051486187235,-,-,-,-
3494,3421,146.25051486187235,-,-,-,-
3495,3422,146.25051486187235,-,-,-,-
3496,3423,146.25051486187235,-,-,-,-
3497,3424,146.25051486187235,-,-,-,-
3498,3425,146.25051486187235,-,-,-,-
3499,3426,146.25051486187235,-,-,-,-
3500,3427,146.25051486187235,-,-,-,-
3501,3428,146.25051486187235,-,-,-,-
3502,3429,146.25051486187235,-,-,-,-
3503,3430,146.25051486187235,-,-,-,-
3504,3431,146.25051486187235,-,-,-,-
3505,3432,146.25051486187235,-,-,-,-
3506,3433,146.25051486187235,-,-,-,-
3507,3434,146.25051486187235,-,-,-,-
3508,3435,146.25051486187235,-,-,-,-
3509,3436,146.25051486187235,-,-,-,-
3510,3437,146.25051486187235,-,-,-,-
3511,3438,146.25051486187235,-,-,-,-
3512,3439,146.25051486187235,-,-,-,-
3513,3440,146.25051486187235,-,-,-,-
3514,3441,146.25051486187235,-,-,-,-
3515,3442,146.25051486187235,-,-,-,-
3516,3443,146.25051486187235,-,-,-,-
3517,3444,146.25051486187235,-,-,-,-
3518,3445,146.25051486187235,-,-,-,-
3519,3446,146.25051486187235,-,-,-,-
3520,3447,146.25051486187235,-,-,-,-
3521,3448,146.25051486187235,-,-,-,-
3522,3449,146.25051486187235,-,-,-,-
3523,3450,143.1665851085693,-,-,-,-
3524,3451,140.53366161301895,-,-,-,-
3525,3452,138.26857167199793,-,-,-,-
3526,3453,138.26857167199793,-,-,-,-
3527,3454,138.26857167199793,-,-,-,-
3528,3455,138.26857167199793,-,-,-,-
3529,3456,138.26857167199793,-,-,-,-
3530,3457,138.26857167199793,-,-,-,-
3531,3458,138.26857167199793,-,-,-,-
3532,3459,138.26857167199793,-,-,-,-
3533,3460,138.26857167199793,-,-,-,-
3534,3461,138.26857167199793,-,-,-,-
3535,3462,138.26857167199793,-,-,-,-
3536,3463,138.26857167199793,-,-,-,-
3537,3464,138.26857167199793,-,-,-,-
3538,3465,138.26857167199793,-,-,-,-
3539,3466,138.26857167199793,-,-,-,-
3540,3467,138.26857167199793,-,-,-,-
3541,3468,138.26857167199793,-,-,-,-
3542,3469,138.26857167199793,-,-,-,-
3543,3470,138.26857167199793,-,-,-,-
3544,3471,138.26857167199793,-,-,-,-
3545,3472,138.26857167199793,-,-,-,-
3546,3473,138.26857167199793,-,-,-,-
3547,3474,138.26857167199793,-,-,-,-
3548,3475,138.26857167199793,-,-,-,-
3549,3476,138.26857167199793,-,-,-,-
3550,3477,138.26857167199793,-,-,-,-
3551,3478,138.26857167199793,-,-,-,-
3552,3479,138.26857167199793,-,-,-,-
3553,3480,138.26857167199793,-,-,-,-
3554,3481,138.26857167199793,-,-,-,-
3555,3482,138.26857167199793,-,-,-,-
3556,3483,138.26857167199793,-,-,-,-
3557,3484,138.26857167199793,-,-,-,-
3558,3485,138.26857167199793,-,-,-,-
3559,3486,138.26857167199793,-,-,-,-
3560,3487,138.26857167199793,-,-,-,-
3561,3488,138.26857167199793,-,-,-,-
3562,3489,138.26857167199793,-,-,-,-
3563,3490,138.26857167199793,-,-,-,-
3564,3491,138.26857167199793,-,-,-,-
3565,3492,138.26857167199793,-,-,-,-
3566,3493,138.26857167199793,-,-,-,-
3567,3494,149.07351883946288,-,-,-,-
3568,3495,134.1363708377191,-,-,-,-
3569,3496,119.0611606933346,-,-,-,-
3570,3497,105.70819503707443,-,-,-,-
3571,3498,94.92296867891226,-,-,-,-
3572,3499,86.58424433479716,-,-,-,-
3573,3500,80.19596059852493,-,-,-,-
3574,3501,75.25919534037565,-,-,-,-
3575,3502,75.25919534037565,-,-,-,-
3576,3503,75.25919534037565,-,-,-,-
3577,3504,75.25919534037565,-,-,-,-
3578,3505,75.25919534037565,-,-,-,-
3579,3506,75.25919534037565,-,-,-,-
3580,3507,75.25919534037565,-,-,-,-
3581,3508,75.25919534037565,-,-,-,-
3582,3509,75.25919534037565,-,-,-,-
3583,3510,75.25919534037565,-,-,-,-
3584,3511,75.25919534037565,-,-,-,-
3585,3512,75.25919534037565,-,-,-,-
3586,3513,75.25919534037565,-,-,-,-
3587,3514,75.25919534037565,-,-,-,-
3588,3515,75.25919534037565,-,-,-,-
3589,3516,75.25919534037565,-,-,-,-
3590,3517,75.25919534037565,-,-,-,-
3591,3518,75.25919534037565,-,-,-,-
3592,3519,75.25919534037565,-,-,-,-
3593,3520,75.25919534037565,-,-,-,-
3594,3521,71.92469326251259,-,-,-,-
3595,3522,67.26441192612792,-,-,-,-
3596,3522,67.26441192612792,-,-,-,-
3597,3522,67.26441192612792,-,-,-,-
3598,3522,67.26441192612792,-,-,-,-
3599,3522,35.020618000923285,-,-,-,-
3600,3522,35.020618000923285,-,-,-,-
3601,3522,35.020618000923285,-,-,-,-
3602,3522,35.020618000923285,-,-,-,-
3603,3522,35.020618000923285,-,-,-,-
3604,3522,35.020618000923285,-,-,-,-
3605,3522,35.020618000923285,-,-,-,-
3606,3522,35.020618000923285,-,-,-,-
3607,3522,35.020618000923285,-,-,-,-
3608,3522,35.020618000923285,-,-,-,-
3609,3522,35.020618000923285,-,-,-,-
3610,3522,35.020618000923285,-,-,-,-
3611,3522,35.020618000923285,-,-,-,-
3612,3522,35.020618000923285,-,-,-,-
3613,3522,35.020618000923285,-,-,-,-
3614,3522,35.020618000923285,-,-,-,-
3615,3522,35.020618000923285,-,-,-,-
3616,3522,35.020618000923285,-,-,-,-
3617,3522,35.020618000923285,-,-,-,-
3618,3522,35.020618000923285,-,-,-,-
3619,3522,35.020618000923285,-,-,-,-
3620,3522,35.020618000923285,-,-,-,-
3621,3522,35.020618000923285,-,-,-,-
3622,3522,35.020618000923285,-,-,-,-
3623,3522,10.506143842076371,-,-,-,-
3624,3522,10.506143842076371,-,-,-,-
3625,3522,10.506143842076371,-,-,-,-
3626,3522,10.506143842076371,-,-,-,-
3627,3522,10.506143842076371,-,-,-,-
3628,3522,10.506143842076371,-,-,-,-
3629,3522,10.506143842076371,-,-,-,-
3630,3522,10.506143842076371,-,-,-,-
3631,3522,0.34682589009112574,-,-,-,-
3632,3522,0.34682589009112574,-,-,-,-
3633,3522,0.34682589009112574,-,-,-,-
3634,3522,0.34682589009112574,-,-,-,-
3635,3522,0.34682589009112574,-,-,-,-
3636,3522,0.34682589009112574,-,-,-,-
3637,3522,0.34682589009112574,-,-,-,-
3638,3522,0.34682589009112574,-,-,-,-
3639,3522,0.34682589009112574,-,-,-,-
3640,3522,0.34682589009112574,-,-,-,-
3641,3522,0.34682589009112574,-,-,-,-
3642,3522,0.34682589009112574,-,-,-,-
3643,3522,0.34682589009112574,-,-,-,-
3644,3522,0.34682589009112574,-,-,-,-
3645,3522,0.34682589009112574,-,-,-,-
3646,3522,0.34682589009112574,-,-,-,-
3647,3522,0.34682589009112574,-,-,-,-
3648,3522,0.34682589009112574,-,-,-,-
3649,3522,0.34682589009112574,-,-,-,-
3650,3522,0.34682589009112574,-,-,-,-
3651,3522,0.34682589009112574,-,-,-,-
3652,3522,0.34682589009112574,-,-,-,-
3653,3522,0.34682589009112574,-,-,-,-
3654,3522,0.34682589009112574,-,-,-,-
3655,3522,0.34682589009112574,-,-,-,-
3656,3522,0.34682589009112574,-,-,-,-
3657,3522,0.34682589009112574,-,-,-,-
3658,3522,0.34682589009112574,-,-,-,-
3659,3522,0.34682589009112574,-,-,-,-
3660,3522,0.34682589009112574,-,-,-,-
3661,3522,0.34682589009112574,-,-,-,-
3662,3522,0.34682589009112574,-,-,-,-
3663,3522,0.34682589009112574,-,-,-,-
3664,3522,0.34682589009112574,-,-,-,-
3665,3522,0.34682589009112574,-,-,-,-
3666,3522,0.34682589009112574,-,-,-,-
3667,3522,0.34682589009112574,-,-,-,-
3668,3522,0.34682589009112574,-,-,-,-
3669,3522,0.34682589009112574,-,-,-,-
3670,3522,0.34682589009112574,-,-,-,-
3671,3522,0.34682589009112574,-,-,-,-
3672,3522,0.34682589009112574,-,-,-,-
3673,3522,0.34682589009112574,-,-,-,-
3674,3522,0.34682589009112574,-,-,-,-
3675,3522,0.34682589009112574,-,-,-,-
3676,3522,0.34682589009112574,-,-,-,-
3677,3522,0.34682589009112574,-,-,-,-
3678,3522,0.34682589009112574,-,-,-,-
3679,3523,8.575329874213361,-,-,-,-
3680,3524,2.057414137861114,-,-,-,-
3681,3524,2.057414137861114,-,-,-,-
3682,3524,2.057414137861114,-,-,-,-
3683,3524,2.057414137861114,-,-,-,-
3684,3524,2.057414137861114,-,-,-,-
3685,3524,2.057414137861114,-,-,-,-
3686,3525,19.003932443241382,-,-,-,-
3687,3526,6.682453389690603,-,-,-,-
3687,3527,6.682453389690603,-,-,-,-
3687,3528,6.682453389690603,-,-,-,-
3687,3529,6.682453389690603,-,-,-,-
3687,3530,6.682453389690603,-,-,-,-
3687,3531,6.682453389690603,-,-,-,-
3687,3532,6.682453389690603,-,-,-,-
3687,3533,6.682453389690603,-,-,-,-
3687,3534,6.682453389690603,-,-,-,-
3687,3535,6.682453389690603,-,-,-,-
3687,3536,6.682453389690603,-,-,-,-
3688,3537,6.682453389690603,-,-,-,-
3689,3538,6.682453389690603,-,-,-,-
3690,3539,6.682453389690603,-,-,-,-
3691,3540,6.682453389690603,-,-,-,-
3692,3541,6.682453389690603,-,-,-,-
3693,3542,6.682453389690603,-,-,-,-
3694,3543,6.682453389690603,-,-,-,-
3695,3544,6.682453389690603,-,-,-,-
3696,3545,6.682453389690603,-,-,-,-
3697,3546,6.682453389690603,-,-,-,-
3698,3547,6.682453389690603,-,-,-,-
3699,3548,6.682453389690603,-,-,-,-
3700,3549,6.682453389690603,-,-,-,-
3701,3550,6.682453389690603,-,-,-,-
3702,3551,6.169333848760409,-,-,-,-
3703,3552,3.6369841278798796,-,-,-,-
3703,3553,4.8199423973031825,-,-,-,-
3703,3554,24.843694596460043,-,-,-,-
3703,3555,13.878211787216618,-,-,-,-
3703,3556,13.878211787216618,-,-,-,-
3703,3557,13.878211787216618,-,-,-,-
3703,3558,13.878211787216618,-,-,-,-
3703,3559,13.878211787216618,-,-,-,-
3703,3560,13.878211787216618,-,-,-,-
3703,3561,13.878211787216618,-,-,-,-
3703,3562,13.878211787216618,-,-,-,-
3703,3563,13.878211787216618,-,-,-,-
3703,3564,13.878211787216618,-,-,-,-
3703,3565,13.878211787216618,-,-,-,-
3703,3566,13.878211787216618,-,-,-,-
3703,3567,13.878211787216618,-,-,-,-
3703,3568,13.878211787216618,-,-,-,-
3703,3569,13.878211787216618,-,-,-,-
3703,3570,13.878211787216618,-,-,-,-
3703,3571,13.878211787216618,-,-,-,-
3703,3572,13.878211787216618,-,-,-,-
3703,3573,13.878211787216618,-,-,-,-
3703,3574,13.878211787216618,-,-,-,-
3703,3575,13.878211787216618,-,-,-,-
3703,3576,13.878211787216618,-,-,-,-
3703,3577,13.878211787216618,-,-,-,-
3703,3578,13.878211787216618,-,-,-,-
3703,3579,13.878211787216618,-,-,-,-
3703,3580,13.878211787216618,-,-,-,-
3703,3581,13.878211787216618,-,-,-,-
3703,3582,13.878211787216618,-,-,-,-
3703,3583,13.878211787216618,-,-,-,-
3704,3584,13.878211787216618,-,-,-,-
3705,3585,13.878211787216618,-,-,-,-
3706,3586,13.878211787216618,-,-,-,-
3707,3587,13.878211787216618,-,-,-,-
3708,3588,13.878211787216618,-,-,-,-
3709,3589,13.878211787216618,-,-,-,-
3710,3590,13.878211787216618,-,-,-,-
3711,3591,35.58458809031317,-,-,-,-
3712,3592,35.58458809031317,-,-,-,-
3713,3593,35.58458809031317,-,-,-,-
3714,3594,35.58458809031317,-,-,-,-
3715,3595,35.58458809031317,-,-,-,-
3716,3596,35.58458809031317,-,-,-,-
3717,3597,35.58458809031317,-,-,-,-
3718,3598,35.58458809031317,-,-,-,-
3719,3599,35.58458809031317,-,-,-,-
3720,3600,35.58458809031317,-,-,-,-
3721,3601,35.58458809031317,-,-,-,-
3722,3602,35.58458809031317,-,-,-,-
3723,3603,35.58458809031317,-,-,-,-
3724,3604,35.58458809031317,-,-,-,-
3725,3605,35.58458809031317,-,-,-,-
3726,3606,35.58458809031317,-,-,-,-
3727,3607,35.58458809031317,-,-,-,-
3728,3608,35.58458809031317,-,-,-,-
3729,3609,35.58458809031317,-,-,-,-
3730,3610,35.58458809031317,-,-,-,-
3731,3611,35.58458809031317,-,-,-,-
3732,3612,35.58458809031317,-,-,-,-
3733,3613,49.304351158565204,-,-,-,-
3734,3614,65.59264807920646,-,-,-,-
3735,3615,70.55012714144695,-,-,-,-
3736,3616,55.9976922276657,-,-,-,-
3737,3617,44.58915694133156,-,-,-,-
3738,3618,36.0392728040973,-,-,-,-
3739,3619,36.0392728040973,-,-,-,-
3740,3620,36.0392728040973,-,-,-,-
3741,3621,36.0392728040973,-,-,-,-
3742,3622,36.0392728040973,-,-,-,-
3743,3623,36.0392728040973,-,-,-,-
3744,3624,36.0392728040973,-,-,-,-
3745,3625,36.0392728040973,-,-,-,-
3746,3626,36.0392728040973,-,-,-,-
3747,3627,36.0392728040973,-,-,-,-
3748,3628,36.0392728040973,-,-,-,-
3749,3629,36.0392728040973,-,-,-,-
3750,3630,36.0392728040973,-,-,-,-
3751,3631,4.583738277274065,-,-,-,-
3752,3632,4.583738277274065,-,-,-,-
3753,3633,4.583738277274065,-,-,-,-
3754,3634,4.583738277274065,-,-,-,-
3755,3635,4.583738277274065,-,-,-,-
3756,3636,4.583738277274065,-,-,-,-
3757,3637,4.583738277274065,-,-,-,-
3758,3638,4.583738277274065,-,-,-,-
3759,3639,0.7185416719977357,-,-,-,-
3759,3640,0.7185416719977357,-,-,-,-
3759,3641,0.7185416719977357,-,-,-,-
3759,3642,0.7185416719977357,-,-,-,-
3759,3643,0.7185416719977357,-,-,-,-
3759,3644,0.7185416719977357,-,-,-,-
3759,3645,0.7185416719977357,-,-,-,-
3759,3646,0.7185416719977357,-,-,-,-
3759,3647,0.7185416719977357,-,-,-,-
3759,3648,0.7185416719977357,-,-,-,-
3759,3649,0.7185416719977357,-,-,-,-
3759,3650,0.7185416719977357,-,-,-,-
3759,3651,0.7185416719977357,-,-,-,-
3759,3652,0.7185416719977357,-,-,-,-
3759,3653,0.7185416719977357,-,-,-,-
3759,3654,0.7185416719977357,-,-,-,-
3759,3655,0.7185416719977357,-,-,-,-
3759,3656,0.7185416719977357,-,-,-,-
3759,3657,0.7185416719977357,-,-,-,-
3759,3658,0.7185416719977357,-,-,-,-
3759,3659,0.7185416719977357,-,-,-,-
3759,3660,0.7185416719977357,-,-,-,-
3759,3661,0.7185416719977357,-,-,-,-
3759,3662,7.582278520649697,-,-,-,-
3759,3663,19.15740659733512,-,-,-,-
3759,3664,34.7526326651844,-,-,-,-
3759,3665,53.4479016272932,-,-,-,-
3759,3666,71.88481103195971,-,-,-,-
3759,3667,71.88481103195971,-,-,-,-
3759,3668,71.88481103195971,-,-,-,-
3759,3669,71.88481103195971,-,-,-,-
3759,3670,71.88481103195971,-,-,-,-
3759,3671,71.88481103195971,-,-,-,-
3759,3672,71.88481103195971,-,-,-,-
3759,3673,71.88481103195971,-,-,-,-
3759,3674,71.88481103195971,-,-,-,-
3759,3675,71.88481103195971,-,-,-,-
3759,3676,71.88481103195971,-,-,-,-
3759,3677,71.88481103195971,-,-,-,-
3759,3678,71.88481103195971,-,-,-,-
3759,3679,71.88481103195971,-,-,-,-
3759,3680,71.88481103195971,-,-,-,-
3759,3681,71.88481103195971,-,-,-,-
3759,3682,71.88481103195971,-,-,-,-
3759,3683,71.88481103195971,-,-,-,-
3759,3684,71.88481103195971,-,-,-,-
3759,3685,71.88481103195971,-,-,-,-
3759,3686,71.88481103195971,-,-,-,-
3759,3687,71.88481103195971,-,-,-,-
3759,3688,71.88481103195971,-,-,-,-
3759,3689,71.88481103195971,-,-,-,-
3759,3690,71.88481103195971,-,-,-,-
3759,3691,71.88481103195971,-,-,-,-
3759,3692,71.88481103195971,-,-,-,-
3759,3693,71.88481103195971,-,-,-,-
3759,3694,71.88481103195971,-,-,-,-
3759,3695,71.88481103195971,-,-,-,-
3759,3696,71.88481103195971,-,-,-,-
3759,3697,71.88481103195971,-,-,-,-
3759,3698,71.88481103195971,-,-,-,-
3759,3699,71.88481103195971,-,-,-,-
3759,3700,71.88481103195971,-,-,-,-
3759,3701,71.88481103195971,-,-,-,-
3759,3702,71.88481103195971,-,-,-,-
3759,3703,71.88481103195971,-,-,-,-
3759,3704,71.88481103195971,-,-,-,-
3759,3705,71.88481103195971,-,-,-,-
3759,3706,71.88481103195971,-,-,-,-
3759,3707,71.88481103195971,-,-,-,-
3759,3708,71.88481103195971,-,-,-,-
3759,3709,71.88481103195971,-,-,-,-
3759,3710,71.88481103195971,-,-,-,-
3759,3711,71.88481103195971,-,-,-,-
3759,3712,71.88481103195971,-,-,-,-
3759,3713,71.88481103195971,-,-,-,-
3759,3714,71.88481103195971,-,-,-,-
3759,3715,71.88481103195971,-,-,-,-
3759,3716,71.88481103195971,-,-,-,-
3759,3717,71.88481103195971,-,-,-,-
3759,3718,71.88481103195971,-,-,-,-
3759,3719,71.88481103195971,-,-,-,-
3759,3720,71.88481103195971,-,-,-,-
3759,3721,71.88481103195971,-,-,-,-
3759,3722,71.88481103195971,-,-,-,-
3759,3723,71.88481103195971,-,-,-,-
3759,3724,71.88481103195971,-,-,-,-
3759,3725,52.87725484931018,-,-,-,-
3759,3726,31.73183070993287,-,-,-,-
3759,3727,13.383119062639285,-,-,-,-
3759,3728,0.03414155641431426,-,-,-,-
3759,3729,0.03414155641431426,-,-,-,-
3759,3730,0.03414155641431426,-,-,-,-
3759,3731,0.03414155641431426,-,-,-,-
3759,3732,0.03414155641431426,-,-,-,-
3759,3733,0.03414155641431426,-,-,-,-
3759,3734,0.03414155641431426,-,-,-,-
3759,3735,0.03414155641431426,-,-,-,-
3759,3736,0.03414155641431426,-,-,-,-
3759,3737,0.03414155641431426,-,-,-,-
3759,3738,0.03414155641431426,-,-,-,-
3759,3739,0.03414155641431426,-,-,-,-
3759,3740,0.03414155641431426,-,-,-,-
3759,3741,0.03414155641431426,-,-,-,-
3759,3742,0.03414155641431426,-,-,-,-
3759,3743,0.03414155641431426,-,-,-,-
3759,3744,0.03414155641431426,-,-,-,-
3759,3745,0.03414155641431426,-,-,-,-
3759,3746,0.03414155641431426,-,-,-,-
3759,3747,0.03414155641431426,-,-,-,-
3759,3748,0.03414155641431426,-,-,-,-
3759,3749,0.03414155641431426,-,-,-,-
3759,3750,0.03414155641431426,-,-,-,-
3759,3751,0.03414155641431426,-,-,-,-
3759,3752,0.03414155641431426,-,-,-,-
3759,3753,0.03414155641431426,-,-,-,-
3759,3754,0.03414155641431426,-,-,-,-
3759,3755,0.03414155641431426,-,-,-,-
3759,3756,0.03414155641431426,-,-,-,-
3759,3757,0.03414155641431426,-,-,-,-
3759,3758,0.03414155641431426,-,-,-,-
3759,3759,0.03414155641431426,-,-,-,-
3759,3760,0.03414155641431426,-,-,-,-
3759,3761,0.03414155641431426,-,-,-,-
3759,3762,0.03414155641431426,-,-,-,-
3759,3763,0.03414155641431426,-,-,-,-
3759,3764,0.03414155641431426,-,-,-,-
3759,3765,13.503723487878524,-,-,-,-
3759,3766,35.59659199208432,-,-,-,-
3759,3767,64.51751995303441,-,-,-,-
3759,3768,89.03762901450149,-,-,-,-
3759,3769,104.51850896501256,-,-,-,-
3759,3770,113.8814716538996,-,-,-,-
3759,3771,113.8814716538996,-,-,-,-
3759,3772,113.8814716538996,-,-,-,-
3759,3773,113.8814716538996,-,-,-,-
3759,3774,113.8814716538996,-,-,-,-
3759,3775,113.8814716538996,-,-,-,-
3759,3776,113.8814716538996,-,-,-,-
3759,3777,113.8814716538996,-,-,-,-
3759,3778,113.8814716538996,-,-,-,-
3759,3779,113.8814716538996,-,-,-,-
3759,3780,113.8814716538996,-,-,-,-
3759,3781,113.8814716538996,-,-,-,-
3759,3782,113.8814716538996,-,-,-,-
3759,3783,113.8814716538996,-,-,-,-
3759,3784,113.8814716538996,-,-,-,-
3759,3785,113.8814716538996,-,-,-,-
3759,3786,113.8814716538996,-,-,-,-
3759,3787,113.8814716538996,-,-,-,-
3759,3788,113.8814716538996,-,-,-,-
3759,3789,113.8814716538996,-,-,-,-
3759,3790,113.8814716538996,-,-,-,-
3759,3791,113.8814716538996,-,-,-,-
3759,3792,113.8814716538996,-,-,-,-
3759,3793,113.8814716538996,-,-,-,-
3760,3794,113.8814716538996,-,-,-,-
3761,3795,113.8814716538996,-,-,-,-
3762,3796,113.8814716538996,-,-,-,-
3763,3797,113.8814716538996,-,-,-,-
3764,3798,113.8814716538996,-,-,-,-
3765,3799,113.8814716538996,-,-,-,-
3766,3800,113.8814716538996,-,-,-,-
3767,3801,113.8814716538996,-,-,-,-
3768,3802,113.8814716538996,-,-,-,-
3769,3803,113.8814716538996,-,-,-,-
3770,3804,113.8814716538996,-,-,-,-
3771,3805,113.8814716538996,-,-,-,-
3772,3806,113.8814716538996,-,-,-,-
3773,3807,113.8814716538996,-,-,-,-
3774,3808,113.8814716538996,-,-,-,-
3775,3809,113.8814716538996,-,-,-,-
3776,3810,113.8814716538996,-,-,-,-
3777,3811,113.8814716538996,-,-,-,-
3778,3812,113.8814716538996,-,-,-,-
3779,3813,113.8814716538996,-,-,-,-
3780,3814,113.8814716538996,-,-,-,-
3781,3815,113.8814716538996,-,-,-,-
3782,3816,113.8814716538996,-,-,-,-
3783,3817,113.8814716538996,-,-,-,-
3784,3818,113.8814716538996,-,-,-,-
3785,3819,113.8814716538996,-,-,-,-
3786,3820,113.8814716538996,-,-,-,-
3787,3821,113.8814716538996,-,-,-,-
3788,3822,113.8814716538996,-,-,-,-
3789,3823,113.8814716538996,-,-,-,-
3790,3824,113.8814716538996,-,-,-,-
3791,3825,113.8814716538996,-,-,-,-
3792,3826,113.8814716538996,-,-,-,-
3793,3827,113.8814716538996,-,-,-,-
3794,3828,113.8814716538996,-,-,-,-
3795,3829,113.8814716538996,-,-,-,-
3796,3830,113.8814716538996,-,-,-,-
3797,3831,113.8814716538996,-,-,-,-
3798,3832,113.8814716538996,-,-,-,-
3799,3833,170.05920565737048,-,-,-,-
3800,3834,170.05920565737048,-,-,-,-
3801,3835,170.05920565737048,-,-,-,-
3802,3836,170.05920565737048,-,-,-,-
3803,3837,170.05920565737048,-,-,-,-
3804,3838,170.05920565737048,-,-,-,-
3805,3839,170.05920565737048,-,-,-,-
3806,3840,170.05920565737048,-,-,-,-
3807,3841,105.96494691701174,-,-,-,-
3808,3842,76.1234929852834,-,-,-,-
3809,3843,39.32567551774112,-,-,-,-
3810,3844,15.669450690165219,-,-,-,-
3811,3845,3.3555495289046866,-,-,-,-
3812,3845,3.3555495289046866,-,-,-,-
3813,3845,3.3555495289046866,-,-,-,-
3814,3845,3.3555495289046866,-,-,-,-
3815,3845,3.3555495289046866,-,-,-,-
3816,3845,3.3555495289046866,-,-,-,-
3817,3845,3.3555495289046866,-,-,-,-
3818,3845,3.3555495289046866,-,-,-,-
3819,3845,3.3555495289046866,-,-,-,-
3820,3845,3.3555495289046866,-,-,-,-
3821,3845,3.3555495289046866,-,-,-,-
3822,3845,3.3555495289046866,-,-,-,-
3823,3845,3.3555495289046866,-,-,-,-
3824,3845,3.3555495289046866,-,-,-,-
3825,3845,3.3555495289046866,-,-,-,-
3826,3845,3.3555495289046866,-,-,-,-
3827,3845,3.3555495289046866,-,-,-,-
3828,3845,3.3555495289046866,-,-,-,-
3829,3845,3.3555495289046866,-,-,-,-
3830,3845,3.3555495289046866,-,-,-,-
3831,3845,3.3555495289046866,-,-,-,-
3832,3845,3.3555495289046866,-,-,-,-
3833,3845,3.3555495289046866,-,-,-,-
3834,3845,3.3555495289046866,-,-,-,-
3835,3845,3.3555495289046866,-,-,-,-
3836,3845,3.3555495289046866,-,-,-,-
3837,3845,3.3555495289046866,-,-,-,-
3838,3845,3.3555495289046866,-,-,-,-
3839,3845,0.7615969740647918,-,-,-,-
3840,3845,0.7615969740647918,-,-,-,-
3841,3845,0.7615969740647918,-,-,-,-
3842,3845,0.7615969740647918,-,-,-,-
3843,3845,0.7615969740647918,-,-,-,-
3844,3845,0.7615969740647918,-,-,-,-
3845,3845,0.7615969740647918,-,-,-,-
3846,3846,7.688078612862919,-,-,-,-
3847,3847,7.688078612862919,-,-,-,-
3848,3848,7.688078612862919,-,-,-,-
3849,3849,7.688078612862919,-,-,-,-
3850,3850,7.688078612862919,-,-,-,-
3851,3851,7.688078612862919,-,-,-,-
3852,3852,7.688078612862919,-,-,-,-
3853,3853,7.688078612862919,-,-,-,-
3854,3854,7.688078612862919,-,-,-,-
3855,3855,28.395746676243345,-,-,-,-
3856,3856,28.395746676243345,-,-,-,-
3857,3857,28.395746676243345,-,-,-,-
3858,3858,28.395746676243345,-,-,-,-
3859,3859,28.395746676243345,-,-,-,-
3860,3860,28.395746676243345,-,-,-,-
3861,3861,28.395746676243345,-,-,-,-
3862,3862,28.395746676243345,-,-,-,-
3863,3863,76.53839814266902,-,-,-,-
3864,3864,76.53839814266902,-,-,-,-
3865,3865,76.53839814266902,-,-,-,-
3866,3866,76.53839814266902,-,-,-,-
3867,3867,76.53839814266902,-,-,-,-
3868,3868,76.53839814266902,-,-,-,-
3869,3869,76.53839814266902,-,-,-,-
3870,3870,76.53839814266902,-,-,-,-
3871,3871,76.53839814266902,-,-,-,-
3872,3872,76.53839814266902,-,-,-,-
3873,3873,76.53839814266902,-,-,-,-
3874,3874,76.53839814266902,-,-,-,-
3875,3875,76.53839814266902,-,-,-,-
3876,3876,76.53839814266902,-,-,-,-
3877,3877,76.53839814266902,-,-,-,-
3878,3878,76.53839814266902,-,-,-,-
3879,3879,76.53839814266902,-,-,-,-
3880,3880,76.53839814266902,-,-,-,-
3881,3881,76.53839814266902,-,-,-,-
3882,3882,76.53839814266902,-,-,-,-
3883,3883,76.53839814266902,-,-,-,-
