path_ref,path_query,path_distance,ref_x,ref_y,query_x,query_y
0,0,31.933795785178116,936.3021638173003,562.5342077060476,840.9,564.5
0,1,33.513632742732355,936.3021638173003,562.5342077060476,820.0833333333333,564.7833333333333
0,2,34.69422449820465,936.3021638173003,562.5342077060476,799.2666666666667,565.0666666666667
0,3,35.609338245325134,936.3021638173003,562.5342077060476,778.45,565.35
0,4,36.33912662687652,936.3021638173003,562.5342077060476,757.6333333333333,565.6333333333333
0,5,36.93453082314512,936.3021638173003,562.5342077060476,736.8166666666666,565.9166666666667
0,6,37.42944021078783,936.3021638173003,562.5342077060476,716.0,566.2
0,7,37.42944021078783,936.3021638173003,562.5342077060476,716.0,566.2
1,8,37.42944021078783,936.3021638173003,562.5342077060476,716.0,566.2
2,9,37.42944021078783,936.3021638173003,562.5342077060476,716.0,566.2
3,10,37.42944021078783,936.3021638173003,562.5342077060476,716.0,566.2
4,11,37.42944021078783,936.3021638173003,562.5342077060476,716.0,566.2
5,12,37.42944021078783,936.3021638173003,562.5342077060476,716.0,566.2
6,13,37.42944021078783,936.3021638173003,562.5342077060476,716.0,566.2
7,14,37.42944021078783,936.3021638173003,562.5342077060476,716.0,566.2
8,15,37.42944021078783,936.3021638173003,562.5342077060476,716.0,566.2
9,16,37.42944021078783,936.3021638173003,562.5342077060476,716.0,566.2
10,17,37.42944021078783,936.3021638173003,562.5342077060476,716.0,566.2
11,18,37.42944021078783,936.3021638173003,562.5342077060476,716.0,566.2
12,19,37.42944021078783,936.3021638173003,562.5342077060476,716.0,566.2
13,20,37.42944021078783,936.3021638173003,562.5342077060476,716.0,566.2
14,21,37.42944021078783,936.3021638173003,562.5342077060476,716.0,566.2
15,22,37.42944021078783,936.3021638173003,562.5342077060476,716.0,566.2
16,23,37.42944021078783,936.3021638173003,562.5342077060476,716.0,566.2
17,24,37.42944021078783,943.3021638173003,558.5342077060476,716.0,566.2
18,25,37.42944021078783,943.3021638173003,558.5342077060476,716.0,566.2
19,26,37.42944021078783,943.3021638173003,558.5342077060476,716.0,566.2
20,27,37.42944021078783,943.3021638173003,558.5342077060476,716.0,566.2
21,28,37.270318645968004,943.3021638173003,558.5342077060476,779.625,559.875
22,29,36.937245773420905,943.3021638173003,558.5342077060476,843.25,553.55
23,30,0.5591940725357215,943.3021638173003,558.5342077060476,906.875,547.225
24,31,0.0025945965651777898,943.3021638173003,558.5342077060476,970.5,540.9
25,31,0.0025945965651777898,950.3021638173003,554.5342077060476,970.5,540.9
26,31,0.0025945965651777898,950.3021638173003,554.5342077060476,970.5,540.9
27,31,0.0025945965651777898,950.3021638173003,554.5342077060476,970.5,540.9
28,31,0.0025945965651777898,950.3021638173003,554.5342077060476,970.5,540.9
29,31,0.0025945965651777898,950.3021638173003,554.5342077060476,970.5,540.9
30,31,0.0025945965651777898,950.3021638173003,554.5342077060476,970.5,540.9
31,31,0.0025945965651777898,950.3021638173003,554.5342077060476,970.5,540.9
32,31,0.00042770723734769005,950.3021638173003,554.5342077060476,970.5,540.9
33,31,0.00042770723734769005,957.3021638173003,550.5342077060476,970.5,540.9
34,31,0.00042770723734769005,957.3021638173003,550.5342077060476,970.5,540.9
35,31,0.00042770723734769005,957.3021638173003,550.5342077060476,970.5,540.9
36,31,0.00042770723734769005,957.3021638173003,550.5342077060476,970.5,540.9
37,31,0.00042770723734769005,957.3021638173003,550.5342077060476,970.5,540.9
38,31,0.00042770723734769005,957.3021638173003,550.5342077060476,970.5,540.9
39,31,0.00042770723734769005,957.3021638173003,550.5342077060476,970.5,540.9
40,31,7.738402006104624e-05,957.3021638173003,550.5342077060476,970.5,540.9
41,31,7.738402006104624e-05,965.3021638173003,547.5342077060476,970.5,540.9
42,31,7.738402006104624e-05,965.3021638173003,547.5342077060476,970.5,540.9
43,31,7.738402006104624e-05,965.3021638173003,547.5342077060476,970.5,540.9
44,31,7.738402006104624e-05,965.3021638173003,547.5342077060476,970.5,540.9
45,31,7.738402006104624e-05,965.3021638173003,547.5342077060476,970.5,540.9
46,31,7.738402006104624e-05,965.3021638173003,547.5342077060476,970.5,540.9
47,31,7.738402006104624e-05,965.3021638173003,547.5342077060476,970.5,540.9
48,31,3.595824923590904e-05,965.3021638173003,547.5342077060476,970.5,540.9
49,31,3.595824923590904e-05,965.3021638173003,547.5342077060476,970.5,540.9
50,31,3.595824923590904e-05,965.3021638173003,547.5342077060476,970.5,540.9
51,31,3.595824923590904e-05,965.3021638173003,547.5342077060476,970.5,540.9
52,31,3.595824923590904e-05,965.3021638173003,547.5342077060476,970.5,540.9
53,31,3.595824923590904e-05,965.3021638173003,547.5342077060476,970.5,540.9
54,31,3.595824923590904e-05,965.3021638173003,547.5342077060476,970.5,540.9
55,31,3.595824923590904e-05,965.3021638173003,547.5342077060476,970.5,540.9
56,32,3.595824923590904e-05,965.3021638173003,547.5342077060476,970.5,540.9
57,33,3.595824923590904e-05,965.3021638173003,547.5342077060476,970.5,540.9
58,34,3.595824923590904e-05,965.3021638173003,547.5342077060476,970.5,540.9
59,35,3.595824923590904e-05,965.3021638173003,547.5342077060476,970.5,540.9
60,36,3.595824923590904e-05,965.3021638173003,547.5342077060476,970.5,540.9
61,37,3.595824923590904e-05,965.3021638173003,547.5342077060476,970.5,540.9
62,38,3.595824923590904e-05,965.3021638173003,547.5342077060476,970.5,540.9
63,39,3.595824923590904e-05,965.3021638173003,547.5342077060476,970.5,540.9
64,40,3.595824923590904e-05,965.3021638173003,547.5342077060476,970.5,540.9
65,41,3.595824923590904e-05,962.3021638173003,553.5342077060476,970.5,540.9
66,42,3.595824923590904e-05,962.3021638173003,553.5342077060476,970.5,540.9
67,43,3.595824923590904e-05,962.3021638173003,553.5342077060476,970.5,540.9
68,44,3.595824923590904e-05,962.3021638173003,553.5342077060476,970.5,540.9
69,45,3.595824923590904e-05,962.3021638173003,553.5342077060476,967.1,534.2666666666667
70,46,3.595824923590904e-05,962.3021638173003,553.5342077060476,963.6999999999999,527.6333333333333
71,47,3.595824923590904e-05,962.3021638173003,553.5342077060476,960.3,521.0
72,48,0.00011387468497641149,962.3021638173003,553.5342077060476,960.3,521.0
73,49,0.00011387468497641149,959.3021638173003,559.5342077060476,960.3,521.0
74,50,0.00011387468497641149,959.3021638173003,559.5342077060476,960.3,521.0
75,51,0.00011387468497641149,959.3021638173003,559.5342077060476,960.3,521.0
76,52,0.00011387468497641149,959.3021638173003,559.5342077060476,960.3,521.0
77,53,0.00011387468497641149,959.3021638173003,559.5342077060476,960.3,521.0
78,54,0.00011387468497641149,959.3021638173003,559.5342077060476,960.3,521.0
79,55,0.00011387468497641149,959.3021638173003,559.5342077060476,960.3,521.0
80,56,0.0005077571706627819,959.3021638173003,559.5342077060476,960.3,521.0
81,57,0.0005077571706627819,959.3021638173003,559.5342077060476,960.3,521.0
82,58,0.0005077571706627819,959.3021638173003,559.5342077060476,960.3,521.0
83,59,0.0005077571706627819,959.3021638173003,559.5342077060476,960.3,521.0
84,60,0.0005077571706627819,959.3021638173003,559.5342077060476,960.3,521.0
85,61,0.0005077571706627819,959.3021638173003,559.5342077060476,960.3,521.0
86,62,0.0005077571706627819,959.3021638173003,559.5342077060476,960.3,521.0
87,63,0.0005077571706627819,959.3021638173003,559.5342077060476,960.3,521.0
88,64,0.0005077571706627819,959.3021638173003,559.5342077060476,960.3,521.0
89,65,0.0005077571706627819,959.3021638173003,559.5342077060476,960.3,521.0
90,66,0.0005077571706627819,959.3021638173003,559.5342077060476,960.3,521.0
91,67,0.0005077571706627819,959.3021638173003,559.5342077060476,960.3,521.0
92,68,0.0005077571706627819,959.3021638173003,559.5342077060476,960.3,521.0
93,69,0.0005077571706627819,959.3021638173003,559.5342077060476,960.3,521.0
94,70,0.0005077571706627819,959.3021638173003,559.5342077060476,960.3,521.0
95,71,0.0005077571706627819,959.3021638173003,559.5342077060476,960.3,521.0
96,72,0.0005077571706627819,959.3021638173003,559.5342077060476,960.3,521.0
97,73,0.0005077571706627819,959.3021638173003,559.5342077060476,960.3,521.0
98,74,0.0005077571706627819,959.3021638173003,559.5342077060476,960.3,521.0
99,75,0.0005077571706627819,959.3021638173003,559.5342077060476,960.3,521.0
100,76,0.0007630745632569592,959.3021638173003,559.5342077060476,960.3,521.0
101,77,0.0009636326960009144,959.3021638173003,559.5342077060476,960.3,521.0
102,78,0.0010421116416078921,959.3021638173003,559.5342077060476,960.3,521.0
103,79,0.0010421116416078921,959.3021638173003,559.5342077060476,960.3,521.0
104,80,0.0010421116416078921,959.3021638173003,559.5342077060476,960.3,521.0
105,81,0.0010421116416078921,959.3021638173003,559.5342077060476,960.3,521.0
106,82,0.0010421116416078921,959.3021638173003,559.5342077060476,960.3,521.0
107,83,0.0010421116416078921,959.3021638173003,559.5342077060476,960.3,521.0
108,84,0.0010421116416078921,959.3021638173003,559.5342077060476,960.3,521.0
109,85,0.0010421116416078921,959.3021638173003,559.5342077060476,960.3,521.0
110,86,0.0010421116416078921,959.3021638173003,559.5342077060476,960.3,521.0
111,87,0.0010421116416078921,959.3021638173003,559.5342077060476,960.3,521.0
112,88,0.0010421116416078921,959.3021638173003,559.5342077060476,960.3,521.0
113,89,0.0010421116416078921,959.3021638173003,559.5342077060476,960.3,521.0
114,90,0.0010421116416078921,959.3021638173003,559.5342077060476,960.3,521.0
115,91,0.0010421116416078921,959.3021638173003,559.5342077060476,960.3,521.0
116,92,0.0010421116416078921,959.3021638173003,559.5342077060476,960.3,521.0
117,93,0.0010421116416078921,959.3021638173003,559.5342077060476,960.3,521.0
118,94,0.0010421116416078921,959.3021638173003,559.5342077060476,960.3,521.0
119,95,0.0010421116416078921,959.3021638173003,559.5342077060476,960.3,521.0
120,96,0.0010421116416078921,959.3021638173003,559.5342077060476,960.3,521.0
121,97,0.0010421116416078921,794.3021638173003,615.5342077060476,960.3,521.0
122,98,0.0010421116416078921,794.3021638173003,615.5342077060476,960.3,521.0
123,99,0.0010421116416078921,794.3021638173003,615.5342077060476,960.3,521.0
124,100,0.0010421116416078921,794.3021638173003,615.5342077060476,960.3,521.0
125,101,0.0010421116416078921,794.3021638173003,615.5342077060476,960.3,521.0
126,102,0.0010421116416078921,794.3021638173003,615.5342077060476,960.3,521.0
127,103,0.0010421116416078921,794.3021638173003,615.5342077060476,960.3,521.0
128,104,115.41070860360453,794.3021638173003,615.5342077060476,960.3,521.0
129,105,115.41070860360453,629.3021638173003,671.5342077060476,960.3,521.0
130,106,115.41070860360453,629.3021638173003,671.5342077060476,960.3,521.0
131,107,115.41070860360453,629.3021638173003,671.5342077060476,960.3,521.0
132,108,115.41070860360453,629.3021638173003,671.5342077060476,960.3,521.0
133,109,115.41070860360453,629.3021638173003,671.5342077060476,960.3,521.0
134,110,115.41070860360453,629.3021638173003,671.5342077060476,960.3,521.0
135,111,115.41070860360453,629.3021638173003,671.5342077060476,960.3,521.0
136,112,112.59465616784449,629.3021638173003,671.5342077060476,960.3,521.0
137,113,112.59465616784449,629.3021638173003,671.5342077060476,960.3,521.0
138,114,112.59465616784449,629.3021638173003,671.5342077060476,960.3,521.0
139,115,112.59465616784449,629.3021638173003,671.5342077060476,960.3,521.0
140,116,112.59465616784449,629.3021638173003,671.5342077060476,960.3,521.0
141,117,112.59465616784449,629.3021638173003,671.5342077060476,960.3,521.0
142,118,112.59465616784449,629.3021638173003,671.5342077060476,960.3,521.0
143,119,112.59465616784449,629.3021638173003,671.5342077060476,960.3,521.0
144,120,112.59465616784449,629.3021638173003,671.5342077060476,970.5166666666667,482.8333333333333
145,121,112.59465616784449,772.3021638173003,489.5342077060476,980.7333333333333,444.6666666666667
146,122,112.59465616784449,772.3021638173003,489.5342077060476,990.95,406.5
147,123,112.59465616784449,772.3021638173003,489.5342077060476,1001.1666666666666,368.33333333333337
148,124,112.59465616784449,772.3021638173003,489.5342077060476,1011.3833333333333,330.1666666666667
149,125,112.59465616784449,772.3021638173003,489.5342077060476,1021.6,292.0
150,126,112.59465616784449,772.3021638173003,489.5342077060476,1021.6,292.0
151,127,112.59465616784449,772.3021638173003,489.5342077060476,1021.6,292.0
152,128,75.8555315614056,772.3021638173003,489.5342077060476,1021.6,292.0
153,129,75.8555315614056,916.3021638173003,308.5342077060476,1021.6,292.0
154,130,75.8555315614056,916.3021638173003,308.5342077060476,1021.6,292.0
155,131,75.8555315614056,916.3021638173003,308.5342077060476,1021.6,292.0
156,132,75.8555315614056,916.3021638173003,308.5342077060476,1021.6,292.0
157,133,75.8555315614056,916.3021638173003,308.5342077060476,1021.6,292.0
158,134,75.8555315614056,916.3021638173003,308.5342077060476,1021.6,292.0
159,135,75.8555315614056,916.3021638173003,308.5342077060476,1021.6,292.0
160,136,11.595493747751616,916.3021638173003,308.5342077060476,1021.6,292.0
161,137,11.595493747751616,916.3021638173003,308.5342077060476,1021.6,292.0
162,138,11.595493747751616,916.3021638173003,308.5342077060476,1021.6,292.0
163,139,11.595493747751616,916.3021638173003,308.5342077060476,1021.6,292.0
164,140,11.595493747751616,916.3021638173003,308.5342077060476,1021.6,292.0
165,141,11.595493747751616,916.3021638173003,308.5342077060476,1021.6,292.0
166,142,11.595493747751616,916.3021638173003,308.5342077060476,1021.6,292.0
167,143,11.595493747751616,916.3021638173003,308.5342077060476,1021.6,292.0
168,144,11.595493747751616,1036.3021638173004,289.5342077060476,1021.6,292.0
169,145,11.595493747751616,1036.3021638173004,289.5342077060476,1021.6,292.0
170,146,11.595493747751616,1036.3021638173004,289.5342077060476,1021.6,292.0
171,147,11.595493747751616,1036.3021638173004,289.5342077060476,1021.6,292.0
172,148,11.595493747751616,1036.3021638173004,289.5342077060476,1021.6,292.0
173,149,11.595493747751616,1036.3021638173004,289.5342077060476,1023.0333333333334,273.6666666666667
174,150,11.595493747751616,1036.3021638173004,289.5342077060476,1024.4666666666667,255.33333333333334
175,151,6.519018788318305,1156.3021638173004,271.5342077060476,1025.9,237.0
175,152,4.673124502636727,1156.3021638173004,271.5342077060476,1025.9,237.0
175,153,3.890297420721692,1156.3021638173004,271.5342077060476,1025.9,237.0
175,154,3.45767508270081,1156.3021638173004,271.5342077060476,1025.9,237.0
175,155,3.1832423864602926,1156.3021638173004,271.5342077060476,1025.9,237.0
175,156,2.9936544288743274,1156.3021638173004,271.5342077060476,1025.9,237.0
175,157,2.9936544288743274,1156.3021638173004,271.5342077060476,1025.9,237.0
175,158,2.9936544288743274,1156.3021638173004,271.5342077060476,1025.9,237.0
175,159,2.9936544288743274,1156.3021638173004,271.5342077060476,1025.9,237.0
175,160,2.9936544288743274,1156.3021638173004,271.5342077060476,1025.9,237.0
175,161,2.9936544288743274,1156.3021638173004,271.5342077060476,1025.9,237.0
175,162,2.9936544288743274,1156.3021638173004,271.5342077060476,1025.9,237.0
175,163,2.9936544288743274,1156.3021638173004,271.5342077060476,1025.9,237.0
175,164,2.9936544288743274,1156.3021638173004,271.5342077060476,1025.9,237.0
175,165,2.9936544288743274,894.3021638173003,473.5342077060476,1025.9,237.0
175,166,2.9936544288743274,894.3021638173003,473.5342077060476,1025.9,237.0
175,167,2.9936544288743274,894.3021638173003,473.5342077060476,1025.9,237.0
175,168,2.9936544288743274,894.3021638173003,473.5342077060476,1025.9,237.0
175,169,2.9936544288743274,894.3021638173003,473.5342077060476,1025.9,237.0
175,170,2.9936544288743274,894.3021638173003,473.5342077060476,1025.9,237.0
175,171,2.9936544288743274,894.3021638173003,473.5342077060476,1025.9,237.0
175,172,2.9936544288743274,894.3021638173003,473.5342077060476,1025.9,237.0
175,173,2.9936544288743274,894.3021638173003,473.5342077060476,1025.9,237.0
175,174,2.9936544288743274,894.3021638173003,473.5342077060476,1025.9,237.0
175,175,2.9936544288743274,632.3021638173003,674.5342077060476,1025.9,237.0
175,176,2.9936544288743274,632.3021638173003,674.5342077060476,1025.9,237.0
175,177,2.9936544288743274,632.3021638173003,674.5342077060476,1025.9,237.0
175,178,2.9936544288743274,632.3021638173003,674.5342077060476,1025.9,237.0
175,179,2.9936544288743274,632.3021638173003,674.5342077060476,1025.9,237.0
175,180,3.6276491748175825,632.3021638173003,674.5342077060476,1025.9,237.0
175,181,4.1827071852307585,632.3021638173003,674.5342077060476,1025.9,237.0
175,182,4.672619454720778,632.3021638173003,674.5342077060476,1025.9,237.0
175,183,4.672619454720778,632.3021638173003,674.5342077060476,1025.9,237.0
175,184,4.672619454720778,632.3021638173003,674.5342077060476,1025.9,237.0
175,185,4.672619454720778,632.3021638173003,674.5342077060476,984.3375000000001,279.3375
175,186,4.672619454720778,632.3021638173003,674.5342077060476,942.7750000000001,321.675
175,187,4.672619454720778,632.3021638173003,674.5342077060476,901.2125000000001,364.01250000000005
175,188,4.672619454720778,632.3021638173003,674.5342077060476,859.6500000000001,406.35
175,189,4.672619454720778,632.3021638173003,674.5342077060476,818.0875000000001,448.6875
175,190,4.672619454720778,632.3021638173003,674.5342077060476,776.525,491.02500000000003
175,191,4.672619454720778,632.3021638173003,674.5342077060476,734.9625,533.3625000000001
175,192,4.672619454720778,632.3021638173003,674.5342077060476,693.4,575.7
175,193,4.672619454720778,632.3021638173003,674.5342077060476,693.4,575.7
175,194,4.672619454720778,632.3021638173003,674.5342077060476,693.4,575.7
175,195,4.672619454720778,632.3021638173003,674.5342077060476,693.4,575.7
175,196,4.672619454720778,632.3021638173003,674.5342077060476,693.4,575.7
175,197,4.672619454720778,774.3021638173003,677.5342077060476,693.4,575.7
176,198,4.672619454720778,774.3021638173003,677.5342077060476,693.4,575.7
177,199,4.672619454720778,774.3021638173003,677.5342077060476,693.4,575.7
178,200,4.672619454720778,774.3021638173003,677.5342077060476,693.4,575.7
179,201,4.672619454720778,774.3021638173003,677.5342077060476,693.4,575.7
180,202,4.672619454720778,774.3021638173003,677.5342077060476,693.4,575.7
181,203,4.672619454720778,774.3021638173003,677.5342077060476,693.4,575.7
182,204,23.90399912587172,774.3021638173003,677.5342077060476,693.4,575.7
183,205,23.90399912587172,917.3021638173003,679.5342077060476,693.4,575.7
184,206,23.90399912587172,917.3021638173003,679.5342077060476,693.4,575.7
185,207,23.90399912587172,917.3021638173003,679.5342077060476,693.4,575.7
186,208,23.90399912587172,917.3021638173003,679.5342077060476,693.4,575.7
187,209,23.90399912587172,917.3021638173003,679.5342077060476,693.4,575.7
188,210,23.90399912587172,917.3021638173003,679.5342077060476,693.4,575.7
189,211,23.90399912587172,917.3021638173003,679.5342077060476,693.4,575.7
190,212,23.90399912587172,917.3021638173003,679.5342077060476,693.4,575.7
191,213,23.90399912587172,917.3021638173003,679.5342077060476,693.4,575.7
192,214,23.90399912587172,917.3021638173003,679.5342077060476,693.4,575.7
193,215,23.90399912587172,917.3021638173003,679.5342077060476,693.4,575.7
194,216,30.840148032857222,917.3021638173003,679.5342077060476,736.6333333333333,589.75
195,217,40.68533961456859,917.3021638173003,679.5342077060476,779.8666666666667,603.8000000000001
196,218,26.19551089299181,917.3021638173003,679.5342077060476,823.0999999999999,617.85
197,219,7.766326640634858,917.3021638173003,679.5342077060476,866.3333333333333,631.9
198,219,7.766326640634858,917.3021638173003,679.5342077060476,909.5666666666666,645.95
199,219,7.766326640634858,917.3021638173003,463.5342077060476,952.8,660.0
200,219,7.766326640634858,917.3021638173003,463.5342077060476,952.8,660.0
201,219,7.766326640634858,917.3021638173003,463.5342077060476,952.8,660.0
202,219,7.766326640634858,917.3021638173003,463.5342077060476,952.8,660.0
203,219,7.766326640634858,917.3021638173003,463.5342077060476,952.8,660.0
204,220,12.57398024900645,917.3021638173003,463.5342077060476,952.8,660.0
205,221,30.387413990207254,917.3021638173003,463.5342077060476,952.8,660.0
206,222,24.00973566960038,917.3021638173003,463.5342077060476,952.8,660.0
206,223,14.693263003163676,917.3021638173003,247.5342077060476,952.8,660.0
206,224,14.693263003163676,917.3021638173003,247.5342077060476,952.8,660.0
206,225,14.693263003163676,917.3021638173003,247.5342077060476,952.8,660.0
206,226,14.693263003163676,917.3021638173003,247.5342077060476,952.8,660.0
206,227,14.693263003163676,917.3021638173003,247.5342077060476,952.8,660.0
207,228,14.693263003163676,917.3021638173003,247.5342077060476,952.8,660.0
208,229,14.693263003163676,917.3021638173003,247.5342077060476,952.8,660.0
209,230,14.693263003163676,917.3021638173003,247.5342077060476,952.8,660.0
210,231,14.693263003163676,917.3021638173003,247.5342077060476,952.8,660.0
211,232,14.693263003163676,917.3021638173003,247.5342077060476,952.8,660.0
212,233,14.693263003163676,917.3021638173003,247.5342077060476,952.8,660.0
213,234,14.693263003163676,917.3021638173003,247.5342077060476,952.8,660.0
214,235,14.693263003163676,917.3021638173003,247.5342077060476,952.8,660.0
215,236,14.693263003163676,917.3021638173003,247.5342077060476,952.8,660.0
216,237,14.693263003163676,917.3021638173003,247.5342077060476,952.8,660.0
217,238,14.693263003163676,917.3021638173003,247.5342077060476,952.8,660.0
218,239,14.693263003163676,917.3021638173003,247.5342077060476,952.8,660.0
219,240,14.693263003163676,917.3021638173003,247.5342077060476,952.8,660.0
220,241,14.693263003163676,917.3021638173003,247.5342077060476,952.8,660.0
221,242,14.693263003163676,917.3021638173003,247.5342077060476,952.8,660.0
222,243,14.693263003163676,917.3021638173003,247.5342077060476,952.8,660.0
223,244,14.693263003163676,917.3021638173003,247.5342077060476,952.8,660.0
224,245,14.693263003163676,917.3021638173003,247.5342077060476,952.8,660.0
225,246,14.693263003163676,917.3021638173003,247.5342077060476,952.8,660.0
226,247,9.763864341595454,917.3021638173003,247.5342077060476,952.8,660.0
227,248,2.817048068249879,917.3021638173003,247.5342077060476,952.8,660.0
228,249,6.899622377598856,917.3021638173003,247.5342077060476,952.8,660.0
229,249,6.899622377598856,917.3021638173003,247.5342077060476,952.8,660.0
230,249,6.899622377598856,917.3021638173003,247.5342077060476,952.8,660.0
231,249,6.899622377598856,917.3021638173003,247.5342077060476,952.8,660.0
232,249,6.899622377598856,917.3021638173003,247.5342077060476,952.8,660.0
233,249,6.899622377598856,917.3021638173003,247.5342077060476,952.8,660.0
234,249,6.899622377598856,917.3021638173003,247.5342077060476,952.8,660.0
235,250,7.929617012885472,917.3021638173003,247.5342077060476,952.8,660.0
236,251,8.440698495631683,917.3021638173003,247.5342077060476,959.125,649.95
236,252,13.580618328928436,917.3021638173003,247.5342077060476,965.45,639.9
236,253,13.580618328928436,917.3021638173003,247.5342077060476,971.775,629.8499999999999
236,254,13.580618328928436,917.3021638173003,247.5342077060476,978.1,619.8
236,255,13.580618328928436,917.3021638173003,247.5342077060476,978.1,619.8
236,256,13.580618328928436,917.3021638173003,247.5342077060476,978.1,619.8
236,257,13.580618328928436,917.3021638173003,247.5342077060476,978.1,619.8
236,258,13.580618328928436,917.3021638173003,247.5342077060476,978.1,619.8
236,259,13.580618328928436,917.3021638173003,247.5342077060476,978.1,619.8
236,260,13.580618328928436,917.3021638173003,247.5342077060476,978.1,619.8
236,261,13.580618328928436,917.3021638173003,247.5342077060476,978.1,619.8
236,262,13.580618328928436,917.3021638173003,247.5342077060476,978.1,619.8
236,263,13.580618328928436,917.3021638173003,247.5342077060476,978.1,619.8
236,264,13.580618328928436,917.3021638173003,247.5342077060476,978.1,619.8
236,265,13.580618328928436,917.3021638173003,247.5342077060476,978.1,619.8
236,266,13.580618328928436,917.3021638173003,247.5342077060476,978.1,619.8
236,267,13.580618328928436,917.3021638173003,247.5342077060476,978.1,619.8
236,268,13.580618328928436,917.3021638173003,247.5342077060476,978.1,619.8
236,269,13.580618328928436,917.3021638173003,247.5342077060476,978.1,619.8
236,270,13.580618328928436,917.3021638173003,247.5342077060476,978.1,619.8
236,271,13.580618328928436,917.3021638173003,247.5342077060476,978.1,619.8
236,272,13.580618328928436,917.3021638173003,247.5342077060476,978.1,619.8
236,273,13.580618328928436,917.3021638173003,247.5342077060476,978.1,619.8
236,274,13.580618328928436,917.3021638173003,247.5342077060476,978.1,619.8
236,275,13.580618328928436,917.3021638173003,247.5342077060476,1001.9,604.98
236,276,13.580618328928436,917.3021638173003,247.5342077060476,1025.7,590.16
236,277,13.580618328928436,917.3021638173003,247.5342077060476,1049.5,575.34
236,278,13.580618328928436,917.3021638173003,247.5342077060476,1073.3,560.52
236,279,13.580618328928436,917.3021638173003,247.5342077060476,1097.1,545.7
236,280,13.580618328928436,917.3021638173003,247.5342077060476,1097.1,545.7
236,281,13.580618328928436,868.3021638173003,427.5342077060476,1097.1,545.7
236,282,13.580618328928436,868.3021638173003,427.5342077060476,1097.1,545.7
236,283,13.580618328928436,868.3021638173003,427.5342077060476,1097.1,545.7
236,284,13.580618328928436,868.3021638173003,427.5342077060476,1097.1,545.7
236,285,13.580618328928436,868.3021638173003,427.5342077060476,1097.1,545.7
236,286,13.580618328928436,868.3021638173003,427.5342077060476,1097.1,545.7
236,287,13.580618328928436,868.3021638173003,427.5342077060476,1097.1,545.7
236,288,13.580618328928436,868.3021638173003,427.5342077060476,1097.1,545.7
236,289,13.580618328928436,819.3021638173003,607.5342077060476,1097.1,545.7
236,290,13.580618328928436,819.3021638173003,607.5342077060476,1097.1,545.7
236,291,13.580618328928436,819.3021638173003,607.5342077060476,1097.1,545.7
236,292,13.580618328928436,819.3021638173003,607.5342077060476,1097.1,545.7
236,293,13.580618328928436,819.3021638173003,607.5342077060476,1097.1,545.7
236,294,16.558289083129385,819.3021638173003,607.5342077060476,1097.1,545.7
236,295,20.136898794906102,819.3021638173003,607.5342077060476,1097.1,545.7
236,296,24.48041201088253,819.3021638173003,607.5342077060476,1097.1,545.7
236,297,29.793685358946664,819.3021638173003,607.5342077060476,1090.8999999999999,498.33333333333337
236,298,29.793685358946664,819.3021638173003,607.5342077060476,1084.7,450.9666666666667
236,299,29.793685358946664,819.3021638173003,607.5342077060476,1078.5,403.6
236,300,29.793685358946664,819.3021638173003,607.5342077060476,1072.3,356.23333333333335
236,301,29.793685358946664,819.3021638173003,607.5342077060476,1066.1000000000001,308.8666666666667
236,302,29.793685358946664,819.3021638173003,607.5342077060476,1059.9,261.5
236,303,29.793685358946664,819.3021638173003,607.5342077060476,1059.9,261.5
236,304,29.793685358946664,819.3021638173003,607.5342077060476,1059.9,261.5
236,305,29.793685358946664,819.3021638173003,607.5342077060476,1059.9,261.5
236,306,29.793685358946664,819.3021638173003,607.5342077060476,1059.9,261.5
237,307,29.793685358946664,819.3021638173003,607.5342077060476,1059.9,261.5
238,308,29.793685358946664,819.3021638173003,607.5342077060476,1059.9,261.5
239,309,29.793685358946664,819.3021638173003,607.5342077060476,1059.9,261.5
240,310,29.793685358946664,819.3021638173003,607.5342077060476,1059.9,261.5
241,311,29.793685358946664,819.3021638173003,607.5342077060476,1059.9,261.5
242,312,29.793685358946664,819.3021638173003,607.5342077060476,1059.9,261.5
243,313,29.793685358946664,819.3021638173003,607.5342077060476,1059.9,261.5
244,314,29.793685358946664,819.3021638173003,607.5342077060476,1059.9,261.5
245,315,29.793685358946664,819.3021638173003,607.5342077060476,1059.9,261.5
246,316,29.793685358946664,819.3021638173003,607.5342077060476,1059.9,261.5
247,317,29.793685358946664,819.3021638173003,607.5342077060476,1059.9,261.5
248,318,49.828728450809784,819.3021638173003,607.5342077060476,1059.9,261.5
249,319,69.65358735124433,819.3021638173003,607.5342077060476,1059.9,261.5
250,320,85.46714903862728,849.3021638173003,627.5342077060476,1059.9,261.5
251,321,96.74856588570476,849.3021638173003,627.5342077060476,1059.9,261.5
252,322,121.5593133401411,849.3021638173003,627.5342077060476,1059.9,261.5
253,323,121.5593133401411,849.3021638173003,627.5342077060476,1059.9,261.5
254,324,121.5593133401411,849.3021638173003,627.5342077060476,1059.9,261.5
255,325,121.5593133401411,849.3021638173003,627.5342077060476,1059.9,261.5
256,326,121.5593133401411,849.3021638173003,627.5342077060476,1059.9,261.5
257,327,121.5593133401411,849.3021638173003,627.5342077060476,1059.9,261.5
258,328,121.5593133401411,849.3021638173003,627.5342077060476,1059.9,261.5
259,329,121.5593133401411,880.3021638173003,648.5342077060476,1059.9,261.5
260,330,100.68680819858444,880.3021638173003,648.5342077060476,1059.9,261.5
260,331,100.68680819858444,880.3021638173003,648.5342077060476,1059.9,261.5
260,332,100.68680819858444,880.3021638173003,648.5342077060476,1059.9,261.5
260,333,100.68680819858444,880.3021638173003,648.5342077060476,1047.4750000000001,260.65
260,334,100.68680819858444,880.3021638173003,648.5342077060476,1035.0500000000002,259.8
260,335,100.68680819858444,880.3021638173003,648.5342077060476,1022.625,258.95000000000005
260,336,100.68680819858444,880.3021638173003,648.5342077060476,1010.2,258.1
260,337,100.68680819858444,880.3021638173003,648.5342077060476,1010.2,258.1
260,338,100.68680819858444,880.3021638173003,648.5342077060476,1010.2,258.1
260,339,100.68680819858444,880.3021638173003,648.5342077060476,1010.2,258.1
260,340,80.64933061128703,880.3021638173003,648.5342077060476,1010.2,258.1
260,341,62.77999312926817,880.3021638173003,648.5342077060476,1010.2,258.1
260,342,49.28915645443614,880.3021638173003,648.5342077060476,1010.2,258.1
260,343,39.73522426646655,880.3021638173003,648.5342077060476,1010.2,258.1
260,344,32.963208510963476,774.3021638173003,644.5342077060476,1010.2,258.1
260,345,28.039362919376817,774.3021638173003,644.5342077060476,1010.2,258.1
260,346,28.039362919376817,774.3021638173003,644.5342077060476,1010.2,258.1
260,347,28.039362919376817,774.3021638173003,644.5342077060476,1010.2,258.1
260,348,28.039362919376817,774.3021638173003,644.5342077060476,1010.2,258.1
260,349,28.039362919376817,774.3021638173003,644.5342077060476,1010.2,258.1
260,350,28.039362919376817,774.3021638173003,644.5342077060476,1010.2,258.1
260,351,28.039362919376817,774.3021638173003,644.5342077060476,1010.2,258.1
260,352,28.039362919376817,774.3021638173003,644.5342077060476,1010.2,258.1
260,353,28.039362919376817,668.3021638173003,640.5342077060476,1010.2,258.1
260,354,28.039362919376817,668.3021638173003,640.5342077060476,1010.2,258.1
260,355,28.039362919376817,668.3021638173003,640.5342077060476,1010.2,258.1
260,356,28.039362919376817,668.3021638173003,640.5342077060476,1010.2,258.1
260,357,28.039362919376817,668.3021638173003,640.5342077060476,1010.2,258.1
260,358,28.039362919376817,668.3021638173003,640.5342077060476,1010.2,258.1
260,359,28.039362919376817,668.3021638173003,640.5342077060476,1010.2,258.1
260,360,28.039362919376817,668.3021638173003,640.5342077060476,1010.2,258.1
260,361,28.039362919376817,668.3021638173003,640.5342077060476,1010.2,258.1
260,362,28.039362919376817,668.3021638173003,640.5342077060476,1010.2,258.1
260,363,28.039362919376817,668.3021638173003,640.5342077060476,1010.2,258.1
260,364,28.039362919376817,668.3021638173003,640.5342077060476,1010.2,258.1
260,365,28.039362919376817,668.3021638173003,640.5342077060476,1010.2,258.1
260,366,28.039362919376817,668.3021638173003,640.5342077060476,1010.2,258.1
260,367,28.039362919376817,668.3021638173003,640.5342077060476,1010.2,258.1
260,368,28.039362919376817,668.3021638173003,640.5342077060476,1010.2,258.1
260,369,28.039362919376817,668.3021638173003,640.5342077060476,1010.2,258.1
260,370,28.039362919376817,668.3021638173003,640.5342077060476,1010.2,258.1
260,371,28.039362919376817,668.3021638173003,640.5342077060476,1010.2,258.1
260,372,28.039362919376817,668.3021638173003,640.5342077060476,1010.2,258.1
260,373,28.039362919376817,668.3021638173003,640.5342077060476,1010.2,258.1
260,374,28.039362919376817,668.3021638173003,640.5342077060476,1010.2,258.1
260,375,28.039362919376817,668.3021638173003,640.5342077060476,1010.2,258.1
260,376,25.69338139738013,668.3021638173003,640.5342077060476,1010.2,258.1
260,377,23.300476762490117,668.3021638173003,640.5342077060476,1010.2,258.1
260,378,20.8678004682158,668.3021638173003,640.5342077060476,1010.2,258.1
260,379,18.40331355783485,668.3021638173003,640.5342077060476,1010.2,258.1
261,380,18.40331355783485,668.3021638173003,640.5342077060476,1010.2,258.1
262,381,18.40331355783485,668.3021638173003,640.5342077060476,1010.2,258.1
263,382,18.40331355783485,668.3021638173003,640.5342077060476,1010.2,258.1
264,383,18.40331355783485,668.3021638173003,640.5342077060476,1010.2,258.1
265,384,18.40331355783485,668.3021638173003,640.5342077060476,1010.2,258.1
266,385,18.40331355783485,668.3021638173003,640.5342077060476,1010.2,258.1
267,386,18.40331355783485,668.3021638173003,640.5342077060476,1010.2,258.1
268,387,18.40331355783485,668.3021638173003,640.5342077060476,1010.2,258.1
269,388,18.40331355783485,668.3021638173003,640.5342077060476,1010.2,258.1
270,389,18.40331355783485,668.3021638173003,640.5342077060476,1010.2,258.1
271,390,18.40331355783485,668.3021638173003,640.5342077060476,1010.2,258.1
272,391,18.40331355783485,668.3021638173003,640.5342077060476,1010.2,258.1
273,392,18.40331355783485,668.3021638173003,640.5342077060476,1010.2,258.1
274,393,18.40331355783485,668.3021638173003,640.5342077060476,1010.2,258.1
275,394,18.40331355783485,668.3021638173003,640.5342077060476,1010.2,258.1
276,395,18.40331355783485,668.3021638173003,640.5342077060476,1010.2,258.1
277,396,18.40331355783485,668.3021638173003,640.5342077060476,1010.2,258.1
278,397,18.40331355783485,668.3021638173003,640.5342077060476,1010.2,258.1
279,398,18.40331355783485,668.3021638173003,640.5342077060476,966.5250000000001,308.375
280,399,18.40331355783485,668.3021638173003,640.5342077060476,922.85,358.65
281,400,18.40331355783485,668.3021638173003,640.5342077060476,879.175,408.925
282,401,18.40331355783485,668.3021638173003,640.5342077060476,835.5,459.2
283,402,18.40331355783485,668.3021638173003,640.5342077060476,791.825,509.47499999999997
284,403,18.40331355783485,668.3021638173003,640.5342077060476,748.15,559.75
285,404,18.40331355783485,668.3021638173003,640.5342077060476,704.4749999999999,610.025
286,405,18.40331355783485,668.3021638173003,640.5342077060476,660.8,660.3
287,406,18.40331355783485,668.3021638173003,640.5342077060476,660.8,660.3
288,407,18.40331355783485,668.3021638173003,640.5342077060476,660.8,660.3
289,408,18.40331355783485,668.3021638173003,640.5342077060476,660.8,660.3
290,409,18.40331355783485,737.3021638173003,651.5342077060476,660.8,660.3
291,410,18.40331355783485,737.3021638173003,651.5342077060476,660.8,660.3
292,411,18.40331355783485,737.3021638173003,651.5342077060476,660.8,660.3
293,412,18.40331355783485,737.3021638173003,651.5342077060476,660.8,660.3
294,413,18.40331355783485,737.3021638173003,651.5342077060476,660.8,660.3
295,414,18.40331355783485,737.3021638173003,651.5342077060476,660.8,660.3
296,415,18.40331355783485,737.3021638173003,651.5342077060476,660.8,660.3
297,416,18.40331355783485,737.3021638173003,651.5342077060476,660.8,660.3
298,417,18.40331355783485,806.3021638173003,662.5342077060476,660.8,660.3
299,418,18.40331355783485,806.3021638173003,662.5342077060476,660.8,660.3
300,419,18.40331355783485,806.3021638173003,662.5342077060476,660.8,660.3
301,420,18.40331355783485,806.3021638173003,662.5342077060476,660.8,660.3
302,421,18.40331355783485,806.3021638173003,662.5342077060476,660.8,660.3
303,422,18.40331355783485,806.3021638173003,662.5342077060476,660.8,660.3
304,423,18.40331355783485,806.3021638173003,662.5342077060476,660.8,660.3
305,424,18.40331355783485,806.3021638173003,662.5342077060476,660.8,660.3
306,425,18.40331355783485,875.3021638173003,674.5342077060476,660.8,660.3
307,426,18.40331355783485,875.3021638173003,674.5342077060476,660.8,660.3
308,427,18.40331355783485,875.3021638173003,674.5342077060476,660.8,660.3
309,428,18.40331355783485,875.3021638173003,674.5342077060476,660.8,660.3
310,429,18.40331355783485,875.3021638173003,674.5342077060476,660.8,660.3
311,430,18.40331355783485,875.3021638173003,674.5342077060476,660.8,660.3
312,431,18.40331355783485,875.3021638173003,674.5342077060476,660.8,660.3
313,432,18.40331355783485,875.3021638173003,674.5342077060476,660.8,660.3
314,433,18.40331355783485,944.3021638173003,686.5342077060476,660.8,660.3
315,434,18.40331355783485,944.3021638173003,686.5342077060476,660.8,660.3
316,435,18.40331355783485,944.3021638173003,686.5342077060476,660.8,660.3
317,436,18.40331355783485,944.3021638173003,686.5342077060476,660.8,660.3
318,437,18.40331355783485,944.3021638173003,686.5342077060476,660.8,660.3
319,438,18.40331355783485,944.3021638173003,686.5342077060476,660.8,660.3
320,439,18.40331355783485,944.3021638173003,686.5342077060476,660.8,660.3
321,440,18.40331355783485,944.3021638173003,686.5342077060476,660.8,660.3
322,441,9.919705002398441,944.3021638173003,686.5342077060476,660.8,660.3
323,442,3.270936393367353,944.3021638173003,686.5342077060476,660.8,660.3
324,443,7.532431007889441,944.3021638173003,686.5342077060476,660.8,660.3
325,443,7.532431007889441,944.3021638173003,686.5342077060476,660.8,660.3
326,443,7.532431007889441,944.3021638173003,686.5342077060476,660.8,660.3
327,443,7.532431007889441,944.3021638173003,686.5342077060476,660.8,660.3
328,443,7.532431007889441,944.3021638173003,686.5342077060476,660.8,660.3
329,443,7.532431007889441,944.3021638173003,686.5342077060476,660.8,660.3
330,443,7.532431007889441,944.3021638173003,686.5342077060476,669.55,650.45
331,444,17.824860061396475,944.3021638173003,686.5342077060476,678.3,640.6
332,445,35.92836292121132,944.3021638173003,686.5342077060476,678.3,640.6
333,446,20.314674923481068,944.3021638173003,686.5342077060476,678.3,640.6
334,447,10.315460652136105,944.3021638173003,686.5342077060476,678.3,640.6
335,448,3.737068464264381,944.3021638173003,686.5342077060476,678.3,640.6
336,448,3.737068464264381,944.3021638173003,686.5342077060476,678.3,640.6
337,448,3.737068464264381,944.3021638173003,686.5342077060476,678.3,640.6
338,448,3.737068464264381,1009.3021638173003,685.5342077060476,678.3,640.6
339,448,3.737068464264381,1009.3021638173003,685.5342077060476,678.3,640.6
340,448,3.737068464264381,1009.3021638173003,685.5342077060476,678.3,640.6
341,448,3.737068464264381,1009.3021638173003,685.5342077060476,678.3,640.6
342,448,3.737068464264381,1009.3021638173003,685.5342077060476,678.3,640.6
343,448,3.737068464264381,1009.3021638173003,685.5342077060476,678.3,640.6
344,448,3.737068464264381,1009.3021638173003,685.5342077060476,678.3,640.6
345,448,3.737068464264381,1009.3021638173003,685.5342077060476,678.3,640.6
346,448,3.737068464264381,1074.3021638173004,685.5342077060476,678.3,640.6
347,448,3.737068464264381,1074.3021638173004,685.5342077060476,678.3,640.6
348,448,3.737068464264381,1074.3021638173004,685.5342077060476,678.3,640.6
349,448,3.737068464264381,1074.3021638173004,685.5342077060476,678.3,640.6
350,448,3.737068464264381,1074.3021638173004,685.5342077060476,678.3,640.6
351,448,3.737068464264381,1074.3021638173004,685.5342077060476,678.3,640.6
352,449,3.737068464264381,1074.3021638173004,685.5342077060476,678.3,640.6
353,450,3.737068464264381,1074.3021638173004,685.5342077060476,678.3,640.6
354,451,3.737068464264381,1074.3021638173004,685.5342077060476,727.3571428571428,640.3857142857144
355,452,3.737068464264381,1074.3021638173004,685.5342077060476,776.4142857142857,640.1714285714286
356,453,3.737068464264381,1074.3021638173004,685.5342077060476,825.4714285714285,639.9571428571429
357,454,3.737068464264381,1074.3021638173004,685.5342077060476,874.5285714285715,639.7428571428571
358,455,3.737068464264381,1074.3021638173004,685.5342077060476,923.5857142857143,639.5285714285715
359,456,3.737068464264381,1074.3021638173004,685.5342077060476,972.6428571428571,639.3142857142857
360,457,3.737068464264381,1074.3021638173004,685.5342077060476,1021.7,639.1
361,458,3.737068464264381,1074.3021638173004,685.5342077060476,1021.7,639.1
362,459,3.737068464264381,1074.3021638173004,685.5342077060476,1021.7,639.1
363,460,16.431463018494476,1074.3021638173004,685.5342077060476,1021.7,639.1
364,461,16.431463018494476,1074.3021638173004,685.5342077060476,1021.7,639.1
365,462,16.431463018494476,1074.3021638173004,685.5342077060476,1021.7,639.1
366,463,16.431463018494476,1074.3021638173004,685.5342077060476,1021.7,639.1
367,464,16.431463018494476,1074.3021638173004,685.5342077060476,1021.7,639.1
368,465,16.431463018494476,1074.3021638173004,685.5342077060476,1021.7,639.1
369,466,16.431463018494476,1074.3021638173004,685.5342077060476,1021.7,639.1
370,467,16.431463018494476,1074.3021638173004,685.5342077060476,1021.7,639.1
371,468,16.431463018494476,1074.3021638173004,685.5342077060476,1021.7,639.1
372,469,31.806073678729188,1074.3021638173004,685.5342077060476,1021.7,639.1
373,470,31.806073678729188,1074.3021638173004,685.5342077060476,1021.7,639.1
374,471,31.806073678729188,1074.3021638173004,685.5342077060476,1021.7,639.1
375,472,31.806073678729188,1074.3021638173004,685.5342077060476,1021.7,639.1
376,473,31.806073678729188,1074.3021638173004,685.5342077060476,1021.7,639.1
377,474,31.806073678729188,1074.3021638173004,685.5342077060476,1021.7,639.1
378,475,31.806073678729188,913.3021638173003,655.5342077060476,1021.7,639.1
379,476,31.806073678729188,913.3021638173003,655.5342077060476,1021.7,639.1
380,477,31.806073678729188,913.3021638173003,655.5342077060476,1057.3,592.4571428571429
381,478,31.806073678729188,913.3021638173003,655.5342077060476,1092.9,545.8142857142857
382,479,31.806073678729188,913.3021638173003,655.5342077060476,1128.5,499.1714285714286
383,480,31.806073678729188,913.3021638173003,655.5342077060476,1164.1000000000001,452.52857142857147
384,481,31.806073678729188,913.3021638173003,655.5342077060476,1199.7,405.8857142857143
385,482,31.806073678729188,913.3021638173003,655.5342077060476,1235.3000000000002,359.24285714285713
386,483,31.806073678729188,913.3021638173003,655.5342077060476,1270.9,312.6
387,484,7.472619470668732,913.3021638173003,655.5342077060476,1270.9,312.6
388,485,7.472619470668732,913.3021638173003,655.5342077060476,1270.9,312.6
389,486,7.472619470668732,913.3021638173003,655.5342077060476,1270.9,312.6
390,487,7.472619470668732,913.3021638173003,655.5342077060476,1270.9,312.6
391,488,7.472619470668732,913.3021638173003,655.5342077060476,1270.9,312.6
392,489,7.472619470668732,913.3021638173003,655.5342077060476,1270.9,312.6
393,490,7.472619470668732,913.3021638173003,655.5342077060476,1270.9,312.6
394,491,7.472619470668732,913.3021638173003,655.5342077060476,1270.9,312.6
395,492,8.555900010444422,913.3021638173003,655.5342077060476,1270.9,312.6
396,493,0.6359274034791317,913.3021638173003,655.5342077060476,1270.9,312.6
397,493,0.6359274034791317,913.3021638173003,655.5342077060476,1270.9,312.6
398,493,0.6359274034791317,913.3021638173003,655.5342077060476,1270.9,312.6
399,493,0.6359274034791317,913.3021638173003,655.5342077060476,1270.9,312.6
400,493,0.6359274034791317,913.3021638173003,655.5342077060476,1270.9,312.6
401,493,0.6359274034791317,913.3021638173003,655.5342077060476,1270.9,312.6
402,493,0.6359274034791317,913.3021638173003,655.5342077060476,1270.9,312.6
403,493,0.6359274034791317,913.3021638173003,655.5342077060476,1270.9,312.6
404,493,0.6359274034791317,913.3021638173003,655.5342077060476,1270.9,312.6
405,493,0.6359274034791317,913.3021638173003,655.5342077060476,1270.9,312.6
406,493,0.6359274034791317,913.3021638173003,655.5342077060476,1286.1000000000001,305.875
407,493,0.6359274034791317,913.3021638173003,655.5342077060476,1301.3000000000002,299.15
408,493,0.6359274034791317,913.3021638173003,655.5342077060476,1316.5,292.425
409,493,0.6359274034791317,913.3021638173003,655.5342077060476,1331.7,285.7
410,493,0.6359274034791317,913.3021638173003,655.5342077060476,1331.7,285.7
411,493,0.6359274034791317,913.3021638173003,655.5342077060476,1331.7,285.7
412,493,0.6359274034791317,913.3021638173003,655.5342077060476,1331.7,285.7
413,493,0.6359274034791317,913.3021638173003,655.5342077060476,1331.7,285.7
414,493,0.6359274034791317,913.3021638173003,655.5342077060476,1331.7,285.7
415,493,0.6359274034791317,913.3021638173003,655.5342077060476,1331.7,285.7
416,493,0.6359274034791317,913.3021638173003,655.5342077060476,1331.7,285.7
417,493,0.6359274034791317,913.3021638173003,655.5342077060476,1331.7,285.7
418,493,0.6359274034791317,913.3021638173003,655.5342077060476,1331.7,285.7
419,493,0.6359274034791317,913.3021638173003,655.5342077060476,1331.7,285.7
420,493,0.6359274034791317,913.3021638173003,655.5342077060476,1331.7,285.7
421,493,0.6359274034791317,913.3021638173003,655.5342077060476,1331.7,285.7
422,493,0.6359274034791317,913.3021638173003,655.5342077060476,1331.7,285.7
423,493,0.6359274034791317,913.3021638173003,655.5342077060476,1331.7,285.7
424,493,0.6359274034791317,913.3021638173003,655.5342077060476,1331.7,285.7
425,493,0.6359274034791317,913.3021638173003,655.5342077060476,1331.7,285.7
426,493,0.6359274034791317,913.3021638173003,655.5342077060476,1331.7,285.7
427,493,0.6359274034791317,913.3021638173003,655.5342077060476,1331.7,285.7
428,493,0.6359274034791317,913.3021638173003,655.5342077060476,1331.7,285.7
429,493,0.6359274034791317,913.3021638173003,655.5342077060476,1331.7,285.7
430,494,0.6359274034791317,913.3021638173003,655.5342077060476,1331.7,285.7
431,495,0.6359274034791317,913.3021638173003,655.5342077060476,1331.7,285.7
432,496,0.6359274034791317,913.3021638173003,655.5342077060476,1331.7,285.7
433,497,0.6359274034791317,913.3021638173003,655.5342077060476,1337.5500000000002,285.7
434,498,0.6359274034791317,913.3021638173003,655.5342077060476,1343.4,285.7
435,499,0.6359274034791317,913.3021638173003,655.5342077060476,1343.4,285.7
436,500,0.6359274034791317,913.3021638173003,655.5342077060476,1343.4,285.7
437,501,0.6359274034791317,913.3021638173003,655.5342077060476,1343.4,285.7
438,502,0.6359274034791317,913.3021638173003,655.5342077060476,1343.4,285.7
439,503,0.6359274034791317,913.3021638173003,655.5342077060476,1343.4,285.7
440,504,0.6359274034791317,913.3021638173003,655.5342077060476,1343.4,285.7
441,505,0.6359274034791317,913.3021638173003,655.5342077060476,1343.4,285.7
442,506,0.6359274034791317,913.3021638173003,655.5342077060476,1343.4,285.7
443,507,0.6359274034791317,913.3021638173003,655.5342077060476,1343.4,285.7
444,508,0.6359274034791317,913.3021638173003,655.5342077060476,1343.4,285.7
445,509,0.6359274034791317,913.3021638173003,655.5342077060476,1343.4,285.7
446,510,0.6359274034791317,913.3021638173003,655.5342077060476,1343.4,285.7
447,511,0.6359274034791317,913.3021638173003,655.5342077060476,1343.4,285.7
448,512,0.6359274034791317,913.3021638173003,655.5342077060476,1343.4,285.7
449,513,0.6359274034791317,913.3021638173003,655.5342077060476,1343.4,285.7
450,514,0.6359274034791317,913.3021638173003,655.5342077060476,1343.4,285.7
451,515,0.6359274034791317,913.3021638173003,655.5342077060476,1343.4,285.7
452,516,3.262911116150144,913.3021638173003,655.5342077060476,1343.4,285.7
453,517,2.015405247870842,913.3021638173003,655.5342077060476,1343.4,285.7
454,517,2.015405247870842,913.3021638173003,655.5342077060476,1343.4,285.7
455,517,2.015405247870842,913.3021638173003,655.5342077060476,1343.4,285.7
456,517,2.015405247870842,913.3021638173003,655.5342077060476,1343.4,285.7
457,517,2.015405247870842,913.3021638173003,655.5342077060476,1343.4,285.7
458,517,2.015405247870842,913.3021638173003,655.5342077060476,1343.4,285.7
459,517,2.015405247870842,913.3021638173003,655.5342077060476,1343.4,285.7
460,518,1.9502753239394017,913.3021638173003,655.5342077060476,1343.4,285.7
461,518,1.9502753239394017,913.3021638173003,655.5342077060476,1343.4,285.7
462,518,1.9502753239394017,913.3021638173003,655.5342077060476,1343.4,285.7
463,518,1.9502753239394017,913.3021638173003,655.5342077060476,1343.4,285.7
464,518,1.9502753239394017,913.3021638173003,655.5342077060476,1343.4,285.7
465,518,1.9502753239394017,913.3021638173003,655.5342077060476,1343.4,285.7
466,518,1.9502753239394017,913.3021638173003,655.5342077060476,1343.4,285.7
467,518,1.9502753239394017,913.3021638173003,655.5342077060476,1343.4,285.7
468,519,8.400836491955522,913.3021638173003,655.5342077060476,1343.4,285.7
469,519,8.400836491955522,913.3021638173003,655.5342077060476,1343.4,285.7
470,519,8.400836491955522,913.3021638173003,655.5342077060476,1343.4,285.7
471,519,8.400836491955522,913.3021638173003,655.5342077060476,1343.4,285.7
472,519,8.400836491955522,913.3021638173003,655.5342077060476,1343.4,285.7
473,519,8.400836491955522,913.3021638173003,655.5342077060476,1343.4,285.7
474,519,8.400836491955522,913.3021638173003,655.5342077060476,1343.4,285.7
475,519,8.400836491955522,913.3021638173003,655.5342077060476,1343.4,285.7
476,520,13.98130760828122,913.3021638173003,655.5342077060476,1343.4,285.7
477,520,13.98130760828122,913.3021638173003,655.5342077060476,1343.4,285.7
478,520,13.98130760828122,913.3021638173003,655.5342077060476,1343.4,285.7
479,520,13.98130760828122,913.3021638173003,655.5342077060476,1343.4,285.7
480,520,13.98130760828122,913.3021638173003,655.5342077060476,1343.4,285.7
481,520,13.98130760828122,951.3021638173003,679.5342077060476,1343.4,285.7
482,520,13.98130760828122,951.3021638173003,679.5342077060476,1343.4,285.7
483,520,13.98130760828122,951.3021638173003,679.5342077060476,1343.4,285.7
484,520,13.98130760828122,951.3021638173003,679.5342077060476,1343.4,285.7
485,520,13.98130760828122,951.3021638173003,679.5342077060476,1343.4,285.7
486,520,13.98130760828122,951.3021638173003,679.5342077060476,1343.4,285.7
487,520,13.98130760828122,951.3021638173003,679.5342077060476,1343.4,285.7
488,520,13.98130760828122,951.3021638173003,679.5342077060476,1343.4,285.7
489,520,13.98130760828122,951.3021638173003,679.5342077060476,1343.4,285.7
490,520,13.98130760828122,951.3021638173003,679.5342077060476,1343.4,285.7
491,520,13.98130760828122,951.3021638173003,679.5342077060476,1343.4,285.7
492,520,13.98130760828122,951.3021638173003,679.5342077060476,1343.4,285.7
493,520,13.98130760828122,951.3021638173003,679.5342077060476,1343.4,285.7
494,520,13.98130760828122,951.3021638173003,679.5342077060476,1343.4,285.7
495,520,13.98130760828122,951.3021638173003,679.5342077060476,1343.4,285.7
496,520,13.98130760828122,951.3021638173003,679.5342077060476,1343.4,285.7
497,520,13.98130760828122,951.3021638173003,679.5342077060476,1343.4,285.7
498,520,13.98130760828122,951.3021638173003,679.5342077060476,1343.4,285.7
499,520,13.98130760828122,951.3021638173003,679.5342077060476,1286.8000000000002,332.9428571428571
500,520,38.81061458861067,951.3021638173003,679.5342077060476,1230.2,380.18571428571425
501,520,38.81061458861067,951.3021638173003,679.5342077060476,1173.6000000000001,427.42857142857144
502,520,38.81061458861067,951.3021638173003,679.5342077060476,1117.0,474.6714285714286
503,520,38.81061458861067,951.3021638173003,679.5342077060476,1060.4,521.9142857142857
504,520,38.81061458861067,951.3021638173003,679.5342077060476,1003.8000000000001,569.1571428571428
505,520,38.81061458861067,951.3021638173003,679.5342077060476,947.2,616.4
506,520,38.81061458861067,951.3021638173003,679.5342077060476,947.2,616.4
507,520,38.81061458861067,951.3021638173003,679.5342077060476,947.2,616.4
508,520,58.241931767713716,951.3021638173003,679.5342077060476,947.2,616.4
509,520,58.241931767713716,951.3021638173003,679.5342077060476,947.2,616.4
510,520,58.241931767713716,951.3021638173003,679.5342077060476,947.2,616.4
511,520,58.241931767713716,951.3021638173003,679.5342077060476,947.2,616.4
512,520,58.241931767713716,951.3021638173003,679.5342077060476,947.2,616.4
513,520,58.241931767713716,951.3021638173003,679.5342077060476,947.2,616.4
514,520,58.241931767713716,951.3021638173003,679.5342077060476,947.2,616.4
515,520,58.241931767713716,951.3021638173003,679.5342077060476,947.2,616.4
516,520,58.241931767713716,951.3021638173003,679.5342077060476,947.2,616.4
517,520,58.241931767713716,951.3021638173003,679.5342077060476,947.2,616.4
518,520,58.241931767713716,951.3021638173003,679.5342077060476,947.2,616.4
519,520,58.241931767713716,951.3021638173003,679.5342077060476,947.2,616.4
520,520,58.241931767713716,951.3021638173003,679.5342077060476,947.2,616.4
521,520,58.241931767713716,951.3021638173003,679.5342077060476,947.2,616.4
522,520,58.241931767713716,951.3021638173003,679.5342077060476,947.2,616.4
523,520,58.241931767713716,951.3021638173003,679.5342077060476,947.2,616.4
524,520,58.241931767713716,951.3021638173003,679.5342077060476,947.2,616.4
525,520,58.241931767713716,951.3021638173003,679.5342077060476,947.2,616.4
526,520,58.241931767713716,951.3021638173003,679.5342077060476,947.2,616.4
527,520,58.241931767713716,951.3021638173003,679.5342077060476,947.2,616.4
528,520,58.241931767713716,951.3021638173003,679.5342077060476,947.2,616.4
529,520,58.241931767713716,951.3021638173003,679.5342077060476,947.2,616.4
530,520,58.241931767713716,951.3021638173003,679.5342077060476,947.2,616.4
531,520,58.241931767713716,951.3021638173003,679.5342077060476,958.075,632.225
532,520,58.241931767713716,951.3021638173003,679.5342077060476,968.95,648.05
533,520,58.241931767713716,951.3021638173003,679.5342077060476,979.825,663.875
534,520,58.241931767713716,951.3021638173003,679.5342077060476,990.7,679.7
535,520,58.241931767713716,951.3021638173003,679.5342077060476,990.7,679.7
536,520,58.241931767713716,951.3021638173003,679.5342077060476,990.7,679.7
537,520,58.241931767713716,927.3021638173003,673.5342077060476,990.7,679.7
538,520,58.241931767713716,927.3021638173003,673.5342077060476,990.7,679.7
539,520,58.241931767713716,927.3021638173003,673.5342077060476,990.7,679.7
540,520,1.9121467555491571,927.3021638173003,673.5342077060476,990.7,679.7
541,520,1.9121467555491571,927.3021638173003,673.5342077060476,990.7,679.7
542,520,1.9121467555491571,927.3021638173003,673.5342077060476,990.7,679.7
543,520,1.9121467555491571,927.3021638173003,673.5342077060476,990.7,679.7
544,520,1.9121467555491571,927.3021638173003,673.5342077060476,990.7,679.7
545,520,1.9121467555491571,927.3021638173003,673.5342077060476,990.7,679.7
546,520,1.9121467555491571,927.3021638173003,673.5342077060476,990.7,679.7
547,520,1.9121467555491571,927.3021638173003,673.5342077060476,990.7,679.7
548,520,1.9121467555491571,927.3021638173003,673.5342077060476,990.7,679.7
549,520,1.9121467555491571,927.3021638173003,673.5342077060476,990.7,679.7
550,520,1.9121467555491571,927.3021638173003,673.5342077060476,990.7,679.7
551,520,1.9121467555491571,927.3021638173003,673.5342077060476,990.7,679.7
552,520,1.9121467555491571,927.3021638173003,673.5342077060476,990.7,679.7
553,520,1.9121467555491571,927.3021638173003,673.5342077060476,990.7,679.7
554,520,1.9121467555491571,927.3021638173003,673.5342077060476,990.7,679.7
555,520,1.9121467555491571,927.3021638173003,673.5342077060476,990.7,679.7
556,520,1.9121467555491571,927.3021638173003,673.5342077060476,990.7,679.7
557,520,1.9121467555491571,927.3021638173003,673.5342077060476,990.7,679.7
558,520,1.9121467555491571,927.3021638173003,673.5342077060476,990.7,679.7
559,520,1.9121467555491571,927.3021638173003,673.5342077060476,990.7,679.7
560,520,1.9121467555491571,927.3021638173003,673.5342077060476,990.7,679.7
561,520,1.9121467555491571,927.3021638173003,673.5342077060476,990.7,679.7
562,520,1.9121467555491571,927.3021638173003,673.5342077060476,990.7,679.7
563,520,1.9121467555491571,927.3021638173003,673.5342077060476,990.7,679.7
564,520,1.9121467555491571,927.3021638173003,673.5342077060476,990.7,679.7
565,520,1.9121467555491571,927.3021638173003,673.5342077060476,990.7,679.7
566,520,1.9121467555491571,927.3021638173003,673.5342077060476,990.7,679.7
567,520,1.9121467555491571,927.3021638173003,673.5342077060476,968.8000000000001,671.7750000000001
568,520,1.9121467555491571,927.3021638173003,673.5342077060476,946.9000000000001,663.85
569,520,1.9121467555491571,927.3021638173003,673.5342077060476,925.0,655.925
570,520,1.9121467555491571,927.3021638173003,673.5342077060476,903.1,648.0
571,520,1.9121467555491571,927.3021638173003,673.5342077060476,903.1,648.0
572,520,1.9121467555491571,927.3021638173003,673.5342077060476,903.1,648.0
573,520,1.9121467555491571,927.3021638173003,673.5342077060476,903.1,648.0
574,520,1.9121467555491571,927.3021638173003,673.5342077060476,903.1,648.0
575,520,1.9121467555491571,927.3021638173003,673.5342077060476,903.1,648.0
576,520,1.9121467555491571,927.3021638173003,673.5342077060476,903.1,648.0
577,520,1.9121467555491571,927.3021638173003,673.5342077060476,903.1,648.0
578,520,1.9121467555491571,927.3021638173003,673.5342077060476,903.1,648.0
579,520,1.9121467555491571,927.3021638173003,673.5342077060476,903.1,648.0
580,520,1.9121467555491571,927.3021638173003,673.5342077060476,903.1,648.0
581,520,1.9121467555491571,927.3021638173003,673.5342077060476,903.1,648.0
582,520,1.9121467555491571,927.3021638173003,673.5342077060476,903.1,648.0
583,520,1.9121467555491571,927.3021638173003,673.5342077060476,903.1,648.0
584,520,1.9121467555491571,927.3021638173003,673.5342077060476,903.1,648.0
585,520,1.9121467555491571,927.3021638173003,673.5342077060476,903.1,648.0
586,520,1.9121467555491571,927.3021638173003,673.5342077060476,903.1,648.0
587,520,1.9121467555491571,927.3021638173003,673.5342077060476,903.1,648.0
588,520,1.9121467555491571,927.3021638173003,673.5342077060476,903.1,648.0
589,520,1.9121467555491571,927.3021638173003,673.5342077060476,903.1,648.0
590,520,1.9121467555491571,927.3021638173003,673.5342077060476,903.1,648.0
591,520,1.9121467555491571,927.3021638173003,673.5342077060476,903.1,648.0
592,520,1.9121467555491571,927.3021638173003,673.5342077060476,903.1,648.0
593,520,1.9121467555491571,927.3021638173003,673.5342077060476,903.1,648.0
594,520,1.9121467555491571,932.3021638173003,605.5342077060476,903.1,648.0
595,520,1.9121467555491571,932.3021638173003,605.5342077060476,903.1,648.0
596,520,1.9121467555491571,932.3021638173003,605.5342077060476,903.1,648.0
597,520,1.9121467555491571,932.3021638173003,605.5342077060476,903.1,648.0
598,520,1.9121467555491571,932.3021638173003,605.5342077060476,903.1,648.0
599,520,1.9121467555491571,932.3021638173003,605.5342077060476,903.1,648.0
600,520,1.9121467555491571,932.3021638173003,605.5342077060476,903.1,648.0
601,520,1.9121467555491571,932.3021638173003,605.5342077060476,903.1,648.0
602,520,1.9121467555491571,932.3021638173003,605.5342077060476,903.1,648.0
603,520,1.9121467555491571,932.3021638173003,605.5342077060476,903.1,648.0
604,520,1.9121467555491571,932.3021638173003,605.5342077060476,903.1,648.0
605,520,1.9121467555491571,932.3021638173003,605.5342077060476,903.1,648.0
606,520,1.9121467555491571,932.3021638173003,605.5342077060476,903.1,648.0
607,520,1.9121467555491571,932.3021638173003,605.5342077060476,903.1,648.0
608,520,1.9121467555491571,932.3021638173003,605.5342077060476,903.1,648.0
609,520,1.9121467555491571,932.3021638173003,605.5342077060476,903.1,648.0
610,520,1.9121467555491571,932.3021638173003,605.5342077060476,903.1,648.0
611,520,1.9121467555491571,932.3021638173003,605.5342077060476,903.1,648.0
612,520,1.9121467555491571,932.3021638173003,605.5342077060476,903.1,648.0
613,520,1.9121467555491571,932.3021638173003,605.5342077060476,903.1,648.0
614,520,1.9121467555491571,932.3021638173003,605.5342077060476,903.1,648.0
615,520,1.9121467555491571,932.3021638173003,605.5342077060476,863.1,648.9
616,520,1.9121467555491571,932.3021638173003,605.5342077060476,823.1,649.8
617,520,1.9121467555491571,932.3021638173003,605.5342077060476,783.1,650.7
618,520,1.9121467555491571,932.3021638173003,605.5342077060476,743.1,651.6
619,520,1.9121467555491571,932.3021638173003,605.5342077060476,703.1,652.5
620,520,1.9121467555491571,932.3021638173003,605.5342077060476,703.1,652.5
621,520,1.9121467555491571,932.3021638173003,605.5342077060476,703.1,652.5
622,520,1.9121467555491571,932.3021638173003,605.5342077060476,703.1,652.5
623,520,1.9121467555491571,932.3021638173003,605.5342077060476,703.1,652.5
624,520,1.9121467555491571,932.3021638173003,605.5342077060476,703.1,652.5
625,520,1.9121467555491571,932.3021638173003,605.5342077060476,703.1,652.5
626,520,1.9121467555491571,932.3021638173003,605.5342077060476,703.1,652.5
627,520,1.9121467555491571,932.3021638173003,605.5342077060476,703.1,652.5
628,520,1.9121467555491571,932.3021638173003,605.5342077060476,703.1,652.5
629,520,1.9121467555491571,932.3021638173003,605.5342077060476,703.1,652.5
630,520,1.9121467555491571,932.3021638173003,605.5342077060476,703.1,652.5
631,520,1.9121467555491571,932.3021638173003,605.5342077060476,703.1,652.5
632,520,1.9121467555491571,932.3021638173003,605.5342077060476,703.1,652.5
633,520,1.9121467555491571,932.3021638173003,605.5342077060476,703.1,652.5
634,520,1.9121467555491571,932.3021638173003,605.5342077060476,703.1,652.5
635,520,1.9121467555491571,932.3021638173003,605.5342077060476,703.1,652.5
636,520,1.9121467555491571,932.3021638173003,605.5342077060476,703.1,652.5
637,520,1.9121467555491571,932.3021638173003,605.5342077060476,703.1,652.5
638,520,1.9121467555491571,932.3021638173003,605.5342077060476,703.1,652.5
639,520,1.9121467555491571,932.3021638173003,605.5342077060476,703.1,652.5
640,520,1.9121467555491571,932.3021638173003,605.5342077060476,703.1,652.5
641,520,1.9121467555491571,932.3021638173003,605.5342077060476,703.1,652.5
642,520,1.9121467555491571,932.3021638173003,605.5342077060476,703.1,652.5
643,520,16.52903114025881,932.3021638173003,605.5342077060476,703.1,652.5
644,520,16.52903114025881,787.3021638173003,641.5342077060476,703.1,652.5
645,520,16.52903114025881,787.3021638173003,641.5342077060476,703.1,652.5
646,520,16.52903114025881,787.3021638173003,641.5342077060476,703.1,652.5
647,520,16.52903114025881,787.3021638173003,641.5342077060476,703.1,652.5
648,520,16.52903114025881,787.3021638173003,641.5342077060476,703.1,652.5
649,520,16.52903114025881,787.3021638173003,641.5342077060476,703.1,652.5
650,520,16.52903114025881,643.3021638173003,676.5342077060476,703.1,652.5
651,520,16.52903114025881,643.3021638173003,676.5342077060476,703.1,652.5
652,520,16.52903114025881,643.3021638173003,676.5342077060476,703.1,652.5
653,520,16.52903114025881,643.3021638173003,676.5342077060476,703.1,652.5
654,520,16.52903114025881,643.3021638173003,676.5342077060476,703.1,652.5
655,520,16.52903114025881,643.3021638173003,676.5342077060476,703.1,652.5
656,520,16.52903114025881,643.3021638173003,676.5342077060476,703.1,652.5
657,520,16.52903114025881,643.3021638173003,676.5342077060476,703.1,652.5
658,520,16.52903114025881,643.3021638173003,676.5342077060476,703.1,652.5
659,520,16.52903114025881,643.3021638173003,676.5342077060476,703.1,652.5
660,520,16.52903114025881,643.3021638173003,676.5342077060476,703.1,652.5
661,520,16.52903114025881,643.3021638173003,676.5342077060476,703.1,652.5
662,520,16.52903114025881,643.3021638173003,676.5342077060476,703.1,652.5
663,520,16.52903114025881,643.3021638173003,676.5342077060476,703.1,652.5
664,520,16.52903114025881,643.3021638173003,676.5342077060476,703.1,652.5
665,520,16.52903114025881,643.3021638173003,676.5342077060476,703.1,652.5
666,520,16.52903114025881,643.3021638173003,676.5342077060476,758.54,656.74
667,520,16.52903114025881,643.3021638173003,676.5342077060476,813.98,660.98
668,520,16.52903114025881,643.3021638173003,676.5342077060476,869.42,665.22
669,520,16.52903114025881,643.3021638173003,676.5342077060476,924.8599999999999,669.46
670,520,16.52903114025881,643.3021638173003,676.5342077060476,980.3,673.7
671,520,16.52903114025881,643.3021638173003,676.5342077060476,980.3,673.7
672,520,16.52903114025881,643.3021638173003,676.5342077060476,980.3,673.7
673,520,16.52903114025881,643.3021638173003,676.5342077060476,980.3,673.7
674,520,16.52903114025881,643.3021638173003,676.5342077060476,980.3,673.7
675,520,16.52903114025881,643.3021638173003,676.5342077060476,980.3,673.7
676,520,16.52903114025881,643.3021638173003,676.5342077060476,980.3,673.7
677,520,16.52903114025881,643.3021638173003,676.5342077060476,980.3,673.7
678,520,16.52903114025881,643.3021638173003,676.5342077060476,980.3,673.7
679,520,16.52903114025881,643.3021638173003,676.5342077060476,980.3,673.7
680,520,16.52903114025881,643.3021638173003,676.5342077060476,980.3,673.7
681,520,16.52903114025881,643.3021638173003,676.5342077060476,980.3,673.7
682,520,16.52903114025881,914.3021638173003,685.5342077060476,980.3,673.7
683,520,16.52903114025881,914.3021638173003,685.5342077060476,980.3,673.7
684,520,16.52903114025881,914.3021638173003,685.5342077060476,980.3,673.7
685,520,16.52903114025881,914.3021638173003,685.5342077060476,980.3,673.7
686,520,16.52903114025881,914.3021638173003,685.5342077060476,980.3,673.7
687,520,16.52903114025881,914.3021638173003,685.5342077060476,980.3,673.7
688,520,16.52903114025881,914.3021638173003,685.5342077060476,980.3,673.7
689,520,16.52903114025881,914.3021638173003,685.5342077060476,980.3,673.7
690,520,16.52903114025881,914.3021638173003,685.5342077060476,980.3,673.7
691,520,16.52903114025881,914.3021638173003,685.5342077060476,980.3,673.7
692,520,16.52903114025881,914.3021638173003,685.5342077060476,980.3,673.7
693,520,16.52903114025881,914.3021638173003,685.5342077060476,980.3,673.7
694,520,16.52903114025881,914.3021638173003,685.5342077060476,980.3,673.7
695,520,16.52903114025881,914.3021638173003,685.5342077060476,980.3,673.7
696,520,16.52903114025881,914.3021638173003,685.5342077060476,980.3,673.7
697,520,16.52903114025881,914.3021638173003,685.5342077060476,980.3,673.7
698,520,16.52903114025881,914.3021638173003,685.5342077060476,980.3,673.7
699,520,6.336941000092026,914.3021638173003,685.5342077060476,980.3,673.7
700,520,6.336941000092026,914.3021638173003,685.5342077060476,980.3,673.7
701,520,6.336941000092026,914.3021638173003,685.5342077060476,980.3,673.7
702,520,6.336941000092026,914.3021638173003,685.5342077060476,980.3,673.7
703,520,6.336941000092026,914.3021638173003,685.5342077060476,980.3,673.7
704,520,6.336941000092026,914.3021638173003,685.5342077060476,980.3,673.7
705,520,6.336941000092026,914.3021638173003,685.5342077060476,980.3,673.7
706,520,6.336941000092026,914.3021638173003,685.5342077060476,980.3,673.7
707,520,6.336941000092026,914.3021638173003,685.5342077060476,980.3,673.7
708,520,6.336941000092026,914.3021638173003,685.5342077060476,980.3,673.7
709,520,6.336941000092026,914.3021638173003,685.5342077060476,980.3,673.7
710,520,6.336941000092026,914.3021638173003,685.5342077060476,980.3,673.7
711,520,6.336941000092026,914.3021638173003,685.5342077060476,980.3,673.7
712,520,6.336941000092026,914.3021638173003,685.5342077060476,980.3,673.7
713,520,6.336941000092026,914.3021638173003,685.5342077060476,980.3,673.7
714,520,6.336941000092026,1088.3021638173004,686.5342077060476,980.3,673.7
715,520,6.336941000092026,1088.3021638173004,686.5342077060476,980.3,673.7
716,520,6.336941000092026,1088.3021638173004,686.5342077060476,980.3,673.7
717,520,6.336941000092026,1088.3021638173004,686.5342077060476,980.3,673.7
718,520,6.336941000092026,1088.3021638173004,686.5342077060476,980.3,673.7
719,520,6.336941000092026,1088.3021638173004,686.5342077060476,980.3,673.7
720,520,6.336941000092026,1088.3021638173004,686.5342077060476,980.3,673.7
721,520,6.336941000092026,1088.3021638173004,686.5342077060476,980.3,673.7
722,520,6.336941000092026,1262.3021638173004,687.5342077060476,980.3,673.7
723,520,6.336941000092026,1262.3021638173004,687.5342077060476,924.24,668.64
724,520,6.336941000092026,1262.3021638173004,687.5342077060476,868.18,663.58
725,520,6.336941000092026,1262.3021638173004,687.5342077060476,812.12,658.52
726,520,6.336941000092026,1262.3021638173004,687.5342077060476,756.06,653.46
727,520,6.336941000092026,1262.3021638173004,687.5342077060476,700.0,648.4
728,520,6.336941000092026,1262.3021638173004,687.5342077060476,700.0,648.4
729,520,6.336941000092026,1262.3021638173004,687.5342077060476,700.0,648.4
730,520,6.336941000092026,1262.3021638173004,687.5342077060476,700.0,648.4
731,520,6.336941000092026,1262.3021638173004,687.5342077060476,700.0,648.4
732,520,6.336941000092026,1262.3021638173004,687.5342077060476,700.0,648.4
733,520,6.336941000092026,1262.3021638173004,687.5342077060476,700.0,648.4
734,520,6.336941000092026,1262.3021638173004,687.5342077060476,700.0,648.4
735,520,6.336941000092026,1262.3021638173004,687.5342077060476,700.0,648.4
736,520,6.336941000092026,1262.3021638173004,687.5342077060476,700.0,648.4
737,520,6.336941000092026,1262.3021638173004,687.5342077060476,700.0,648.4
738,520,6.336941000092026,1262.3021638173004,687.5342077060476,700.0,648.4
739,520,6.336941000092026,1262.3021638173004,687.5342077060476,700.0,648.4
740,520,6.336941000092026,1262.3021638173004,687.5342077060476,700.0,648.4
741,520,6.336941000092026,1262.3021638173004,687.5342077060476,700.0,648.4
742,520,6.336941000092026,1262.3021638173004,687.5342077060476,700.0,648.4
743,520,6.336941000092026,1262.3021638173004,687.5342077060476,700.0,648.4
744,520,6.336941000092026,1262.3021638173004,687.5342077060476,700.0,648.4
745,520,6.336941000092026,1262.3021638173004,687.5342077060476,700.0,648.4
746,520,6.336941000092026,1262.3021638173004,687.5342077060476,700.0,648.4
747,520,6.336941000092026,1262.3021638173004,687.5342077060476,700.0,648.4
748,520,6.336941000092026,1262.3021638173004,687.5342077060476,700.0,648.4
749,520,6.336941000092026,1262.3021638173004,687.5342077060476,700.0,648.4
750,520,6.336941000092026,1262.3021638173004,687.5342077060476,700.0,648.4
751,520,6.336941000092026,1262.3021638173004,687.5342077060476,700.0,648.4
752,520,6.336941000092026,1262.3021638173004,687.5342077060476,742.9571428571429,596.3857142857142
753,520,6.336941000092026,1262.3021638173004,687.5342077060476,785.9142857142857,544.3714285714285
754,520,6.336941000092026,1262.3021638173004,687.5342077060476,828.8714285714286,492.35714285714283
755,520,6.336941000092026,1262.3021638173004,687.5342077060476,871.8285714285714,440.34285714285716
756,520,2.814334200073313,1262.3021638173004,687.5342077060476,914.7857142857143,388.3285714285714
757,520,2.814334200073313,1262.3021638173004,687.5342077060476,957.7428571428572,336.3142857142857
758,520,2.814334200073313,1262.3021638173004,687.5342077060476,1000.7,284.3
759,520,2.814334200073313,1262.3021638173004,687.5342077060476,1000.7,284.3
760,520,2.814334200073313,1262.3021638173004,687.5342077060476,1000.7,284.3
761,520,2.814334200073313,1262.3021638173004,687.5342077060476,1000.7,284.3
762,520,2.814334200073313,1262.3021638173004,687.5342077060476,1000.7,284.3
763,520,2.814334200073313,1262.3021638173004,687.5342077060476,1000.7,284.3
764,520,2.814334200073313,1262.3021638173004,687.5342077060476,1000.7,284.3
765,520,2.814334200073313,1262.3021638173004,687.5342077060476,1000.7,284.3
766,520,2.814334200073313,1262.3021638173004,687.5342077060476,1000.7,284.3
767,520,2.814334200073313,1262.3021638173004,687.5342077060476,1000.7,284.3
768,520,2.814334200073313,1262.3021638173004,687.5342077060476,1000.7,284.3
769,520,2.814334200073313,1262.3021638173004,687.5342077060476,1000.7,284.3
770,520,2.814334200073313,1262.3021638173004,687.5342077060476,1000.7,284.3
771,520,2.814334200073313,1262.3021638173004,687.5342077060476,1000.7,284.3
772,520,2.814334200073313,1262.3021638173004,687.5342077060476,1000.7,284.3
773,520,2.814334200073313,1262.3021638173004,687.5342077060476,1000.7,284.3
774,520,2.814334200073313,1262.3021638173004,687.5342077060476,1000.7,284.3
775,520,2.814334200073313,1262.3021638173004,687.5342077060476,1000.7,284.3
776,520,2.814334200073313,1262.3021638173004,687.5342077060476,1000.7,284.3
777,520,2.814334200073313,1262.3021638173004,687.5342077060476,1000.7,284.3
778,520,2.814334200073313,932.3021638173003,672.5342077060476,1000.7,284.3
779,520,2.814334200073313,932.3021638173003,672.5342077060476,1000.7,284.3
780,520,2.814334200073313,932.3021638173003,672.5342077060476,1000.7,284.3
781,520,2.814334200073313,932.3021638173003,672.5342077060476,1000.7,284.3
782,520,2.814334200073313,932.3021638173003,672.5342077060476,1009.5333333333334,273.73333333333335
783,520,2.814334200073313,932.3021638173003,672.5342077060476,1018.3666666666667,263.1666666666667
784,520,2.814334200073313,932.3021638173003,672.5342077060476,1027.2,252.6
785,520,2.814334200073313,932.3021638173003,672.5342077060476,1027.2,252.6
786,520,2.814334200073313,932.3021638173003,672.5342077060476,1027.2,252.6
787,520,2.814334200073313,932.3021638173003,672.5342077060476,1027.2,252.6
788,520,2.814334200073313,932.3021638173003,672.5342077060476,1027.2,252.6
789,520,2.814334200073313,932.3021638173003,672.5342077060476,1027.2,252.6
790,520,2.814334200073313,932.3021638173003,672.5342077060476,1027.2,252.6
791,520,2.814334200073313,932.3021638173003,672.5342077060476,1027.2,252.6
792,520,2.814334200073313,932.3021638173003,672.5342077060476,1027.2,252.6
793,520,2.814334200073313,932.3021638173003,672.5342077060476,1027.2,252.6
794,520,2.814334200073313,932.3021638173003,672.5342077060476,1027.2,252.6
795,520,2.814334200073313,932.3021638173003,672.5342077060476,1027.2,252.6
796,520,2.814334200073313,932.3021638173003,672.5342077060476,1027.2,252.6
797,520,2.814334200073313,932.3021638173003,672.5342077060476,1027.2,252.6
798,520,2.814334200073313,932.3021638173003,672.5342077060476,1027.2,252.6
799,520,2.814334200073313,932.3021638173003,672.5342077060476,1027.2,252.6
800,520,2.814334200073313,932.3021638173003,672.5342077060476,1027.2,252.6
801,520,2.814334200073313,932.3021638173003,672.5342077060476,1027.2,252.6
802,520,2.814334200073313,932.3021638173003,672.5342077060476,1027.2,252.6
803,520,2.814334200073313,932.3021638173003,672.5342077060476,1027.2,252.6
804,520,2.814334200073313,932.3021638173003,672.5342077060476,1027.2,252.6
805,520,2.814334200073313,932.3021638173003,672.5342077060476,1027.2,252.6
806,520,39.45152107199795,932.3021638173003,672.5342077060476,1027.2,252.6
807,520,39.45152107199795,932.3021638173003,672.5342077060476,1027.2,252.6
808,520,39.45152107199795,932.3021638173003,672.5342077060476,1027.2,252.6
809,520,39.45152107199795,932.3021638173003,672.5342077060476,1027.2,252.6
810,520,39.45152107199795,932.3021638173003,672.5342077060476,1027.2,252.6
811,520,39.45152107199795,932.3021638173003,672.5342077060476,1027.2,252.6
812,520,46.5823068182535,932.3021638173003,672.5342077060476,1027.2,252.6
813,520,46.5823068182535,932.3021638173003,672.5342077060476,1027.2,252.6
814,520,46.5823068182535,932.3021638173003,672.5342077060476,1027.2,252.6
815,520,46.5823068182535,932.3021638173003,672.5342077060476,1027.2,252.6
816,520,46.5823068182535,932.3021638173003,672.5342077060476,1027.2,252.6
817,520,46.5823068182535,932.3021638173003,672.5342077060476,1027.2,252.6
818,520,46.5823068182535,932.3021638173003,672.5342077060476,1027.2,252.6
819,520,46.5823068182535,932.3021638173003,672.5342077060476,1027.2,252.6
820,520,46.5823068182535,932.3021638173003,672.5342077060476,1027.2,252.6
821,520,46.5823068182535,932.3021638173003,672.5342077060476,1027.2,252.6
822,520,46.5823068182535,932.3021638173003,672.5342077060476,1027.2,252.6
823,520,46.5823068182535,932.3021638173003,672.5342077060476,1027.2,252.6
824,520,46.5823068182535,932.3021638173003,672.5342077060476,1027.2,252.6
825,520,46.5823068182535,932.3021638173003,672.5342077060476,1027.2,252.6
826,520,46.5823068182535,932.3021638173003,672.5342077060476,1027.2,252.6
827,520,46.5823068182535,932.3021638173003,672.5342077060476,1027.2,252.6
828,520,46.5823068182535,932.3021638173003,672.5342077060476,1027.2,252.6
829,520,46.5823068182535,932.3021638173003,672.5342077060476,1027.2,252.6
830,520,46.5823068182535,932.3021638173003,672.5342077060476,1027.2,252.6
831,520,46.5823068182535,932.3021638173003,672.5342077060476,1027.2,252.6
832,520,46.5823068182535,932.3021638173003,672.5342077060476,1027.2,252.6
833,520,46.5823068182535,932.3021638173003,672.5342077060476,1027.2,252.6
834,520,46.5823068182535,932.3021638173003,672.5342077060476,1027.2,252.6
835,520,46.5823068182535,932.3021638173003,672.5342077060476,1027.2,252.6
836,520,46.5823068182535,932.3021638173003,672.5342077060476,1027.2,252.6
837,520,46.5823068182535,932.3021638173003,672.5342077060476,1027.2,252.6
838,520,46.5823068182535,932.3021638173003,672.5342077060476,1027.2,252.6
839,520,46.5823068182535,932.3021638173003,672.5342077060476,1027.2,252.6
840,520,46.5823068182535,932.3021638173003,672.5342077060476,1027.2,252.6
841,520,46.5823068182535,932.3021638173003,672.5342077060476,1027.2,252.6
842,520,46.5823068182535,932.3021638173003,672.5342077060476,1027.2,252.6
843,520,46.5823068182535,932.3021638173003,672.5342077060476,1027.2,252.6
844,520,2.6636161555962916,932.3021638173003,672.5342077060476,1027.2,252.6
845,520,2.6636161555962916,932.3021638173003,672.5342077060476,1027.2,252.6
846,520,2.6636161555962916,932.3021638173003,672.5342077060476,1027.2,252.6
847,520,2.6636161555962916,932.3021638173003,672.5342077060476,1027.2,252.6
848,520,2.6636161555962916,932.3021638173003,672.5342077060476,1027.2,252.6
849,520,2.6636161555962916,932.3021638173003,672.5342077060476,1027.2,252.6
850,520,2.6636161555962916,932.3021638173003,672.5342077060476,1027.2,252.6
851,520,2.6636161555962916,932.3021638173003,672.5342077060476,1027.2,252.6
852,520,2.6636161555962916,932.3021638173003,672.5342077060476,1027.2,252.6
853,520,2.6636161555962916,932.3021638173003,672.5342077060476,1027.2,252.6
854,520,2.6636161555962916,932.3021638173003,672.5342077060476,1027.2,252.6
855,520,2.6636161555962916,932.3021638173003,672.5342077060476,1027.2,252.6
856,520,2.6636161555962916,932.3021638173003,672.5342077060476,1027.2,252.6
857,520,2.6636161555962916,932.3021638173003,672.5342077060476,1027.2,252.6
858,520,2.6636161555962916,932.3021638173003,672.5342077060476,1027.2,252.6
859,520,2.6636161555962916,932.3021638173003,672.5342077060476,1027.2,252.6
860,520,2.6636161555962916,932.3021638173003,672.5342077060476,1027.2,252.6
861,520,2.6636161555962916,932.3021638173003,672.5342077060476,1027.2,252.6
862,520,2.6636161555962916,932.3021638173003,672.5342077060476,1027.2,252.6
863,520,2.6636161555962916,932.3021638173003,672.5342077060476,1027.2,252.6
864,520,2.6636161555962916,932.3021638173003,672.5342077060476,1027.2,252.6
865,520,2.6636161555962916,932.3021638173003,672.5342077060476,1027.2,252.6
866,520,2.6636161555962916,932.3021638173003,672.5342077060476,1027.2,252.6
867,520,2.6636161555962916,932.3021638173003,672.5342077060476,1027.2,252.6
868,520,2.6636161555962916,932.3021638173003,672.5342077060476,1027.2,252.6
869,520,2.6636161555962916,932.3021638173003,672.5342077060476,1027.2,252.6
870,520,2.6636161555962916,932.3021638173003,672.5342077060476,1027.2,252.6
871,520,2.6636161555962916,932.3021638173003,672.5342077060476,1027.2,252.6
872,520,2.6636161555962916,932.3021638173003,672.5342077060476,1027.2,252.6
873,520,2.6636161555962916,900.3021638173003,663.5342077060476,1027.2,252.6
874,520,2.6636161555962916,900.3021638173003,663.5342077060476,1027.2,252.6
875,521,24.687139123883192,900.3021638173003,663.5342077060476,1027.2,252.6
876,522,9.2981494260631,900.3021638173003,663.5342077060476,1027.2,252.6
876,523,9.2981494260631,900.3021638173003,663.5342077060476,1027.2,252.6
876,524,9.2981494260631,900.3021638173003,663.5342077060476,1027.2,252.6
876,525,9.2981494260631,900.3021638173003,663.5342077060476,1027.2,252.6
876,526,9.2981494260631,900.3021638173003,663.5342077060476,1027.2,252.6
876,527,9.2981494260631,900.3021638173003,663.5342077060476,1027.2,252.6
876,528,9.2981494260631,868.3021638173003,653.5342077060476,1027.2,252.6
876,529,9.2981494260631,868.3021638173003,653.5342077060476,1027.2,252.6
876,530,9.2981494260631,868.3021638173003,653.5342077060476,1082.56,256.02
876,531,9.2981494260631,868.3021638173003,653.5342077060476,1137.92,259.44
876,532,9.2981494260631,868.3021638173003,653.5342077060476,1193.28,262.86
876,533,9.2981494260631,868.3021638173003,653.5342077060476,1248.64,266.28
876,534,9.2981494260631,868.3021638173003,653.5342077060476,1304.0,269.7
877,535,9.2981494260631,868.3021638173003,653.5342077060476,1304.0,269.7
878,536,9.2981494260631,868.3021638173003,653.5342077060476,1304.0,269.7
879,537,9.2981494260631,868.3021638173003,653.5342077060476,1304.0,269.7
880,538,9.2981494260631,868.3021638173003,653.5342077060476,1304.0,269.7
881,539,9.2981494260631,868.3021638173003,653.5342077060476,1304.0,269.7
882,540,9.2981494260631,868.3021638173003,653.5342077060476,1304.0,269.7
883,541,9.2981494260631,868.3021638173003,653.5342077060476,1304.0,269.7
884,542,2.316322995049516,868.3021638173003,653.5342077060476,1304.0,269.7
884,543,23.50896728979753,868.3021638173003,653.5342077060476,1304.0,269.7
884,544,39.63462103288385,868.3021638173003,653.5342077060476,1304.0,269.7
884,545,49.21261225141168,868.3021638173003,653.5342077060476,1304.0,269.7
884,546,55.24142353254647,868.3021638173003,653.5342077060476,1304.0,269.7
884,547,59.30222095815757,868.3021638173003,653.5342077060476,1304.0,269.7
884,548,62.19668860396165,868.3021638173003,653.5342077060476,1304.0,269.7
884,549,62.19668860396165,868.3021638173003,653.5342077060476,1304.0,269.7
884,550,62.19668860396165,868.3021638173003,653.5342077060476,1304.0,269.7
884,551,62.19668860396165,868.3021638173003,653.5342077060476,1304.0,269.7
884,552,62.19668860396165,868.3021638173003,653.5342077060476,1304.0,269.7
884,553,62.19668860396165,868.3021638173003,653.5342077060476,1304.0,269.7
884,554,62.19668860396165,868.3021638173003,653.5342077060476,1304.0,269.7
884,555,62.19668860396165,868.3021638173003,653.5342077060476,1304.0,269.7
884,556,62.19668860396165,868.3021638173003,653.5342077060476,1304.0,269.7
884,557,62.19668860396165,868.3021638173003,653.5342077060476,1304.0,269.7
884,558,62.19668860396165,868.3021638173003,653.5342077060476,1318.725,270.1
884,559,62.19668860396165,868.3021638173003,653.5342077060476,1333.45,270.5
884,560,62.19668860396165,868.3021638173003,653.5342077060476,1348.1750000000002,270.9
884,561,62.19668860396165,868.3021638173003,653.5342077060476,1362.9,271.3
884,562,62.19668860396165,868.3021638173003,653.5342077060476,1362.9,271.3
884,563,62.19668860396165,868.3021638173003,653.5342077060476,1362.9,271.3
884,564,62.19668860396165,868.3021638173003,653.5342077060476,1362.9,271.3
884,565,62.19668860396165,868.3021638173003,653.5342077060476,1362.9,271.3
884,566,62.19668860396165,868.3021638173003,653.5342077060476,1362.9,271.3
884,567,62.19668860396165,924.3021638173003,562.5342077060476,1362.9,271.3
884,568,61.69065291890944,924.3021638173003,562.5342077060476,1362.9,271.3
884,569,61.2240344169584,924.3021638173003,562.5342077060476,1362.9,271.3
884,570,60.79245547651936,924.3021638173003,562.5342077060476,1362.9,271.3
884,571,60.392156018928475,924.3021638173003,562.5342077060476,1362.9,271.3
884,572,60.392156018928475,924.3021638173003,562.5342077060476,1362.9,271.3
884,573,60.392156018928475,924.3021638173003,562.5342077060476,1362.9,271.3
884,574,60.392156018928475,924.3021638173003,562.5342077060476,1362.9,271.3
884,575,60.392156018928475,924.3021638173003,562.5342077060476,1362.9,271.3
884,576,60.392156018928475,924.3021638173003,562.5342077060476,1362.9,271.3
884,577,60.392156018928475,924.3021638173003,562.5342077060476,1362.9,271.3
884,578,60.392156018928475,924.3021638173003,562.5342077060476,1362.9,271.3
884,579,60.392156018928475,924.3021638173003,562.5342077060476,1362.9,271.3
884,580,60.392156018928475,924.3021638173003,562.5342077060476,1362.9,271.3
884,581,60.392156018928475,924.3021638173003,562.5342077060476,1362.9,271.3
884,582,60.392156018928475,924.3021638173003,562.5342077060476,1362.9,271.3
884,583,60.392156018928475,924.3021638173003,562.5342077060476,1362.9,271.3
884,584,60.392156018928475,924.3021638173003,562.5342077060476,1362.9,271.3
884,585,60.392156018928475,924.3021638173003,562.5342077060476,1362.9,271.3
884,586,60.392156018928475,924.3021638173003,562.5342077060476,1362.9,271.3
884,587,60.392156018928475,924.3021638173003,562.5342077060476,1362.9,271.3
884,588,60.392156018928475,924.3021638173003,562.5342077060476,1362.9,271.3
884,589,60.392156018928475,924.3021638173003,562.5342077060476,1362.9,271.3
884,590,60.392156018928475,924.3021638173003,562.5342077060476,1362.9,271.3
884,591,60.392156018928475,924.3021638173003,562.5342077060476,1362.9,271.3
884,592,60.392156018928475,924.3021638173003,562.5342077060476,1317.8000000000002,274.3
884,593,60.392156018928475,924.3021638173003,562.5342077060476,1272.7,277.3
884,594,60.392156018928475,924.3021638173003,562.5342077060476,1227.6000000000001,280.3
884,595,59.97638398766108,924.3021638173003,562.5342077060476,1182.5,283.3
884,596,59.56938156638528,924.3021638173003,562.5342077060476,1137.4,286.3
884,597,59.56938156638528,924.3021638173003,562.5342077060476,1092.3000000000002,289.3
884,598,59.56938156638528,924.3021638173003,562.5342077060476,1047.2,292.3
884,599,59.56938156638528,924.3021638173003,562.5342077060476,1047.2,292.3
884,600,59.56938156638528,924.3021638173003,562.5342077060476,1047.2,292.3
884,601,59.56938156638528,924.3021638173003,562.5342077060476,1047.2,292.3
884,602,59.56938156638528,924.3021638173003,562.5342077060476,1047.2,292.3
884,603,59.56938156638528,924.3021638173003,562.5342077060476,1047.2,292.3
884,604,59.56938156638528,924.3021638173003,562.5342077060476,1047.2,292.3
884,605,59.56938156638528,924.3021638173003,562.5342077060476,1047.2,292.3
884,606,59.56938156638528,924.3021638173003,562.5342077060476,1047.2,292.3
884,607,59.56938156638528,924.3021638173003,562.5342077060476,1047.2,292.3
884,608,59.56938156638528,924.3021638173003,562.5342077060476,1047.2,292.3
884,609,59.56938156638528,924.3021638173003,562.5342077060476,1047.2,292.3
884,610,59.56938156638528,924.3021638173003,562.5342077060476,1047.2,292.3
884,611,59.56938156638528,924.3021638173003,562.5342077060476,1047.2,292.3
885,612,59.56938156638528,924.3021638173003,562.5342077060476,1047.2,292.3
886,613,59.56938156638528,924.3021638173003,562.5342077060476,1047.2,292.3
887,614,59.56938156638528,924.3021638173003,562.5342077060476,1047.2,292.3
888,615,59.56938156638528,924.3021638173003,562.5342077060476,1047.2,292.3
889,616,59.56938156638528,924.3021638173003,562.5342077060476,1047.2,292.3
890,617,59.56938156638528,924.3021638173003,562.5342077060476,1047.2,292.3
891,618,59.56938156638528,924.3021638173003,562.5342077060476,1047.2,292.3
892,619,59.56938156638528,924.3021638173003,562.5342077060476,1047.2,292.3
893,620,59.56938156638528,924.3021638173003,562.5342077060476,1047.2,292.3
894,621,59.56938156638528,924.3021638173003,562.5342077060476,1047.2,292.3
895,622,59.56938156638528,924.3021638173003,562.5342077060476,1047.2,292.3
896,623,59.56938156638528,924.3021638173003,562.5342077060476,1047.2,292.3
897,624,59.56938156638528,841.3021638173003,596.5342077060476,1047.2,292.3
898,625,59.56938156638528,841.3021638173003,596.5342077060476,1047.2,292.3
899,626,59.56938156638528,841.3021638173003,596.5342077060476,1047.2,292.3
900,627,59.56938156638528,841.3021638173003,596.5342077060476,1047.2,292.3
901,628,59.56938156638528,841.3021638173003,596.5342077060476,1047.2,292.3
902,629,59.56938156638528,841.3021638173003,596.5342077060476,1047.2,292.3
903,630,59.56938156638528,841.3021638173003,596.5342077060476,1047.2,292.3
904,631,59.56938156638528,841.3021638173003,596.5342077060476,1047.2,292.3
905,632,59.56938156638528,758.3021638173003,629.5342077060476,1047.2,292.3
906,633,59.56938156638528,758.3021638173003,629.5342077060476,1047.2,292.3
907,634,59.56938156638528,758.3021638173003,629.5342077060476,1047.2,292.3
908,635,59.56938156638528,758.3021638173003,629.5342077060476,1047.2,292.3
909,636,59.56938156638528,758.3021638173003,629.5342077060476,1047.2,292.3
910,637,59.56938156638528,758.3021638173003,629.5342077060476,1047.2,292.3
911,638,59.56938156638528,758.3021638173003,629.5342077060476,1047.2,292.3
912,639,59.56938156638528,758.3021638173003,629.5342077060476,1047.2,292.3
913,640,59.56938156638528,758.3021638173003,629.5342077060476,1047.2,292.3
914,641,59.56938156638528,758.3021638173003,629.5342077060476,1047.2,292.3
915,642,59.56938156638528,758.3021638173003,629.5342077060476,1047.2,292.3
916,643,59.56938156638528,758.3021638173003,629.5342077060476,1047.2,292.3
917,644,59.56938156638528,758.3021638173003,629.5342077060476,1047.2,292.3
918,645,59.56938156638528,758.3021638173003,629.5342077060476,1047.2,292.3
919,646,59.56938156638528,758.3021638173003,629.5342077060476,1047.2,292.3
920,647,59.56938156638528,758.3021638173003,629.5342077060476,1031.057142857143,338.45714285714286
921,648,59.56938156638528,758.3021638173003,629.5342077060476,1014.9142857142857,384.6142857142857
922,649,59.56938156638528,758.3021638173003,629.5342077060476,998.7714285714286,430.7714285714286
923,650,59.56938156638528,758.3021638173003,629.5342077060476,982.6285714285715,476.92857142857144
924,651,59.56938156638528,758.3021638173003,629.5342077060476,966.4857142857144,523.0857142857143
925,652,59.56938156638528,758.3021638173003,629.5342077060476,950.3428571428572,569.2428571428571
926,653,59.56938156638528,758.3021638173003,629.5342077060476,934.2,615.4
927,654,59.56938156638528,758.3021638173003,629.5342077060476,934.2,615.4
928,655,59.56938156638528,758.3021638173003,629.5342077060476,934.2,615.4
929,656,59.56938156638528,649.3021638173003,663.5342077060476,934.2,615.4
930,657,59.56938156638528,649.3021638173003,663.5342077060476,934.2,615.4
931,658,59.56938156638528,649.3021638173003,663.5342077060476,934.2,615.4
932,659,59.56938156638528,649.3021638173003,663.5342077060476,934.2,615.4
933,660,59.56938156638528,649.3021638173003,663.5342077060476,934.2,615.4
934,661,58.37195126570371,649.3021638173003,663.5342077060476,934.2,615.4
935,662,56.61692037675623,649.3021638173003,663.5342077060476,934.2,615.4
936,663,53.80414000119423,649.3021638173003,663.5342077060476,934.2,615.4
937,664,48.60648749771532,649.3021638173003,663.5342077060476,934.2,615.4
938,665,36.22557606281439,649.3021638173003,663.5342077060476,934.2,615.4
939,666,7.637215823105308,649.3021638173003,663.5342077060476,934.2,615.4
940,667,2.293180070039262,649.3021638173003,663.5342077060476,934.2,615.4
941,667,2.293180070039262,649.3021638173003,663.5342077060476,934.2,615.4
942,667,2.293180070039262,649.3021638173003,663.5342077060476,934.2,615.4
943,667,2.293180070039262,649.3021638173003,663.5342077060476,934.2,615.4
944,667,2.293180070039262,649.3021638173003,663.5342077060476,934.2,615.4
945,667,2.293180070039262,649.3021638173003,663.5342077060476,934.2,615.4
946,667,2.293180070039262,649.3021638173003,663.5342077060476,934.2,615.4
947,667,2.293180070039262,649.3021638173003,663.5342077060476,934.2,615.4
948,667,2.293180070039262,649.3021638173003,663.5342077060476,934.2,615.4
949,667,2.293180070039262,649.3021638173003,663.5342077060476,899.3000000000001,621.1666666666666
950,667,2.293180070039262,649.3021638173003,663.5342077060476,864.4,626.9333333333333
951,667,2.293180070039262,649.3021638173003,663.5342077060476,829.5,632.7
952,667,2.293180070039262,649.3021638173003,663.5342077060476,794.6,638.4666666666667
953,667,2.293180070039262,649.3021638173003,663.5342077060476,759.7,644.2333333333333
954,667,2.293180070039262,649.3021638173003,663.5342077060476,724.8,650.0
955,667,2.293180070039262,649.3021638173003,663.5342077060476,724.8,650.0
956,667,2.293180070039262,649.3021638173003,663.5342077060476,724.8,650.0
957,667,2.293180070039262,649.3021638173003,663.5342077060476,724.8,650.0
958,667,2.293180070039262,649.3021638173003,663.5342077060476,724.8,650.0
959,667,2.293180070039262,649.3021638173003,663.5342077060476,724.8,650.0
960,667,2.293180070039262,649.3021638173003,663.5342077060476,724.8,650.0
961,667,2.293180070039262,649.3021638173003,663.5342077060476,724.8,650.0
962,667,2.293180070039262,649.3021638173003,663.5342077060476,724.8,650.0
963,667,2.293180070039262,649.3021638173003,663.5342077060476,724.8,650.0
964,667,2.293180070039262,649.3021638173003,663.5342077060476,724.8,650.0
965,667,2.293180070039262,649.3021638173003,663.5342077060476,724.8,650.0
966,667,2.293180070039262,649.3021638173003,663.5342077060476,724.8,650.0
967,667,2.293180070039262,649.3021638173003,663.5342077060476,724.8,650.0
968,667,2.293180070039262,649.3021638173003,663.5342077060476,724.8,650.0
969,667,2.293180070039262,649.3021638173003,663.5342077060476,724.8,650.0
970,667,2.293180070039262,649.3021638173003,663.5342077060476,724.8,650.0
971,668,2.293180070039262,649.3021638173003,663.5342077060476,777.76,653.76
972,669,2.293180070039262,649.3021638173003,663.5342077060476,830.72,657.52
973,670,2.293180070039262,649.3021638173003,663.5342077060476,883.6800000000001,661.28
974,671,2.293180070039262,649.3021638173003,663.5342077060476,936.64,665.04
975,672,2.293180070039262,649.3021638173003,663.5342077060476,989.6,668.8
976,673,2.293180070039262,949.3021638173003,679.5342077060476,989.6,668.8
977,674,2.293180070039262,949.3021638173003,679.5342077060476,989.6,668.8
978,675,2.293180070039262,949.3021638173003,679.5342077060476,989.6,668.8
979,676,2.293180070039262,949.3021638173003,679.5342077060476,989.6,668.8
980,677,2.293180070039262,949.3021638173003,679.5342077060476,989.6,668.8
981,678,2.293180070039262,949.3021638173003,679.5342077060476,989.6,668.8
982,679,2.293180070039262,949.3021638173003,679.5342077060476,989.6,668.8
983,680,2.293180070039262,949.3021638173003,679.5342077060476,989.6,668.8
984,681,2.293180070039262,949.3021638173003,679.5342077060476,989.6,668.8
985,682,2.293180070039262,949.3021638173003,679.5342077060476,989.6,668.8
986,683,2.293180070039262,949.3021638173003,679.5342077060476,989.6,668.8
987,684,2.293180070039262,949.3021638173003,679.5342077060476,989.6,668.8
988,685,2.293180070039262,949.3021638173003,679.5342077060476,989.6,668.8
989,686,2.293180070039262,949.3021638173003,679.5342077060476,989.6,668.8
990,687,2.293180070039262,949.3021638173003,679.5342077060476,989.6,668.8
991,688,2.293180070039262,949.3021638173003,679.5342077060476,989.6,668.8
992,689,2.293180070039262,949.3021638173003,679.5342077060476,989.6,668.8
993,690,2.293180070039262,949.3021638173003,679.5342077060476,989.6,668.8
994,691,2.293180070039262,949.3021638173003,679.5342077060476,989.6,668.8
995,692,2.293180070039262,949.3021638173003,679.5342077060476,989.6,668.8
996,693,10.608384021594105,949.3021638173003,679.5342077060476,989.6,668.8
997,694,16.53925094050501,949.3021638173003,679.5342077060476,989.6,668.8
998,695,20.896665619422237,949.3021638173003,679.5342077060476,989.6,668.8
999,696,24.198256836314645,949.3021638173003,679.5342077060476,989.6,668.8
1000,697,24.198256836314645,949.3021638173003,679.5342077060476,989.6,668.8
1001,698,24.198256836314645,949.3021638173003,679.5342077060476,989.6,668.8
1002,699,24.198256836314645,949.3021638173003,679.5342077060476,989.6,668.8
1003,700,24.198256836314645,949.3021638173003,679.5342077060476,989.6,668.8
1004,701,24.198256836314645,949.3021638173003,679.5342077060476,989.6,668.8
1005,702,24.198256836314645,949.3021638173003,679.5342077060476,989.6,668.8
1006,703,24.198256836314645,949.3021638173003,679.5342077060476,989.6,668.8
1007,704,24.198256836314645,949.3021638173003,679.5342077060476,989.6,668.8
1008,705,24.198256836314645,949.3021638173003,679.5342077060476,989.6,668.8
1009,706,24.198256836314645,949.3021638173003,679.5342077060476,989.6,668.8
1010,707,24.198256836314645,949.3021638173003,679.5342077060476,989.6,668.8
1011,708,24.198256836314645,949.3021638173003,679.5342077060476,989.6,668.8
1012,709,24.198256836314645,949.3021638173003,679.5342077060476,989.6,668.8
1013,710,24.198256836314645,949.3021638173003,679.5342077060476,989.6,668.8
1014,711,24.198256836314645,949.3021638173003,679.5342077060476,989.6,668.8
1015,712,24.198256836314645,949.3021638173003,679.5342077060476,989.6,668.8
1016,713,24.198256836314645,949.3021638173003,679.5342077060476,989.6,668.8
1017,714,24.198256836314645,897.3021638173003,664.5342077060476,989.6,668.8
1018,715,24.198256836314645,897.3021638173003,664.5342077060476,989.6,668.8
1019,716,24.198256836314645,897.3021638173003,664.5342077060476,989.6,668.8
1020,717,24.198256836314645,897.3021638173003,664.5342077060476,989.6,668.8
1021,718,24.198256836314645,897.3021638173003,664.5342077060476,989.6,668.8
1022,719,24.198256836314645,897.3021638173003,664.5342077060476,948.8428571428572,665.0857142857143
1023,720,24.198256836314645,897.3021638173003,664.5342077060476,908.0857142857143,661.3714285714285
1024,721,24.198256836314645,897.3021638173003,664.5342077060476,867.3285714285714,657.6571428571428
1025,722,24.198256836314645,897.3021638173003,664.5342077060476,826.5714285714286,653.9428571428571
1026,723,24.198256836314645,897.3021638173003,664.5342077060476,785.8142857142857,650.2285714285714
1027,724,24.198256836314645,897.3021638173003,664.5342077060476,745.0571428571428,646.5142857142856
1028,725,24.198256836314645,897.3021638173003,664.5342077060476,704.3,642.8
1029,726,24.198256836314645,897.3021638173003,664.5342077060476,704.3,642.8
1030,727,24.198256836314645,897.3021638173003,664.5342077060476,704.3,642.8
1031,728,24.198256836314645,897.3021638173003,664.5342077060476,704.3,642.8
1032,729,15.624703607718333,897.3021638173003,664.5342077060476,704.3,642.8
1033,730,5.76623673153092,897.3021638173003,664.5342077060476,704.3,642.8
1034,731,4.995938019142255,897.3021638173003,664.5342077060476,704.3,642.8
1035,732,1.9904567336616226,897.3021638173003,664.5342077060476,704.3,642.8
1035,733,1.9904567336616226,897.3021638173003,664.5342077060476,704.3,642.8
1035,734,1.9904567336616226,897.3021638173003,664.5342077060476,704.3,642.8
1035,735,1.9904567336616226,897.3021638173003,664.5342077060476,704.3,642.8
1035,736,1.9904567336616226,897.3021638173003,664.5342077060476,704.3,642.8
1035,737,1.9904567336616226,897.3021638173003,664.5342077060476,704.3,642.8
1035,738,1.9904567336616226,897.3021638173003,664.5342077060476,704.3,642.8
1035,739,1.9904567336616226,897.3021638173003,664.5342077060476,704.3,642.8
1035,740,1.9904567336616226,897.3021638173003,664.5342077060476,704.3,642.8
1035,741,1.9904567336616226,897.3021638173003,664.5342077060476,704.3,642.8
1035,742,1.9904567336616226,897.3021638173003,664.5342077060476,704.3,642.8
1035,743,1.9904567336616226,897.3021638173003,664.5342077060476,704.3,642.8
1035,744,1.9904567336616226,897.3021638173003,664.5342077060476,704.3,642.8
1035,745,1.9904567336616226,897.3021638173003,664.5342077060476,704.3,642.8
1035,746,1.9904567336616226,755.3021638173003,666.5342077060476,704.3,642.8
1035,747,1.9904567336616226,755.3021638173003,666.5342077060476,704.3,642.8
1035,748,1.9904567336616226,755.3021638173003,666.5342077060476,704.3,642.8
1035,749,1.9904567336616226,755.3021638173003,666.5342077060476,704.3,642.8
1035,750,1.9904567336616226,755.3021638173003,666.5342077060476,704.3,642.8
1035,751,1.9904567336616226,755.3021638173003,666.5342077060476,704.3,642.8
1035,752,1.9904567336616226,755.3021638173003,666.5342077060476,704.3,642.8
1035,753,1.9904567336616226,755.3021638173003,666.5342077060476,704.3,642.8
1035,754,1.9904567336616226,613.3021638173003,667.5342077060476,704.3,642.8
1035,755,1.9904567336616226,613.3021638173003,667.5342077060476,704.3,642.8
1035,756,1.9904567336616226,613.3021638173003,667.5342077060476,704.3,642.8
1035,757,1.9904567336616226,613.3021638173003,667.5342077060476,704.3,642.8
1035,758,1.9904567336616226,613.3021638173003,667.5342077060476,704.3,642.8
1035,759,1.9904567336616226,613.3021638173003,667.5342077060476,704.3,642.8
1035,760,1.9904567336616226,613.3021638173003,667.5342077060476,704.3,642.8
1035,761,1.9904567336616226,613.3021638173003,667.5342077060476,704.3,642.8
1035,762,1.9904567336616226,613.3021638173003,667.5342077060476,704.3,642.8
1035,763,1.9904567336616226,613.3021638173003,667.5342077060476,704.3,642.8
1035,764,1.9904567336616226,613.3021638173003,667.5342077060476,740.8,642.6875
1035,765,1.9904567336616226,613.3021638173003,667.5342077060476,777.3,642.5749999999999
1035,766,1.9904567336616226,613.3021638173003,667.5342077060476,813.8,642.4625
1035,767,1.9904567336616226,613.3021638173003,667.5342077060476,850.3,642.3499999999999
1035,768,1.9904567336616226,613.3021638173003,667.5342077060476,886.8,642.2375
1036,769,1.9904567336616226,613.3021638173003,667.5342077060476,923.3,642.125
1037,770,1.9904567336616226,613.3021638173003,667.5342077060476,959.8,642.0124999999999
1038,771,1.9904567336616226,613.3021638173003,667.5342077060476,996.3,641.9
1039,772,1.9904567336616226,613.3021638173003,667.5342077060476,996.3,641.9
1040,773,1.9904567336616226,613.3021638173003,667.5342077060476,996.3,641.9
1041,774,1.9904567336616226,613.3021638173003,667.5342077060476,996.3,641.9
1042,775,1.9904567336616226,613.3021638173003,667.5342077060476,996.3,641.9
1043,776,1.9904567336616226,613.3021638173003,667.5342077060476,996.3,641.9
1044,777,2.7362496484070524,613.3021638173003,667.5342077060476,996.3,641.9
1045,777,2.7362496484070524,613.3021638173003,667.5342077060476,996.3,641.9
1046,777,2.7362496484070524,613.3021638173003,667.5342077060476,996.3,641.9
1047,777,2.7362496484070524,613.3021638173003,667.5342077060476,996.3,641.9
1048,777,2.7362496484070524,613.3021638173003,667.5342077060476,996.3,641.9
1049,777,2.7362496484070524,613.3021638173003,667.5342077060476,996.3,641.9
1050,777,2.7362496484070524,613.3021638173003,667.5342077060476,996.3,641.9
1051,777,2.7362496484070524,613.3021638173003,667.5342077060476,996.3,641.9
1052,777,2.7362496484070524,613.3021638173003,667.5342077060476,996.3,641.9
1053,777,2.7362496484070524,613.3021638173003,667.5342077060476,996.3,641.9
1054,777,2.7362496484070524,613.3021638173003,667.5342077060476,996.3,641.9
1055,777,2.7362496484070524,613.3021638173003,667.5342077060476,996.3,641.9
1056,777,2.7362496484070524,613.3021638173003,667.5342077060476,996.3,641.9
1057,777,2.7362496484070524,613.3021638173003,667.5342077060476,996.3,641.9
1058,777,2.7362496484070524,613.3021638173003,667.5342077060476,996.3,641.9
1059,777,2.7362496484070524,613.3021638173003,667.5342077060476,996.3,641.9
1060,777,2.7362496484070524,737.3021638173003,668.5342077060476,996.3,641.9
1061,777,2.7362496484070524,737.3021638173003,668.5342077060476,996.3,641.9
1062,777,2.7362496484070524,737.3021638173003,668.5342077060476,996.3,641.9
1063,777,2.7362496484070524,737.3021638173003,668.5342077060476,996.3,641.9
1064,777,2.7362496484070524,737.3021638173003,668.5342077060476,996.3,641.9
1065,777,2.7362496484070524,737.3021638173003,668.5342077060476,996.3,641.9
1066,777,2.7362496484070524,737.3021638173003,668.5342077060476,996.3,641.9
1067,777,2.7362496484070524,737.3021638173003,668.5342077060476,996.3,641.9
1068,777,2.7362496484070524,860.3021638173003,669.5342077060476,996.3,641.9
1069,777,2.7362496484070524,860.3021638173003,669.5342077060476,987.1296296296296,642.2481481481482
1070,777,2.7362496484070524,860.3021638173003,669.5342077060476,977.9592592592592,642.5962962962963
1071,777,2.7362496484070524,860.3021638173003,669.5342077060476,968.7888888888889,642.9444444444445
1072,777,2.7362496484070524,860.3021638173003,669.5342077060476,959.6185185185185,643.2925925925925
1073,777,2.7362496484070524,860.3021638173003,669.5342077060476,950.4481481481481,643.6407407407407
1074,777,2.7362496484070524,860.3021638173003,669.5342077060476,941.2777777777777,643.9888888888888
1075,777,2.7362496484070524,860.3021638173003,669.5342077060476,932.1074074074074,644.337037037037
1076,777,2.7362496484070524,860.3021638173003,669.5342077060476,922.937037037037,644.6851851851851
1077,777,2.7362496484070524,860.3021638173003,669.5342077060476,913.7666666666667,645.0333333333333
1078,777,2.7362496484070524,860.3021638173003,669.5342077060476,904.5962962962963,645.3814814814815
1079,777,2.7362496484070524,860.3021638173003,669.5342077060476,895.4259259259259,645.7296296296296
1080,777,2.7362496484070524,860.3021638173003,669.5342077060476,886.2555555555556,646.0777777777778
1081,777,2.7362496484070524,860.3021638173003,669.5342077060476,877.0851851851852,646.4259259259259
1082,777,2.7362496484070524,860.3021638173003,669.5342077060476,867.9148148148148,646.7740740740741
1083,778,6.469081796783637,860.3021638173003,669.5342077060476,858.7444444444444,647.1222222222221
1084,779,0.2247134249531681,860.3021638173003,669.5342077060476,849.5740740740741,647.4703703703703
1085,779,0.2247134249531681,860.3021638173003,669.5342077060476,840.4037037037037,647.8185185185184
1086,779,0.2247134249531681,1055.3021638173004,674.5342077060476,831.2333333333333,648.1666666666666
1087,779,0.2247134249531681,1055.3021638173004,674.5342077060476,822.062962962963,648.5148148148148
1088,779,0.2247134249531681,1055.3021638173004,674.5342077060476,812.8925925925926,648.8629629629629
1089,779,0.2247134249531681,1055.3021638173004,674.5342077060476,803.7222222222222,649.2111111111111
1090,779,0.2247134249531681,1055.3021638173004,674.5342077060476,794.5518518518519,649.5592592592592
1091,779,0.2247134249531681,1055.3021638173004,674.5342077060476,785.3814814814815,649.9074074074074
1092,779,0.2247134249531681,1249.3021638173004,680.5342077060476,776.2111111111111,650.2555555555555
1093,779,0.2247134249531681,1249.3021638173004,680.5342077060476,767.0407407407408,650.6037037037037
1094,779,0.2247134249531681,1249.3021638173004,680.5342077060476,757.8703703703704,650.9518518518518
1095,779,0.2247134249531681,1249.3021638173004,680.5342077060476,748.7,651.3
1096,779,0.2247134249531681,1249.3021638173004,680.5342077060476,748.7,651.3
1097,779,0.2247134249531681,1249.3021638173004,680.5342077060476,748.7,651.3
1098,779,0.2247134249531681,1249.3021638173004,680.5342077060476,748.7,651.3
1099,779,0.2247134249531681,1249.3021638173004,680.5342077060476,748.7,651.3
1100,779,0.2247134249531681,1249.3021638173004,680.5342077060476,748.7,651.3
1101,779,0.2247134249531681,1249.3021638173004,680.5342077060476,748.7,651.3
1102,779,0.2247134249531681,1249.3021638173004,680.5342077060476,748.7,651.3
1103,779,0.2247134249531681,1249.3021638173004,680.5342077060476,748.7,651.3
1104,779,0.2247134249531681,1249.3021638173004,680.5342077060476,748.7,651.3
1105,779,0.2247134249531681,1249.3021638173004,680.5342077060476,748.7,651.3
1106,779,0.2247134249531681,1249.3021638173004,680.5342077060476,748.7,651.3
1107,779,0.2247134249531681,1249.3021638173004,680.5342077060476,748.7,651.3
1108,779,0.2247134249531681,1249.3021638173004,680.5342077060476,748.7,651.3
1109,779,0.2247134249531681,1249.3021638173004,680.5342077060476,748.7,651.3
1110,779,0.2247134249531681,1249.3021638173004,680.5342077060476,748.7,651.3
1111,779,0.2247134249531681,1249.3021638173004,680.5342077060476,748.7,651.3
1112,779,0.2247134249531681,1249.3021638173004,680.5342077060476,748.7,651.3
1113,779,0.2247134249531681,1249.3021638173004,680.5342077060476,748.7,651.3
1114,779,0.2247134249531681,1249.3021638173004,680.5342077060476,783.3285714285714,657.0571428571428
1115,779,0.2247134249531681,1249.3021638173004,680.5342077060476,817.9571428571429,662.8142857142857
1116,779,0.2247134249531681,1249.3021638173004,680.5342077060476,852.5857142857143,668.5714285714286
1117,779,0.2247134249531681,1249.3021638173004,680.5342077060476,887.2142857142858,674.3285714285714
1118,779,0.2247134249531681,1249.3021638173004,680.5342077060476,921.8428571428572,680.0857142857143
1119,779,0.2247134249531681,1249.3021638173004,680.5342077060476,956.4714285714285,685.8428571428572
1120,779,0.2247134249531681,1249.3021638173004,680.5342077060476,991.1,691.6
1121,779,0.2247134249531681,1249.3021638173004,680.5342077060476,991.1,691.6
1122,779,0.2247134249531681,1249.3021638173004,680.5342077060476,991.1,691.6
1123,779,0.2247134249531681,1249.3021638173004,680.5342077060476,991.1,691.6
1124,779,0.2247134249531681,1249.3021638173004,680.5342077060476,991.1,691.6
1125,779,0.2247134249531681,1249.3021638173004,680.5342077060476,991.1,691.6
1126,779,0.2247134249531681,1249.3021638173004,680.5342077060476,991.1,691.6
1127,779,0.2247134249531681,1249.3021638173004,680.5342077060476,991.1,691.6
1128,779,0.2247134249531681,1249.3021638173004,680.5342077060476,991.1,691.6
1129,779,0.2247134249531681,1249.3021638173004,680.5342077060476,991.1,691.6
1130,779,0.2247134249531681,1249.3021638173004,680.5342077060476,991.1,691.6
1131,779,0.2247134249531681,1249.3021638173004,680.5342077060476,991.1,691.6
1132,779,0.2247134249531681,1249.3021638173004,680.5342077060476,991.1,691.6
1133,779,0.2247134249531681,1249.3021638173004,680.5342077060476,991.1,691.6
1134,779,0.2247134249531681,1249.3021638173004,680.5342077060476,991.1,691.6
1135,779,0.2247134249531681,1249.3021638173004,680.5342077060476,991.1,691.6
1136,779,0.2247134249531681,1249.3021638173004,680.5342077060476,991.1,691.6
1137,779,0.2247134249531681,1249.3021638173004,680.5342077060476,991.1,691.6
1138,779,0.2247134249531681,1249.3021638173004,680.5342077060476,991.1,691.6
1139,779,0.2247134249531681,1249.3021638173004,680.5342077060476,991.1,691.6
1140,780,1.7590123876609314,1249.3021638173004,680.5342077060476,993.4833333333333,625.25
1141,780,1.7590123876609314,1250.3021638173004,649.5342077060476,995.8666666666667,558.9
1142,780,1.7590123876609314,1250.3021638173004,649.5342077060476,998.25,492.55
1143,780,1.7590123876609314,1250.3021638173004,649.5342077060476,1000.6333333333333,426.2
1144,780,1.7590123876609314,1250.3021638173004,649.5342077060476,1003.0166666666667,359.84999999999997
1145,780,1.7590123876609314,1250.3021638173004,649.5342077060476,1005.4,293.5
1146,780,1.7590123876609314,1250.3021638173004,649.5342077060476,1005.4,293.5
1147,780,1.7590123876609314,1250.3021638173004,649.5342077060476,1005.4,293.5
1148,781,0.28729814978114576,1252.3021638173004,618.5342077060476,1005.4,293.5
1149,781,0.28729814978114576,1252.3021638173004,618.5342077060476,1005.4,293.5
1150,781,0.28729814978114576,1252.3021638173004,618.5342077060476,1005.4,293.5
1151,781,0.28729814978114576,1252.3021638173004,618.5342077060476,1005.4,293.5
1152,781,0.28729814978114576,1252.3021638173004,618.5342077060476,1005.4,293.5
1153,781,0.28729814978114576,1252.3021638173004,618.5342077060476,1005.4,293.5
1154,781,0.28729814978114576,1252.3021638173004,618.5342077060476,1005.4,293.5
1155,781,0.28729814978114576,1252.3021638173004,618.5342077060476,1005.4,293.5
1156,781,0.28729814978114576,1252.3021638173004,618.5342077060476,1005.4,293.5
1157,781,0.28729814978114576,1252.3021638173004,618.5342077060476,1005.4,293.5
1158,781,0.28729814978114576,1252.3021638173004,618.5342077060476,1005.4,293.5
1159,781,0.28729814978114576,1252.3021638173004,618.5342077060476,1005.4,293.5
1160,781,0.28729814978114576,1252.3021638173004,618.5342077060476,1005.4,293.5
1161,781,0.28729814978114576,1252.3021638173004,618.5342077060476,1005.4,293.5
1162,781,0.28729814978114576,1252.3021638173004,618.5342077060476,1005.4,293.5
1163,781,0.28729814978114576,1252.3021638173004,618.5342077060476,1005.4,293.5
1164,781,0.28729814978114576,1252.3021638173004,618.5342077060476,1005.4,293.5
1165,781,0.28729814978114576,1252.3021638173004,618.5342077060476,1005.4,293.5
1166,781,0.28729814978114576,1252.3021638173004,618.5342077060476,1005.4,293.5
1167,781,0.28729814978114576,1252.3021638173004,618.5342077060476,1005.4,293.5
1168,781,0.28729814978114576,1252.3021638173004,618.5342077060476,1005.4,293.5
1169,781,0.28729814978114576,1252.3021638173004,618.5342077060476,1005.4,293.5
1170,782,0.28729814978114576,1252.3021638173004,618.5342077060476,1005.4,293.5
1171,783,0.28729814978114576,1252.3021638173004,618.5342077060476,1005.4,293.5
1172,784,1.9663767868425308,1239.3021638173004,603.5342077060476,1005.4,293.5
1173,785,1.9663767868425308,1239.3021638173004,603.5342077060476,1005.4,293.5
1174,786,1.9663767868425308,1239.3021638173004,603.5342077060476,1005.4,293.5
1175,787,1.9663767868425308,1239.3021638173004,603.5342077060476,1005.4,293.5
1176,788,1.9663767868425308,1239.3021638173004,603.5342077060476,1008.75,275.95
1177,789,1.9663767868425308,1239.3021638173004,603.5342077060476,1012.1,258.4
1178,790,1.9663767868425308,1239.3021638173004,603.5342077060476,1012.1,258.4
1179,791,1.9663767868425308,1239.3021638173004,603.5342077060476,1012.1,258.4
1180,792,1.9663767868425308,1239.3021638173004,603.5342077060476,1012.1,258.4
1181,793,1.9663767868425308,1225.3021638173004,588.5342077060476,1012.1,258.4
1182,794,1.9663767868425308,1225.3021638173004,588.5342077060476,1012.1,258.4
1183,795,1.9663767868425308,1225.3021638173004,588.5342077060476,1012.1,258.4
1184,796,1.9663767868425308,1225.3021638173004,588.5342077060476,1012.1,258.4
1185,797,1.9663767868425308,1225.3021638173004,588.5342077060476,1012.1,258.4
1186,798,1.9663767868425308,1225.3021638173004,588.5342077060476,1012.1,258.4
1187,799,1.9663767868425308,1225.3021638173004,588.5342077060476,1012.1,258.4
1188,800,1.9663767868425308,1225.3021638173004,588.5342077060476,1012.1,258.4
1189,801,1.9663767868425308,1225.3021638173004,588.5342077060476,1012.1,258.4
1190,802,1.9663767868425308,1225.3021638173004,588.5342077060476,1012.1,258.4
1191,803,1.9663767868425308,1225.3021638173004,588.5342077060476,1012.1,258.4
1192,804,1.9663767868425308,1225.3021638173004,588.5342077060476,1012.1,258.4
1193,805,1.9663767868425308,1225.3021638173004,588.5342077060476,1012.1,258.4
1194,806,1.9663767868425308,1225.3021638173004,588.5342077060476,1012.1,258.4
1195,807,1.9663767868425308,1225.3021638173004,588.5342077060476,1012.1,258.4
1196,808,1.9663767868425308,1225.3021638173004,588.5342077060476,1012.1,258.4
1197,809,1.9663767868425308,1098.3021638173004,636.5342077060476,1012.1,258.4
1198,810,1.9663767868425308,1098.3021638173004,636.5342077060476,1012.1,258.4
1199,811,1.9663767868425308,1098.3021638173004,636.5342077060476,1012.1,258.4
1200,812,1.9663767868425308,1098.3021638173004,636.5342077060476,1012.1,258.4
1201,813,1.9663767868425308,1098.3021638173004,636.5342077060476,1012.1,258.4
1202,814,1.9663767868425308,1098.3021638173004,636.5342077060476,1012.1,258.4
1203,815,1.9663767868425308,1098.3021638173004,636.5342077060476,1012.1,258.4
1204,816,1.9663767868425308,971.3021638173003,684.5342077060476,1012.1,258.4
1205,817,1.9663767868425308,971.3021638173003,684.5342077060476,1012.1,258.4
1206,818,1.9663767868425308,971.3021638173003,684.5342077060476,1012.1,258.4
1207,819,1.9663767868425308,971.3021638173003,684.5342077060476,1012.1,258.4
1208,820,1.9663767868425308,971.3021638173003,684.5342077060476,1012.1,258.4
1209,821,1.9663767868425308,971.3021638173003,684.5342077060476,1012.1,258.4
1210,822,1.9663767868425308,971.3021638173003,684.5342077060476,1012.1,258.4
1211,823,1.9663767868425308,971.3021638173003,684.5342077060476,1012.1,258.4
1212,824,1.9663767868425308,971.3021638173003,684.5342077060476,1012.1,258.4
1213,825,1.9663767868425308,971.3021638173003,684.5342077060476,1012.1,258.4
1214,826,1.9663767868425308,971.3021638173003,684.5342077060476,1012.1,258.4
1215,827,1.9663767868425308,971.3021638173003,684.5342077060476,1012.1,258.4
1216,828,8.40811194264858,971.3021638173003,684.5342077060476,1012.1,258.4
1217,829,17.95942605786836,971.3021638173003,684.5342077060476,1012.1,258.4
1218,830,32.43638118233257,971.3021638173003,684.5342077060476,1012.1,258.4
1219,831,10.802001781107826,971.3021638173003,684.5342077060476,1012.1,258.4
1219,832,13.01760566188514,971.3021638173003,684.5342077060476,1012.1,258.4
1219,833,13.01760566188514,971.3021638173003,684.5342077060476,1012.1,258.4
1219,834,13.01760566188514,971.3021638173003,684.5342077060476,1012.1,258.4
1219,835,13.01760566188514,971.3021638173003,684.5342077060476,1007.95,248.0
1219,836,13.01760566188514,971.3021638173003,684.5342077060476,1003.8,237.6
1219,837,13.01760566188514,971.3021638173003,684.5342077060476,1003.8,237.6
1219,838,13.01760566188514,971.3021638173003,684.5342077060476,1003.8,237.6
1219,839,13.01760566188514,971.3021638173003,684.5342077060476,1003.8,237.6
1219,840,13.01760566188514,971.3021638173003,684.5342077060476,1003.8,237.6
1219,841,13.01760566188514,971.3021638173003,684.5342077060476,1003.8,237.6
1219,842,13.01760566188514,971.3021638173003,684.5342077060476,1003.8,237.6
1219,843,13.01760566188514,971.3021638173003,684.5342077060476,1003.8,237.6
1219,844,13.01760566188514,971.3021638173003,684.5342077060476,1003.8,237.6
1220,845,13.01760566188514,971.3021638173003,684.5342077060476,1003.8,237.6
1221,846,13.01760566188514,971.3021638173003,684.5342077060476,1003.8,237.6
1222,847,13.01760566188514,971.3021638173003,684.5342077060476,1003.8,237.6
1223,848,13.01760566188514,971.3021638173003,684.5342077060476,1003.8,237.6
1224,849,13.01760566188514,971.3021638173003,684.5342077060476,1003.8,237.6
1225,850,13.01760566188514,971.3021638173003,684.5342077060476,1003.8,237.6
1226,851,13.01760566188514,971.3021638173003,684.5342077060476,1003.8,237.6
1227,852,13.01760566188514,971.3021638173003,684.5342077060476,1003.8,237.6
1228,853,13.01760566188514,971.3021638173003,684.5342077060476,1003.8,237.6
1229,854,13.01760566188514,971.3021638173003,684.5342077060476,959.8714285714285,291.8
1230,855,13.01760566188514,971.3021638173003,684.5342077060476,915.9428571428571,346.0
1231,856,13.01760566188514,971.3021638173003,684.5342077060476,872.0142857142857,400.2
1232,857,13.01760566188514,956.3021638173003,688.5342077060476,828.0857142857142,454.4
1233,858,13.01760566188514,956.3021638173003,688.5342077060476,784.1571428571428,508.6
1234,859,13.01760566188514,956.3021638173003,688.5342077060476,740.2285714285714,562.8
1235,860,13.01760566188514,956.3021638173003,688.5342077060476,696.3,617.0
1236,861,13.01760566188514,956.3021638173003,688.5342077060476,696.3,617.0
1237,862,13.01760566188514,956.3021638173003,688.5342077060476,696.3,617.0
1238,863,13.01760566188514,956.3021638173003,688.5342077060476,696.3,617.0
1239,864,13.01760566188514,956.3021638173003,688.5342077060476,696.3,617.0
1240,865,13.01760566188514,940.3021638173003,692.5342077060476,696.3,617.0
1241,866,13.01760566188514,940.3021638173003,692.5342077060476,696.3,617.0
1242,867,13.01760566188514,940.3021638173003,692.5342077060476,696.3,617.0
1243,868,13.01760566188514,940.3021638173003,692.5342077060476,696.3,617.0
1244,869,13.01760566188514,940.3021638173003,692.5342077060476,696.3,617.0
1245,870,13.01760566188514,940.3021638173003,692.5342077060476,696.3,617.0
1246,871,13.01760566188514,940.3021638173003,692.5342077060476,696.3,617.0
1247,872,13.01760566188514,940.3021638173003,692.5342077060476,696.3,617.0
1248,873,13.01760566188514,940.3021638173003,692.5342077060476,696.3,617.0
1249,874,13.01760566188514,940.3021638173003,692.5342077060476,696.3,617.0
1250,875,13.01760566188514,940.3021638173003,692.5342077060476,696.3,617.0
1251,876,13.01760566188514,940.3021638173003,692.5342077060476,696.3,617.0
1252,877,13.01760566188514,940.3021638173003,692.5342077060476,696.3,617.0
1253,878,13.01760566188514,940.3021638173003,692.5342077060476,696.3,617.0
1254,879,13.01760566188514,940.3021638173003,692.5342077060476,696.3,617.0
1255,880,13.01760566188514,940.3021638173003,692.5342077060476,696.3,617.0
1256,881,13.01760566188514,940.3021638173003,692.5342077060476,696.3,617.0
1257,882,13.01760566188514,940.3021638173003,692.5342077060476,696.3,617.0
1258,883,13.01760566188514,940.3021638173003,692.5342077060476,696.3,617.0
1259,884,13.01760566188514,940.3021638173003,692.5342077060476,696.3,617.0
1260,885,11.188230622250616,940.3021638173003,692.5342077060476,696.3,617.0
1261,886,9.888997764565888,940.3021638173003,692.5342077060476,696.3,617.0
1262,886,9.888997764565888,940.3021638173003,692.5342077060476,696.3,617.0
1263,886,9.888997764565888,800.3021638173003,676.5342077060476,696.3,617.0
1264,886,9.888997764565888,800.3021638173003,676.5342077060476,696.3,617.0
1265,886,9.888997764565888,800.3021638173003,676.5342077060476,696.3,617.0
1266,886,9.888997764565888,800.3021638173003,676.5342077060476,696.3,617.0
1267,886,9.888997764565888,800.3021638173003,676.5342077060476,696.3,617.0
1268,886,9.888997764565888,800.3021638173003,676.5342077060476,696.3,617.0
1269,886,9.888997764565888,800.3021638173003,676.5342077060476,696.3,617.0
1270,886,9.888997764565888,800.3021638173003,676.5342077060476,772.0444444444444,578.2888888888889
1271,886,9.888997764565888,660.3021638173003,661.5342077060476,847.7888888888889,539.5777777777778
1272,886,9.888997764565888,660.3021638173003,661.5342077060476,923.5333333333333,500.8666666666667
1273,886,9.888997764565888,660.3021638173003,661.5342077060476,999.2777777777778,462.15555555555557
1274,886,9.888997764565888,660.3021638173003,661.5342077060476,1075.0222222222224,423.44444444444446
1275,886,9.888997764565888,660.3021638173003,661.5342077060476,1150.7666666666667,384.73333333333335
1276,886,9.888997764565888,660.3021638173003,661.5342077060476,1226.5111111111112,346.02222222222224
1277,886,9.888997764565888,660.3021638173003,661.5342077060476,1302.2555555555555,307.31111111111113
1278,886,9.888997764565888,660.3021638173003,661.5342077060476,1378.0,268.6
1279,886,9.888997764565888,660.3021638173003,661.5342077060476,1378.0,268.6
1280,886,9.888997764565888,660.3021638173003,661.5342077060476,1378.0,268.6
1281,886,9.888997764565888,660.3021638173003,661.5342077060476,1378.0,268.6
1282,886,9.888997764565888,660.3021638173003,661.5342077060476,1378.0,268.6
1283,886,9.888997764565888,660.3021638173003,661.5342077060476,1378.0,268.6
1284,886,9.888997764565888,660.3021638173003,661.5342077060476,1378.0,268.6
1285,886,9.888997764565888,660.3021638173003,661.5342077060476,1378.0,268.6
1286,886,9.888997764565888,660.3021638173003,661.5342077060476,1378.0,268.6
1287,886,9.888997764565888,660.3021638173003,661.5342077060476,1378.0,268.6
1288,886,9.888997764565888,660.3021638173003,661.5342077060476,1378.0,268.6
1289,886,9.888997764565888,660.3021638173003,661.5342077060476,1378.0,268.6
1290,886,9.888997764565888,660.3021638173003,661.5342077060476,1378.0,268.6
1291,886,9.888997764565888,660.3021638173003,661.5342077060476,1378.0,268.6
1292,887,6.988469013559556,660.3021638173003,661.5342077060476,1378.0,268.6
1293,888,2.6333905290401454,660.3021638173003,661.5342077060476,1378.0,268.6
1294,888,2.6333905290401454,660.3021638173003,661.5342077060476,1378.0,268.6
1295,888,2.6333905290401454,660.3021638173003,661.5342077060476,1378.0,268.6
1296,888,2.6333905290401454,655.3021638173003,661.5342077060476,1378.0,268.6
1297,888,2.6333905290401454,655.3021638173003,661.5342077060476,1378.0,268.6
1298,888,2.6333905290401454,655.3021638173003,661.5342077060476,1378.0,268.6
1299,888,2.6333905290401454,655.3021638173003,661.5342077060476,1378.0,268.6
1300,889,2.4361312255255925,655.3021638173003,661.5342077060476,1378.0,268.6
1301,889,2.4361312255255925,655.3021638173003,661.5342077060476,1378.0,268.6
1302,889,2.4361312255255925,655.3021638173003,661.5342077060476,1378.0,268.6
1303,889,2.4361312255255925,650.3021638173003,660.5342077060476,1378.0,268.6
1304,889,2.4361312255255925,650.3021638173003,660.5342077060476,1378.0,268.6
1305,889,2.4361312255255925,650.3021638173003,660.5342077060476,1378.0,268.6
1306,889,2.4361312255255925,650.3021638173003,660.5342077060476,1378.0,268.6
1307,889,2.4361312255255925,650.3021638173003,660.5342077060476,1378.0,268.6
1308,889,2.4361312255255925,650.3021638173003,660.5342077060476,1378.0,268.6
1309,889,2.4361312255255925,650.3021638173003,660.5342077060476,1378.0,268.6
1310,889,2.4361312255255925,650.3021638173003,660.5342077060476,1307.24,270.86
1311,889,2.4361312255255925,646.3021638173003,660.5342077060476,1236.48,273.12
1312,889,2.4361312255255925,646.3021638173003,660.5342077060476,1165.72,275.38
1313,889,2.4361312255255925,646.3021638173003,660.5342077060476,1094.96,277.64
1314,889,2.4361312255255925,646.3021638173003,660.5342077060476,1024.2,279.9
1315,889,2.4361312255255925,646.3021638173003,660.5342077060476,1024.2,279.9
1316,889,2.4361312255255925,646.3021638173003,660.5342077060476,1024.2,279.9
1317,889,2.4361312255255925,646.3021638173003,660.5342077060476,1024.2,279.9
1318,889,2.4361312255255925,646.3021638173003,660.5342077060476,1024.2,279.9
1319,889,2.4361312255255925,642.3021638173003,660.5342077060476,1024.2,279.9
1320,889,2.4361312255255925,642.3021638173003,660.5342077060476,1024.2,279.9
1321,889,2.4361312255255925,642.3021638173003,660.5342077060476,1024.2,279.9
1322,889,2.4361312255255925,642.3021638173003,660.5342077060476,1024.2,279.9
1323,889,2.4361312255255925,642.3021638173003,660.5342077060476,1024.2,279.9
1324,889,2.4361312255255925,642.3021638173003,660.5342077060476,1024.2,279.9
1325,889,2.4361312255255925,642.3021638173003,660.5342077060476,1024.2,279.9
1326,889,2.4361312255255925,642.3021638173003,660.5342077060476,1024.2,279.9
1327,889,2.4361312255255925,642.3021638173003,660.5342077060476,1024.2,279.9
1328,889,2.4361312255255925,642.3021638173003,660.5342077060476,1024.2,279.9
1329,889,2.4361312255255925,642.3021638173003,660.5342077060476,1024.2,279.9
1330,889,2.4361312255255925,642.3021638173003,660.5342077060476,1024.2,279.9
1331,889,2.4361312255255925,642.3021638173003,660.5342077060476,1024.2,279.9
1332,889,2.4361312255255925,642.3021638173003,660.5342077060476,1024.2,279.9
1333,889,2.4361312255255925,642.3021638173003,660.5342077060476,1024.2,279.9
1334,889,2.4361312255255925,642.3021638173003,660.5342077060476,1024.2,279.9
1335,889,2.4361312255255925,642.3021638173003,660.5342077060476,1024.2,279.9
1336,890,2.4361312255255925,642.3021638173003,660.5342077060476,1024.2,279.9
1337,891,2.4361312255255925,642.3021638173003,660.5342077060476,1024.2,279.9
1338,892,2.4361312255255925,642.3021638173003,660.5342077060476,1024.2,279.9
1339,893,7.359812760803951,642.3021638173003,660.5342077060476,1024.2,279.9
1340,894,7.359812760803951,642.3021638173003,660.5342077060476,1024.2,279.9
1341,895,7.359812760803951,642.3021638173003,660.5342077060476,1024.2,279.9
1342,896,7.359812760803951,642.3021638173003,660.5342077060476,1024.2,279.9
1343,897,7.359812760803951,642.3021638173003,660.5342077060476,1024.2,279.9
1344,898,7.359812760803951,642.3021638173003,660.5342077060476,1024.2,279.9
1345,899,7.359812760803951,642.3021638173003,660.5342077060476,1024.2,279.9
1346,900,7.359812760803951,642.3021638173003,660.5342077060476,1024.2,279.9
1347,901,29.78342930035887,642.3021638173003,660.5342077060476,1024.2,279.9
1348,902,29.78342930035887,642.3021638173003,660.5342077060476,1024.2,279.9
1349,903,29.78342930035887,642.3021638173003,660.5342077060476,1024.2,279.9
1350,904,29.78342930035887,642.3021638173003,660.5342077060476,1024.2,279.9
1351,905,29.78342930035887,642.3021638173003,660.5342077060476,1024.2,279.9
1352,906,29.78342930035887,642.3021638173003,660.5342077060476,1024.2,279.9
1353,907,29.78342930035887,642.3021638173003,660.5342077060476,1024.2,279.9
1354,908,29.78342930035887,642.3021638173003,660.5342077060476,1018.1,272.76666666666665
1355,909,29.78342930035887,642.3021638173003,660.5342077060476,1012.0,265.6333333333333
1356,910,29.78342930035887,642.3021638173003,660.5342077060476,1005.9,258.5
1357,911,29.78342930035887,642.3021638173003,660.5342077060476,1005.9,258.5
1358,912,29.78342930035887,642.3021638173003,660.5342077060476,1005.9,258.5
1359,913,29.78342930035887,642.3021638173003,660.5342077060476,1005.9,258.5
1360,914,37.85282849939532,642.3021638173003,660.5342077060476,1005.9,258.5
1361,915,50.97737148121398,642.3021638173003,660.5342077060476,1005.9,258.5
1362,916,72.38337924571674,642.3021638173003,660.5342077060476,1005.9,258.5
1363,917,100.91508976722838,642.3021638173003,660.5342077060476,1005.9,258.5
1364,918,125.81613397453475,642.3021638173003,660.5342077060476,1005.9,258.5
1365,919,145.3216701740033,642.3021638173003,660.5342077060476,1005.9,258.5
1366,920,135.64282014535203,642.3021638173003,660.5342077060476,1005.9,258.5
1367,921,135.64282014535203,642.3021638173003,660.5342077060476,1005.9,258.5
1368,922,135.64282014535203,642.3021638173003,660.5342077060476,1005.9,258.5
1369,923,135.64282014535203,642.3021638173003,660.5342077060476,1005.9,258.5
1370,924,135.64282014535203,642.3021638173003,660.5342077060476,1005.9,258.5
1371,925,106.8651211197545,642.3021638173003,660.5342077060476,1005.9,258.5
1372,926,106.8651211197545,642.3021638173003,660.5342077060476,1005.9,258.5
1373,927,106.8651211197545,642.3021638173003,660.5342077060476,1005.9,258.5
1374,928,106.8651211197545,642.3021638173003,660.5342077060476,1005.9,258.5
1375,929,106.8651211197545,642.3021638173003,660.5342077060476,1005.9,258.5
1376,930,106.8651211197545,642.3021638173003,660.5342077060476,1005.9,258.5
1377,931,106.8651211197545,642.3021638173003,660.5342077060476,1005.9,258.5
1378,932,106.8651211197545,642.3021638173003,660.5342077060476,1005.9,258.5
1379,933,106.8651211197545,642.3021638173003,660.5342077060476,1005.9,258.5
1380,934,106.8651211197545,642.3021638173003,660.5342077060476,1005.9,258.5
1381,935,106.8651211197545,642.3021638173003,660.5342077060476,1005.9,258.5
1382,936,106.8651211197545,642.3021638173003,660.5342077060476,1005.9,258.5
1383,937,106.8651211197545,642.3021638173003,660.5342077060476,1005.9,258.5
1384,938,106.8651211197545,642.3021638173003,660.5342077060476,1005.9,258.5
1385,939,106.8651211197545,642.3021638173003,660.5342077060476,1005.9,258.5
1386,940,106.8651211197545,642.3021638173003,660.5342077060476,1005.9,258.5
1387,941,106.8651211197545,642.3021638173003,660.5342077060476,1005.9,258.5
1388,942,106.8651211197545,642.3021638173003,660.5342077060476,1005.9,258.5
1389,943,106.8651211197545,642.3021638173003,660.5342077060476,1005.9,258.5
1390,944,105.37085770080972,642.3021638173003,660.5342077060476,1005.9,258.5
1391,945,104.00338016157201,642.3021638173003,660.5342077060476,1005.9,258.5
1392,946,102.74858544958205,642.3021638173003,660.5342077060476,1005.9,258.5
1393,947,102.74858544958205,642.3021638173003,660.5342077060476,1005.9,258.5
1394,948,102.74858544958205,642.3021638173003,660.5342077060476,1005.9,258.5
1395,949,102.74858544958205,642.3021638173003,660.5342077060476,1005.9,258.5
1396,950,102.74858544958205,642.3021638173003,660.5342077060476,1005.9,258.5
1397,951,102.74858544958205,642.3021638173003,660.5342077060476,1005.9,258.5
1398,952,102.74858544958205,642.3021638173003,660.5342077060476,1005.9,258.5
1399,953,102.74858544958205,791.3021638173003,650.5342077060476,1005.9,258.5
1400,954,102.74858544958205,791.3021638173003,650.5342077060476,1005.9,258.5
1401,955,102.74858544958205,791.3021638173003,650.5342077060476,1005.4285714285714,309.3857142857143
1402,956,102.74858544958205,791.3021638173003,650.5342077060476,1004.9571428571428,360.2714285714286
1403,957,102.74858544958205,791.3021638173003,650.5342077060476,1004.4857142857143,411.15714285714284
1404,958,102.74858544958205,791.3021638173003,650.5342077060476,1004.0142857142857,462.0428571428572
1405,959,102.74858544958205,791.3021638173003,650.5342077060476,1003.5428571428572,512.9285714285714
1406,960,102.74858544958205,791.3021638173003,650.5342077060476,1003.0714285714286,563.8142857142857
1407,961,102.74858544958205,791.3021638173003,650.5342077060476,1002.6,614.7
1408,962,102.74858544958205,939.3021638173003,640.5342077060476,1002.6,614.7
1409,963,102.74858544958205,939.3021638173003,640.5342077060476,1002.6,614.7
1410,964,102.74858544958205,939.3021638173003,640.5342077060476,1002.6,614.7
1411,965,102.74858544958205,939.3021638173003,640.5342077060476,1002.6,614.7
1412,966,102.74858544958205,939.3021638173003,640.5342077060476,1002.6,614.7
1413,967,102.74858544958205,939.3021638173003,640.5342077060476,1002.6,614.7
1414,968,102.74858544958205,939.3021638173003,640.5342077060476,1002.6,614.7
1415,969,102.74858544958205,939.3021638173003,640.5342077060476,1002.6,614.7
1416,970,102.74858544958205,939.3021638173003,640.5342077060476,1002.6,614.7
1417,971,102.74858544958205,939.3021638173003,640.5342077060476,1002.6,614.7
1418,972,102.74858544958205,939.3021638173003,640.5342077060476,1002.6,614.7
1419,973,102.74858544958205,939.3021638173003,640.5342077060476,1002.6,614.7
1420,974,97.51155565020207,939.3021638173003,640.5342077060476,1002.6,614.7
1421,975,97.51155565020207,939.3021638173003,640.5342077060476,1002.6,614.7
1422,976,97.51155565020207,939.3021638173003,640.5342077060476,1002.6,614.7
1423,977,97.51155565020207,939.3021638173003,640.5342077060476,1002.6,614.7
1424,978,97.51155565020207,939.3021638173003,640.5342077060476,1002.6,614.7
1425,979,97.51155565020207,939.3021638173003,640.5342077060476,1002.6,614.7
1426,980,97.51155565020207,939.3021638173003,640.5342077060476,1002.6,614.7
1427,981,91.87829041387592,939.3021638173003,640.5342077060476,1002.6,614.7
1428,982,91.87829041387592,939.3021638173003,640.5342077060476,1002.6,614.7
1429,983,91.87829041387592,939.3021638173003,640.5342077060476,1002.6,614.7
1430,984,91.87829041387592,939.3021638173003,640.5342077060476,1002.6,614.7
1431,985,91.87829041387592,939.3021638173003,640.5342077060476,1002.6,614.7
1432,986,91.87829041387592,939.3021638173003,640.5342077060476,1002.6,614.7
1433,987,91.87829041387592,939.3021638173003,640.5342077060476,1002.6,614.7
1434,988,91.87829041387592,939.3021638173003,640.5342077060476,1002.6,614.7
1435,989,91.87829041387592,939.3021638173003,640.5342077060476,1002.6,614.7
1436,990,91.87829041387592,939.3021638173003,640.5342077060476,1002.6,614.7
1437,991,91.87829041387592,939.3021638173003,640.5342077060476,1002.6,614.7
1438,992,91.87829041387592,939.3021638173003,640.5342077060476,1002.6,614.7
1439,993,91.87829041387592,939.3021638173003,640.5342077060476,1002.6,614.7
1440,994,91.87829041387592,939.3021638173003,640.5342077060476,1002.6,614.7
1441,995,91.87829041387592,939.3021638173003,640.5342077060476,1002.6,614.7
1442,996,91.87829041387592,939.3021638173003,640.5342077060476,1002.6,614.7
1443,997,91.87829041387592,939.3021638173003,640.5342077060476,1002.6,614.7
1444,998,91.87829041387592,939.3021638173003,640.5342077060476,1002.6,614.7
1445,999,91.87829041387592,939.3021638173003,640.5342077060476,1002.6,614.7
1446,1000,91.87829041387592,939.3021638173003,640.5342077060476,1002.6,614.7
1447,1001,91.87829041387592,939.3021638173003,640.5342077060476,1002.6,614.7
1448,1002,91.87829041387592,939.3021638173003,640.5342077060476,1002.6,614.7
1449,1003,91.87829041387592,939.3021638173003,640.5342077060476,1002.6,614.7
1450,1004,91.87829041387592,939.3021638173003,640.5342077060476,1002.6,614.7
1451,1005,89.65478697615391,939.3021638173003,640.5342077060476,1002.6,614.7
1452,1006,89.65478697615391,939.3021638173003,640.5342077060476,1002.6,614.7
1453,1007,89.65478697615391,939.3021638173003,640.5342077060476,1002.6,614.7
1454,1008,89.65478697615391,939.3021638173003,640.5342077060476,995.3166666666667,580.7
1455,1009,89.65478697615391,939.3021638173003,640.5342077060476,988.0333333333333,546.7
1456,1010,89.65478697615391,939.3021638173003,640.5342077060476,980.75,512.7
1457,1011,89.65478697615391,939.3021638173003,640.5342077060476,973.4666666666667,478.70000000000005
1458,1012,89.65478697615391,939.3021638173003,640.5342077060476,966.1833333333333,444.70000000000005
1459,1013,89.65478697615391,939.3021638173003,640.5342077060476,958.9,410.7
1460,1014,87.2065286261913,939.3021638173003,640.5342077060476,958.9,410.7
1460,1015,87.2065286261913,939.3021638173003,640.5342077060476,958.9,410.7
1460,1016,87.2065286261913,939.3021638173003,640.5342077060476,958.9,410.7
1460,1017,87.2065286261913,939.3021638173003,640.5342077060476,958.9,410.7
1460,1018,87.2065286261913,939.3021638173003,640.5342077060476,958.9,410.7
1460,1019,87.2065286261913,939.3021638173003,640.5342077060476,958.9,410.7
1460,1020,87.2065286261913,939.3021638173003,640.5342077060476,958.9,410.7
1460,1021,87.2065286261913,939.3021638173003,640.5342077060476,958.9,410.7
1460,1022,87.2065286261913,939.3021638173003,640.5342077060476,958.9,410.7
1460,1023,87.2065286261913,939.3021638173003,640.5342077060476,958.9,410.7
1460,1024,87.2065286261913,939.3021638173003,640.5342077060476,958.9,410.7
1460,1025,87.2065286261913,939.3021638173003,640.5342077060476,958.9,410.7
1460,1026,87.2065286261913,939.3021638173003,640.5342077060476,958.9,410.7
1460,1027,87.2065286261913,939.3021638173003,640.5342077060476,958.9,410.7
1460,1028,87.2065286261913,939.3021638173003,640.5342077060476,958.9,410.7
1460,1029,87.2065286261913,939.3021638173003,640.5342077060476,958.9,410.7
1460,1030,87.2065286261913,939.3021638173003,640.5342077060476,958.9,410.7
1460,1031,87.2065286261913,939.3021638173003,640.5342077060476,958.9,410.7
1460,1032,87.2065286261913,939.3021638173003,640.5342077060476,958.9,410.7
1460,1033,87.2065286261913,939.3021638173003,258.5342077060476,958.9,410.7
1460,1034,87.2065286261913,939.3021638173003,258.5342077060476,958.9,410.7
1460,1035,87.2065286261913,939.3021638173003,258.5342077060476,958.9,410.7
1460,1036,87.2065286261913,939.3021638173003,258.5342077060476,958.9,410.7
1460,1037,87.2065286261913,939.3021638173003,258.5342077060476,958.9,410.7
1460,1038,87.2065286261913,939.3021638173003,258.5342077060476,958.9,410.7
1460,1039,87.2065286261913,939.3021638173003,258.5342077060476,918.5142857142857,439.12857142857143
1460,1040,87.2065286261913,939.3021638173003,258.5342077060476,878.1285714285714,467.5571428571429
1460,1041,87.2065286261913,939.3021638173003,258.5342077060476,837.7428571428571,495.98571428571427
1460,1042,87.2065286261913,939.3021638173003,258.5342077060476,797.3571428571429,524.4142857142857
1460,1043,87.2065286261913,939.3021638173003,258.5342077060476,756.9714285714285,552.8428571428572
1460,1044,87.2065286261913,939.3021638173003,258.5342077060476,716.5857142857143,581.2714285714286
1460,1045,87.2065286261913,939.3021638173003,258.5342077060476,676.2,609.7
1460,1046,77.0229704723498,939.3021638173003,258.5342077060476,676.2,609.7
1460,1047,67.98577115429799,939.3021638173003,258.5342077060476,676.2,609.7
1460,1048,60.2783353202266,939.3021638173003,258.5342077060476,676.2,609.7
1460,1049,53.847256697320766,939.3021638173003,258.5342077060476,676.2,609.7
1460,1050,48.52571496838907,939.3021638173003,258.5342077060476,676.2,609.7
1460,1051,48.52571496838907,939.3021638173003,258.5342077060476,676.2,609.7
1460,1052,48.52571496838907,939.3021638173003,258.5342077060476,676.2,609.7
1460,1053,48.52571496838907,939.3021638173003,258.5342077060476,676.2,609.7
1460,1054,48.52571496838907,939.3021638173003,258.5342077060476,676.2,609.7
1460,1055,48.52571496838907,939.3021638173003,258.5342077060476,676.2,609.7
1460,1056,48.52571496838907,939.3021638173003,258.5342077060476,676.2,609.7
1460,1057,48.52571496838907,939.3021638173003,258.5342077060476,676.2,609.7
1460,1058,48.52571496838907,939.3021638173003,258.5342077060476,676.2,609.7
1460,1059,48.52571496838907,939.3021638173003,258.5342077060476,676.2,609.7
1460,1060,48.52571496838907,939.3021638173003,258.5342077060476,676.2,609.7
1460,1061,48.52571496838907,939.3021638173003,258.5342077060476,676.2,609.7
1460,1062,48.52571496838907,939.3021638173003,258.5342077060476,676.2,609.7
1460,1063,48.52571496838907,939.3021638173003,258.5342077060476,676.2,609.7
1460,1064,48.52571496838907,939.3021638173003,258.5342077060476,676.2,609.7
1460,1065,48.52571496838907,939.3021638173003,258.5342077060476,676.2,609.7
1460,1066,48.52571496838907,939.3021638173003,258.5342077060476,720.2285714285715,562.8714285714286
1460,1067,48.52571496838907,939.3021638173003,258.5342077060476,764.2571428571429,516.0428571428572
1460,1068,48.52571496838907,939.3021638173003,258.5342077060476,808.2857142857143,469.2142857142857
1460,1069,48.52571496838907,939.3021638173003,258.5342077060476,852.3142857142857,422.3857142857143
1460,1070,48.52571496838907,939.3021638173003,258.5342077060476,896.3428571428572,375.5571428571429
1460,1071,48.52571496838907,939.3021638173003,258.5342077060476,940.3714285714286,328.7285714285714
1460,1072,48.52571496838907,939.3021638173003,258.5342077060476,984.4,281.9
1460,1073,48.52571496838907,939.3021638173003,258.5342077060476,984.4,281.9
1460,1074,47.324341551330555,939.3021638173003,258.5342077060476,984.4,281.9
1460,1075,46.183097989521144,939.3021638173003,258.5342077060476,984.4,281.9
1460,1076,45.098420929379216,939.3021638173003,258.5342077060476,984.4,281.9
1460,1077,44.06692883809648,939.3021638173003,258.5342077060476,984.4,281.9
1460,1078,44.06692883809648,939.3021638173003,258.5342077060476,984.4,281.9
1460,1079,44.06692883809648,939.3021638173003,258.5342077060476,984.4,281.9
1460,1080,44.06692883809648,939.3021638173003,258.5342077060476,984.4,281.9
1460,1081,44.06692883809648,939.3021638173003,258.5342077060476,984.4,281.9
1460,1082,44.06692883809648,939.3021638173003,258.5342077060476,984.4,281.9
1460,1083,44.06692883809648,939.3021638173003,258.5342077060476,984.4,281.9
1460,1084,44.06692883809648,939.3021638173003,258.5342077060476,984.4,281.9
1460,1085,44.06692883809648,939.3021638173003,258.5342077060476,984.4,281.9
1460,1086,44.06692883809648,939.3021638173003,258.5342077060476,984.4,281.9
1460,1087,44.06692883809648,939.3021638173003,258.5342077060476,984.4,281.9
1460,1088,44.06692883809648,939.3021638173003,258.5342077060476,984.4,281.9
1460,1089,44.06692883809648,939.3021638173003,258.5342077060476,984.4,281.9
1460,1090,44.06692883809648,939.3021638173003,258.5342077060476,984.4,281.9
1460,1091,44.06692883809648,939.3021638173003,258.5342077060476,984.4,281.9
1460,1092,44.06692883809648,939.3021638173003,258.5342077060476,984.4,281.9
1460,1093,44.06692883809648,939.3021638173003,258.5342077060476,984.4,281.9
1460,1094,44.06692883809648,939.3021638173003,258.5342077060476,984.4,281.9
1460,1095,44.06692883809648,939.3021638173003,258.5342077060476,984.4,281.9
1460,1096,44.06692883809648,939.3021638173003,258.5342077060476,984.4,281.9
1460,1097,44.06692883809648,939.3021638173003,258.5342077060476,984.4,281.9
1460,1098,44.06692883809648,939.3021638173003,258.5342077060476,984.4,281.9
1460,1099,44.06692883809648,939.3021638173003,258.5342077060476,984.4,281.9
1460,1100,44.06692883809648,939.3021638173003,258.5342077060476,997.15,274.75
1460,1101,44.06692883809648,939.3021638173003,258.5342077060476,1009.9,267.6
1460,1102,44.06692883809648,939.3021638173003,258.5342077060476,1009.9,267.6
1460,1103,44.06692883809648,939.3021638173003,258.5342077060476,1009.9,267.6
1460,1104,44.06692883809648,939.3021638173003,258.5342077060476,1009.9,267.6
1460,1105,44.06692883809648,939.3021638173003,258.5342077060476,1009.9,267.6
1460,1106,44.06692883809648,939.3021638173003,258.5342077060476,1009.9,267.6
1460,1107,44.06692883809648,939.3021638173003,258.5342077060476,1009.9,267.6
1460,1108,46.96436151288408,939.3021638173003,258.5342077060476,1009.9,267.6
1460,1109,50.40071403558284,939.3021638173003,258.5342077060476,1009.9,267.6
1460,1110,54.50867702329043,939.3021638173003,258.5342077060476,1009.9,267.6
1460,1111,59.44923519017895,939.3021638173003,258.5342077060476,1009.9,267.6
1460,1112,65.40380565086285,939.3021638173003,258.5342077060476,1009.9,267.6
1460,1113,72.5454035788794,939.3021638173003,258.5342077060476,1009.9,267.6
1460,1114,80.97297297330744,939.3021638173003,258.5342077060476,1009.9,267.6
1460,1115,80.97297297330744,939.3021638173003,258.5342077060476,1009.9,267.6
1460,1116,80.97297297330744,939.3021638173003,258.5342077060476,1009.9,267.6
1460,1117,80.97297297330744,939.3021638173003,258.5342077060476,1009.9,267.6
1460,1118,80.97297297330744,939.3021638173003,258.5342077060476,1009.9,267.6
1460,1119,80.97297297330744,939.3021638173003,258.5342077060476,1009.9,267.6
1460,1120,80.97297297330744,939.3021638173003,258.5342077060476,1009.9,267.6
1460,1121,80.97297297330744,939.3021638173003,258.5342077060476,1009.9,267.6
1460,1122,80.97297297330744,939.3021638173003,258.5342077060476,1009.9,267.6
1460,1123,80.97297297330744,939.3021638173003,258.5342077060476,1009.9,267.6
1460,1124,80.97297297330744,939.3021638173003,258.5342077060476,1009.9,267.6
1460,1125,80.97297297330744,939.3021638173003,258.5342077060476,1009.9,267.6
1460,1126,80.97297297330744,939.3021638173003,258.5342077060476,1009.9,267.6
1460,1127,80.97297297330744,939.3021638173003,258.5342077060476,1009.9,267.6
1460,1128,80.97297297330744,939.3021638173003,258.5342077060476,1009.9,267.6
1460,1129,80.97297297330744,939.3021638173003,258.5342077060476,973.2555555555556,310.5
1460,1130,80.97297297330744,939.3021638173003,258.5342077060476,936.6111111111111,353.40000000000003
1460,1131,80.97297297330744,939.3021638173003,258.5342077060476,899.9666666666667,396.30000000000007
1460,1132,80.97297297330744,939.3021638173003,258.5342077060476,863.3222222222222,439.20000000000005
1460,1133,80.97297297330744,939.3021638173003,258.5342077060476,826.6777777777778,482.1
1460,1134,80.97297297330744,939.3021638173003,258.5342077060476,790.0333333333333,525.0
1460,1135,80.97297297330744,939.3021638173003,258.5342077060476,753.3888888888889,567.9000000000001
1460,1136,80.97297297330744,939.3021638173003,258.5342077060476,716.7444444444445,610.8000000000001
1460,1137,80.97297297330744,939.3021638173003,258.5342077060476,680.1,653.7
1460,1138,80.97297297330744,939.3021638173003,258.5342077060476,680.1,653.7
1460,1139,80.97297297330744,939.3021638173003,258.5342077060476,680.1,653.7
1460,1140,80.97297297330744,939.3021638173003,258.5342077060476,680.1,653.7
1460,1141,80.97297297330744,939.3021638173003,258.5342077060476,680.1,653.7
1460,1142,80.97297297330744,939.3021638173003,258.5342077060476,680.1,653.7
1460,1143,80.97297297330744,939.3021638173003,258.5342077060476,680.1,653.7
1460,1144,80.97297297330744,939.3021638173003,258.5342077060476,680.1,653.7
1460,1145,80.97297297330744,939.3021638173003,258.5342077060476,680.1,653.7
1461,1146,80.97297297330744,939.3021638173003,258.5342077060476,680.1,653.7
1462,1147,80.97297297330744,939.3021638173003,258.5342077060476,680.1,653.7
1463,1148,80.97297297330744,939.3021638173003,258.5342077060476,680.1,653.7
1464,1149,80.97297297330744,939.3021638173003,258.5342077060476,680.1,653.7
1465,1150,80.97297297330744,939.3021638173003,258.5342077060476,680.1,653.7
1466,1151,80.97297297330744,939.3021638173003,258.5342077060476,680.1,653.7
1467,1152,80.97297297330744,939.3021638173003,258.5342077060476,680.1,653.7
1468,1153,80.97297297330744,939.3021638173003,258.5342077060476,680.1,653.7
1469,1154,80.97297297330744,939.3021638173003,258.5342077060476,680.1,653.7
1470,1155,80.97297297330744,939.3021638173003,258.5342077060476,680.1,653.7
1471,1156,80.97297297330744,939.3021638173003,258.5342077060476,680.1,653.7
1472,1157,80.97297297330744,939.3021638173003,258.5342077060476,680.1,653.7
1473,1158,80.97297297330744,939.3021638173003,258.5342077060476,680.1,653.7
1474,1159,80.97297297330744,939.3021638173003,258.5342077060476,680.1,653.7
1475,1160,80.97297297330744,939.3021638173003,258.5342077060476,680.1,653.7
1476,1161,105.52080083218009,939.3021638173003,258.5342077060476,680.1,653.7
1477,1162,105.52080083218009,939.3021638173003,258.5342077060476,680.1,653.7
1478,1163,105.49393152575122,939.3021638173003,258.5342077060476,680.1,653.7
1479,1164,105.45111757907222,939.3021638173003,258.5342077060476,680.1,653.7
1480,1165,105.37217889659003,939.3021638173003,258.5342077060476,680.1,653.7
1481,1166,105.17803135459907,939.3021638173003,258.5342077060476,680.1,653.7
1482,1167,103.93572629346257,939.3021638173003,258.5342077060476,680.1,653.7
1483,1168,22.746524562319305,939.3021638173003,258.5342077060476,680.1,653.7
1483,1169,23.36093490556388,939.3021638173003,258.5342077060476,680.1,653.7
1483,1170,23.36093490556388,939.3021638173003,258.5342077060476,680.1,653.7
1483,1171,23.36093490556388,939.3021638173003,258.5342077060476,680.1,653.7
1483,1172,23.36093490556388,939.3021638173003,258.5342077060476,680.1,653.7
1483,1173,23.36093490556388,939.3021638173003,258.5342077060476,680.1,653.7
1483,1174,23.36093490556388,939.3021638173003,258.5342077060476,680.1,653.7
1483,1175,23.36093490556388,939.3021638173003,258.5342077060476,680.1,653.7
1483,1176,23.36093490556388,939.3021638173003,258.5342077060476,680.1,653.7
1483,1177,23.36093490556388,940.3021638173003,306.5342077060476,680.1,653.7
1483,1178,23.36093490556388,940.3021638173003,306.5342077060476,680.1,653.7
1483,1179,23.36093490556388,940.3021638173003,306.5342077060476,680.1,653.7
1483,1180,23.36093490556388,940.3021638173003,306.5342077060476,693.208,654.5440000000001
1483,1181,23.36093490556388,940.3021638173003,306.5342077060476,706.316,655.388
1483,1182,23.36093490556388,940.3021638173003,306.5342077060476,719.424,656.2320000000001
1483,1183,23.36093490556388,940.3021638173003,306.5342077060476,732.532,657.076
1483,1184,23.36093490556388,940.3021638173003,306.5342077060476,745.64,657.9200000000001
1483,1185,23.36093490556388,940.3021638173003,306.5342077060476,758.748,658.764
1483,1186,23.36093490556388,940.3021638173003,306.5342077060476,771.856,659.6080000000001
1483,1187,23.36093490556388,940.3021638173003,306.5342077060476,784.9639999999999,660.452
1483,1188,23.36093490556388,940.3021638173003,306.5342077060476,798.072,661.296
1483,1189,23.36093490556388,940.3021638173003,306.5342077060476,811.1800000000001,662.14
1483,1190,23.36093490556388,940.3021638173003,306.5342077060476,824.288,662.984
1483,1191,23.36093490556388,940.3021638173003,306.5342077060476,837.396,663.828
1483,1192,41.26202120168687,940.3021638173003,306.5342077060476,850.504,664.672
1483,1193,52.189623218142074,672.3021638173003,639.5342077060476,863.612,665.516
1483,1194,59.08338281100359,672.3021638173003,639.5342077060476,876.72,666.36
1483,1195,63.70489470474784,672.3021638173003,639.5342077060476,889.828,667.204
1483,1196,66.97942647837986,672.3021638173003,639.5342077060476,902.9359999999999,668.048
1483,1197,69.40638377753903,672.3021638173003,639.5342077060476,916.044,668.8919999999999
1483,1198,69.40638377753903,672.3021638173003,639.5342077060476,929.1519999999999,669.736
1483,1199,69.40638377753903,672.3021638173003,639.5342077060476,942.26,670.5799999999999
1483,1200,69.40638377753903,672.3021638173003,639.5342077060476,955.3679999999999,671.424
1483,1201,69.40638377753903,672.3021638173003,639.5342077060476,968.4759999999999,672.2679999999999
1483,1202,69.40638377753903,672.3021638173003,639.5342077060476,981.584,673.112
1483,1203,69.40638377753903,672.3021638173003,639.5342077060476,994.692,673.9559999999999
1483,1204,69.40638377753903,672.3021638173003,639.5342077060476,1007.8,674.8
1483,1205,69.40638377753903,672.3021638173003,639.5342077060476,1007.8,674.8
1483,1206,69.40638377753903,672.3021638173003,639.5342077060476,1007.8,674.8
1483,1207,69.40638377753903,672.3021638173003,639.5342077060476,1007.8,674.8
1483,1208,69.40638377753903,672.3021638173003,639.5342077060476,1007.8,674.8
1483,1209,69.40638377753903,672.3021638173003,639.5342077060476,1007.8,674.8
1483,1210,69.40638377753903,672.3021638173003,639.5342077060476,1007.8,674.8
1483,1211,69.40638377753903,672.3021638173003,639.5342077060476,1007.8,674.8
1483,1212,69.40638377753903,672.3021638173003,639.5342077060476,1007.8,674.8
1483,1213,69.40638377753903,672.3021638173003,639.5342077060476,1007.8,674.8
1483,1214,62.49754753791394,672.3021638173003,639.5342077060476,1007.8,674.8
1483,1215,52.199343910532406,672.3021638173003,639.5342077060476,1007.8,674.8
1483,1216,36.65296492983583,672.3021638173003,639.5342077060476,1007.8,674.8
1483,1217,15.053292309081701,672.3021638173003,639.5342077060476,1007.8,674.8
1483,1218,8.471355812484552,672.3021638173003,639.5342077060476,1007.8,674.8
1483,1219,8.471355812484552,672.3021638173003,639.5342077060476,1007.8,674.8
1483,1220,8.471355812484552,672.3021638173003,639.5342077060476,1007.8,674.8
1483,1221,8.471355812484552,672.3021638173003,639.5342077060476,1007.8,674.8
1483,1222,8.471355812484552,672.3021638173003,639.5342077060476,1007.8,674.8
1483,1223,8.471355812484552,672.3021638173003,639.5342077060476,1007.8,674.8
1483,1224,8.471355812484552,672.3021638173003,639.5342077060476,1007.8,674.8
1484,1225,8.471355812484552,672.3021638173003,639.5342077060476,1007.8,674.8
1485,1226,8.471355812484552,672.3021638173003,639.5342077060476,1007.8,674.8
1486,1227,8.471355812484552,672.3021638173003,639.5342077060476,1007.8,674.8
1487,1228,8.471355812484552,672.3021638173003,639.5342077060476,1007.8,674.8
1488,1229,8.471355812484552,672.3021638173003,639.5342077060476,1007.8,674.8
1489,1230,8.471355812484552,672.3021638173003,639.5342077060476,1007.8,674.8
1490,1231,8.471355812484552,672.3021638173003,639.5342077060476,1007.8,674.8
1491,1232,8.471355812484552,672.3021638173003,639.5342077060476,1007.8,674.8
1492,1233,8.471355812484552,672.3021638173003,639.5342077060476,1007.8,674.8
1493,1234,8.471355812484552,672.3021638173003,639.5342077060476,1007.8,674.8
1494,1235,8.471355812484552,672.3021638173003,639.5342077060476,1007.8,674.8
1495,1236,8.471355812484552,672.3021638173003,639.5342077060476,1007.8,674.8
1496,1237,8.471355812484552,672.3021638173003,639.5342077060476,1007.8,674.8
1497,1238,8.471355812484552,672.3021638173003,639.5342077060476,1007.8,674.8
1498,1239,8.471355812484552,672.3021638173003,639.5342077060476,1007.8,674.8
1499,1240,8.471355812484552,672.3021638173003,639.5342077060476,1007.8,674.8
1500,1241,8.471355812484552,796.3021638173003,666.5342077060476,996.8,612.1999999999999
1501,1242,8.471355812484552,796.3021638173003,666.5342077060476,985.8,549.6
1502,1243,8.471355812484552,796.3021638173003,666.5342077060476,974.8,487.0
1503,1244,8.471355812484552,796.3021638173003,666.5342077060476,963.8,424.4
1504,1245,8.471355812484552,796.3021638173003,666.5342077060476,952.8,361.8
1505,1246,8.471355812484552,796.3021638173003,666.5342077060476,952.8,361.8
1506,1247,8.471355812484552,796.3021638173003,666.5342077060476,952.8,361.8
1507,1248,8.471355812484552,796.3021638173003,666.5342077060476,952.8,361.8
1508,1249,8.471355812484552,796.3021638173003,666.5342077060476,952.8,361.8
1509,1250,8.471355812484552,920.3021638173003,692.5342077060476,952.8,361.8
1510,1251,8.471355812484552,920.3021638173003,692.5342077060476,952.8,361.8
1511,1252,8.471355812484552,920.3021638173003,692.5342077060476,952.8,361.8
1512,1253,8.471355812484552,920.3021638173003,692.5342077060476,952.8,361.8
1513,1254,8.471355812484552,920.3021638173003,692.5342077060476,952.8,361.8
1514,1255,8.471355812484552,920.3021638173003,692.5342077060476,952.8,361.8
1515,1256,8.471355812484552,920.3021638173003,692.5342077060476,952.8,361.8
1516,1257,8.471355812484552,920.3021638173003,692.5342077060476,952.8,361.8
1517,1258,8.471355812484552,920.3021638173003,692.5342077060476,952.8,361.8
1518,1259,8.471355812484552,920.3021638173003,692.5342077060476,952.8,361.8
1519,1260,8.471355812484552,920.3021638173003,692.5342077060476,952.8,361.8
1520,1261,8.471355812484552,920.3021638173003,692.5342077060476,952.8,361.8
1521,1262,8.471355812484552,920.3021638173003,692.5342077060476,952.8,361.8
1522,1263,8.471355812484552,920.3021638173003,692.5342077060476,952.8,361.8
1523,1264,8.471355812484552,920.3021638173003,692.5342077060476,952.8,361.8
1524,1265,3.6709508269617634,920.3021638173003,692.5342077060476,952.8,361.8
1525,1265,3.6709508269617634,920.3021638173003,692.5342077060476,952.8,361.8
1526,1265,3.6709508269617634,920.3021638173003,692.5342077060476,952.8,361.8
1527,1265,3.6709508269617634,920.3021638173003,692.5342077060476,914.7249999999999,390.7625
1528,1265,3.6709508269617634,920.3021638173003,692.5342077060476,876.65,419.725
1529,1265,3.6709508269617634,920.3021638173003,692.5342077060476,838.575,448.6875
1530,1265,3.6709508269617634,920.3021638173003,692.5342077060476,800.5,477.65
1531,1265,3.6709508269617634,920.3021638173003,692.5342077060476,762.425,506.6125
1532,1265,2.2612274679380295,920.3021638173003,692.5342077060476,724.35,535.575
1533,1265,2.2612274679380295,920.3021638173003,692.5342077060476,686.2750000000001,564.5375
1534,1265,2.2612274679380295,920.3021638173003,692.5342077060476,648.2,593.5
1535,1265,2.2612274679380295,920.3021638173003,692.5342077060476,648.2,593.5
1536,1265,2.2612274679380295,920.3021638173003,692.5342077060476,648.2,593.5
1537,1265,2.2612274679380295,920.3021638173003,692.5342077060476,648.2,593.5
1538,1265,2.2612274679380295,920.3021638173003,692.5342077060476,648.2,593.5
1539,1265,2.2612274679380295,920.3021638173003,692.5342077060476,648.2,593.5
1540,1265,2.2612274679380295,920.3021638173003,692.5342077060476,648.2,593.5
1541,1265,2.2612274679380295,920.3021638173003,692.5342077060476,648.2,593.5
1542,1265,2.2612274679380295,920.3021638173003,692.5342077060476,648.2,593.5
1543,1265,2.2612274679380295,920.3021638173003,692.5342077060476,648.2,593.5
1544,1265,2.2612274679380295,920.3021638173003,692.5342077060476,648.2,593.5
1545,1265,2.2612274679380295,920.3021638173003,692.5342077060476,648.2,593.5
1546,1265,2.2612274679380295,920.3021638173003,692.5342077060476,648.2,593.5
1547,1265,2.2612274679380295,920.3021638173003,692.5342077060476,648.2,593.5
1548,1265,2.2612274679380295,920.3021638173003,692.5342077060476,648.2,593.5
1549,1265,2.2612274679380295,920.3021638173003,692.5342077060476,648.2,593.5
1550,1265,2.2612274679380295,920.3021638173003,692.5342077060476,648.2,593.5
1551,1265,2.2612274679380295,920.3021638173003,692.5342077060476,648.2,593.5
1552,1265,2.2612274679380295,920.3021638173003,692.5342077060476,648.2,593.5
1553,1265,2.2612274679380295,920.3021638173003,692.5342077060476,648.2,593.5
1554,1266,15.79959043000574,920.3021638173003,692.5342077060476,648.2,593.5
1555,1267,11.24573033133645,920.3021638173003,692.5342077060476,648.2,593.5
1556,1268,0.03285022335649624,920.3021638173003,692.5342077060476,648.2,593.5
1557,1268,0.03285022335649624,920.3021638173003,692.5342077060476,648.2,593.5
1558,1268,0.03285022335649624,920.3021638173003,692.5342077060476,648.2,593.5
1559,1268,0.03285022335649624,920.3021638173003,692.5342077060476,648.2,593.5
1560,1268,0.03285022335649624,920.3021638173003,692.5342077060476,648.2,593.5
1561,1268,0.03285022335649624,920.3021638173003,692.5342077060476,648.2,593.5
1562,1269,8.202366789452439,920.3021638173003,692.5342077060476,648.2,593.5
1563,1270,4.286916833601477,920.3021638173003,692.5342077060476,648.2,593.5
1564,1271,0.17187396006384045,1038.3021638173004,691.5342077060476,648.2,593.5
1565,1271,0.17187396006384045,1038.3021638173004,691.5342077060476,648.2,593.5
1566,1271,0.17187396006384045,1038.3021638173004,691.5342077060476,648.2,593.5
1567,1271,0.17187396006384045,1038.3021638173004,691.5342077060476,648.2,593.5
1568,1271,0.17187396006384045,1038.3021638173004,691.5342077060476,648.2,593.5
1569,1271,0.17187396006384045,1038.3021638173004,691.5342077060476,648.2,593.5
1570,1271,0.17187396006384045,1038.3021638173004,691.5342077060476,648.2,593.5
1571,1271,0.17187396006384045,1038.3021638173004,691.5342077060476,648.2,593.5
1572,1271,0.17187396006384045,1038.3021638173004,691.5342077060476,654.35,611.95
1573,1271,0.17187396006384045,1038.3021638173004,691.5342077060476,660.5,630.4
1574,1271,0.17187396006384045,1038.3021638173004,691.5342077060476,666.65,648.8499999999999
1575,1271,0.17187396006384045,1038.3021638173004,691.5342077060476,672.8,667.3
1576,1271,0.17187396006384045,1038.3021638173004,691.5342077060476,672.8,667.3
1577,1271,0.17187396006384045,1038.3021638173004,691.5342077060476,672.8,667.3
1578,1271,0.17187396006384045,1038.3021638173004,691.5342077060476,672.8,667.3
1579,1271,0.17187396006384045,1038.3021638173004,691.5342077060476,672.8,667.3
1580,1271,0.17187396006384045,1038.3021638173004,691.5342077060476,672.8,667.3
1581,1271,0.17187396006384045,1038.3021638173004,691.5342077060476,672.8,667.3
1582,1271,0.17187396006384045,1038.3021638173004,691.5342077060476,672.8,667.3
1583,1271,0.17187396006384045,1038.3021638173004,691.5342077060476,672.8,667.3
1584,1271,0.17187396006384045,1038.3021638173004,691.5342077060476,672.8,667.3
1585,1271,0.17187396006384045,1038.3021638173004,691.5342077060476,672.8,667.3
1586,1271,0.17187396006384045,1038.3021638173004,691.5342077060476,672.8,667.3
1587,1271,0.17187396006384045,1038.3021638173004,691.5342077060476,672.8,667.3
1588,1271,0.15631259883847184,1133.3021638173004,688.5342077060476,672.8,667.3
1589,1271,0.15631259883847184,1133.3021638173004,688.5342077060476,672.8,667.3
1590,1271,0.15631259883847184,1133.3021638173004,688.5342077060476,672.8,667.3
1591,1271,0.15631259883847184,1133.3021638173004,688.5342077060476,672.8,667.3
1592,1271,0.15631259883847184,1133.3021638173004,688.5342077060476,672.8,667.3
1593,1271,0.15631259883847184,1133.3021638173004,688.5342077060476,672.8,667.3
1594,1271,0.15631259883847184,1133.3021638173004,688.5342077060476,672.8,667.3
1595,1271,0.6358290448692108,1133.3021638173004,688.5342077060476,672.8,667.3
1596,1271,0.6358290448692108,1133.3021638173004,688.5342077060476,672.8,667.3
1597,1271,0.6358290448692108,1133.3021638173004,688.5342077060476,725.78,673.3
1598,1271,0.6358290448692108,1227.3021638173004,684.5342077060476,778.76,679.3
1599,1271,0.6358290448692108,1227.3021638173004,684.5342077060476,831.74,685.3
1600,1271,0.6358290448692108,1227.3021638173004,684.5342077060476,884.72,691.3
1601,1271,0.6358290448692108,1227.3021638173004,684.5342077060476,937.7,697.3
1602,1271,0.6358290448692108,1227.3021638173004,684.5342077060476,937.7,697.3
1603,1271,0.883180629375438,1227.3021638173004,684.5342077060476,937.7,697.3
1604,1271,0.883180629375438,1227.3021638173004,684.5342077060476,937.7,697.3
1605,1271,0.883180629375438,1227.3021638173004,684.5342077060476,937.7,697.3
1606,1271,0.883180629375438,1227.3021638173004,684.5342077060476,937.7,697.3
1607,1271,0.883180629375438,1227.3021638173004,684.5342077060476,937.7,697.3
1608,1271,0.883180629375438,1227.3021638173004,684.5342077060476,937.7,697.3
1609,1271,0.883180629375438,1227.3021638173004,684.5342077060476,937.7,697.3
1610,1271,0.883180629375438,1227.3021638173004,684.5342077060476,937.7,697.3
1611,1271,1.1250961523574903,1227.3021638173004,684.5342077060476,937.7,697.3
1612,1271,1.1250961523574903,1227.3021638173004,684.5342077060476,937.7,697.3
1613,1271,1.1250961523574903,1227.3021638173004,684.5342077060476,937.7,697.3
1614,1271,1.1250961523574903,1227.3021638173004,684.5342077060476,937.7,697.3
1615,1271,1.1250961523574903,1227.3021638173004,684.5342077060476,937.7,697.3
1616,1271,1.1250961523574903,1227.3021638173004,684.5342077060476,937.7,697.3
1617,1271,1.1250961523574903,1227.3021638173004,684.5342077060476,937.7,697.3
1618,1271,1.1250961523574903,1227.3021638173004,684.5342077060476,937.7,697.3
1619,1271,1.1250961523574903,1227.3021638173004,684.5342077060476,937.7,697.3
1620,1271,1.1250961523574903,1227.3021638173004,684.5342077060476,937.7,697.3
1621,1271,1.1250961523574903,998.3021638173003,676.5342077060476,937.7,697.3
1622,1271,1.1250961523574903,998.3021638173003,676.5342077060476,937.7,697.3
1623,1271,1.1250961523574903,998.3021638173003,676.5342077060476,937.7,697.3
1624,1271,1.1250961523574903,998.3021638173003,676.5342077060476,937.7,697.3
1625,1271,1.1250961523574903,998.3021638173003,676.5342077060476,937.7,697.3
1626,1271,1.1250961523574903,998.3021638173003,676.5342077060476,937.7,697.3
1627,1271,1.1250961523574903,998.3021638173003,676.5342077060476,937.7,697.3
1628,1271,1.1250961523574903,768.3021638173003,668.5342077060476,937.7,697.3
1629,1271,1.1250961523574903,768.3021638173003,668.5342077060476,937.7,697.3
1630,1271,1.1250961523574903,768.3021638173003,668.5342077060476,937.7,697.3
1631,1271,1.1250961523574903,768.3021638173003,668.5342077060476,937.7,697.3
1632,1271,1.1250961523574903,768.3021638173003,668.5342077060476,937.7,697.3
1633,1271,1.1250961523574903,768.3021638173003,668.5342077060476,937.7,697.3
1634,1271,1.1250961523574903,768.3021638173003,668.5342077060476,937.7,697.3
1635,1271,1.1250961523574903,768.3021638173003,668.5342077060476,937.7,697.3
1636,1271,1.1250961523574903,768.3021638173003,668.5342077060476,934.1333333333333,677.4666666666666
1637,1271,1.1250961523574903,768.3021638173003,668.5342077060476,930.5666666666667,657.6333333333333
1638,1271,1.1250961523574903,768.3021638173003,668.5342077060476,927.0,637.8
1639,1271,1.1250961523574903,768.3021638173003,668.5342077060476,927.0,637.8
1640,1271,1.1250961523574903,768.3021638173003,668.5342077060476,927.0,637.8
1641,1271,1.1250961523574903,768.3021638173003,668.5342077060476,927.0,637.8
1642,1271,1.1250961523574903,768.3021638173003,668.5342077060476,927.0,637.8
1643,1271,1.1250961523574903,768.3021638173003,668.5342077060476,927.0,637.8
1644,1271,1.1250961523574903,768.3021638173003,668.5342077060476,927.0,637.8
1645,1271,1.1250961523574903,768.3021638173003,668.5342077060476,927.0,637.8
1646,1271,1.1250961523574903,768.3021638173003,668.5342077060476,927.0,637.8
1647,1271,1.1250961523574903,768.3021638173003,668.5342077060476,927.0,637.8
1648,1271,1.1250961523574903,768.3021638173003,668.5342077060476,927.0,637.8
1649,1271,1.1250961523574903,768.3021638173003,668.5342077060476,927.0,637.8
1650,1271,1.1250961523574903,768.3021638173003,668.5342077060476,927.0,637.8
1651,1271,1.1250961523574903,768.3021638173003,668.5342077060476,927.0,637.8
1652,1272,1.1250961523574903,768.3021638173003,668.5342077060476,927.0,637.8
1653,1273,1.1250961523574903,848.3021638173003,659.5342077060476,927.0,637.8
1654,1274,1.1250961523574903,848.3021638173003,659.5342077060476,927.0,637.8
1655,1275,1.1250961523574903,848.3021638173003,659.5342077060476,927.0,637.8
1656,1276,1.1250961523574903,848.3021638173003,659.5342077060476,927.0,637.8
1657,1277,1.1250961523574903,848.3021638173003,659.5342077060476,927.0,637.8
1658,1278,1.1250961523574903,848.3021638173003,659.5342077060476,927.0,637.8
1659,1279,1.1250961523574903,848.3021638173003,659.5342077060476,927.0,637.8
1660,1280,1.1250961523574903,848.3021638173003,659.5342077060476,927.0,637.8
1661,1281,1.1250961523574903,848.3021638173003,659.5342077060476,927.0,637.8
1662,1282,1.1250961523574903,928.3021638173003,650.5342077060476,927.0,637.8
1663,1283,1.1250961523574903,928.3021638173003,650.5342077060476,927.0,637.8
1664,1284,1.1250961523574903,928.3021638173003,650.5342077060476,927.0,637.8
1665,1285,1.1250961523574903,928.3021638173003,650.5342077060476,927.0,637.8
1666,1286,1.1250961523574903,928.3021638173003,650.5342077060476,927.0,637.8
1667,1287,1.1250961523574903,928.3021638173003,650.5342077060476,927.0,637.8
1668,1288,1.1250961523574903,928.3021638173003,650.5342077060476,927.0,637.8
1669,1289,1.1250961523574903,928.3021638173003,650.5342077060476,927.0,637.8
1670,1290,1.1250961523574903,928.3021638173003,650.5342077060476,951.8666666666667,650.3333333333333
1671,1291,1.1250961523574903,928.3021638173003,650.5342077060476,976.7333333333333,662.8666666666667
1672,1292,1.1250961523574903,928.3021638173003,650.5342077060476,1001.6,675.4
1673,1293,1.1250961523574903,928.3021638173003,650.5342077060476,1001.6,675.4
1674,1294,1.1250961523574903,928.3021638173003,650.5342077060476,1001.6,675.4
1675,1295,1.1250961523574903,928.3021638173003,650.5342077060476,1001.6,675.4
1676,1296,1.1250961523574903,928.3021638173003,650.5342077060476,1001.6,675.4
1677,1297,1.1250961523574903,928.3021638173003,650.5342077060476,1001.6,675.4
1678,1298,1.1250961523574903,928.3021638173003,650.5342077060476,1001.6,675.4
1679,1299,1.1250961523574903,928.3021638173003,650.5342077060476,1001.6,675.4
1680,1300,1.1250961523574903,928.3021638173003,650.5342077060476,1001.6,675.4
1681,1301,1.1250961523574903,928.3021638173003,650.5342077060476,1001.6,675.4
1682,1302,1.1250961523574903,928.3021638173003,650.5342077060476,1001.6,675.4
1683,1303,1.1250961523574903,928.3021638173003,650.5342077060476,1001.6,675.4
1684,1304,1.1250961523574903,928.3021638173003,650.5342077060476,1001.6,675.4
1685,1305,1.1250961523574903,928.3021638173003,650.5342077060476,1001.6,675.4
1686,1306,1.1250961523574903,928.3021638173003,650.5342077060476,1001.6,675.4
1687,1307,1.1250961523574903,928.3021638173003,650.5342077060476,1001.6,675.4
1688,1308,1.1250961523574903,928.3021638173003,650.5342077060476,1001.6,675.4
1689,1309,1.1250961523574903,928.3021638173003,650.5342077060476,1001.6,675.4
1690,1310,4.324749839285974,928.3021638173003,650.5342077060476,1001.6,675.4
1691,1311,3.922045579969369,928.3021638173003,650.5342077060476,1001.6,675.4
1692,1312,1.7906060935297528,928.3021638173003,650.5342077060476,1001.6,675.4
1693,1312,1.7906060935297528,928.3021638173003,650.5342077060476,1001.6,675.4
1694,1312,1.7906060935297528,928.3021638173003,650.5342077060476,1001.6,675.4
1695,1312,1.7906060935297528,928.3021638173003,650.5342077060476,1001.6,675.4
1696,1312,1.7906060935297528,928.3021638173003,650.5342077060476,1001.6,675.4
1697,1312,1.7906060935297528,928.3021638173003,650.5342077060476,1001.6,675.4
1698,1313,9.781207892565758,928.3021638173003,650.5342077060476,1001.6,675.4
1699,1314,21.16447458920655,928.3021638173003,650.5342077060476,1001.6,675.4
1700,1315,8.131669521495386,928.3021638173003,650.5342077060476,1001.6,675.4
1700,1316,11.512826350283465,928.3021638173003,650.5342077060476,1001.6,675.4
1700,1317,31.23471780140893,928.3021638173003,650.5342077060476,1001.6,675.4
1700,1318,31.23471780140893,928.3021638173003,650.5342077060476,1001.6,675.4
1700,1319,31.23471780140893,928.3021638173003,650.5342077060476,1001.6,675.4
1700,1320,31.23471780140893,928.3021638173003,650.5342077060476,1001.6,675.4
1700,1321,31.23471780140893,928.3021638173003,650.5342077060476,1001.6,675.4
1700,1322,31.23471780140893,928.3021638173003,650.5342077060476,1001.6,675.4
1700,1323,31.23471780140893,928.3021638173003,650.5342077060476,1001.6,675.4
1700,1324,31.23471780140893,928.3021638173003,650.5342077060476,1001.6,675.4
1700,1325,31.23471780140893,928.3021638173003,650.5342077060476,989.4,671.0666666666666
1700,1326,31.23471780140893,928.3021638173003,650.5342077060476,977.2,666.7333333333333
1700,1327,31.23471780140893,928.3021638173003,650.5342077060476,965.0,662.4
1700,1328,31.23471780140893,928.3021638173003,650.5342077060476,965.0,662.4
1700,1329,31.23471780140893,928.3021638173003,650.5342077060476,965.0,662.4
1700,1330,31.23471780140893,928.3021638173003,650.5342077060476,965.0,662.4
1700,1331,31.23471780140893,928.3021638173003,650.5342077060476,965.0,662.4
1700,1332,31.23471780140893,928.3021638173003,650.5342077060476,965.0,662.4
1700,1333,31.23471780140893,928.3021638173003,650.5342077060476,965.0,662.4
1700,1334,31.23471780140893,928.3021638173003,650.5342077060476,965.0,662.4
1700,1335,31.23471780140893,928.3021638173003,650.5342077060476,965.0,662.4
1700,1336,31.23471780140893,928.3021638173003,650.5342077060476,965.0,662.4
1700,1337,31.23471780140893,928.3021638173003,650.5342077060476,965.0,662.4
1700,1338,31.23471780140893,928.3021638173003,650.5342077060476,965.0,662.4
1700,1339,31.23471780140893,928.3021638173003,650.5342077060476,965.0,662.4
1700,1340,31.23471780140893,928.3021638173003,650.5342077060476,965.0,662.4
1700,1341,31.23471780140893,928.3021638173003,650.5342077060476,965.0,662.4
1700,1342,31.23471780140893,928.3021638173003,650.5342077060476,965.0,662.4
1700,1343,31.23471780140893,928.3021638173003,650.5342077060476,965.0,662.4
1700,1344,31.23471780140893,928.3021638173003,650.5342077060476,965.0,662.4
1700,1345,31.23471780140893,928.3021638173003,650.5342077060476,965.0,662.4
1700,1346,31.23471780140893,928.3021638173003,650.5342077060476,965.0,662.4
1700,1347,31.23471780140893,928.3021638173003,650.5342077060476,965.0,662.4
1700,1348,26.48421720763157,928.3021638173003,650.5342077060476,965.0,662.4
1700,1349,21.5514385200927,928.3021638173003,650.5342077060476,965.0,662.4
1700,1350,16.503093280921643,928.3021638173003,650.5342077060476,965.0,662.4
1701,1351,11.414772130157228,928.3021638173003,650.5342077060476,965.0,662.4
1702,1352,6.364469627016381,928.3021638173003,650.5342077060476,965.0,662.4
1703,1353,1.4266891087154319,928.3021638173003,650.5342077060476,965.0,662.4
1704,1354,3.332868276572107,928.3021638173003,650.5342077060476,965.0,662.4
1705,1355,7.861880814930665,928.3021638173003,650.5342077060476,965.0,662.4
1706,1356,12.124077764736231,946.3021638173003,625.5342077060476,965.0,662.4
1707,1357,16.09920903093406,946.3021638173003,625.5342077060476,965.0,662.4
1708,1358,19.780854658787895,946.3021638173003,625.5342077060476,965.0,662.4
1709,1359,23.17326606093722,946.3021638173003,625.5342077060476,965.0,662.4
1710,1360,26.288177136811786,946.3021638173003,625.5342077060476,965.0,662.4
1711,1361,29.142048766376305,946.3021638173003,625.5342077060476,965.0,662.4
1712,1362,31.753895713494575,946.3021638173003,625.5342077060476,965.0,662.4
1713,1363,34.14369024761292,946.3021638173003,625.5342077060476,965.0,662.4
1714,1364,36.33126615151683,946.3021638173003,625.5342077060476,965.0,662.4
1715,1365,38.33562047631208,946.3021638173003,625.5342077060476,965.0,662.4
1716,1366,40.174510575427234,946.3021638173003,625.5342077060476,965.0,662.4
1717,1367,41.864258138766225,946.3021638173003,625.5342077060476,965.0,662.4
1718,1368,43.4196909020818,946.3021638173003,625.5342077060476,965.0,662.4
1719,1369,44.85417096549648,946.3021638173003,625.5342077060476,965.0,662.4
1720,1370,46.17967386535455,946.3021638173003,625.5342077060476,965.0,662.4
1721,1371,47.40689420615561,946.3021638173003,625.5342077060476,965.0,662.4
1722,1372,48.54536213335207,946.3021638173003,625.5342077060476,965.0,662.4
1723,1373,49.60356085150673,946.3021638173003,625.5342077060476,965.0,662.4
1724,1374,50.58903940752226,946.3021638173003,625.5342077060476,965.0,662.4
1725,1375,50.58903940752226,946.3021638173003,625.5342077060476,959.6666666666666,667.3666666666667
1726,1376,50.58903940752226,946.3021638173003,625.5342077060476,954.3333333333334,672.3333333333333
1727,1377,50.58903940752226,946.3021638173003,625.5342077060476,949.0,677.3
1728,1378,50.58903940752226,946.3021638173003,625.5342077060476,949.0,677.3
1729,1379,50.58903940752226,946.3021638173003,625.5342077060476,949.0,677.3
1730,1380,50.58903940752226,946.3021638173003,625.5342077060476,949.0,677.3
1731,1381,50.58903940752226,946.3021638173003,625.5342077060476,949.0,677.3
1732,1382,50.58903940752226,946.3021638173003,625.5342077060476,949.0,677.3
1733,1383,50.58903940752226,946.3021638173003,625.5342077060476,949.0,677.3
1734,1384,50.58903940752226,946.3021638173003,625.5342077060476,949.0,677.3
1735,1385,50.58903940752226,946.3021638173003,625.5342077060476,949.0,677.3
1736,1386,50.58903940752226,946.3021638173003,625.5342077060476,949.0,677.3
1737,1387,50.58903940752226,946.3021638173003,625.5342077060476,949.0,677.3
1738,1388,50.58903940752226,918.3021638173003,686.5342077060476,949.0,677.3
1739,1389,50.58903940752226,918.3021638173003,686.5342077060476,949.0,677.3
1740,1390,50.58903940752226,918.3021638173003,686.5342077060476,949.0,677.3
1741,1391,50.58903940752226,918.3021638173003,686.5342077060476,949.0,677.3
1742,1392,50.58903940752226,918.3021638173003,686.5342077060476,949.0,677.3
1743,1393,44.8393252129114,918.3021638173003,686.5342077060476,949.0,677.3
1744,1394,37.51895153720623,918.3021638173003,686.5342077060476,949.0,677.3
1745,1395,28.24345734649771,918.3021638173003,686.5342077060476,949.0,677.3
1746,1396,16.81755146624802,918.3021638173003,686.5342077060476,949.0,677.3
1747,1397,3.6033995398194034,918.3021638173003,686.5342077060476,949.0,677.3
1748,1398,10.247461164327678,918.3021638173003,686.5342077060476,949.0,677.3
1749,1399,23.2265298327716,918.3021638173003,686.5342077060476,949.0,677.3
1750,1400,23.2265298327716,918.3021638173003,686.5342077060476,949.0,677.3
1751,1401,23.2265298327716,918.3021638173003,686.5342077060476,949.0,677.3
1752,1402,23.2265298327716,918.3021638173003,686.5342077060476,949.0,677.3
1753,1403,23.2265298327716,918.3021638173003,686.5342077060476,949.0,677.3
1754,1404,23.2265298327716,918.3021638173003,686.5342077060476,949.0,677.3
1755,1405,23.2265298327716,918.3021638173003,686.5342077060476,949.0,677.3
1756,1406,23.2265298327716,918.3021638173003,686.5342077060476,949.0,677.3
1757,1407,23.2265298327716,918.3021638173003,686.5342077060476,949.0,677.3
1758,1408,23.2265298327716,918.3021638173003,686.5342077060476,949.0,677.3
1759,1409,23.2265298327716,918.3021638173003,686.5342077060476,940.0,678.3
1760,1410,23.2265298327716,918.3021638173003,686.5342077060476,931.0,679.3
1761,1411,23.2265298327716,918.3021638173003,686.5342077060476,931.0,679.3
1762,1412,23.2265298327716,918.3021638173003,686.5342077060476,931.0,679.3
1763,1413,23.2265298327716,918.3021638173003,686.5342077060476,931.0,679.3
1764,1414,23.2265298327716,918.3021638173003,686.5342077060476,931.0,679.3
1765,1415,23.2265298327716,918.3021638173003,686.5342077060476,931.0,679.3
1766,1416,23.2265298327716,918.3021638173003,686.5342077060476,931.0,679.3
1767,1417,23.2265298327716,918.3021638173003,686.5342077060476,931.0,679.3
1768,1418,23.2265298327716,918.3021638173003,686.5342077060476,931.0,679.3
1769,1419,33.052919796060415,918.3021638173003,686.5342077060476,931.0,679.3
1770,1420,73.7933694611682,918.3021638173003,686.5342077060476,931.0,679.3
1771,1421,43.07841948492889,918.3021638173003,686.5342077060476,931.0,679.3
1771,1422,23.85529724814806,918.3021638173003,686.5342077060476,931.0,679.3
1771,1423,17.635482367202812,918.3021638173003,686.5342077060476,931.0,679.3
1771,1424,14.641426441635291,918.3021638173003,686.5342077060476,931.0,679.3
1771,1425,14.641426441635291,918.3021638173003,686.5342077060476,931.0,679.3
1771,1426,14.641426441635291,918.3021638173003,686.5342077060476,931.0,679.3
1771,1427,14.641426441635291,918.3021638173003,686.5342077060476,931.0,679.3
1771,1428,14.641426441635291,918.3021638173003,686.5342077060476,931.0,679.3
1771,1429,14.641426441635291,918.3021638173003,686.5342077060476,931.0,679.3
1771,1430,14.641426441635291,918.3021638173003,686.5342077060476,931.0,679.3
1771,1431,14.641426441635291,918.3021638173003,686.5342077060476,931.0,679.3
1771,1432,14.641426441635291,918.3021638173003,686.5342077060476,931.0,679.3
1771,1433,14.641426441635291,918.3021638173003,686.5342077060476,931.0,679.3
1771,1434,14.641426441635291,918.3021638173003,686.5342077060476,931.0,679.3
1771,1435,14.641426441635291,910.3021638173003,656.5342077060476,931.0,679.3
1771,1436,14.641426441635291,910.3021638173003,656.5342077060476,931.0,679.3
1771,1437,14.641426441635291,910.3021638173003,656.5342077060476,931.0,679.3
1771,1438,14.641426441635291,910.3021638173003,656.5342077060476,931.0,679.3
1771,1439,14.641426441635291,910.3021638173003,656.5342077060476,931.0,679.3
1771,1440,14.641426441635291,910.3021638173003,656.5342077060476,931.0,679.3
1771,1441,14.641426441635291,910.3021638173003,656.5342077060476,931.0,679.3
1771,1442,14.641426441635291,910.3021638173003,656.5342077060476,931.0,679.3
1771,1443,14.641426441635291,910.3021638173003,656.5342077060476,931.0,679.3
1771,1444,14.641426441635291,910.3021638173003,656.5342077060476,931.0,679.3
1771,1445,14.641426441635291,910.3021638173003,656.5342077060476,938.15,667.95
1771,1446,14.641426441635291,910.3021638173003,656.5342077060476,945.3,656.6
1771,1447,14.641426441635291,910.3021638173003,656.5342077060476,945.3,656.6
1771,1448,14.641426441635291,910.3021638173003,656.5342077060476,945.3,656.6
1771,1449,14.641426441635291,910.3021638173003,656.5342077060476,945.3,656.6
1771,1450,14.641426441635291,910.3021638173003,656.5342077060476,945.3,656.6
1771,1451,14.641426441635291,910.3021638173003,656.5342077060476,945.3,656.6
1771,1452,14.641426441635291,910.3021638173003,656.5342077060476,945.3,656.6
1771,1453,14.641426441635291,910.3021638173003,656.5342077060476,945.3,656.6
1771,1454,14.641426441635291,910.3021638173003,656.5342077060476,945.3,656.6
1771,1455,14.666119236445605,910.3021638173003,656.5342077060476,945.3,656.6
1771,1456,14.687730976117278,910.3021638173003,656.5342077060476,945.3,656.6
1771,1457,14.687730976117278,910.3021638173003,656.5342077060476,945.3,656.6
1771,1458,14.687730976117278,910.3021638173003,656.5342077060476,945.3,656.6
1771,1459,14.687730976117278,910.3021638173003,656.5342077060476,945.3,656.6
1771,1460,14.687730976117278,910.3021638173003,656.5342077060476,945.3,656.6
1771,1461,14.687730976117278,910.3021638173003,656.5342077060476,945.3,656.6
1771,1462,14.687730976117278,910.3021638173003,656.5342077060476,945.3,656.6
1771,1463,14.687730976117278,910.3021638173003,656.5342077060476,945.3,656.6
1771,1464,14.687730976117278,910.3021638173003,656.5342077060476,945.3,656.6
1771,1465,14.687730976117278,910.3021638173003,656.5342077060476,945.3,656.6
1771,1466,14.687730976117278,910.3021638173003,656.5342077060476,945.3,656.6
1771,1467,14.687730976117278,910.3021638173003,656.5342077060476,945.3,656.6
1771,1468,14.687730976117278,910.3021638173003,656.5342077060476,945.3,656.6
1771,1469,14.687730976117278,910.3021638173003,656.5342077060476,910.8571428571428,657.2142857142858
1771,1470,14.687730976117278,910.3021638173003,656.5342077060476,876.4142857142857,657.8285714285714
1771,1471,14.687730976117278,910.3021638173003,656.5342077060476,841.9714285714285,658.4428571428572
1771,1472,14.687730976117278,910.3021638173003,656.5342077060476,807.5285714285715,659.0571428571428
1771,1473,14.687730976117278,910.3021638173003,656.5342077060476,773.0857142857143,659.6714285714286
1771,1474,14.687730976117278,910.3021638173003,656.5342077060476,738.6428571428571,660.2857142857142
1771,1475,14.687730976117278,910.3021638173003,656.5342077060476,704.2,660.9
1771,1476,14.687730976117278,910.3021638173003,656.5342077060476,704.2,660.9
1771,1477,14.687730976117278,910.3021638173003,656.5342077060476,704.2,660.9
1771,1478,14.687730976117278,910.3021638173003,656.5342077060476,704.2,660.9
1771,1479,14.687730976117278,910.3021638173003,656.5342077060476,704.2,660.9
1771,1480,14.687730976117278,910.3021638173003,656.5342077060476,704.2,660.9
1771,1481,14.687730976117278,910.3021638173003,656.5342077060476,704.2,660.9
1771,1482,14.687730976117278,910.3021638173003,656.5342077060476,704.2,660.9
1771,1483,14.687730976117278,910.3021638173003,656.5342077060476,704.2,660.9
1771,1484,14.687730976117278,910.3021638173003,656.5342077060476,704.2,660.9
1771,1485,14.687730976117278,910.3021638173003,656.5342077060476,704.2,660.9
1771,1486,14.687730976117278,910.3021638173003,656.5342077060476,704.2,660.9
1771,1487,14.687730976117278,910.3021638173003,656.5342077060476,704.2,660.9
1771,1488,14.687730976117278,910.3021638173003,656.5342077060476,704.2,660.9
1771,1489,14.687730976117278,910.3021638173003,656.5342077060476,704.2,660.9
1771,1490,14.687730976117278,910.3021638173003,656.5342077060476,704.2,660.9
1771,1491,14.687730976117278,910.3021638173003,656.5342077060476,704.2,660.9
1771,1492,14.687730976117278,910.3021638173003,656.5342077060476,704.2,660.9
1771,1493,14.687730976117278,910.3021638173003,656.5342077060476,704.2,660.9
1771,1494,14.687730976117278,910.3021638173003,656.5342077060476,704.2,660.9
1771,1495,14.687730976117278,910.3021638173003,656.5342077060476,704.2,660.9
1771,1496,14.687730976117278,910.3021638173003,656.5342077060476,704.2,660.9
1771,1497,14.687730976117278,910.3021638173003,656.5342077060476,704.2,660.9
1771,1498,14.687730976117278,910.3021638173003,656.5342077060476,704.2,660.9
1771,1499,14.687730976117278,910.3021638173003,656.5342077060476,704.2,660.9
1771,1500,14.687730976117278,910.3021638173003,656.5342077060476,704.2,660.9
1771,1501,14.687730976117278,788.3021638173003,679.5342077060476,704.2,660.9
1771,1502,13.53117132130473,788.3021638173003,679.5342077060476,704.2,660.9
1771,1503,12.447205641919076,788.3021638173003,679.5342077060476,704.2,660.9
1771,1504,12.447205641919076,788.3021638173003,679.5342077060476,704.2,660.9
1771,1505,12.447205641919076,788.3021638173003,679.5342077060476,704.2,660.9
1771,1506,12.447205641919076,788.3021638173003,679.5342077060476,704.2,660.9
1771,1507,12.447205641919076,788.3021638173003,679.5342077060476,704.2,660.9
1771,1508,12.447205641919076,666.3021638173003,702.5342077060476,704.2,660.9
1771,1509,12.447205641919076,666.3021638173003,702.5342077060476,704.2,660.9
1771,1510,12.447205641919076,666.3021638173003,702.5342077060476,704.2,660.9
1771,1511,12.447205641919076,666.3021638173003,702.5342077060476,704.2,660.9
1771,1512,12.447205641919076,666.3021638173003,702.5342077060476,704.2,660.9
1771,1513,12.447205641919076,666.3021638173003,702.5342077060476,704.2,660.9
1771,1514,12.447205641919076,666.3021638173003,702.5342077060476,704.2,660.9
1771,1515,12.447205641919076,666.3021638173003,702.5342077060476,748.5,666.6666666666666
1771,1516,12.447205641919076,666.3021638173003,702.5342077060476,792.8000000000001,672.4333333333333
1771,1517,12.447205641919076,666.3021638173003,702.5342077060476,837.1,678.2
1771,1518,12.447205641919076,666.3021638173003,702.5342077060476,881.4,683.9666666666667
1771,1519,12.447205641919076,666.3021638173003,702.5342077060476,925.7,689.7333333333333
1771,1520,12.447205641919076,666.3021638173003,702.5342077060476,970.0,695.5
1771,1521,4.176045811148493,666.3021638173003,702.5342077060476,970.0,695.5
1771,1522,8.589057122380112,666.3021638173003,702.5342077060476,970.0,695.5
1771,1523,27.979292005746412,666.3021638173003,702.5342077060476,970.0,695.5
1771,1524,52.814484234394705,666.3021638173003,702.5342077060476,970.0,695.5
1771,1525,75.66976354372464,666.3021638173003,702.5342077060476,970.0,695.5
1771,1526,91.71718753002365,666.3021638173003,702.5342077060476,970.0,695.5
1771,1527,102.0719984057684,666.3021638173003,702.5342077060476,970.0,695.5
1771,1528,102.0719984057684,666.3021638173003,702.5342077060476,970.0,695.5
1771,1529,102.0719984057684,666.3021638173003,702.5342077060476,970.0,695.5
1771,1530,102.0719984057684,666.3021638173003,702.5342077060476,970.0,695.5
1771,1531,102.0719984057684,803.3021638173003,697.5342077060476,970.0,695.5
1771,1532,102.0719984057684,803.3021638173003,697.5342077060476,970.0,695.5
1771,1533,102.0719984057684,803.3021638173003,697.5342077060476,970.0,695.5
1771,1534,102.0719984057684,803.3021638173003,697.5342077060476,970.0,695.5
1771,1535,102.0719984057684,803.3021638173003,697.5342077060476,970.0,695.5
1771,1536,102.0719984057684,803.3021638173003,697.5342077060476,970.0,695.5
1771,1537,102.0719984057684,803.3021638173003,697.5342077060476,970.0,695.5
1771,1538,102.0719984057684,803.3021638173003,697.5342077060476,970.0,695.5
1771,1539,102.0719984057684,940.3021638173003,692.5342077060476,970.0,695.5
1771,1540,102.0719984057684,940.3021638173003,692.5342077060476,970.0,695.5
1771,1541,102.0719984057684,940.3021638173003,692.5342077060476,970.0,695.5
1771,1542,102.0719984057684,940.3021638173003,692.5342077060476,970.0,695.5
1771,1543,102.0719984057684,940.3021638173003,692.5342077060476,970.0,695.5
1771,1544,102.0719984057684,940.3021638173003,692.5342077060476,970.0,695.5
1771,1545,102.0719984057684,940.3021638173003,692.5342077060476,970.0,695.5
1771,1546,102.0719984057684,940.3021638173003,692.5342077060476,970.0,695.5
1771,1547,102.0719984057684,940.3021638173003,692.5342077060476,970.0,695.5
1771,1548,102.0719984057684,940.3021638173003,692.5342077060476,970.0,695.5
1771,1549,102.0719984057684,940.3021638173003,692.5342077060476,970.0,695.5
1771,1550,102.0719984057684,940.3021638173003,692.5342077060476,970.0,695.5
1771,1551,102.0719984057684,940.3021638173003,692.5342077060476,970.0,695.5
1771,1552,102.0719984057684,940.3021638173003,692.5342077060476,970.0,695.5
1771,1553,102.0719984057684,940.3021638173003,692.5342077060476,970.0,695.5
1771,1554,102.0719984057684,940.3021638173003,692.5342077060476,970.0,695.5
1771,1555,102.0719984057684,940.3021638173003,692.5342077060476,970.0,695.5
1771,1556,102.0719984057684,940.3021638173003,692.5342077060476,970.0,695.5
1771,1557,102.0719984057684,940.3021638173003,692.5342077060476,965.0666666666667,693.8666666666667
1771,1558,102.0719984057684,940.3021638173003,692.5342077060476,960.1333333333333,692.2333333333333
1771,1559,102.0719984057684,940.3021638173003,692.5342077060476,955.2,690.6
1771,1560,102.0719984057684,940.3021638173003,692.5342077060476,955.2,690.6
1771,1561,102.0719984057684,940.3021638173003,692.5342077060476,955.2,690.6
1771,1562,97.3085870743726,940.3021638173003,692.5342077060476,955.2,690.6
1771,1563,85.57868548649837,940.3021638173003,692.5342077060476,955.2,690.6
1771,1564,38.77409650780883,940.3021638173003,692.5342077060476,955.2,690.6
1771,1565,30.979753753161937,940.3021638173003,692.5342077060476,955.2,690.6
1771,1566,48.82636202409421,940.3021638173003,692.5342077060476,955.2,690.6
1771,1567,55.06328000558449,940.3021638173003,692.5342077060476,955.2,690.6
1771,1568,58.157053503535565,940.3021638173003,692.5342077060476,955.2,690.6
1771,1569,59.99516268693022,940.3021638173003,692.5342077060476,955.2,690.6
1771,1570,61.2107756504628,940.3021638173003,692.5342077060476,955.2,690.6
1771,1571,61.2107756504628,940.3021638173003,692.5342077060476,955.2,690.6
1771,1572,61.2107756504628,940.3021638173003,692.5342077060476,955.2,690.6
1771,1573,61.2107756504628,940.3021638173003,692.5342077060476,955.2,690.6
1771,1574,61.2107756504628,940.3021638173003,692.5342077060476,955.2,690.6
1771,1575,61.2107756504628,940.3021638173003,692.5342077060476,955.2,690.6
1771,1576,61.2107756504628,940.3021638173003,692.5342077060476,955.2,690.6
1771,1577,61.2107756504628,940.3021638173003,692.5342077060476,955.2,690.6
1771,1578,61.2107756504628,940.3021638173003,692.5342077060476,955.2,690.6
1771,1579,61.2107756504628,940.3021638173003,692.5342077060476,955.2,690.6
1771,1580,61.2107756504628,940.3021638173003,692.5342077060476,955.2,690.6
1771,1581,61.2107756504628,940.3021638173003,692.5342077060476,955.2,690.6
1771,1582,61.2107756504628,940.3021638173003,692.5342077060476,955.2,690.6
1771,1583,61.2107756504628,940.3021638173003,692.5342077060476,955.2,690.6
1771,1584,61.2107756504628,940.3021638173003,692.5342077060476,955.2,690.6
1771,1585,61.2107756504628,940.3021638173003,692.5342077060476,955.2,690.6
1771,1586,61.2107756504628,940.3021638173003,692.5342077060476,955.2,690.6
1771,1587,61.2107756504628,940.3021638173003,692.5342077060476,955.2,690.6
1771,1588,61.2107756504628,940.3021638173003,692.5342077060476,955.2,690.6
1771,1589,61.2107756504628,940.3021638173003,692.5342077060476,955.2,690.6
1771,1590,61.2107756504628,940.3021638173003,692.5342077060476,955.2,690.6
1771,1591,61.2107756504628,940.3021638173003,692.5342077060476,955.2,690.6
1771,1592,61.2107756504628,940.3021638173003,692.5342077060476,955.2,690.6
1771,1593,61.2107756504628,940.3021638173003,692.5342077060476,955.2,690.6
1771,1594,61.2107756504628,940.3021638173003,692.5342077060476,955.2,690.6
1771,1595,61.2107756504628,940.3021638173003,692.5342077060476,955.2,690.6
1771,1596,61.2107756504628,940.3021638173003,692.5342077060476,955.2,690.6
1771,1597,61.2107756504628,940.3021638173003,692.5342077060476,939.9250000000001,681.575
1771,1598,61.2107756504628,940.3021638173003,692.5342077060476,924.6500000000001,672.55
1771,1599,61.2107756504628,940.3021638173003,692.5342077060476,909.375,663.525
1771,1600,61.2107756504628,940.3021638173003,692.5342077060476,894.1,654.5
1771,1601,61.2107756504628,940.3021638173003,692.5342077060476,894.1,654.5
1771,1602,56.42705220223283,940.3021638173003,692.5342077060476,894.1,654.5
1771,1603,50.21791352007119,940.3021638173003,692.5342077060476,894.1,654.5
1771,1604,42.06781597552538,940.3021638173003,692.5342077060476,894.1,654.5
1771,1605,31.4273638099358,940.3021638173003,692.5342077060476,894.1,654.5
1771,1606,18.070798352937505,940.3021638173003,692.5342077060476,894.1,654.5
1771,1607,18.070798352937505,940.3021638173003,692.5342077060476,894.1,654.5
1771,1608,18.070798352937505,940.3021638173003,692.5342077060476,894.1,654.5
1771,1609,18.070798352937505,940.3021638173003,692.5342077060476,894.1,654.5
1771,1610,18.070798352937505,940.3021638173003,692.5342077060476,894.1,654.5
1771,1611,18.070798352937505,940.3021638173003,692.5342077060476,894.1,654.5
1771,1612,18.070798352937505,940.3021638173003,692.5342077060476,894.1,654.5
1771,1613,18.070798352937505,940.3021638173003,692.5342077060476,894.1,654.5
1771,1614,18.070798352937505,940.3021638173003,692.5342077060476,894.1,654.5
1771,1615,18.070798352937505,940.3021638173003,692.5342077060476,894.1,654.5
1771,1616,18.070798352937505,940.3021638173003,692.5342077060476,894.1,654.5
1771,1617,18.070798352937505,940.3021638173003,692.5342077060476,894.1,654.5
1771,1618,18.070798352937505,940.3021638173003,692.5342077060476,894.1,654.5
1771,1619,18.070798352937505,940.3021638173003,692.5342077060476,838.15,652.25
1771,1620,18.070798352937505,940.3021638173003,692.5342077060476,782.2,650.0
1771,1621,18.070798352937505,940.3021638173003,692.5342077060476,726.25,647.75
1771,1622,18.070798352937505,940.3021638173003,692.5342077060476,670.3,645.5
1771,1623,18.070798352937505,940.3021638173003,692.5342077060476,670.3,645.5
1771,1624,18.070798352937505,940.3021638173003,692.5342077060476,670.3,645.5
1771,1625,18.070798352937505,940.3021638173003,692.5342077060476,670.3,645.5
1771,1626,18.070798352937505,940.3021638173003,692.5342077060476,670.3,645.5
1771,1627,18.070798352937505,783.3021638173003,676.5342077060476,670.3,645.5
1771,1628,18.070798352937505,783.3021638173003,676.5342077060476,670.3,645.5
1771,1629,18.070798352937505,783.3021638173003,676.5342077060476,670.3,645.5
1771,1630,18.070798352937505,783.3021638173003,676.5342077060476,670.3,645.5
1771,1631,18.070798352937505,783.3021638173003,676.5342077060476,670.3,645.5
1771,1632,18.070798352937505,783.3021638173003,676.5342077060476,670.3,645.5
1771,1633,18.070798352937505,783.3021638173003,676.5342077060476,670.3,645.5
1771,1634,18.070798352937505,783.3021638173003,676.5342077060476,670.3,645.5
1771,1635,18.070798352937505,626.3021638173003,660.5342077060476,670.3,645.5
1771,1636,18.070798352937505,626.3021638173003,660.5342077060476,670.3,645.5
1771,1637,18.070798352937505,626.3021638173003,660.5342077060476,670.3,645.5
1771,1638,18.070798352937505,626.3021638173003,660.5342077060476,670.3,645.5
1771,1639,18.070798352937505,626.3021638173003,660.5342077060476,670.3,645.5
1771,1640,18.070798352937505,626.3021638173003,660.5342077060476,670.3,645.5
1771,1641,18.070798352937505,626.3021638173003,660.5342077060476,670.3,645.5
1771,1642,18.070798352937505,626.3021638173003,660.5342077060476,670.3,645.5
1771,1643,18.070798352937505,626.3021638173003,660.5342077060476,670.3,645.5
1771,1644,18.070798352937505,626.3021638173003,660.5342077060476,670.3,645.5
1771,1645,18.070798352937505,626.3021638173003,660.5342077060476,670.3,645.5
1771,1646,16.471686459444946,626.3021638173003,660.5342077060476,670.3,645.5
1771,1647,14.937556004675846,626.3021638173003,660.5342077060476,670.3,645.5
1771,1648,13.466593958383829,626.3021638173003,660.5342077060476,670.3,645.5
1771,1649,13.466593958383829,626.3021638173003,660.5342077060476,670.3,645.5
1771,1650,13.466593958383829,626.3021638173003,660.5342077060476,670.3,645.5
1771,1651,13.466593958383829,626.3021638173003,660.5342077060476,670.3,645.5
1771,1652,13.466593958383829,626.3021638173003,660.5342077060476,670.3,645.5
1771,1653,13.466593958383829,626.3021638173003,660.5342077060476,670.3,645.5
1771,1654,13.466593958383829,626.3021638173003,660.5342077060476,670.3,645.5
1771,1655,13.466593958383829,626.3021638173003,660.5342077060476,670.3,645.5
1771,1656,13.466593958383829,626.3021638173003,660.5342077060476,670.3,645.5
1771,1657,13.466593958383829,626.3021638173003,660.5342077060476,670.3,645.5
1771,1658,13.466593958383829,626.3021638173003,660.5342077060476,670.3,645.5
1771,1659,13.466593958383829,626.3021638173003,660.5342077060476,670.3,645.5
1771,1660,13.466593958383829,626.3021638173003,660.5342077060476,670.3,645.5
1771,1661,13.466593958383829,626.3021638173003,660.5342077060476,670.3,645.5
1771,1662,13.466593958383829,626.3021638173003,660.5342077060476,670.3,645.5
1771,1663,13.466593958383829,626.3021638173003,660.5342077060476,670.3,645.5
1771,1664,13.466593958383829,626.3021638173003,660.5342077060476,670.3,645.5
1771,1665,13.466593958383829,626.3021638173003,660.5342077060476,670.3,645.5
1771,1666,13.466593958383829,626.3021638173003,660.5342077060476,670.3,645.5
1771,1667,13.466593958383829,669.3021638173003,663.5342077060476,670.3,645.5
1771,1668,13.466593958383829,669.3021638173003,663.5342077060476,670.3,645.5
1771,1669,13.466593958383829,669.3021638173003,663.5342077060476,670.3,645.5
1771,1670,13.466593958383829,669.3021638173003,663.5342077060476,670.3,645.5
1771,1671,13.466593958383829,669.3021638173003,663.5342077060476,670.3,645.5
1771,1672,13.466593958383829,669.3021638173003,663.5342077060476,670.3,645.5
1771,1673,13.466593958383829,669.3021638173003,663.5342077060476,670.3,645.5
1771,1674,13.466593958383829,669.3021638173003,663.5342077060476,670.3,645.5
1771,1675,13.466593958383829,669.3021638173003,663.5342077060476,670.3,645.5
1771,1676,13.466593958383829,669.3021638173003,663.5342077060476,670.3,645.5
1771,1677,13.466593958383829,669.3021638173003,663.5342077060476,670.3,645.5
1771,1678,13.466593958383829,669.3021638173003,663.5342077060476,670.3,645.5
1771,1679,13.466593958383829,669.3021638173003,663.5342077060476,670.3,645.5
1771,1680,13.466593958383829,669.3021638173003,663.5342077060476,670.3,645.5
1771,1681,13.466593958383829,669.3021638173003,663.5342077060476,670.3,645.5
1771,1682,13.466593958383829,669.3021638173003,663.5342077060476,670.3,645.5
1771,1683,13.466593958383829,669.3021638173003,663.5342077060476,670.3,645.5
1771,1684,13.466593958383829,669.3021638173003,663.5342077060476,670.3,645.5
1771,1685,13.466593958383829,669.3021638173003,663.5342077060476,670.3,645.5
1771,1686,13.466593958383829,669.3021638173003,663.5342077060476,670.3,645.5
1771,1687,13.466593958383829,669.3021638173003,663.5342077060476,670.3,645.5
1771,1688,13.466593958383829,669.3021638173003,663.5342077060476,670.3,645.5
1771,1689,13.466593958383829,669.3021638173003,663.5342077060476,670.3,645.5
1771,1690,13.466593958383829,669.3021638173003,663.5342077060476,670.3,645.5
1771,1691,13.466593958383829,669.3021638173003,663.5342077060476,670.3,645.5
1771,1692,13.466593958383829,669.3021638173003,663.5342077060476,670.3,645.5
1771,1693,15.349702894249614,669.3021638173003,663.5342077060476,670.3,645.5
1771,1694,18.24947008382611,669.3021638173003,663.5342077060476,670.3,645.5
1771,1695,23.254039543397536,669.3021638173003,663.5342077060476,670.3,645.5
1771,1696,33.65462190076151,669.3021638173003,663.5342077060476,670.3,645.5
1771,1697,62.335717453065556,669.3021638173003,663.5342077060476,670.3,645.5
1771,1698,123.14402635535033,669.3021638173003,663.5342077060476,670.3,645.5
1771,1699,154.51042986679167,669.3021638173003,663.5342077060476,670.3,645.5
1771,1700,154.51042986679167,669.3021638173003,663.5342077060476,670.3,645.5
1771,1701,154.51042986679167,669.3021638173003,663.5342077060476,670.3,645.5
1771,1702,154.51042986679167,669.3021638173003,663.5342077060476,670.3,645.5
1771,1703,154.51042986679167,669.3021638173003,663.5342077060476,670.3,645.5
1771,1704,154.51042986679167,669.3021638173003,663.5342077060476,670.3,645.5
1771,1705,154.51042986679167,669.3021638173003,663.5342077060476,670.3,645.5
1771,1706,154.51042986679167,669.3021638173003,663.5342077060476,670.3,645.5
1771,1707,154.51042986679167,669.3021638173003,663.5342077060476,670.3,645.5
1771,1708,154.51042986679167,669.3021638173003,663.5342077060476,670.3,645.5
1771,1709,154.51042986679167,669.3021638173003,663.5342077060476,670.3,645.5
1771,1710,154.51042986679167,669.3021638173003,663.5342077060476,670.3,645.5
1771,1711,154.51042986679167,669.3021638173003,663.5342077060476,670.3,645.5
1772,1712,154.51042986679167,669.3021638173003,663.5342077060476,690.8846153846154,628.5846153846154
1773,1713,154.51042986679167,669.3021638173003,663.5342077060476,711.4692307692308,611.6692307692308
1774,1714,154.51042986679167,669.3021638173003,663.5342077060476,732.053846153846,594.7538461538461
1775,1715,154.51042986679167,669.3021638173003,663.5342077060476,752.6384615384615,577.8384615384615
1776,1716,154.51042986679167,669.3021638173003,663.5342077060476,773.2230769230769,560.9230769230769
1777,1717,154.51042986679167,669.3021638173003,663.5342077060476,793.8076923076923,544.0076923076923
1778,1718,154.51042986679167,669.3021638173003,663.5342077060476,814.3923076923077,527.0923076923077
1779,1719,154.51042986679167,669.3021638173003,663.5342077060476,834.9769230769231,510.1769230769231
1780,1720,154.51042986679167,669.3021638173003,663.5342077060476,855.5615384615385,493.26153846153846
1781,1721,154.51042986679167,669.3021638173003,663.5342077060476,876.1461538461538,476.34615384615387
1782,1722,154.51042986679167,669.3021638173003,663.5342077060476,896.7307692307692,459.4307692307692
1783,1723,154.51042986679167,669.3021638173003,663.5342077060476,917.3153846153846,442.5153846153846
1784,1724,154.51042986679167,669.3021638173003,663.5342077060476,937.9,425.6
1785,1725,154.51042986679167,669.3021638173003,663.5342077060476,937.9,425.6
1786,1726,154.51042986679167,669.3021638173003,663.5342077060476,937.9,425.6
1787,1727,154.51042986679167,669.3021638173003,663.5342077060476,937.9,425.6
1788,1728,154.51042986679167,669.3021638173003,663.5342077060476,937.9,425.6
1789,1729,154.51042986679167,669.3021638173003,663.5342077060476,937.9,425.6
1790,1730,154.51042986679167,669.3021638173003,663.5342077060476,937.9,425.6
1791,1731,154.51042986679167,669.3021638173003,663.5342077060476,937.9,425.6
1792,1732,154.51042986679167,669.3021638173003,663.5342077060476,937.9,425.6
1793,1733,154.51042986679167,669.3021638173003,663.5342077060476,937.9,425.6
1794,1734,154.51042986679167,669.3021638173003,663.5342077060476,937.9,425.6
1795,1735,154.51042986679167,669.3021638173003,663.5342077060476,937.9,425.6
1796,1736,154.51042986679167,669.3021638173003,663.5342077060476,937.9,425.6
1797,1737,154.51042986679167,669.3021638173003,663.5342077060476,937.9,425.6
1798,1738,154.51042986679167,669.3021638173003,663.5342077060476,937.9,425.6
1799,1739,154.51042986679167,669.3021638173003,663.5342077060476,937.9,425.6
1800,1740,154.51042986679167,669.3021638173003,663.5342077060476,937.9,425.6
1801,1741,154.51042986679167,669.3021638173003,663.5342077060476,937.9,425.6
1802,1742,154.51042986679167,669.3021638173003,663.5342077060476,937.9,425.6
1803,1743,154.51042986679167,669.3021638173003,663.5342077060476,937.9,425.6
1804,1744,154.51042986679167,669.3021638173003,663.5342077060476,937.9,425.6
1805,1745,154.51042986679167,669.3021638173003,663.5342077060476,937.9,425.6
1806,1746,143.2565243691285,669.3021638173003,663.5342077060476,937.9,425.6
1807,1747,107.64733606998071,811.3021638173003,502.5342077060476,937.9,425.6
1808,1748,41.443220476447856,811.3021638173003,502.5342077060476,937.9,425.6
1809,1749,16.59590707892646,811.3021638173003,502.5342077060476,937.9,425.6
1810,1750,7.918034507724327,811.3021638173003,502.5342077060476,937.9,425.6
1811,1751,3.7183025724106895,811.3021638173003,502.5342077060476,937.9,425.6
1812,1752,3.7183025724106895,811.3021638173003,502.5342077060476,937.9,425.6
1813,1753,3.7183025724106895,811.3021638173003,502.5342077060476,937.9,425.6
1814,1754,3.7183025724106895,811.3021638173003,502.5342077060476,937.9,425.6
1815,1755,3.7183025724106895,952.3021638173003,342.5342077060476,937.9,425.6
1816,1756,3.7183025724106895,952.3021638173003,342.5342077060476,937.9,425.6
1817,1757,3.7183025724106895,952.3021638173003,342.5342077060476,937.9,425.6
1818,1758,3.7183025724106895,952.3021638173003,342.5342077060476,937.9,425.6
1819,1759,3.7183025724106895,952.3021638173003,342.5342077060476,937.9,425.6
1820,1760,3.7183025724106895,952.3021638173003,342.5342077060476,937.9,425.6
1821,1761,3.7183025724106895,952.3021638173003,342.5342077060476,937.9,425.6
1822,1762,3.7183025724106895,952.3021638173003,342.5342077060476,937.9,425.6
1823,1763,3.7183025724106895,952.3021638173003,342.5342077060476,937.9,425.6
1824,1764,3.7183025724106895,952.3021638173003,342.5342077060476,937.9,425.6
1825,1765,3.7183025724106895,952.3021638173003,342.5342077060476,937.9,425.6
1826,1766,3.7183025724106895,952.3021638173003,342.5342077060476,937.9,425.6
1827,1767,3.7183025724106895,952.3021638173003,342.5342077060476,937.9,425.6
1828,1768,3.7183025724106895,952.3021638173003,342.5342077060476,937.9,425.6
1829,1769,3.7183025724106895,952.3021638173003,342.5342077060476,937.9,425.6
1830,1770,3.7183025724106895,952.3021638173003,342.5342077060476,937.9,425.6
1831,1771,3.7183025724106895,812.3021638173003,493.5342077060476,937.9,425.6
1832,1772,3.7183025724106895,812.3021638173003,493.5342077060476,937.9,425.6
1833,1773,3.7183025724106895,812.3021638173003,493.5342077060476,937.9,425.6
1834,1774,3.7183025724106895,812.3021638173003,493.5342077060476,937.9,425.6
1835,1775,3.7183025724106895,812.3021638173003,493.5342077060476,937.9,425.6
1836,1776,3.7183025724106895,812.3021638173003,493.5342077060476,937.9,425.6
1837,1777,18.150325857357434,812.3021638173003,493.5342077060476,937.9,425.6
1838,1778,44.29068795586189,812.3021638173003,493.5342077060476,937.9,425.6
1839,1779,65.99468651773061,812.3021638173003,493.5342077060476,937.9,425.6
1840,1780,80.32045756651128,812.3021638173003,493.5342077060476,937.9,425.6
1841,1781,89.41377649660814,672.3021638173003,644.5342077060476,937.9,425.6
1842,1782,95.41738138786819,672.3021638173003,644.5342077060476,937.9,425.6
1843,1783,99.59275737163512,672.3021638173003,644.5342077060476,937.9,425.6
1844,1784,99.59275737163512,672.3021638173003,644.5342077060476,937.9,425.6
1845,1785,99.59275737163512,672.3021638173003,644.5342077060476,937.9,425.6
1846,1786,99.59275737163512,672.3021638173003,644.5342077060476,937.9,425.6
1847,1787,99.59275737163512,672.3021638173003,644.5342077060476,937.9,425.6
1848,1788,99.59275737163512,672.3021638173003,644.5342077060476,937.9,425.6
1849,1789,99.59275737163512,672.3021638173003,644.5342077060476,937.9,425.6
1850,1790,99.59275737163512,672.3021638173003,644.5342077060476,937.9,425.6
1851,1791,99.59275737163512,672.3021638173003,644.5342077060476,937.9,425.6
1852,1792,99.59275737163512,672.3021638173003,644.5342077060476,937.9,425.6
1853,1793,99.59275737163512,672.3021638173003,644.5342077060476,937.9,425.6
1854,1794,99.59275737163512,672.3021638173003,644.5342077060476,937.9,425.6
1855,1795,99.59275737163512,672.3021638173003,644.5342077060476,937.9,425.6
1856,1796,99.59275737163512,672.3021638173003,644.5342077060476,937.9,425.6
1857,1797,99.59275737163512,672.3021638173003,644.5342077060476,937.9,425.6
1858,1798,99.59275737163512,672.3021638173003,644.5342077060476,937.9,425.6
1859,1799,99.59275737163512,672.3021638173003,644.5342077060476,937.9,425.6
1860,1800,99.59275737163512,672.3021638173003,644.5342077060476,937.9,425.6
1861,1801,99.59275737163512,672.3021638173003,644.5342077060476,937.9,425.6
1862,1802,99.59275737163512,672.3021638173003,644.5342077060476,937.9,425.6
1863,1803,99.59275737163512,672.3021638173003,644.5342077060476,937.9,425.6
1864,1804,91.24314412487098,672.3021638173003,644.5342077060476,937.9,425.6
1865,1805,78.8164957282557,672.3021638173003,644.5342077060476,937.9,425.6
1866,1806,60.781811044406155,672.3021638173003,644.5342077060476,889.38,464.28000000000003
1867,1807,38.27098327775239,672.3021638173003,644.5342077060476,840.86,502.96000000000004
1868,1808,16.956092467543826,672.3021638173003,644.5342077060476,792.3399999999999,541.64
1869,1809,1.1022096365845286,672.3021638173003,644.5342077060476,743.8199999999999,580.3199999999999
1870,1810,9.606246653817871,672.3021638173003,644.5342077060476,695.3,619.0
1871,1811,9.606246653817871,672.3021638173003,644.5342077060476,695.3,619.0
1872,1812,9.606246653817871,672.3021638173003,644.5342077060476,695.3,619.0
1873,1813,9.606246653817871,672.3021638173003,644.5342077060476,695.3,619.0
1874,1814,9.606246653817871,672.3021638173003,644.5342077060476,695.3,619.0
1875,1815,9.606246653817871,672.3021638173003,644.5342077060476,695.3,619.0
1876,1816,9.606246653817871,672.3021638173003,644.5342077060476,695.3,619.0
1877,1817,9.606246653817871,672.3021638173003,644.5342077060476,695.3,619.0
1878,1818,9.606246653817871,672.3021638173003,644.5342077060476,695.3,619.0
1879,1819,9.606246653817871,672.3021638173003,644.5342077060476,695.3,619.0
1880,1820,9.606246653817871,672.3021638173003,644.5342077060476,695.3,619.0
1881,1821,9.606246653817871,672.3021638173003,644.5342077060476,695.3,619.0
1882,1822,9.606246653817871,672.3021638173003,644.5342077060476,695.3,619.0
1883,1823,9.606246653817871,672.3021638173003,644.5342077060476,695.3,619.0
1884,1824,9.606246653817871,672.3021638173003,644.5342077060476,695.3,619.0
1885,1825,9.606246653817871,672.3021638173003,644.5342077060476,695.3,619.0
1886,1826,9.606246653817871,672.3021638173003,644.5342077060476,695.3,619.0
1887,1827,9.606246653817871,672.3021638173003,644.5342077060476,695.3,619.0
1888,1828,9.606246653817871,672.3021638173003,644.5342077060476,695.3,619.0
1889,1829,9.606246653817871,672.3021638173003,644.5342077060476,695.3,619.0
1890,1830,9.606246653817871,672.3021638173003,644.5342077060476,695.3,619.0
1891,1831,9.606246653817871,672.3021638173003,644.5342077060476,695.3,619.0
1892,1832,9.606246653817871,672.3021638173003,644.5342077060476,695.3,619.0
1893,1833,9.606246653817871,672.3021638173003,644.5342077060476,695.3,619.0
1894,1834,9.606246653817871,672.3021638173003,644.5342077060476,695.3,619.0
1895,1835,9.606246653817871,672.3021638173003,644.5342077060476,695.3,619.0
1896,1836,9.606246653817871,672.3021638173003,644.5342077060476,695.3,619.0
1897,1837,9.606246653817871,672.3021638173003,644.5342077060476,695.3,619.0
1898,1838,12.178514091181107,672.3021638173003,644.5342077060476,695.3,619.0
1899,1839,14.586443623060998,672.3021638173003,644.5342077060476,695.3,619.0
1900,1840,14.586443623060998,672.3021638173003,644.5342077060476,695.3,619.0
1901,1841,14.586443623060998,672.3021638173003,644.5342077060476,695.3,619.0
1902,1842,14.586443623060998,672.3021638173003,644.5342077060476,695.3,619.0
1903,1843,14.586443623060998,672.3021638173003,644.5342077060476,695.3,619.0
1904,1844,14.586443623060998,672.3021638173003,644.5342077060476,695.3,619.0
1905,1845,14.586443623060998,672.3021638173003,644.5342077060476,695.3,619.0
1906,1846,14.586443623060998,672.3021638173003,644.5342077060476,739.9166666666666,625.5166666666667
1907,1847,14.586443623060998,672.3021638173003,644.5342077060476,784.5333333333333,632.0333333333333
1908,1848,14.586443623060998,672.3021638173003,644.5342077060476,829.15,638.55
1909,1849,14.586443623060998,672.3021638173003,644.5342077060476,873.7666666666667,645.0666666666667
1910,1850,14.586443623060998,672.3021638173003,644.5342077060476,918.3833333333333,651.5833333333334
1911,1851,14.586443623060998,672.3021638173003,644.5342077060476,963.0,658.1
1912,1852,14.586443623060998,672.3021638173003,644.5342077060476,963.0,658.1
1913,1853,14.586443623060998,672.3021638173003,644.5342077060476,963.0,658.1
1914,1854,14.586443623060998,672.3021638173003,644.5342077060476,963.0,658.1
1915,1855,15.20342107255709,672.3021638173003,644.5342077060476,963.0,658.1
1916,1856,15.20342107255709,672.3021638173003,644.5342077060476,963.0,658.1
1917,1857,15.20342107255709,672.3021638173003,644.5342077060476,963.0,658.1
1918,1858,15.20342107255709,672.3021638173003,644.5342077060476,963.0,658.1
1919,1859,15.20342107255709,672.3021638173003,644.5342077060476,963.0,658.1
1920,1860,15.20342107255709,672.3021638173003,644.5342077060476,963.0,658.1
1921,1861,15.20342107255709,672.3021638173003,644.5342077060476,963.0,658.1
1922,1862,15.20342107255709,672.3021638173003,644.5342077060476,963.0,658.1
1923,1863,15.20342107255709,672.3021638173003,644.5342077060476,963.0,658.1
1924,1864,15.20342107255709,672.3021638173003,644.5342077060476,963.0,658.1
1925,1865,15.20342107255709,672.3021638173003,644.5342077060476,963.0,658.1
1926,1866,15.20342107255709,672.3021638173003,644.5342077060476,963.0,658.1
1927,1867,8.128343949394065,672.3021638173003,644.5342077060476,963.0,658.1
1928,1868,2.3216275448445476,672.3021638173003,644.5342077060476,963.0,658.1
1929,1869,17.85093208611629,672.3021638173003,644.5342077060476,963.0,658.1
1930,1870,38.98145758830355,672.3021638173003,644.5342077060476,963.0,658.1
1931,1871,42.558616548794525,672.3021638173003,644.5342077060476,963.0,658.1
1931,1872,24.127410873457816,672.3021638173003,644.5342077060476,963.0,658.1
1931,1873,11.393485619505412,672.3021638173003,644.5342077060476,963.0,658.1
1931,1874,2.8562368404887826,672.3021638173003,644.5342077060476,963.0,658.1
1932,1875,3.0238251142814034,891.3021638173003,655.5342077060476,963.0,658.1
1933,1876,3.0238251142814034,891.3021638173003,655.5342077060476,963.0,658.1
1934,1877,3.0238251142814034,891.3021638173003,655.5342077060476,963.0,658.1
1935,1878,3.0238251142814034,891.3021638173003,655.5342077060476,963.0,658.1
1936,1879,3.0238251142814034,891.3021638173003,655.5342077060476,963.0,658.1
1937,1880,3.0238251142814034,891.3021638173003,655.5342077060476,963.0,658.1
1938,1881,3.0238251142814034,891.3021638173003,655.5342077060476,964.5,595.05
1939,1882,3.0238251142814034,891.3021638173003,655.5342077060476,966.0,532.0
1940,1883,3.0238251142814034,891.3021638173003,655.5342077060476,967.5,468.95
1941,1884,3.0238251142814034,891.3021638173003,655.5342077060476,969.0,405.9
1942,1885,3.0238251142814034,891.3021638173003,655.5342077060476,969.0,405.9
1943,1886,3.0238251142814034,891.3021638173003,655.5342077060476,969.0,405.9
1944,1887,3.0238251142814034,891.3021638173003,655.5342077060476,969.0,405.9
1945,1888,3.0238251142814034,891.3021638173003,655.5342077060476,969.0,405.9
1946,1889,3.0238251142814034,891.3021638173003,655.5342077060476,969.0,405.9
1947,1890,3.0238251142814034,891.3021638173003,655.5342077060476,969.0,405.9
1948,1891,3.0238251142814034,891.3021638173003,655.5342077060476,969.0,405.9
1949,1892,3.0238251142814034,891.3021638173003,655.5342077060476,969.0,405.9
1950,1893,3.0238251142814034,891.3021638173003,655.5342077060476,969.0,405.9
1951,1894,3.0238251142814034,891.3021638173003,655.5342077060476,969.0,405.9
1952,1895,3.0238251142814034,891.3021638173003,655.5342077060476,969.0,405.9
1953,1896,3.0238251142814034,891.3021638173003,655.5342077060476,969.0,405.9
1954,1897,3.0238251142814034,891.3021638173003,655.5342077060476,969.0,405.9
1955,1898,3.0238251142814034,891.3021638173003,655.5342077060476,969.0,405.9
1956,1899,3.0238251142814034,925.3021638173003,486.5342077060476,969.0,405.9
1957,1900,3.0238251142814034,925.3021638173003,486.5342077060476,969.0,405.9
1958,1901,3.0238251142814034,925.3021638173003,486.5342077060476,969.0,405.9
1959,1902,3.0238251142814034,925.3021638173003,486.5342077060476,969.0,405.9
1960,1903,3.0238251142814034,925.3021638173003,486.5342077060476,969.0,405.9
1961,1904,3.0238251142814034,925.3021638173003,486.5342077060476,969.0,405.9
1962,1905,3.0238251142814034,925.3021638173003,486.5342077060476,969.0,405.9
1963,1906,3.0238251142814034,925.3021638173003,486.5342077060476,969.0,405.9
1964,1907,3.0238251142814034,925.3021638173003,486.5342077060476,969.0,405.9
1965,1908,3.0238251142814034,960.3021638173003,316.5342077060476,969.0,405.9
1966,1909,3.0238251142814034,960.3021638173003,316.5342077060476,969.0,405.9
1967,1910,3.0238251142814034,960.3021638173003,316.5342077060476,969.0,405.9
1968,1911,3.0238251142814034,960.3021638173003,316.5342077060476,969.0,405.9
1969,1912,3.0238251142814034,960.3021638173003,316.5342077060476,969.0,405.9
1970,1913,3.0238251142814034,960.3021638173003,316.5342077060476,969.0,405.9
1971,1914,3.0238251142814034,960.3021638173003,316.5342077060476,969.0,405.9
1972,1915,3.0238251142814034,960.3021638173003,316.5342077060476,969.0,405.9
1973,1916,3.0238251142814034,960.3021638173003,316.5342077060476,969.0,405.9
1974,1917,3.0238251142814034,960.3021638173003,316.5342077060476,969.0,405.9
1975,1918,4.151720360177379,960.3021638173003,316.5342077060476,969.0,405.9
1976,1919,5.3744070977071745,960.3021638173003,316.5342077060476,969.0,405.9
1977,1920,6.7030918442325635,960.3021638173003,316.5342077060476,969.0,405.9
1978,1921,8.150549881819385,960.3021638173003,316.5342077060476,969.0,405.9
1979,1922,8.887790479757546,960.3021638173003,316.5342077060476,969.0,405.9
1979,1923,7.157146948828036,960.3021638173003,241.5342077060476,969.0,405.9
1980,1924,5.257924473248984,960.3021638173003,241.5342077060476,969.0,405.9
1981,1925,3.1690772452873173,960.3021638173003,241.5342077060476,969.0,405.9
1982,1926,0.8671842864744267,960.3021638173003,241.5342077060476,969.0,405.9
1983,1927,1.6734155963507016,960.3021638173003,241.5342077060476,969.0,405.9
1984,1928,4.480185587894152,960.3021638173003,241.5342077060476,969.0,405.9
1985,1929,7.581480671716997,960.3021638173003,241.5342077060476,969.0,405.9
1986,1930,11.004950464408509,960.3021638173003,241.5342077060476,969.0,405.9
1987,1931,14.775018498118666,960.3021638173003,241.5342077060476,969.0,405.9
1988,1932,18.79973458938065,960.3021638173003,241.5342077060476,969.0,405.9
1989,1933,14.29537840628481,960.3021638173003,241.5342077060476,969.0,405.9
1990,1934,9.432005343926486,960.3021638173003,241.5342077060476,969.0,405.9
1991,1935,4.242983824278121,960.3021638173003,241.5342077060476,969.0,405.9
1992,1936,1.2127748031844536,960.3021638173003,241.5342077060476,969.0,405.9
1993,1936,1.2127748031844536,960.3021638173003,241.5342077060476,969.0,405.9
1994,1936,1.2127748031844536,960.3021638173003,241.5342077060476,969.0,405.9
1995,1936,1.2127748031844536,953.3021638173003,332.5342077060476,969.0,405.9
1996,1936,1.2127748031844536,953.3021638173003,332.5342077060476,969.0,405.9
1997,1936,1.2127748031844536,953.3021638173003,332.5342077060476,969.0,405.9
1998,1936,1.2127748031844536,953.3021638173003,332.5342077060476,969.0,405.9
1999,1936,1.2127748031844536,953.3021638173003,332.5342077060476,969.0,405.9
2000,1936,1.2127748031844536,953.3021638173003,332.5342077060476,969.0,405.9
2001,1936,1.2127748031844536,953.3021638173003,332.5342077060476,969.0,405.9
2002,1936,1.2127748031844536,953.3021638173003,332.5342077060476,969.0,405.9
2003,1936,1.2127748031844536,946.3021638173003,422.5342077060476,969.0,405.9
2004,1936,1.2127748031844536,946.3021638173003,422.5342077060476,969.0,405.9
2005,1936,1.2127748031844536,946.3021638173003,422.5342077060476,969.0,405.9
2006,1936,1.2127748031844536,946.3021638173003,422.5342077060476,969.0,405.9
2007,1936,1.2127748031844536,946.3021638173003,422.5342077060476,969.0,405.9
2008,1936,1.2127748031844536,946.3021638173003,422.5342077060476,969.0,405.9
2009,1936,1.2127748031844536,946.3021638173003,422.5342077060476,969.0,405.9
2010,1936,1.2127748031844536,946.3021638173003,422.5342077060476,969.0,405.9
2011,1936,1.2127748031844536,946.3021638173003,422.5342077060476,969.0,405.9
2012,1936,1.2127748031844536,939.3021638173003,513.5342077060476,969.0,405.9
2013,1936,1.2127748031844536,939.3021638173003,513.5342077060476,969.0,405.9
2014,1936,1.2127748031844536,939.3021638173003,513.5342077060476,969.0,405.9
2015,1936,1.2127748031844536,939.3021638173003,513.5342077060476,969.0,405.9
2016,1936,1.2127748031844536,939.3021638173003,513.5342077060476,969.0,405.9
2017,1936,1.2127748031844536,939.3021638173003,513.5342077060476,969.0,405.9
2018,1936,1.2127748031844536,939.3021638173003,513.5342077060476,970.7,370.95
2019,1936,1.2127748031844536,933.3021638173003,604.5342077060476,972.4,336.0
2020,1936,1.2127748031844536,933.3021638173003,604.5342077060476,974.0999999999999,301.05
2021,1936,1.2127748031844536,933.3021638173003,604.5342077060476,975.8,266.1
2022,1936,1.2127748031844536,933.3021638173003,604.5342077060476,975.8,266.1
2023,1936,1.2127748031844536,933.3021638173003,604.5342077060476,975.8,266.1
2024,1936,1.2127748031844536,933.3021638173003,604.5342077060476,975.8,266.1
2025,1936,1.2127748031844536,933.3021638173003,604.5342077060476,975.8,266.1
2026,1936,1.2127748031844536,933.3021638173003,604.5342077060476,975.8,266.1
2027,1936,1.2127748031844536,933.3021638173003,604.5342077060476,975.8,266.1
2028,1936,1.2127748031844536,933.3021638173003,604.5342077060476,975.8,266.1
2029,1936,1.2127748031844536,933.3021638173003,604.5342077060476,975.8,266.1
2030,1936,1.2127748031844536,933.3021638173003,604.5342077060476,975.8,266.1
2031,1936,1.2127748031844536,933.3021638173003,604.5342077060476,975.8,266.1
2032,1936,1.2127748031844536,933.3021638173003,604.5342077060476,975.8,266.1
2033,1936,1.2127748031844536,933.3021638173003,604.5342077060476,975.8,266.1
2034,1936,1.2127748031844536,933.3021638173003,604.5342077060476,975.8,266.1
2035,1936,1.2127748031844536,933.3021638173003,604.5342077060476,975.8,266.1
2036,1936,1.2127748031844536,933.3021638173003,604.5342077060476,975.8,266.1
2037,1936,1.2127748031844536,933.3021638173003,604.5342077060476,975.8,266.1
2038,1936,1.2127748031844536,933.3021638173003,604.5342077060476,975.8,266.1
2039,1936,1.2127748031844536,933.3021638173003,604.5342077060476,975.8,266.1
2040,1937,6.851340118325285,933.3021638173003,604.5342077060476,975.8,266.1
2041,1938,12.569379513274587,933.3021638173003,604.5342077060476,975.8,266.1
2042,1939,18.25453228790076,933.3021638173003,604.5342077060476,975.8,266.1
2043,1940,18.11642227268842,933.3021638173003,604.5342077060476,1019.3285714285714,264.0
2043,1941,12.807231823605674,933.3021638173003,604.5342077060476,1062.857142857143,261.90000000000003
2043,1942,7.802247091054177,933.3021638173003,604.5342077060476,1106.3857142857141,259.8
2043,1943,7.802247091054177,933.3021638173003,604.5342077060476,1149.9142857142856,257.7
2043,1944,7.802247091054177,933.3021638173003,604.5342077060476,1193.442857142857,255.60000000000002
2043,1945,7.802247091054177,933.3021638173003,604.5342077060476,1236.9714285714285,253.5
2043,1946,7.802247091054177,933.3021638173003,604.5342077060476,1280.5,251.4
2043,1947,7.802247091054177,933.3021638173003,604.5342077060476,1280.5,251.4
2043,1948,7.802247091054177,933.3021638173003,604.5342077060476,1280.5,251.4
2043,1949,7.802247091054177,933.3021638173003,604.5342077060476,1280.5,251.4
2043,1950,7.802247091054177,933.3021638173003,604.5342077060476,1280.5,251.4
2043,1951,7.802247091054177,933.3021638173003,604.5342077060476,1280.5,251.4
2043,1952,7.802247091054177,933.3021638173003,604.5342077060476,1280.5,251.4
2043,1953,7.802247091054177,933.3021638173003,604.5342077060476,1280.5,251.4
2043,1954,7.802247091054177,933.3021638173003,604.5342077060476,1280.5,251.4
2043,1955,7.802247091054177,933.3021638173003,604.5342077060476,1280.5,251.4
2043,1956,7.802247091054177,933.3021638173003,604.5342077060476,1280.5,251.4
2044,1957,7.802247091054177,933.3021638173003,604.5342077060476,1280.5,251.4
2045,1958,7.802247091054177,933.3021638173003,604.5342077060476,1280.5,251.4
2046,1959,7.802247091054177,933.3021638173003,604.5342077060476,1280.5,251.4
2047,1960,7.802247091054177,933.3021638173003,604.5342077060476,1280.5,251.4
2048,1961,7.802247091054177,933.3021638173003,604.5342077060476,1280.5,251.4
2049,1962,7.802247091054177,933.3021638173003,604.5342077060476,1280.5,251.4
2050,1963,7.802247091054177,933.3021638173003,604.5342077060476,1280.5,251.4
2051,1964,7.802247091054177,933.3021638173003,604.5342077060476,1207.8,258.7
2052,1965,7.802247091054177,933.3021638173003,604.5342077060476,1135.1,266.0
2053,1966,7.802247091054177,933.3021638173003,604.5342077060476,1062.4,273.3
2054,1967,7.802247091054177,933.3021638173003,604.5342077060476,989.7,280.6
2055,1968,7.802247091054177,933.3021638173003,604.5342077060476,989.7,280.6
2056,1969,7.802247091054177,933.3021638173003,604.5342077060476,989.7,280.6
2057,1970,7.802247091054177,933.3021638173003,604.5342077060476,989.7,280.6
2058,1971,7.802247091054177,933.3021638173003,604.5342077060476,989.7,280.6
2059,1972,7.802247091054177,933.3021638173003,604.5342077060476,989.7,280.6
2060,1973,7.802247091054177,933.3021638173003,604.5342077060476,989.7,280.6
2061,1974,7.802247091054177,933.3021638173003,604.5342077060476,989.7,280.6
2062,1975,7.802247091054177,933.3021638173003,604.5342077060476,989.7,280.6
2063,1976,7.802247091054177,933.3021638173003,604.5342077060476,989.7,280.6
2064,1977,7.802247091054177,933.3021638173003,604.5342077060476,989.7,280.6
2065,1978,7.802247091054177,933.3021638173003,604.5342077060476,989.7,280.6
2066,1979,0.31899836641080004,933.3021638173003,604.5342077060476,989.7,280.6
2067,1980,20.189409787565307,933.3021638173003,604.5342077060476,989.7,280.6
2068,1980,20.189409787565307,933.3021638173003,604.5342077060476,989.7,280.6
2069,1980,20.189409787565307,933.3021638173003,604.5342077060476,989.7,280.6
2070,1980,20.189409787565307,933.3021638173003,604.5342077060476,989.7,280.6
2071,1980,20.189409787565307,933.3021638173003,604.5342077060476,989.7,280.6
2072,1980,20.189409787565307,933.3021638173003,604.5342077060476,989.7,280.6
2073,1980,20.189409787565307,933.3021638173003,604.5342077060476,989.7,280.6
2074,1980,20.189409787565307,933.3021638173003,604.5342077060476,989.7,280.6
2075,1980,20.189409787565307,938.3021638173003,687.5342077060476,989.7,280.6
2076,1980,20.189409787565307,938.3021638173003,687.5342077060476,989.7,280.6
2077,1980,7.990858033586083,938.3021638173003,687.5342077060476,989.7,280.6
2078,1980,7.990858033586083,938.3021638173003,687.5342077060476,989.7,280.6
2079,1980,7.990858033586083,938.3021638173003,687.5342077060476,989.7,280.6
2080,1980,7.990858033586083,938.3021638173003,687.5342077060476,989.7,280.6
2081,1980,7.990858033586083,938.3021638173003,687.5342077060476,989.7,280.6
2082,1981,102.79860064716537,938.3021638173003,687.5342077060476,989.7,280.6
2083,1982,116.51799353858496,938.3021638173003,687.5342077060476,989.7,280.6
2084,1983,120.71446336521441,938.3021638173003,687.5342077060476,989.7,280.6
2085,1984,120.71446336521441,938.3021638173003,687.5342077060476,989.7,280.6
2086,1985,120.71446336521441,938.3021638173003,687.5342077060476,989.7,280.6
2087,1986,120.71446336521441,938.3021638173003,687.5342077060476,989.7,280.6
2088,1987,120.71446336521441,938.3021638173003,687.5342077060476,989.7,280.6
2089,1988,120.71446336521441,938.3021638173003,687.5342077060476,989.7,280.6
2090,1989,120.71446336521441,938.3021638173003,687.5342077060476,989.7,280.6
2091,1990,120.71446336521441,938.3021638173003,687.5342077060476,989.7,280.6
2092,1991,120.71446336521441,938.3021638173003,687.5342077060476,989.7,280.6
2093,1992,120.71446336521441,944.3021638173003,474.5342077060476,989.7,280.6
2094,1993,120.71446336521441,944.3021638173003,474.5342077060476,989.7,280.6
2095,1994,120.71446336521441,944.3021638173003,474.5342077060476,989.7,280.6
2096,1995,120.71446336521441,944.3021638173003,474.5342077060476,989.7,280.6
2097,1996,120.71446336521441,944.3021638173003,474.5342077060476,989.7,280.6
2098,1997,120.71446336521441,944.3021638173003,474.5342077060476,989.7,280.6
2099,1998,120.71446336521441,951.3021638173003,262.5342077060476,989.7,280.6
2100,1999,166.64323425378328,951.3021638173003,262.5342077060476,989.7,280.6
2101,2000,166.64323425378328,951.3021638173003,262.5342077060476,987.74,311.92
2102,2001,166.64323425378328,951.3021638173003,262.5342077060476,985.78,343.24
2103,2002,166.64323425378328,951.3021638173003,262.5342077060476,983.82,374.56
2104,2003,166.64323425378328,951.3021638173003,262.5342077060476,981.86,405.88
2105,2004,166.64323425378328,951.3021638173003,262.5342077060476,979.9,437.2
2106,2005,166.64323425378328,951.3021638173003,262.5342077060476,979.9,437.2
2107,2006,106.96550802070209,951.3021638173003,262.5342077060476,979.9,437.2
2107,2007,89.12024530194935,951.3021638173003,262.5342077060476,979.9,437.2
2107,2008,70.7854566601586,951.3021638173003,262.5342077060476,979.9,437.2
2107,2009,55.192999771949545,951.3021638173003,262.5342077060476,979.9,437.2
2107,2010,43.43361501632764,951.3021638173003,262.5342077060476,979.9,437.2
2107,2011,34.91778456283179,951.3021638173003,262.5342077060476,979.9,437.2
2107,2012,28.719552120437093,951.3021638173003,262.5342077060476,979.9,437.2
2107,2013,24.105770612877524,951.3021638173003,262.5342077060476,979.9,437.2
2107,2014,24.105770612877524,951.3021638173003,262.5342077060476,979.9,437.2
2107,2015,24.105770612877524,951.3021638173003,262.5342077060476,979.9,437.2
2107,2016,24.105770612877524,951.3021638173003,262.5342077060476,979.9,437.2
2107,2017,24.105770612877524,951.3021638173003,262.5342077060476,979.9,437.2
2107,2018,24.105770612877524,951.3021638173003,262.5342077060476,979.9,437.2
2107,2019,24.105770612877524,951.3021638173003,262.5342077060476,979.9,437.2
2107,2020,24.105770612877524,951.3021638173003,262.5342077060476,979.9,437.2
2107,2021,24.105770612877524,951.3021638173003,262.5342077060476,979.9,437.2
2107,2022,24.105770612877524,928.3021638173003,457.5342077060476,979.9,437.2
2107,2023,24.105770612877524,928.3021638173003,457.5342077060476,979.9,437.2
2107,2024,24.105770612877524,928.3021638173003,457.5342077060476,979.9,437.2
2107,2025,24.105770612877524,928.3021638173003,457.5342077060476,979.9,437.2
2107,2026,24.105770612877524,928.3021638173003,457.5342077060476,979.9,437.2
2107,2027,24.105770612877524,928.3021638173003,457.5342077060476,979.9,437.2
2107,2028,24.105770612877524,928.3021638173003,457.5342077060476,979.9,437.2
2107,2029,24.105770612877524,928.3021638173003,457.5342077060476,979.9,437.2
2107,2030,24.105770612877524,905.3021638173003,651.5342077060476,979.9,437.2
2107,2031,24.105770612877524,905.3021638173003,651.5342077060476,979.9,437.2
2107,2032,24.105770612877524,905.3021638173003,651.5342077060476,979.9,437.2
2107,2033,24.105770612877524,905.3021638173003,651.5342077060476,979.9,437.2
2107,2034,24.105770612877524,905.3021638173003,651.5342077060476,979.9,437.2
2107,2035,24.105770612877524,905.3021638173003,651.5342077060476,979.9,437.2
2107,2036,24.105770612877524,905.3021638173003,651.5342077060476,979.9,437.2
2107,2037,24.105770612877524,905.3021638173003,651.5342077060476,979.9,437.2
2107,2038,24.105770612877524,905.3021638173003,651.5342077060476,979.9,437.2
2107,2039,24.105770612877524,905.3021638173003,651.5342077060476,979.9,437.2
2107,2040,24.105770612877524,905.3021638173003,651.5342077060476,979.9,437.2
2107,2041,24.105770612877524,905.3021638173003,651.5342077060476,979.9,437.2
2107,2042,24.105770612877524,905.3021638173003,651.5342077060476,979.9,437.2
2107,2043,24.105770612877524,905.3021638173003,651.5342077060476,979.9,437.2
2107,2044,24.105770612877524,905.3021638173003,651.5342077060476,979.9,437.2
2107,2045,24.105770612877524,905.3021638173003,651.5342077060476,979.9,437.2
2107,2046,24.105770612877524,905.3021638173003,651.5342077060476,979.9,437.2
2107,2047,24.105770612877524,905.3021638173003,651.5342077060476,979.9,437.2
2107,2048,24.105770612877524,905.3021638173003,651.5342077060476,979.9,437.2
2107,2049,24.105770612877524,905.3021638173003,651.5342077060476,979.9,437.2
2107,2050,24.105770612877524,905.3021638173003,651.5342077060476,979.9,437.2
2107,2051,20.595753157505108,905.3021638173003,651.5342077060476,979.9,437.2
2107,2052,17.046294214597168,905.3021638173003,651.5342077060476,979.9,437.2
2107,2053,13.484221390013376,905.3021638173003,651.5342077060476,979.9,437.2
2108,2054,9.936937420129858,905.3021638173003,651.5342077060476,979.9,437.2
2109,2055,9.936937420129858,905.3021638173003,651.5342077060476,979.9,437.2
2110,2056,9.936937420129858,905.3021638173003,651.5342077060476,979.9,437.2
2111,2057,9.936937420129858,905.3021638173003,651.5342077060476,979.9,437.2
2112,2058,9.936937420129858,905.3021638173003,651.5342077060476,979.9,437.2
2113,2059,9.936937420129858,905.3021638173003,651.5342077060476,979.9,437.2
2114,2060,9.936937420129858,905.3021638173003,651.5342077060476,979.9,437.2
2115,2061,9.936937420129858,905.3021638173003,651.5342077060476,979.9,437.2
2116,2062,9.936937420129858,905.3021638173003,651.5342077060476,979.9,437.2
2117,2063,9.936937420129858,905.3021638173003,651.5342077060476,979.9,437.2
2118,2064,9.936937420129858,788.3021638173003,677.5342077060476,979.9,437.2
2119,2065,9.936937420129858,788.3021638173003,677.5342077060476,979.9,437.2
2120,2066,9.936937420129858,788.3021638173003,677.5342077060476,979.9,437.2
2121,2067,9.936937420129858,788.3021638173003,677.5342077060476,979.9,437.2
2122,2068,9.936937420129858,788.3021638173003,677.5342077060476,979.9,437.2
2123,2069,9.936937420129858,788.3021638173003,677.5342077060476,979.9,437.2
2124,2070,9.936937420129858,670.3021638173003,702.5342077060476,979.9,437.2
2125,2071,9.936937420129858,670.3021638173003,702.5342077060476,979.9,437.2
2126,2072,9.936937420129858,670.3021638173003,702.5342077060476,979.9,437.2
2127,2073,9.936937420129858,670.3021638173003,702.5342077060476,979.9,437.2
2128,2074,9.936937420129858,670.3021638173003,702.5342077060476,979.9,437.2
2129,2075,9.936937420129858,670.3021638173003,702.5342077060476,979.9,437.2
2130,2076,4.196817815364596,670.3021638173003,702.5342077060476,979.9,437.2
2131,2077,3.7036488145233415,670.3021638173003,702.5342077060476,979.9,437.2
2132,2078,1.6233473041404545,670.3021638173003,702.5342077060476,979.9,437.2
2133,2078,1.6233473041404545,670.3021638173003,702.5342077060476,979.9,437.2
2134,2078,1.6233473041404545,670.3021638173003,702.5342077060476,979.9,437.2
2135,2078,1.6233473041404545,670.3021638173003,702.5342077060476,979.9,437.2
2136,2078,1.6233473041404545,670.3021638173003,702.5342077060476,979.9,437.2
2137,2078,1.6233473041404545,670.3021638173003,702.5342077060476,979.9,437.2
2138,2078,1.6233473041404545,670.3021638173003,702.5342077060476,979.9,437.2
2139,2078,1.6233473041404545,670.3021638173003,702.5342077060476,979.9,437.2
2140,2078,1.6233473041404545,670.3021638173003,702.5342077060476,979.9,437.2
2141,2079,10.451574271844278,670.3021638173003,702.5342077060476,979.9,437.2
2142,2080,7.932375238751394,670.3021638173003,702.5342077060476,985.125,496.025
2143,2081,7.932375238751394,670.3021638173003,702.5342077060476,990.3499999999999,554.85
2144,2082,7.932375238751394,670.3021638173003,702.5342077060476,995.5749999999999,613.675
2145,2083,7.932375238751394,670.3021638173003,702.5342077060476,1000.8,672.5
2146,2084,7.932375238751394,670.3021638173003,702.5342077060476,1000.8,672.5
2147,2085,7.932375238751394,670.3021638173003,702.5342077060476,1000.8,672.5
2148,2086,7.932375238751394,670.3021638173003,702.5342077060476,1000.8,672.5
2149,2087,7.932375238751394,670.3021638173003,702.5342077060476,1000.8,672.5
2150,2088,7.932375238751394,670.3021638173003,702.5342077060476,1000.8,672.5
2151,2089,7.932375238751394,670.3021638173003,702.5342077060476,1000.8,672.5
2152,2090,7.932375238751394,670.3021638173003,702.5342077060476,1000.8,672.5
2153,2091,7.932375238751394,670.3021638173003,702.5342077060476,1000.8,672.5
2154,2092,7.932375238751394,670.3021638173003,702.5342077060476,1000.8,672.5
2155,2093,7.932375238751394,670.3021638173003,702.5342077060476,1000.8,672.5
2156,2094,7.932375238751394,670.3021638173003,702.5342077060476,1000.8,672.5
2157,2095,7.932375238751394,670.3021638173003,702.5342077060476,1000.8,672.5
2158,2096,7.932375238751394,670.3021638173003,702.5342077060476,1000.8,672.5
2159,2097,7.932375238751394,670.3021638173003,702.5342077060476,1000.8,672.5
2160,2098,7.932375238751394,670.3021638173003,702.5342077060476,1000.8,672.5
2161,2099,7.932375238751394,670.3021638173003,702.5342077060476,1000.8,672.5
2162,2100,7.932375238751394,670.3021638173003,702.5342077060476,1000.8,672.5
2163,2101,7.932375238751394,670.3021638173003,702.5342077060476,1000.8,672.5
2164,2102,7.932375238751394,670.3021638173003,702.5342077060476,1000.8,672.5
2165,2103,7.932375238751394,670.3021638173003,702.5342077060476,1000.8,672.5
2166,2104,7.932375238751394,670.3021638173003,702.5342077060476,1000.8,672.5
2167,2105,7.932375238751394,670.3021638173003,702.5342077060476,1000.8,672.5
2168,2106,7.932375238751394,670.3021638173003,702.5342077060476,1000.8,672.5
2169,2107,7.932375238751394,670.3021638173003,702.5342077060476,1000.8,672.5
2170,2108,7.932375238751394,670.3021638173003,702.5342077060476,1000.8,672.5
2171,2109,7.932375238751394,670.3021638173003,702.5342077060476,1000.8,672.5
2172,2110,7.932375238751394,670.3021638173003,702.5342077060476,1000.8,672.5
2173,2111,7.932375238751394,670.3021638173003,702.5342077060476,1000.8,672.5
2174,2112,7.932375238751394,670.3021638173003,702.5342077060476,1000.8,672.5
2175,2113,7.932375238751394,670.3021638173003,702.5342077060476,1008.4,672.9
2176,2114,7.932375238751394,670.3021638173003,702.5342077060476,1016.0,673.3
2177,2115,5.344714726479007,670.3021638173003,702.5342077060476,1016.0,673.3
2178,2116,1.9535530823328553,670.3021638173003,702.5342077060476,1016.0,673.3
2179,2116,1.9535530823328553,670.3021638173003,702.5342077060476,1016.0,673.3
2180,2116,1.9535530823328553,670.3021638173003,702.5342077060476,1016.0,673.3
2181,2116,1.9535530823328553,670.3021638173003,702.5342077060476,1016.0,673.3
2182,2116,1.9535530823328553,670.3021638173003,702.5342077060476,1016.0,673.3
2183,2116,1.9535530823328553,670.3021638173003,702.5342077060476,1016.0,673.3
2184,2116,1.9535530823328553,670.3021638173003,702.5342077060476,1016.0,673.3
2185,2116,1.9535530823328553,670.3021638173003,702.5342077060476,1016.0,673.3
2186,2116,1.9535530823328553,670.3021638173003,702.5342077060476,1016.0,673.3
2187,2116,1.9535530823328553,670.3021638173003,702.5342077060476,1016.0,673.3
2188,2117,2.6442109928299082,670.3021638173003,702.5342077060476,1016.0,673.3
2189,2118,2.6442109928299082,949.3021638173003,694.5342077060476,1016.0,673.3
2190,2119,2.6442109928299082,949.3021638173003,694.5342077060476,1016.0,673.3
2191,2120,2.6442109928299082,949.3021638173003,694.5342077060476,1016.0,673.3
2192,2121,2.6442109928299082,949.3021638173003,694.5342077060476,1016.0,673.3
2193,2122,2.6442109928299082,949.3021638173003,694.5342077060476,1016.0,673.3
2194,2123,2.6442109928299082,949.3021638173003,694.5342077060476,1016.0,673.3
2195,2124,2.6442109928299082,949.3021638173003,694.5342077060476,1016.0,673.3
2196,2125,2.6442109928299082,1229.3021638173004,686.5342077060476,1016.0,673.3
2197,2126,2.6442109928299082,1229.3021638173004,686.5342077060476,1016.0,673.3
2198,2127,2.6442109928299082,1229.3021638173004,686.5342077060476,1016.0,673.3
2199,2128,2.6442109928299082,1229.3021638173004,686.5342077060476,1016.0,673.3
2200,2129,2.6442109928299082,1229.3021638173004,686.5342077060476,1016.0,673.3
2201,2130,2.6442109928299082,1229.3021638173004,686.5342077060476,1016.0,673.3
2202,2131,2.6442109928299082,1229.3021638173004,686.5342077060476,1016.0,673.3
2203,2132,2.6442109928299082,1229.3021638173004,686.5342077060476,1016.0,673.3
2204,2133,2.6442109928299082,1229.3021638173004,686.5342077060476,1016.0,673.3
2205,2134,2.6442109928299082,1229.3021638173004,686.5342077060476,1016.0,673.3
2206,2135,2.6442109928299082,1229.3021638173004,686.5342077060476,1016.0,673.3
2207,2136,2.6442109928299082,1229.3021638173004,686.5342077060476,1016.0,673.3
2208,2137,2.6442109928299082,1229.3021638173004,686.5342077060476,1016.0,673.3
2209,2138,2.6442109928299082,1229.3021638173004,686.5342077060476,1016.0,673.3
2210,2139,2.6442109928299082,1229.3021638173004,686.5342077060476,1016.0,673.3
2211,2140,2.6442109928299082,1229.3021638173004,686.5342077060476,1016.0,673.3
2212,2141,2.6442109928299082,1229.3021638173004,686.5342077060476,1036.28,626.26
2213,2142,2.6442109928299082,1229.3021638173004,686.5342077060476,1056.56,579.22
2214,2143,2.6442109928299082,1229.3021638173004,686.5342077060476,1076.8400000000001,532.1800000000001
2215,2144,2.6442109928299082,1229.3021638173004,686.5342077060476,1097.1200000000001,485.14
2216,2145,2.6442109928299082,1229.3021638173004,686.5342077060476,1117.4,438.1
2217,2146,2.6442109928299082,1229.3021638173004,686.5342077060476,1117.4,438.1
2218,2147,2.6442109928299082,1229.3021638173004,686.5342077060476,1117.4,438.1
2219,2148,2.6442109928299082,1229.3021638173004,686.5342077060476,1117.4,438.1
2220,2149,4.8818121979349005,1229.3021638173004,686.5342077060476,1117.4,438.1
2220,2150,16.853721088744493,1229.3021638173004,686.5342077060476,1117.4,438.1
2220,2151,26.177286764848343,1229.3021638173004,686.5342077060476,1117.4,438.1
2220,2152,26.177286764848343,1229.3021638173004,686.5342077060476,1117.4,438.1
2220,2153,26.177286764848343,1229.3021638173004,686.5342077060476,1117.4,438.1
2220,2154,26.177286764848343,1229.3021638173004,686.5342077060476,1117.4,438.1
2220,2155,26.177286764848343,1229.3021638173004,686.5342077060476,1117.4,438.1
2220,2156,26.177286764848343,1229.3021638173004,686.5342077060476,1117.4,438.1
2220,2157,26.177286764848343,1229.3021638173004,686.5342077060476,1117.4,438.1
2220,2158,26.177286764848343,1229.3021638173004,686.5342077060476,1117.4,438.1
2220,2159,26.177286764848343,1229.3021638173004,686.5342077060476,1117.4,438.1
2220,2160,26.177286764848343,1229.3021638173004,686.5342077060476,1117.4,438.1
2220,2161,26.177286764848343,1229.3021638173004,686.5342077060476,1117.4,438.1
2220,2162,26.177286764848343,1229.3021638173004,686.5342077060476,1114.325,406.95000000000005
2220,2163,26.177286764848343,1229.3021638173004,686.5342077060476,1111.25,375.8
2220,2164,26.177286764848343,1229.3021638173004,686.5342077060476,1108.175,344.65
2220,2165,26.177286764848343,1229.3021638173004,686.5342077060476,1105.1,313.5
2220,2166,26.177286764848343,1229.3021638173004,686.5342077060476,1105.1,313.5
2220,2167,26.177286764848343,1229.3021638173004,686.5342077060476,1105.1,313.5
2220,2168,26.177286764848343,1229.3021638173004,686.5342077060476,1105.1,313.5
2220,2169,26.177286764848343,1229.3021638173004,686.5342077060476,1105.1,313.5
2220,2170,26.177286764848343,1229.3021638173004,686.5342077060476,1105.1,313.5
2220,2171,26.177286764848343,1229.3021638173004,686.5342077060476,1105.1,313.5
2220,2172,26.177286764848343,1229.3021638173004,686.5342077060476,1105.1,313.5
2220,2173,26.177286764848343,1095.3021638173004,682.5342077060476,1105.1,313.5
2220,2174,26.177286764848343,1095.3021638173004,682.5342077060476,1105.1,313.5
2220,2175,26.177286764848343,1095.3021638173004,682.5342077060476,1073.6399999999999,302.5
2220,2176,26.177286764848343,1095.3021638173004,682.5342077060476,1042.1799999999998,291.5
2220,2177,26.177286764848343,1095.3021638173004,682.5342077060476,1010.7199999999999,280.5
2220,2178,26.177286764848343,1095.3021638173004,682.5342077060476,979.26,269.5
2220,2179,26.177286764848343,1095.3021638173004,682.5342077060476,947.8,258.5
2220,2180,26.177286764848343,1095.3021638173004,682.5342077060476,947.8,258.5
2220,2181,26.177286764848343,962.3021638173003,678.5342077060476,947.8,258.5
2220,2182,26.177286764848343,962.3021638173003,678.5342077060476,947.8,258.5
2220,2183,26.177286764848343,962.3021638173003,678.5342077060476,947.8,258.5
2220,2184,26.177286764848343,962.3021638173003,678.5342077060476,947.8,258.5
2220,2185,26.177286764848343,962.3021638173003,678.5342077060476,947.8,258.5
2220,2186,26.177286764848343,962.3021638173003,678.5342077060476,947.8,258.5
2220,2187,26.177286764848343,962.3021638173003,678.5342077060476,947.8,258.5
2220,2188,26.177286764848343,962.3021638173003,678.5342077060476,947.8,258.5
2220,2189,21.741271755962586,962.3021638173003,678.5342077060476,947.8,258.5
2220,2190,16.827165475008353,962.3021638173003,678.5342077060476,947.8,258.5
2220,2191,11.437483065199965,962.3021638173003,678.5342077060476,947.8,258.5
2220,2192,11.437483065199965,962.3021638173003,678.5342077060476,947.8,258.5
2220,2193,11.437483065199965,962.3021638173003,678.5342077060476,947.8,258.5
2220,2194,11.437483065199965,962.3021638173003,678.5342077060476,947.8,258.5
2220,2195,11.437483065199965,962.3021638173003,678.5342077060476,947.8,258.5
2220,2196,11.437483065199965,962.3021638173003,678.5342077060476,947.8,258.5
2220,2197,11.437483065199965,962.3021638173003,678.5342077060476,969.6,259.3
2220,2198,11.437483065199965,962.3021638173003,678.5342077060476,991.4,260.09999999999997
2220,2199,11.437483065199965,962.3021638173003,678.5342077060476,1013.2,260.9
2220,2200,11.437483065199965,962.3021638173003,678.5342077060476,1013.2,260.9
2220,2201,11.437483065199965,962.3021638173003,678.5342077060476,1013.2,260.9
2220,2202,11.437483065199965,962.3021638173003,678.5342077060476,1013.2,260.9
2220,2203,11.437483065199965,962.3021638173003,678.5342077060476,1013.2,260.9
2220,2204,11.437483065199965,962.3021638173003,678.5342077060476,1013.2,260.9
2220,2205,11.437483065199965,962.3021638173003,678.5342077060476,1013.2,260.9
2220,2206,11.437483065199965,962.3021638173003,678.5342077060476,1013.2,260.9
2220,2207,11.437483065199965,962.3021638173003,678.5342077060476,1013.2,260.9
2220,2208,11.437483065199965,962.3021638173003,678.5342077060476,1013.2,260.9
2220,2209,11.437483065199965,962.3021638173003,678.5342077060476,1013.2,260.9
2220,2210,11.437483065199965,962.3021638173003,678.5342077060476,1013.2,260.9
2220,2211,11.437483065199965,962.3021638173003,678.5342077060476,1013.2,260.9
2220,2212,11.437483065199965,962.3021638173003,678.5342077060476,1013.2,260.9
2220,2213,11.437483065199965,962.3021638173003,678.5342077060476,1013.2,260.9
2220,2214,11.437483065199965,962.3021638173003,678.5342077060476,1013.2,260.9
2220,2215,11.437483065199965,962.3021638173003,678.5342077060476,1013.2,260.9
2220,2216,11.437483065199965,962.3021638173003,678.5342077060476,1013.2,260.9
2220,2217,11.437483065199965,962.3021638173003,678.5342077060476,1013.2,260.9
2220,2218,11.437483065199965,962.3021638173003,678.5342077060476,1013.2,260.9
2220,2219,11.437483065199965,962.3021638173003,678.5342077060476,1013.2,260.9
2220,2220,11.437483065199965,962.3021638173003,678.5342077060476,1013.2,260.9
2220,2221,11.437483065199965,962.3021638173003,678.5342077060476,1013.2,260.9
2220,2222,11.437483065199965,962.3021638173003,678.5342077060476,1013.2,260.9
2220,2223,11.437483065199965,962.3021638173003,678.5342077060476,1013.2,260.9
2220,2224,11.437483065199965,962.3021638173003,678.5342077060476,1011.4625000000001,308.7125
2220,2225,11.437483065199965,962.3021638173003,678.5342077060476,1009.725,356.525
2220,2226,11.437483065199965,962.3021638173003,678.5342077060476,1007.9875,404.3375
2220,2227,11.437483065199965,962.3021638173003,678.5342077060476,1006.25,452.15
2220,2228,11.437483065199965,962.3021638173003,678.5342077060476,1004.5125,499.9625
2220,2229,11.437483065199965,962.3021638173003,678.5342077060476,1002.775,547.775
2220,2230,11.437483065199965,962.3021638173003,678.5342077060476,1001.0374999999999,595.5875
2220,2231,11.437483065199965,962.3021638173003,678.5342077060476,999.3,643.4
2220,2232,11.437483065199965,962.3021638173003,678.5342077060476,999.3,643.4
2220,2233,11.437483065199965,962.3021638173003,678.5342077060476,999.3,643.4
2220,2234,11.437483065199965,962.3021638173003,678.5342077060476,999.3,643.4
2220,2235,11.437483065199965,962.3021638173003,678.5342077060476,999.3,643.4
2220,2236,11.437483065199965,962.3021638173003,678.5342077060476,999.3,643.4
2220,2237,11.437483065199965,962.3021638173003,678.5342077060476,999.3,643.4
2220,2238,11.437483065199965,962.3021638173003,678.5342077060476,999.3,643.4
2220,2239,8.948381437369544,962.3021638173003,678.5342077060476,999.3,643.4
2220,2240,6.646373028697631,962.3021638173003,678.5342077060476,999.3,643.4
2220,2241,4.517794914214234,962.3021638173003,678.5342077060476,999.3,643.4
2220,2242,4.517794914214234,962.3021638173003,678.5342077060476,999.3,643.4
2220,2243,4.517794914214234,962.3021638173003,678.5342077060476,999.3,643.4
2220,2244,4.517794914214234,962.3021638173003,678.5342077060476,999.3,643.4
2220,2245,4.517794914214234,962.3021638173003,678.5342077060476,999.3,643.4
2220,2246,4.517794914214234,962.3021638173003,678.5342077060476,999.3,643.4
2220,2247,4.517794914214234,962.3021638173003,678.5342077060476,999.3,643.4
2220,2248,4.517794914214234,962.3021638173003,678.5342077060476,999.3,643.4
2220,2249,4.517794914214234,962.3021638173003,678.5342077060476,999.3,643.4
2220,2250,4.517794914214234,962.3021638173003,678.5342077060476,999.3,643.4
2220,2251,4.517794914214234,962.3021638173003,678.5342077060476,999.3,643.4
2220,2252,4.517794914214234,962.3021638173003,678.5342077060476,999.3,643.4
2220,2253,4.517794914214234,822.3021638173003,695.5342077060476,999.3,643.4
2220,2254,4.517794914214234,822.3021638173003,695.5342077060476,999.3,643.4
2221,2255,4.517794914214234,822.3021638173003,695.5342077060476,1021.6454545454545,612.0727272727272
2222,2256,4.517794914214234,822.3021638173003,695.5342077060476,1043.990909090909,580.7454545454545
2223,2257,4.517794914214234,822.3021638173003,695.5342077060476,1066.3363636363636,549.4181818181818
2224,2258,4.517794914214234,822.3021638173003,695.5342077060476,1088.681818181818,518.0909090909091
2225,2259,4.517794914214234,822.3021638173003,695.5342077060476,1111.0272727272727,486.76363636363635
2226,2260,4.517794914214234,822.3021638173003,695.5342077060476,1133.3727272727272,455.43636363636364
2227,2261,4.517794914214234,683.3021638173003,712.5342077060476,1155.7181818181816,424.1090909090909
2228,2262,4.517794914214234,683.3021638173003,712.5342077060476,1178.0636363636363,392.78181818181815
2229,2263,4.517794914214234,683.3021638173003,712.5342077060476,1200.4090909090908,361.45454545454544
2230,2264,4.517794914214234,683.3021638173003,712.5342077060476,1222.7545454545455,330.1272727272727
2231,2265,4.517794914214234,683.3021638173003,712.5342077060476,1245.1,298.8
2232,2266,4.517794914214234,683.3021638173003,712.5342077060476,1245.1,298.8
2233,2267,4.517794914214234,683.3021638173003,712.5342077060476,1245.1,298.8
2234,2268,4.517794914214234,683.3021638173003,712.5342077060476,1245.1,298.8
2235,2269,4.517794914214234,683.3021638173003,712.5342077060476,1245.1,298.8
2236,2270,4.517794914214234,683.3021638173003,712.5342077060476,1245.1,298.8
2237,2271,4.517794914214234,683.3021638173003,712.5342077060476,1245.1,298.8
2238,2272,4.517794914214234,683.3021638173003,712.5342077060476,1245.1,298.8
2239,2273,0.8696731992442087,683.3021638173003,712.5342077060476,1245.1,298.8
2240,2274,2.6617244916552627,683.3021638173003,712.5342077060476,1245.1,298.8
2241,2275,2.6617244916552627,683.3021638173003,712.5342077060476,1245.1,298.8
2242,2276,2.6617244916552627,683.3021638173003,712.5342077060476,1245.1,298.8
2243,2277,2.6617244916552627,683.3021638173003,712.5342077060476,1245.1,298.8
2244,2278,2.6617244916552627,683.3021638173003,712.5342077060476,1245.1,298.8
2245,2279,2.6617244916552627,683.3021638173003,712.5342077060476,1245.1,298.8
2246,2280,2.6617244916552627,683.3021638173003,712.5342077060476,1245.1,298.8
2247,2281,2.6617244916552627,683.3021638173003,712.5342077060476,1245.1,298.8
2248,2282,2.6617244916552627,683.3021638173003,712.5342077060476,1245.1,298.8
2249,2283,2.6617244916552627,683.3021638173003,712.5342077060476,1245.1,298.8
2250,2284,2.6617244916552627,683.3021638173003,712.5342077060476,1273.3666666666666,289.8666666666667
2251,2285,2.6617244916552627,683.3021638173003,712.5342077060476,1301.6333333333334,280.93333333333334
2252,2286,4.124179228462113,683.3021638173003,712.5342077060476,1329.9,272.0
2253,2287,4.124179228462113,683.3021638173003,712.5342077060476,1329.9,272.0
2254,2288,4.124179228462113,683.3021638173003,712.5342077060476,1329.9,272.0
2255,2289,4.124179228462113,683.3021638173003,712.5342077060476,1329.9,272.0
2256,2290,4.124179228462113,683.3021638173003,712.5342077060476,1329.9,272.0
2257,2291,4.124179228462113,683.3021638173003,712.5342077060476,1329.9,272.0
2258,2292,4.124179228462113,683.3021638173003,712.5342077060476,1329.9,272.0
2259,2293,4.124179228462113,683.3021638173003,712.5342077060476,1329.9,272.0
2260,2294,4.124179228462113,683.3021638173003,712.5342077060476,1329.9,272.0
2261,2295,4.124179228462113,683.3021638173003,712.5342077060476,1329.9,272.0
2262,2296,4.124179228462113,683.3021638173003,712.5342077060476,1329.9,272.0
2263,2297,4.124179228462113,683.3021638173003,712.5342077060476,1329.9,272.0
2264,2298,4.124179228462113,683.3021638173003,712.5342077060476,1329.9,272.0
2265,2299,4.124179228462113,683.3021638173003,712.5342077060476,1329.9,272.0
2266,2300,4.124179228462113,683.3021638173003,712.5342077060476,1329.9,272.0
2267,2301,4.124179228462113,819.3021638173003,704.5342077060476,1329.9,272.0
2268,2302,4.124179228462113,819.3021638173003,704.5342077060476,1329.9,272.0
2269,2303,4.124179228462113,819.3021638173003,704.5342077060476,1329.9,272.0
2270,2304,4.124179228462113,819.3021638173003,704.5342077060476,1329.9,272.0
2271,2305,4.124179228462113,819.3021638173003,704.5342077060476,1278.0714285714287,285.9428571428571
2272,2306,4.124179228462113,819.3021638173003,704.5342077060476,1226.2428571428572,299.8857142857143
2273,2307,4.124179228462113,819.3021638173003,704.5342077060476,1174.4142857142858,313.8285714285714
2274,2308,4.124179228462113,819.3021638173003,704.5342077060476,1122.5857142857144,327.7714285714286
2275,2309,6.1933462872235605,956.3021638173003,696.5342077060476,1070.757142857143,341.7142857142857
2276,2310,8.698768522211475,956.3021638173003,696.5342077060476,1018.9285714285714,355.65714285714284
2277,2311,8.698768522211475,956.3021638173003,696.5342077060476,967.1,369.6
2278,2312,8.698768522211475,956.3021638173003,696.5342077060476,967.1,369.6
2279,2313,8.698768522211475,956.3021638173003,696.5342077060476,967.1,369.6
2280,2314,8.698768522211475,956.3021638173003,696.5342077060476,967.1,369.6
2281,2315,8.698768522211475,956.3021638173003,696.5342077060476,967.1,369.6
2282,2316,8.698768522211475,956.3021638173003,696.5342077060476,967.1,369.6
2283,2317,8.698768522211475,956.3021638173003,696.5342077060476,967.1,369.6
2284,2318,8.698768522211475,956.3021638173003,696.5342077060476,967.1,369.6
2285,2319,8.698768522211475,956.3021638173003,696.5342077060476,967.1,369.6
2286,2320,8.698768522211475,956.3021638173003,696.5342077060476,967.1,369.6
2287,2321,8.698768522211475,956.3021638173003,696.5342077060476,967.1,369.6
2288,2322,8.698768522211475,956.3021638173003,696.5342077060476,967.1,369.6
2289,2323,8.698768522211475,956.3021638173003,696.5342077060476,967.1,369.6
2290,2324,8.698768522211475,956.3021638173003,696.5342077060476,967.1,369.6
2291,2325,8.698768522211475,930.3021638173003,254.5342077060476,967.1,369.6
2292,2326,8.698768522211475,930.3021638173003,254.5342077060476,967.1,369.6
2293,2327,8.698768522211475,930.3021638173003,254.5342077060476,967.1,369.6
2294,2328,8.698768522211475,930.3021638173003,254.5342077060476,967.1,369.6
2295,2329,8.698768522211475,930.3021638173003,254.5342077060476,967.1,369.6
2296,2330,8.698768522211475,930.3021638173003,254.5342077060476,967.1,369.6
2297,2331,8.698768522211475,930.3021638173003,254.5342077060476,967.1,369.6
2298,2332,8.698768522211475,930.3021638173003,254.5342077060476,967.1,369.6
2299,2333,0.35039454221824395,930.3021638173003,254.5342077060476,967.1,369.6
2300,2333,0.35039454221824395,930.3021638173003,254.5342077060476,967.1,369.6
2301,2333,0.35039454221824395,930.3021638173003,254.5342077060476,967.1,369.6
2302,2333,0.35039454221824395,930.3021638173003,254.5342077060476,967.1,369.6
2303,2333,0.35039454221824395,930.3021638173003,254.5342077060476,967.1,369.6
2304,2333,0.35039454221824395,930.3021638173003,254.5342077060476,967.1,369.6
2305,2333,0.35039454221824395,930.3021638173003,254.5342077060476,967.1,369.6
2306,2333,0.35039454221824395,930.3021638173003,254.5342077060476,967.1,369.6
2307,2333,0.35039454221824395,930.3021638173003,254.5342077060476,967.1,369.6
2308,2333,0.35039454221824395,930.3021638173003,254.5342077060476,967.1,369.6
2309,2333,0.35039454221824395,930.3021638173003,254.5342077060476,967.1,369.6
2310,2333,0.35039454221824395,930.3021638173003,254.5342077060476,967.1,369.6
2311,2333,0.35039454221824395,930.3021638173003,254.5342077060476,967.1,369.6
2312,2333,0.35039454221824395,930.3021638173003,254.5342077060476,967.1,369.6
2313,2333,0.35039454221824395,930.3021638173003,254.5342077060476,967.1833333333334,413.85
2314,2333,0.35039454221824395,930.3021638173003,254.5342077060476,967.2666666666667,458.1
2315,2333,0.35039454221824395,930.3021638173003,254.5342077060476,967.35,502.35
2316,2333,0.35039454221824395,930.3021638173003,254.5342077060476,967.4333333333334,546.6
2317,2333,0.35039454221824395,930.3021638173003,254.5342077060476,967.5166666666667,590.85
2318,2333,0.35039454221824395,930.3021638173003,254.5342077060476,967.6,635.1
2319,2333,0.35039454221824395,930.3021638173003,254.5342077060476,967.6,635.1
2320,2333,0.35039454221824395,930.3021638173003,254.5342077060476,967.6,635.1
2321,2333,0.35039454221824395,930.3021638173003,254.5342077060476,967.6,635.1
2322,2333,0.35039454221824395,930.3021638173003,254.5342077060476,967.6,635.1
2323,2333,0.35039454221824395,930.3021638173003,254.5342077060476,967.6,635.1
2324,2333,0.35039454221824395,930.3021638173003,254.5342077060476,967.6,635.1
2325,2333,0.35039454221824395,930.3021638173003,254.5342077060476,967.6,635.1
2326,2333,0.35039454221824395,930.3021638173003,254.5342077060476,967.6,635.1
2327,2333,0.35039454221824395,930.3021638173003,254.5342077060476,967.6,635.1
2328,2333,0.35039454221824395,930.3021638173003,254.5342077060476,967.6,635.1
2329,2333,0.35039454221824395,930.3021638173003,254.5342077060476,967.6,635.1
2330,2333,0.35039454221824395,930.3021638173003,254.5342077060476,967.6,635.1
2331,2333,0.35039454221824395,882.3021638173003,457.5342077060476,967.6,635.1
2332,2333,0.35039454221824395,882.3021638173003,457.5342077060476,967.6,635.1
2333,2333,0.35039454221824395,882.3021638173003,457.5342077060476,967.6,635.1
2334,2333,0.35039454221824395,882.3021638173003,457.5342077060476,967.6,635.1
2335,2333,0.35039454221824395,882.3021638173003,457.5342077060476,967.6,635.1
2336,2333,0.35039454221824395,882.3021638173003,457.5342077060476,967.6,635.1
2337,2333,0.35039454221824395,882.3021638173003,457.5342077060476,967.6,635.1
2338,2333,0.35039454221824395,882.3021638173003,457.5342077060476,967.6,635.1
2339,2333,0.35039454221824395,833.3021638173003,660.5342077060476,967.6,635.1
2340,2333,0.35039454221824395,833.3021638173003,660.5342077060476,967.6,635.1
2341,2333,0.35039454221824395,833.3021638173003,660.5342077060476,967.6,635.1
2342,2333,0.35039454221824395,833.3021638173003,660.5342077060476,967.6,635.1
2343,2333,0.35039454221824395,833.3021638173003,660.5342077060476,967.6,635.1
2344,2333,0.35039454221824395,833.3021638173003,660.5342077060476,967.6,635.1
2345,2333,0.35039454221824395,833.3021638173003,660.5342077060476,967.6,635.1
2346,2333,0.35039454221824395,833.3021638173003,660.5342077060476,967.6,635.1
2347,2333,0.35039454221824395,833.3021638173003,660.5342077060476,967.6,635.1
2348,2333,0.35039454221824395,833.3021638173003,660.5342077060476,967.6,635.1
2349,2333,0.35039454221824395,833.3021638173003,660.5342077060476,967.6,635.1
2350,2333,0.35039454221824395,833.3021638173003,660.5342077060476,967.6,635.1
2351,2333,0.35039454221824395,833.3021638173003,660.5342077060476,967.6,635.1
2352,2333,0.35039454221824395,833.3021638173003,660.5342077060476,967.6,635.1
2353,2333,0.35039454221824395,833.3021638173003,660.5342077060476,967.6,635.1
2354,2333,0.35039454221824395,833.3021638173003,660.5342077060476,967.6,635.1
2355,2333,0.35039454221824395,833.3021638173003,660.5342077060476,967.6,635.1
2356,2333,0.35039454221824395,833.3021638173003,660.5342077060476,967.6,635.1
2357,2333,0.35039454221824395,833.3021638173003,660.5342077060476,967.6,635.1
2358,2333,0.35039454221824395,833.3021638173003,660.5342077060476,967.6,635.1
2359,2333,0.35039454221824395,833.3021638173003,660.5342077060476,967.6,635.1
2360,2333,0.35039454221824395,833.3021638173003,660.5342077060476,967.6,635.1
2361,2333,0.35039454221824395,833.3021638173003,660.5342077060476,967.6,635.1
2362,2333,0.35039454221824395,833.3021638173003,660.5342077060476,967.6,635.1
2363,2333,0.35039454221824395,906.3021638173003,702.5342077060476,967.6,635.1
2364,2334,12.254700376636238,906.3021638173003,702.5342077060476,967.6,635.1
2365,2335,6.00054770656439,906.3021638173003,702.5342077060476,967.6,635.1
2366,2336,1.1153738073112383,906.3021638173003,702.5342077060476,967.6,635.1
2367,2336,1.1153738073112383,906.3021638173003,702.5342077060476,967.6,635.1
2368,2336,1.1153738073112383,906.3021638173003,702.5342077060476,967.6,635.1
2369,2336,1.1153738073112383,906.3021638173003,702.5342077060476,967.6,635.1
2370,2336,1.1153738073112383,906.3021638173003,702.5342077060476,967.6,635.1
2371,2336,1.1153738073112383,906.3021638173003,702.5342077060476,967.6,635.1
2372,2337,3.6688928983347115,906.3021638173003,702.5342077060476,967.6,635.1
2372,2338,0.4407089986232224,906.3021638173003,702.5342077060476,967.6,635.1
2372,2339,3.663363195128142,906.3021638173003,702.5342077060476,967.6,635.1
2372,2340,3.663363195128142,906.3021638173003,702.5342077060476,967.6,635.1
2372,2341,3.663363195128142,906.3021638173003,702.5342077060476,967.6,635.1
2372,2342,3.663363195128142,906.3021638173003,702.5342077060476,967.6,635.1
2372,2343,3.663363195128142,906.3021638173003,702.5342077060476,967.6,635.1
2372,2344,3.663363195128142,906.3021638173003,702.5342077060476,975.02,568.9
2372,2345,3.663363195128142,906.3021638173003,702.5342077060476,982.44,502.70000000000005
2372,2346,3.663363195128142,906.3021638173003,702.5342077060476,989.86,436.5
2372,2347,3.663363195128142,906.3021638173003,702.5342077060476,997.2800000000001,370.3
2372,2348,3.663363195128142,906.3021638173003,702.5342077060476,1004.7,304.1
2372,2349,3.663363195128142,906.3021638173003,702.5342077060476,1004.7,304.1
2372,2350,3.663363195128142,906.3021638173003,702.5342077060476,1004.7,304.1
2372,2351,3.663363195128142,906.3021638173003,702.5342077060476,1004.7,304.1
2372,2352,3.663363195128142,906.3021638173003,702.5342077060476,1004.7,304.1
2372,2353,3.663363195128142,906.3021638173003,702.5342077060476,1004.7,304.1
2372,2354,3.663363195128142,906.3021638173003,702.5342077060476,1004.7,304.1
2372,2355,3.663363195128142,906.3021638173003,702.5342077060476,1004.7,304.1
2372,2356,3.663363195128142,906.3021638173003,702.5342077060476,1004.7,304.1
2372,2357,3.663363195128142,906.3021638173003,702.5342077060476,1004.7,304.1
2373,2358,3.663363195128142,906.3021638173003,702.5342077060476,1004.7,304.1
2374,2359,3.663363195128142,906.3021638173003,702.5342077060476,1004.7,304.1
2375,2360,3.663363195128142,906.3021638173003,702.5342077060476,1004.7,304.1
2376,2361,3.663363195128142,906.3021638173003,702.5342077060476,1004.7,304.1
2377,2362,3.663363195128142,906.3021638173003,702.5342077060476,1004.7,304.1
2378,2363,3.663363195128142,906.3021638173003,702.5342077060476,1004.7,304.1
2379,2364,3.663363195128142,906.3021638173003,702.5342077060476,1004.7,304.1
2380,2365,3.663363195128142,906.3021638173003,702.5342077060476,1004.7,304.1
2381,2366,3.663363195128142,906.3021638173003,702.5342077060476,1004.7,304.1
2382,2367,3.663363195128142,906.3021638173003,702.5342077060476,1004.7,304.1
2383,2368,3.663363195128142,906.3021638173003,702.5342077060476,1004.7,304.1
2384,2369,3.663363195128142,906.3021638173003,702.5342077060476,1004.7,304.1
2385,2370,3.663363195128142,906.3021638173003,702.5342077060476,1004.7,304.1
2386,2371,3.663363195128142,906.3021638173003,702.5342077060476,1004.7,304.1
2387,2372,3.663363195128142,906.3021638173003,702.5342077060476,1004.7,304.1
2388,2373,3.663363195128142,906.3021638173003,702.5342077060476,1004.7,304.1
2389,2374,3.663363195128142,906.3021638173003,702.5342077060476,1004.7,304.1
2390,2375,3.663363195128142,906.3021638173003,702.5342077060476,1004.7,304.1
2391,2376,3.663363195128142,906.3021638173003,702.5342077060476,1004.7,304.1
2392,2377,3.663363195128142,906.3021638173003,702.5342077060476,1004.7,304.1
2393,2378,3.663363195128142,933.3021638173003,465.5342077060476,1008.1500000000001,284.9
2394,2379,1.9568411744515617,933.3021638173003,465.5342077060476,1011.6,265.7
2395,2380,6.770973941060024,933.3021638173003,465.5342077060476,1011.6,265.7
2396,2381,3.201096584333704,933.3021638173003,465.5342077060476,1011.6,265.7
2397,2381,3.201096584333704,933.3021638173003,465.5342077060476,1011.6,265.7
2398,2381,3.201096584333704,933.3021638173003,465.5342077060476,1011.6,265.7
2399,2381,3.201096584333704,961.3021638173003,228.5342077060476,1011.6,265.7
2400,2381,3.201096584333704,961.3021638173003,228.5342077060476,1011.6,265.7
2401,2381,3.201096584333704,961.3021638173003,228.5342077060476,1011.6,265.7
2402,2382,16.214737754845814,961.3021638173003,228.5342077060476,1011.6,265.7
2403,2383,5.544067159199898,961.3021638173003,228.5342077060476,1011.6,265.7
2404,2384,11.037841156216883,961.3021638173003,228.5342077060476,1011.6,265.7
2405,2385,11.037841156216883,961.3021638173003,228.5342077060476,1011.6,265.7
2406,2386,11.037841156216883,961.3021638173003,228.5342077060476,1011.6,265.7
2407,2387,11.037841156216883,961.3021638173003,228.5342077060476,1011.6,265.7
2408,2388,11.037841156216883,961.3021638173003,228.5342077060476,1011.6,265.7
2409,2389,11.037841156216883,961.3021638173003,228.5342077060476,1011.6,265.7
2410,2390,11.037841156216883,961.3021638173003,228.5342077060476,1011.6,265.7
2411,2391,11.037841156216883,961.3021638173003,228.5342077060476,1011.6,265.7
2412,2392,11.037841156216883,961.3021638173003,228.5342077060476,1011.6,265.7
2413,2393,11.037841156216883,961.3021638173003,228.5342077060476,1011.6,265.7
2414,2394,11.037841156216883,961.3021638173003,228.5342077060476,1011.6,265.7
2415,2395,11.037841156216883,788.3021638173003,462.5342077060476,1011.6,265.7
2416,2396,11.037841156216883,788.3021638173003,462.5342077060476,1011.6,265.7
2417,2397,11.037841156216883,788.3021638173003,462.5342077060476,1011.6,265.7
2418,2398,11.037841156216883,788.3021638173003,462.5342077060476,1011.6,265.7
2419,2399,11.037841156216883,788.3021638173003,462.5342077060476,1011.6,265.7
2420,2400,11.037841156216883,788.3021638173003,462.5342077060476,1011.6,265.7
2421,2401,11.037841156216883,788.3021638173003,462.5342077060476,1011.6,265.7
2422,2402,11.037841156216883,788.3021638173003,462.5342077060476,1011.6,265.7
2423,2403,11.037841156216883,616.3021638173003,697.5342077060476,1011.6,265.7
2424,2404,11.037841156216883,616.3021638173003,697.5342077060476,1011.6,265.7
2425,2405,11.037841156216883,616.3021638173003,697.5342077060476,1011.6,265.7
2426,2406,11.037841156216883,616.3021638173003,697.5342077060476,1011.6,265.7
2427,2407,11.037841156216883,616.3021638173003,697.5342077060476,1011.6,265.7
2428,2408,11.037841156216883,616.3021638173003,697.5342077060476,1011.6,265.7
2429,2409,11.037841156216883,616.3021638173003,697.5342077060476,1011.6,265.7
2430,2410,11.037841156216883,616.3021638173003,697.5342077060476,1011.6,265.7
2431,2411,11.037841156216883,616.3021638173003,697.5342077060476,1011.6,265.7
2432,2412,11.037841156216883,616.3021638173003,697.5342077060476,1011.6,265.7
2433,2413,11.037841156216883,616.3021638173003,697.5342077060476,1011.6,265.7
2434,2414,11.037841156216883,616.3021638173003,697.5342077060476,1011.6,265.7
2435,2415,11.037841156216883,616.3021638173003,697.5342077060476,1011.6,265.7
2436,2416,11.037841156216883,616.3021638173003,697.5342077060476,1011.6,265.7
2437,2417,11.037841156216883,616.3021638173003,697.5342077060476,1011.6,265.7
2438,2418,11.037841156216883,616.3021638173003,697.5342077060476,1011.6,265.7
2439,2419,11.037841156216883,616.3021638173003,697.5342077060476,1011.6,265.7
2440,2420,11.037841156216883,616.3021638173003,697.5342077060476,1011.6,265.7
2441,2421,9.24429987561741,616.3021638173003,697.5342077060476,1011.6,265.7
2442,2422,7.408474323717933,616.3021638173003,697.5342077060476,1011.6,265.7
2443,2423,5.53274961728352,616.3021638173003,697.5342077060476,1011.6,265.7
2444,2424,5.53274961728352,616.3021638173003,697.5342077060476,1011.6,265.7
2445,2425,5.53274961728352,616.3021638173003,697.5342077060476,1011.6,265.7
2446,2426,5.53274961728352,616.3021638173003,697.5342077060476,1011.6,265.7
2447,2427,5.53274961728352,616.3021638173003,697.5342077060476,1011.6,265.7
2448,2428,5.53274961728352,616.3021638173003,697.5342077060476,1011.6,265.7
2449,2429,5.53274961728352,639.3021638173003,689.5342077060476,1011.6,265.7
2450,2430,5.53274961728352,639.3021638173003,689.5342077060476,1011.6,265.7
2451,2431,5.53274961728352,639.3021638173003,689.5342077060476,1011.6,265.7
2452,2432,5.53274961728352,639.3021638173003,689.5342077060476,1011.6,265.7
2453,2433,5.53274961728352,639.3021638173003,689.5342077060476,1011.6,265.7
2454,2434,5.53274961728352,639.3021638173003,689.5342077060476,1011.6,265.7
2455,2435,5.53274961728352,639.3021638173003,689.5342077060476,1011.6,265.7
2456,2436,5.53274961728352,639.3021638173003,689.5342077060476,1011.6,265.7
2457,2437,5.53274961728352,639.3021638173003,689.5342077060476,1011.6,265.7
2458,2438,5.53274961728352,639.3021638173003,689.5342077060476,1020.55,310.73333333333335
2459,2439,5.53274961728352,639.3021638173003,689.5342077060476,1029.5,355.76666666666665
2460,2440,5.53274961728352,639.3021638173003,689.5342077060476,1038.45,400.79999999999995
2461,2441,5.53274961728352,639.3021638173003,689.5342077060476,1047.4,445.8333333333333
2462,2442,5.53274961728352,639.3021638173003,689.5342077060476,1056.35,490.8666666666667
2463,2443,5.53274961728352,639.3021638173003,689.5342077060476,1065.3,535.9
2464,2444,5.53274961728352,639.3021638173003,689.5342077060476,1065.3,535.9
2465,2445,5.53274961728352,639.3021638173003,689.5342077060476,1065.3,535.9
2466,2446,5.53274961728352,639.3021638173003,689.5342077060476,1065.3,535.9
2467,2447,5.53274961728352,639.3021638173003,689.5342077060476,1065.3,535.9
2468,2448,5.53274961728352,639.3021638173003,689.5342077060476,1065.3,535.9
2469,2449,5.53274961728352,639.3021638173003,689.5342077060476,1065.3,535.9
2470,2450,5.53274961728352,639.3021638173003,689.5342077060476,1065.3,535.9
2471,2451,5.53274961728352,939.3021638173003,699.5342077060476,1065.3,535.9
2472,2452,5.53274961728352,939.3021638173003,699.5342077060476,1065.3,535.9
2473,2453,5.53274961728352,939.3021638173003,699.5342077060476,1065.3,535.9
2474,2454,5.53274961728352,939.3021638173003,699.5342077060476,1065.3,535.9
2475,2455,5.53274961728352,939.3021638173003,699.5342077060476,1065.3,535.9
2476,2456,5.53274961728352,939.3021638173003,699.5342077060476,1065.3,535.9
2477,2457,5.53274961728352,939.3021638173003,699.5342077060476,1065.3,535.9
2478,2458,5.53274961728352,939.3021638173003,699.5342077060476,1065.3,535.9
2479,2459,5.53274961728352,1239.3021638173004,708.5342077060476,1065.3,535.9
2480,2460,5.53274961728352,1239.3021638173004,708.5342077060476,1065.3,535.9
2481,2461,0.7123103025865114,1239.3021638173004,708.5342077060476,1065.3,535.9
2482,2462,7.574470380521295,1239.3021638173004,708.5342077060476,1065.3,535.9
2483,2463,14.927295620141502,1239.3021638173004,708.5342077060476,1065.3,535.9
2484,2464,22.564108213829286,1239.3021638173004,708.5342077060476,1065.3,535.9
2485,2465,22.564108213829286,1239.3021638173004,708.5342077060476,1065.3,535.9
2486,2466,22.564108213829286,1239.3021638173004,708.5342077060476,1065.3,535.9
2487,2467,22.564108213829286,1239.3021638173004,708.5342077060476,1065.3,535.9
2488,2468,22.564108213829286,1239.3021638173004,708.5342077060476,1065.3,535.9
2489,2469,22.564108213829286,1239.3021638173004,708.5342077060476,1065.3,535.9
2490,2470,22.564108213829286,1239.3021638173004,708.5342077060476,1065.3,535.9
2491,2471,22.38438036958215,1239.3021638173004,708.5342077060476,1065.3,535.9
2491,2472,22.38438036958215,1239.3021638173004,708.5342077060476,1065.3,535.9
2491,2473,22.38438036958215,1239.3021638173004,708.5342077060476,1065.3,535.9
2491,2474,22.38438036958215,1239.3021638173004,708.5342077060476,1065.3,535.9
2491,2475,22.38438036958215,1239.3021638173004,708.5342077060476,1024.3142857142857,551.8285714285714
2491,2476,22.38438036958215,1239.3021638173004,708.5342077060476,983.3285714285714,567.7571428571429
2491,2477,22.38438036958215,1239.3021638173004,708.5342077060476,942.3428571428572,583.6857142857143
2492,2478,22.38438036958215,1239.3021638173004,708.5342077060476,901.3571428571429,599.6142857142856
2493,2479,22.38438036958215,1239.3021638173004,708.5342077060476,860.3714285714286,615.5428571428571
2494,2480,22.38438036958215,1239.3021638173004,708.5342077060476,819.3857142857142,631.4714285714285
2495,2481,22.38438036958215,1239.3021638173004,708.5342077060476,778.4,647.4
2496,2482,22.38438036958215,1239.3021638173004,708.5342077060476,778.4,647.4
2497,2483,4.958504413418664,1239.3021638173004,708.5342077060476,778.4,647.4
2498,2484,5.949273193423811,1239.3021638173004,708.5342077060476,778.4,647.4
2499,2485,4.887825874499226,1239.3021638173004,708.5342077060476,778.4,647.4
2500,2486,0.14999075410824658,1239.3021638173004,708.5342077060476,778.4,647.4
2501,2486,0.14999075410824658,1239.3021638173004,708.5342077060476,778.4,647.4
2502,2486,0.14999075410824658,1239.3021638173004,708.5342077060476,778.4,647.4
2503,2486,0.14999075410824658,1239.3021638173004,708.5342077060476,778.4,647.4
2504,2486,0.14999075410824658,1239.3021638173004,708.5342077060476,778.4,647.4
2505,2486,0.14999075410824658,1239.3021638173004,708.5342077060476,778.4,647.4
2506,2486,0.14999075410824658,1239.3021638173004,708.5342077060476,778.4,647.4
2507,2486,0.14999075410824658,1239.3021638173004,708.5342077060476,778.4,647.4
2508,2486,0.14999075410824658,1239.3021638173004,708.5342077060476,778.4,647.4
2509,2486,0.14999075410824658,1239.3021638173004,708.5342077060476,778.4,647.4
2510,2486,0.14999075410824658,1239.3021638173004,708.5342077060476,778.4,647.4
2511,2486,0.14999075410824658,1239.3021638173004,708.5342077060476,778.4,647.4
2512,2486,0.14999075410824658,1239.3021638173004,708.5342077060476,778.4,647.4
2513,2486,0.14999075410824658,1239.3021638173004,708.5342077060476,778.4,647.4
2514,2486,0.14999075410824658,1239.3021638173004,708.5342077060476,778.4,647.4
2515,2486,0.14999075410824658,1239.3021638173004,708.5342077060476,778.4,647.4
2516,2486,0.14999075410824658,1239.3021638173004,708.5342077060476,778.4,647.4
2517,2487,0.14999075410824658,1239.3021638173004,708.5342077060476,778.4,647.4
2518,2488,0.14999075410824658,1239.3021638173004,708.5342077060476,778.4,647.4
2519,2489,0.14999075410824658,1239.3021638173004,708.5342077060476,778.4,647.4
2520,2490,0.14999075410824658,1239.3021638173004,708.5342077060476,778.4,647.4
2521,2491,0.14999075410824658,1239.3021638173004,708.5342077060476,778.4,647.4
2522,2492,0.14999075410824658,1239.3021638173004,708.5342077060476,778.4,647.4
2523,2493,0.14999075410824658,1239.3021638173004,708.5342077060476,778.4,647.4
2524,2494,0.14999075410824658,1239.3021638173004,708.5342077060476,778.4,647.4
2525,2495,0.14999075410824658,1239.3021638173004,708.5342077060476,778.4,647.4
2526,2496,0.14999075410824658,1239.3021638173004,708.5342077060476,778.4,647.4
2527,2497,0.14999075410824658,1239.3021638173004,708.5342077060476,778.4,647.4
2528,2498,0.14999075410824658,1239.3021638173004,708.5342077060476,778.4,647.4
2529,2499,0.14999075410824658,1239.3021638173004,708.5342077060476,778.4,647.4
2530,2500,0.14999075410824658,1239.3021638173004,708.5342077060476,778.4,647.4
2531,2501,3.01332881119267,1239.3021638173004,708.5342077060476,778.4,647.4
2532,2502,3.01332881119267,1239.3021638173004,708.5342077060476,778.4,647.4
2533,2503,3.01332881119267,1239.3021638173004,708.5342077060476,778.4,647.4
2534,2504,3.01332881119267,1239.3021638173004,708.5342077060476,778.4,647.4
2535,2505,3.01332881119267,1239.3021638173004,708.5342077060476,778.4,647.4
2536,2506,3.01332881119267,1239.3021638173004,708.5342077060476,778.4,647.4
2537,2507,3.01332881119267,1239.3021638173004,708.5342077060476,778.4,647.4
2538,2508,3.01332881119267,1239.3021638173004,708.5342077060476,820.5,649.7
2539,2509,3.01332881119267,1239.3021638173004,708.5342077060476,862.6,652.0
2540,2510,3.01332881119267,1239.3021638173004,708.5342077060476,904.7,654.3
2541,2511,3.01332881119267,1239.3021638173004,708.5342077060476,946.8,656.6
2542,2512,3.01332881119267,1239.3021638173004,708.5342077060476,988.9,658.9000000000001
2543,2513,3.01332881119267,1239.3021638173004,708.5342077060476,1031.0,661.2
2544,2514,3.01332881119267,1239.3021638173004,708.5342077060476,1031.0,661.2
2545,2515,3.01332881119267,1239.3021638173004,708.5342077060476,1031.0,661.2
2546,2516,3.01332881119267,1239.3021638173004,708.5342077060476,1031.0,661.2
2547,2517,3.01332881119267,1239.3021638173004,708.5342077060476,1031.0,661.2
2548,2518,3.01332881119267,1239.3021638173004,708.5342077060476,1031.0,661.2
2549,2519,3.01332881119267,1239.3021638173004,708.5342077060476,1031.0,661.2
2550,2520,3.01332881119267,1239.3021638173004,708.5342077060476,1031.0,661.2
2551,2521,3.01332881119267,1239.3021638173004,708.5342077060476,1031.0,661.2
2552,2522,3.01332881119267,1239.3021638173004,708.5342077060476,1031.0,661.2
2553,2523,3.01332881119267,1239.3021638173004,708.5342077060476,1031.0,661.2
2554,2524,3.01332881119267,1239.3021638173004,708.5342077060476,1031.0,661.2
2555,2525,3.01332881119267,1239.3021638173004,708.5342077060476,1031.0,661.2
2556,2526,3.01332881119267,1239.3021638173004,708.5342077060476,1031.0,661.2
2557,2527,3.01332881119267,1239.3021638173004,708.5342077060476,1031.0,661.2
2558,2528,3.01332881119267,1239.3021638173004,708.5342077060476,1031.0,661.2
2559,2529,3.01332881119267,1239.3021638173004,708.5342077060476,1031.0,661.2
2560,2530,3.01332881119267,1239.3021638173004,708.5342077060476,1031.0,661.2
2561,2531,3.01332881119267,958.3021638173003,672.5342077060476,1031.0,661.2
2562,2532,3.01332881119267,958.3021638173003,672.5342077060476,1031.0,661.2
2563,2533,3.01332881119267,958.3021638173003,672.5342077060476,1031.0,661.2
2564,2534,3.01332881119267,958.3021638173003,672.5342077060476,1031.0,661.2
2565,2535,3.01332881119267,958.3021638173003,672.5342077060476,1031.0,661.2
2566,2536,3.01332881119267,958.3021638173003,672.5342077060476,1031.0,661.2
2567,2537,3.01332881119267,958.3021638173003,672.5342077060476,1031.0,661.2
2568,2538,3.01332881119267,958.3021638173003,672.5342077060476,1031.0,661.2
2569,2539,3.01332881119267,958.3021638173003,672.5342077060476,1031.0,661.2
2570,2540,3.01332881119267,958.3021638173003,672.5342077060476,1031.0,661.2
2571,2541,3.01332881119267,958.3021638173003,672.5342077060476,1031.0,661.2
2572,2542,3.01332881119267,958.3021638173003,672.5342077060476,1031.0,661.2
2573,2543,3.01332881119267,958.3021638173003,672.5342077060476,1031.0,661.2
2574,2544,3.01332881119267,958.3021638173003,672.5342077060476,1031.0,661.2
2575,2545,3.01332881119267,958.3021638173003,672.5342077060476,1031.0,661.2
2576,2546,3.01332881119267,958.3021638173003,672.5342077060476,1031.0,661.2
2577,2547,3.01332881119267,958.3021638173003,672.5342077060476,1031.0,661.2
2578,2548,3.01332881119267,958.3021638173003,672.5342077060476,1031.0,661.2
2579,2549,3.01332881119267,958.3021638173003,672.5342077060476,1031.0,661.2
2580,2550,3.01332881119267,958.3021638173003,672.5342077060476,1031.0,661.2
2581,2551,3.01332881119267,958.3021638173003,672.5342077060476,1031.0,661.2
2582,2552,3.01332881119267,958.3021638173003,672.5342077060476,1031.0,661.2
2583,2553,3.01332881119267,958.3021638173003,672.5342077060476,1031.0,661.2
2584,2554,3.01332881119267,958.3021638173003,672.5342077060476,1031.0,661.2
2585,2555,3.01332881119267,958.3021638173003,672.5342077060476,1031.0,661.2
2586,2556,3.01332881119267,958.3021638173003,672.5342077060476,1031.0,661.2
2587,2557,3.01332881119267,958.3021638173003,672.5342077060476,1031.0,661.2
2588,2558,3.01332881119267,958.3021638173003,672.5342077060476,1031.0,661.2
2589,2559,3.01332881119267,958.3021638173003,672.5342077060476,1031.0,661.2
2590,2560,3.01332881119267,958.3021638173003,672.5342077060476,1031.0,661.2
2591,2561,3.01332881119267,958.3021638173003,672.5342077060476,1031.0,661.2
2592,2562,3.01332881119267,958.3021638173003,672.5342077060476,1031.0,661.2
2593,2563,3.01332881119267,875.3021638173003,670.5342077060476,1031.0,661.2
2594,2564,3.01332881119267,875.3021638173003,670.5342077060476,1031.0,661.2
2595,2565,3.01332881119267,875.3021638173003,670.5342077060476,1031.0,661.2
2596,2566,3.01332881119267,875.3021638173003,670.5342077060476,1031.0,661.2
2597,2567,3.01332881119267,875.3021638173003,670.5342077060476,1031.0,661.2
2598,2568,3.01332881119267,875.3021638173003,670.5342077060476,1031.0,661.2
2599,2569,3.01332881119267,875.3021638173003,670.5342077060476,1031.0,661.2
2600,2570,3.01332881119267,875.3021638173003,670.5342077060476,1031.0,661.2
2601,2571,3.01332881119267,875.3021638173003,670.5342077060476,1031.0,661.2
2602,2572,3.01332881119267,875.3021638173003,670.5342077060476,1031.0,661.2
2603,2573,3.01332881119267,875.3021638173003,670.5342077060476,1031.0,661.2
2604,2574,3.01332881119267,875.3021638173003,670.5342077060476,1031.0,661.2
2605,2575,3.01332881119267,875.3021638173003,670.5342077060476,1031.0,661.2
2606,2576,4.803450773431724,875.3021638173003,670.5342077060476,1031.0,661.2
2607,2577,6.937364217217727,875.3021638173003,670.5342077060476,1031.0,661.2
2608,2578,9.516578176040486,875.3021638173003,670.5342077060476,1031.0,661.2
2609,2579,12.68211146273167,875.3021638173003,670.5342077060476,1031.0,661.2
2610,2580,16.631700646901404,875.3021638173003,670.5342077060476,1031.0,661.2
2611,2581,15.523254853562213,875.3021638173003,670.5342077060476,1031.0,661.2
2612,2582,9.075987134302684,875.3021638173003,670.5342077060476,1031.0,661.2
2613,2583,0.7252045059165966,875.3021638173003,670.5342077060476,1031.0,661.2
2614,2583,0.7252045059165966,875.3021638173003,670.5342077060476,1031.0,661.2
2615,2583,0.7252045059165966,875.3021638173003,670.5342077060476,1031.0,661.2
2616,2583,0.7252045059165966,875.3021638173003,670.5342077060476,1031.0,661.2
2617,2584,9.9676972572494,758.3021638173003,668.5342077060476,1031.0,661.2
2618,2585,23.060455920473657,758.3021638173003,668.5342077060476,1031.0,661.2
2619,2586,35.90932269741161,758.3021638173003,668.5342077060476,1031.0,661.2
2619,2587,21.414250139100385,758.3021638173003,668.5342077060476,1031.0,661.2
2619,2588,8.70137793032236,758.3021638173003,668.5342077060476,1031.0,661.2
2619,2589,8.70137793032236,758.3021638173003,668.5342077060476,1031.0,661.2
2619,2590,8.70137793032236,758.3021638173003,668.5342077060476,1031.0,661.2
2619,2591,8.70137793032236,758.3021638173003,668.5342077060476,1031.0,661.2
2619,2592,8.70137793032236,641.3021638173003,666.5342077060476,1031.0,661.2
2619,2593,8.70137793032236,641.3021638173003,666.5342077060476,1031.0,661.2
2619,2594,8.70137793032236,641.3021638173003,666.5342077060476,1031.0,661.2
2619,2595,8.70137793032236,641.3021638173003,666.5342077060476,1031.0,661.2
2619,2596,8.70137793032236,641.3021638173003,666.5342077060476,1031.0,661.2
2619,2597,8.70137793032236,641.3021638173003,666.5342077060476,1031.0,661.2
2619,2598,8.70137793032236,641.3021638173003,666.5342077060476,1031.0,661.2
2619,2599,8.70137793032236,641.3021638173003,666.5342077060476,1031.0,661.2
2619,2600,8.70137793032236,641.3021638173003,666.5342077060476,1031.0,661.2
2619,2601,8.70137793032236,641.3021638173003,666.5342077060476,1031.0,661.2
2619,2602,8.70137793032236,641.3021638173003,666.5342077060476,1031.0,661.2
2619,2603,8.70137793032236,641.3021638173003,666.5342077060476,1031.0,661.2
2619,2604,8.70137793032236,641.3021638173003,666.5342077060476,1031.0,661.2
2619,2605,8.70137793032236,641.3021638173003,666.5342077060476,1031.0,661.2
2619,2606,8.70137793032236,641.3021638173003,666.5342077060476,1031.0,661.2
2619,2607,8.70137793032236,641.3021638173003,666.5342077060476,1031.0,661.2
2619,2608,8.70137793032236,641.3021638173003,666.5342077060476,1031.0,661.2
2619,2609,8.70137793032236,641.3021638173003,666.5342077060476,1031.0,661.2
2619,2610,8.70137793032236,641.3021638173003,666.5342077060476,1031.0,661.2
2619,2611,8.70137793032236,641.3021638173003,666.5342077060476,1031.0,661.2
2619,2612,8.70137793032236,641.3021638173003,666.5342077060476,1031.0,661.2
2619,2613,8.70137793032236,641.3021638173003,666.5342077060476,1031.0,661.2
2619,2614,8.70137793032236,641.3021638173003,666.5342077060476,1031.0,661.2
2619,2615,8.70137793032236,641.3021638173003,666.5342077060476,1031.0,661.2
2619,2616,8.70137793032236,641.3021638173003,666.5342077060476,1031.0,661.2
2619,2617,8.70137793032236,641.3021638173003,666.5342077060476,1031.0,661.2
2619,2618,8.70137793032236,641.3021638173003,666.5342077060476,1031.0,661.2
2619,2619,8.70137793032236,641.3021638173003,666.5342077060476,1031.0,661.2
2619,2620,8.70137793032236,641.3021638173003,666.5342077060476,1031.0,661.2
2619,2621,8.70137793032236,641.3021638173003,666.5342077060476,1031.0,661.2
2619,2622,8.70137793032236,641.3021638173003,666.5342077060476,1031.0,661.2
2619,2623,8.70137793032236,641.3021638173003,666.5342077060476,1031.0,661.2
2619,2624,8.70137793032236,641.3021638173003,666.5342077060476,1031.0,661.2
2619,2625,8.70137793032236,641.3021638173003,666.5342077060476,1031.0,661.2
2619,2626,8.70137793032236,641.3021638173003,666.5342077060476,1031.0,661.2
2619,2627,8.70137793032236,641.3021638173003,666.5342077060476,1031.0,661.2
2619,2628,8.70137793032236,641.3021638173003,666.5342077060476,1031.0,661.2
2619,2629,8.70137793032236,641.3021638173003,666.5342077060476,1031.0,661.2
2619,2630,8.70137793032236,641.3021638173003,666.5342077060476,1031.0,661.2
2619,2631,8.70137793032236,641.3021638173003,666.5342077060476,1031.0,661.2
2619,2632,8.70137793032236,641.3021638173003,666.5342077060476,1031.0,661.2
2619,2633,8.70137793032236,641.3021638173003,666.5342077060476,1031.0,661.2
2619,2634,8.70137793032236,641.3021638173003,666.5342077060476,1031.0,661.2
2619,2635,8.70137793032236,641.3021638173003,666.5342077060476,1031.0,661.2
2619,2636,8.70137793032236,641.3021638173003,666.5342077060476,1031.0,661.2
2619,2637,8.70137793032236,641.3021638173003,666.5342077060476,1031.0,661.2
2619,2638,8.70137793032236,641.3021638173003,666.5342077060476,1031.0,661.2
2619,2639,8.70137793032236,641.3021638173003,666.5342077060476,1031.0,661.2
2619,2640,8.70137793032236,780.3021638173003,677.5342077060476,1031.0,661.2
2619,2641,8.70137793032236,780.3021638173003,677.5342077060476,1031.0,661.2
2619,2642,8.70137793032236,780.3021638173003,677.5342077060476,1031.0,661.2
2619,2643,8.70137793032236,780.3021638173003,677.5342077060476,1031.0,661.2
2619,2644,8.70137793032236,780.3021638173003,677.5342077060476,1031.0,661.2
2619,2645,8.70137793032236,780.3021638173003,677.5342077060476,1031.0,661.2
2619,2646,8.70137793032236,780.3021638173003,677.5342077060476,1031.0,661.2
2619,2647,8.70137793032236,780.3021638173003,677.5342077060476,1031.0,661.2
2619,2648,8.70137793032236,780.3021638173003,677.5342077060476,1031.0,661.2
2619,2649,8.70137793032236,780.3021638173003,677.5342077060476,1031.0,661.2
2619,2650,8.70137793032236,918.3021638173003,688.5342077060476,1031.0,661.2
2619,2651,8.70137793032236,918.3021638173003,688.5342077060476,1031.0,661.2
2619,2652,8.70137793032236,918.3021638173003,688.5342077060476,1031.0,661.2
2619,2653,8.70137793032236,918.3021638173003,688.5342077060476,1031.0,661.2
2619,2654,8.70137793032236,918.3021638173003,688.5342077060476,1031.0,661.2
2620,2655,8.70137793032236,918.3021638173003,688.5342077060476,1031.0,661.2
2621,2656,8.70137793032236,918.3021638173003,688.5342077060476,1031.0,661.2
2622,2657,8.70137793032236,918.3021638173003,688.5342077060476,1031.0,661.2
2623,2658,8.70137793032236,918.3021638173003,688.5342077060476,1031.0,661.2
2624,2659,8.70137793032236,918.3021638173003,688.5342077060476,1031.0,661.2
2625,2660,8.70137793032236,918.3021638173003,688.5342077060476,1031.0,661.2
2626,2661,8.70137793032236,918.3021638173003,688.5342077060476,1031.0,661.2
2627,2662,8.70137793032236,918.3021638173003,688.5342077060476,1031.0,661.2
2628,2663,8.70137793032236,918.3021638173003,688.5342077060476,1031.0,661.2
2629,2664,8.70137793032236,941.3021638173003,490.5342077060476,1031.0,661.2
2630,2665,8.70137793032236,941.3021638173003,490.5342077060476,1031.0,661.2
2631,2666,8.70137793032236,941.3021638173003,490.5342077060476,1031.0,661.2
2632,2667,8.70137793032236,941.3021638173003,490.5342077060476,1031.0,661.2
2633,2668,8.70137793032236,941.3021638173003,490.5342077060476,1031.0,661.2
2634,2669,8.70137793032236,941.3021638173003,490.5342077060476,1031.0,661.2
2635,2670,29.532375828160724,941.3021638173003,490.5342077060476,1031.0,661.2
2636,2671,0.19339928037558732,941.3021638173003,490.5342077060476,1031.0,661.2
2637,2671,0.19339928037558732,964.3021638173003,293.5342077060476,1031.0,661.2
2638,2671,0.19339928037558732,964.3021638173003,293.5342077060476,1031.0,661.2
2639,2671,0.19339928037558732,964.3021638173003,293.5342077060476,1031.0,661.2
2640,2671,0.19339928037558732,964.3021638173003,293.5342077060476,1031.0,661.2
2641,2671,0.19339928037558732,964.3021638173003,293.5342077060476,1031.0,661.2
2642,2671,0.19339928037558732,964.3021638173003,293.5342077060476,1031.0,661.2
2643,2671,0.19339928037558732,964.3021638173003,293.5342077060476,1031.0,661.2
2644,2672,18.024026444728914,964.3021638173003,293.5342077060476,1031.0,661.2
2645,2673,9.403555255785903,964.3021638173003,293.5342077060476,1031.0,661.2
2646,2674,3.3506825171603793,964.3021638173003,293.5342077060476,1031.0,661.2
2647,2675,3.3506825171603793,964.3021638173003,293.5342077060476,1031.0,661.2
2648,2676,3.3506825171603793,964.3021638173003,293.5342077060476,1031.0,661.2
2649,2677,3.3506825171603793,964.3021638173003,293.5342077060476,1031.0,661.2
2650,2678,3.3506825171603793,964.3021638173003,293.5342077060476,1031.0,661.2
2651,2679,3.3506825171603793,964.3021638173003,293.5342077060476,1031.0,661.2
2652,2680,3.3506825171603793,964.3021638173003,293.5342077060476,1031.0,661.2
2653,2681,3.3506825171603793,964.3021638173003,293.5342077060476,1031.0,661.2
2654,2682,3.3506825171603793,964.3021638173003,293.5342077060476,1031.0,661.2
2655,2683,3.3506825171603793,964.3021638173003,293.5342077060476,1031.0,661.2
2656,2684,3.3506825171603793,964.3021638173003,293.5342077060476,1031.0,661.2
2657,2685,3.3506825171603793,964.3021638173003,293.5342077060476,1031.0,661.2
2658,2686,3.3506825171603793,964.3021638173003,293.5342077060476,1031.0,661.2
2659,2687,3.3506825171603793,964.3021638173003,293.5342077060476,1031.0,661.2
2660,2688,3.3506825171603793,964.3021638173003,293.5342077060476,1031.0,661.2
2661,2689,3.3506825171603793,931.3021638173003,593.5342077060476,1031.0,661.2
2662,2690,3.3506825171603793,931.3021638173003,593.5342077060476,1031.0,661.2
2663,2691,3.3506825171603793,931.3021638173003,593.5342077060476,1031.0,661.2
2664,2692,3.3506825171603793,931.3021638173003,593.5342077060476,1031.0,661.2
2665,2693,3.3506825171603793,931.3021638173003,593.5342077060476,1031.0,661.2
2666,2694,3.3506825171603793,931.3021638173003,593.5342077060476,1031.0,661.2
2667,2695,3.3506825171603793,931.3021638173003,593.5342077060476,1031.0,661.2
2668,2696,3.3506825171603793,931.3021638173003,593.5342077060476,1031.0,661.2
2669,2697,3.3506825171603793,931.3021638173003,593.5342077060476,1031.0,661.2
2670,2698,3.3506825171603793,931.3021638173003,593.5342077060476,1031.0,661.2
2671,2699,3.3506825171603793,931.3021638173003,593.5342077060476,1031.0,661.2
2672,2700,3.3506825171603793,931.3021638173003,593.5342077060476,1031.0,661.2
2673,2701,3.3506825171603793,931.3021638173003,593.5342077060476,1031.0,661.2
2674,2702,3.3506825171603793,931.3021638173003,593.5342077060476,1031.0,661.2
2675,2703,3.3506825171603793,931.3021638173003,593.5342077060476,1031.0,661.2
2676,2704,3.3506825171603793,931.3021638173003,593.5342077060476,1031.0,661.2
2677,2705,3.3506825171603793,788.3021638173003,640.5342077060476,1031.0,661.2
2678,2706,3.3506825171603793,788.3021638173003,640.5342077060476,1031.0,661.2
2679,2707,3.3506825171603793,788.3021638173003,640.5342077060476,1031.0,661.2
2680,2708,3.3506825171603793,788.3021638173003,640.5342077060476,1031.0,661.2
2681,2709,3.3506825171603793,788.3021638173003,640.5342077060476,1031.0,661.2
2682,2710,1.2659079834523097,788.3021638173003,640.5342077060476,1031.0,661.2
2683,2710,1.2659079834523097,788.3021638173003,640.5342077060476,1031.0,661.2
2684,2710,1.2659079834523097,788.3021638173003,640.5342077060476,1031.0,661.2
2685,2710,1.2659079834523097,788.3021638173003,640.5342077060476,1031.0,661.2
2686,2710,1.2659079834523097,788.3021638173003,640.5342077060476,1031.0,661.2
2687,2710,1.2659079834523097,644.3021638173003,687.5342077060476,1031.0,661.2
2688,2710,1.2659079834523097,644.3021638173003,687.5342077060476,1031.0,661.2
2689,2710,1.2659079834523097,644.3021638173003,687.5342077060476,1031.0,661.2
2690,2710,1.2659079834523097,644.3021638173003,687.5342077060476,1031.0,661.2
2691,2710,1.2659079834523097,644.3021638173003,687.5342077060476,1031.0,661.2
2692,2710,1.2659079834523097,644.3021638173003,687.5342077060476,1031.0,661.2
2693,2710,1.2659079834523097,644.3021638173003,687.5342077060476,1031.0,661.2
2694,2710,1.2659079834523097,644.3021638173003,687.5342077060476,1031.0,661.2
2695,2710,1.2659079834523097,644.3021638173003,687.5342077060476,1031.0,661.2
2696,2710,1.2659079834523097,644.3021638173003,687.5342077060476,1031.0,661.2
2697,2710,1.2659079834523097,644.3021638173003,687.5342077060476,1031.0,661.2
2698,2710,1.2659079834523097,644.3021638173003,687.5342077060476,1031.0,661.2
2699,2710,1.2659079834523097,644.3021638173003,687.5342077060476,1031.0,661.2
2700,2710,1.2659079834523097,644.3021638173003,687.5342077060476,1031.0,661.2
2701,2710,1.2659079834523097,644.3021638173003,687.5342077060476,1031.0,661.2
2702,2710,1.2659079834523097,644.3021638173003,687.5342077060476,1031.0,661.2
2703,2710,1.2659079834523097,644.3021638173003,687.5342077060476,1031.0,661.2
2704,2710,1.2659079834523097,644.3021638173003,687.5342077060476,1031.0,661.2
2705,2710,1.2659079834523097,644.3021638173003,687.5342077060476,1031.0,661.2
2706,2710,1.2659079834523097,644.3021638173003,687.5342077060476,1031.0,661.2
2707,2710,1.2659079834523097,644.3021638173003,687.5342077060476,1031.0,661.2
2708,2710,1.2659079834523097,644.3021638173003,687.5342077060476,1031.0,661.2
2709,2710,1.2659079834523097,644.3021638173003,687.5342077060476,1031.0,661.2
2710,2710,1.2659079834523097,644.3021638173003,687.5342077060476,1031.0,661.2
2711,2710,1.2659079834523097,644.3021638173003,687.5342077060476,1031.0,661.2
2712,2710,1.2659079834523097,644.3021638173003,687.5342077060476,1031.0,661.2
2713,2710,1.2659079834523097,644.3021638173003,687.5342077060476,1031.0,661.2
2714,2710,1.2659079834523097,644.3021638173003,687.5342077060476,1031.0,661.2
2715,2710,1.2659079834523097,644.3021638173003,687.5342077060476,1031.0,661.2
2716,2710,1.2659079834523097,644.3021638173003,687.5342077060476,1031.0,661.2
2717,2710,1.2659079834523097,644.3021638173003,687.5342077060476,1031.0,661.2
2718,2710,1.2659079834523097,644.3021638173003,687.5342077060476,1031.0,661.2
2719,2710,1.2659079834523097,644.3021638173003,687.5342077060476,1031.0,661.2
2720,2710,1.2659079834523097,644.3021638173003,687.5342077060476,1031.0,661.2
2721,2710,1.2659079834523097,644.3021638173003,687.5342077060476,1031.0,661.2
2722,2710,1.2659079834523097,644.3021638173003,687.5342077060476,1031.0,661.2
2723,2710,1.2659079834523097,644.3021638173003,687.5342077060476,1031.0,661.2
2724,2710,1.2659079834523097,644.3021638173003,687.5342077060476,1031.0,661.2
2725,2710,1.2659079834523097,936.3021638173003,693.5342077060476,1031.0,661.2
2726,2710,1.2659079834523097,936.3021638173003,693.5342077060476,1031.0,661.2
2727,2710,1.2659079834523097,936.3021638173003,693.5342077060476,1031.0,661.2
2728,2710,1.2659079834523097,936.3021638173003,693.5342077060476,1031.0,661.2
2729,2710,1.2659079834523097,936.3021638173003,693.5342077060476,1031.0,661.2
2730,2710,1.2659079834523097,936.3021638173003,693.5342077060476,1031.0,661.2
2731,2710,1.2659079834523097,936.3021638173003,693.5342077060476,1031.0,661.2
2732,2710,1.2659079834523097,936.3021638173003,693.5342077060476,1031.0,661.2
2733,2710,1.2659079834523097,1228.3021638173004,699.5342077060476,1031.0,661.2
2734,2710,1.2659079834523097,1228.3021638173004,699.5342077060476,1031.0,661.2
2735,2710,1.2659079834523097,1228.3021638173004,699.5342077060476,1031.0,661.2
2736,2710,1.2659079834523097,1228.3021638173004,699.5342077060476,1031.0,661.2
2737,2711,7.708810390890696,1228.3021638173004,699.5342077060476,1031.0,661.2
2738,2712,17.01684847274493,1228.3021638173004,699.5342077060476,1031.0,661.2
2739,2713,8.641236898216516,1228.3021638173004,699.5342077060476,1031.0,661.2
2739,2714,10.282400319607088,1228.3021638173004,699.5342077060476,1031.0,661.2
2739,2715,32.19126635301917,1228.3021638173004,699.5342077060476,1031.0,661.2
2739,2716,32.19126635301917,1228.3021638173004,699.5342077060476,1031.0,661.2
2739,2717,32.19126635301917,1228.3021638173004,699.5342077060476,1031.0,661.2
2739,2718,32.19126635301917,1228.3021638173004,699.5342077060476,1031.0,661.2
2739,2719,32.19126635301917,1228.3021638173004,699.5342077060476,1031.0,661.2
2739,2720,32.19126635301917,1228.3021638173004,699.5342077060476,1031.0,661.2
2739,2721,32.19126635301917,1228.3021638173004,699.5342077060476,1031.0,661.2
2740,2722,32.19126635301917,1228.3021638173004,699.5342077060476,1031.0,661.2
2741,2723,32.19126635301917,1228.3021638173004,699.5342077060476,1031.0,661.2
2742,2724,32.19126635301917,1228.3021638173004,699.5342077060476,1031.0,661.2
2743,2725,32.19126635301917,1228.3021638173004,699.5342077060476,1031.0,661.2
2744,2726,32.19126635301917,1228.3021638173004,699.5342077060476,1031.0,661.2
2745,2727,32.19126635301917,1228.3021638173004,699.5342077060476,1031.0,661.2
2746,2728,32.19126635301917,1228.3021638173004,699.5342077060476,1031.0,661.2
2747,2729,32.19126635301917,1228.3021638173004,699.5342077060476,1031.0,661.2
2748,2730,32.19126635301917,1228.3021638173004,699.5342077060476,1031.0,661.2
2749,2731,32.19126635301917,1228.3021638173004,699.5342077060476,1031.0,661.2
2750,2732,32.19126635301917,1228.3021638173004,699.5342077060476,1031.0,661.2
2751,2733,32.19126635301917,1228.3021638173004,699.5342077060476,1031.0,661.2
2752,2734,32.19126635301917,1228.3021638173004,699.5342077060476,1031.0,661.2
2753,2735,32.19126635301917,1228.3021638173004,699.5342077060476,1031.0,661.2
2754,2736,32.19126635301917,1228.3021638173004,699.5342077060476,1031.0,661.2
2755,2737,32.19126635301917,1228.3021638173004,699.5342077060476,1031.0,661.2
2756,2738,32.19126635301917,1228.3021638173004,699.5342077060476,1031.0,661.2
2757,2739,32.19126635301917,1286.3021638173004,703.5342077060476,1031.0,661.2
2758,2740,32.19126635301917,1286.3021638173004,703.5342077060476,1031.0,661.2
2759,2741,32.19126635301917,1286.3021638173004,703.5342077060476,1031.0,661.2
2760,2742,32.19126635301917,1286.3021638173004,703.5342077060476,1031.0,661.2
2761,2743,32.19126635301917,1286.3021638173004,703.5342077060476,1031.0,661.2
2762,2744,32.19126635301917,1286.3021638173004,703.5342077060476,1031.0,661.2
2763,2745,21.639209184849705,1286.3021638173004,703.5342077060476,1031.0,661.2
2764,2746,9.964683012114305,1286.3021638173004,703.5342077060476,1031.0,661.2
2765,2746,9.964683012114305,1286.3021638173004,703.5342077060476,1031.0,661.2
2766,2746,9.964683012114305,1286.3021638173004,703.5342077060476,1031.0,661.2
2767,2746,9.964683012114305,1286.3021638173004,703.5342077060476,1031.0,661.2
2768,2746,9.964683012114305,1286.3021638173004,703.5342077060476,1031.0,661.2
2769,2746,9.964683012114305,1286.3021638173004,703.5342077060476,1031.0,661.2
2770,2746,9.964683012114305,1286.3021638173004,703.5342077060476,1031.0,661.2
2771,2746,9.964683012114305,1286.3021638173004,703.5342077060476,1031.0,661.2
2772,2747,5.948322937378935,1286.3021638173004,703.5342077060476,1031.0,661.2
2772,2748,3.7621227312602565,1187.3021638173004,563.5342077060476,1031.0,661.2
2772,2749,3.7621227312602565,1187.3021638173004,563.5342077060476,1031.0,661.2
2772,2750,3.7621227312602565,1187.3021638173004,563.5342077060476,1031.0,661.2
2772,2751,3.7621227312602565,1187.3021638173004,563.5342077060476,1031.0,661.2
2772,2752,3.7621227312602565,1187.3021638173004,563.5342077060476,1031.0,661.2
2772,2753,3.7621227312602565,1187.3021638173004,563.5342077060476,1031.0,661.2
2772,2754,3.7621227312602565,1187.3021638173004,563.5342077060476,1031.0,661.2
2772,2755,3.7621227312602565,1187.3021638173004,563.5342077060476,1031.0,661.2
2772,2756,3.7621227312602565,1088.3021638173004,423.5342077060476,1031.0,661.2
2772,2757,3.7621227312602565,1088.3021638173004,423.5342077060476,1031.0,661.2
2772,2758,3.7621227312602565,1088.3021638173004,423.5342077060476,1031.0,661.2
2772,2759,3.7621227312602565,1088.3021638173004,423.5342077060476,1031.0,661.2
2772,2760,3.7621227312602565,1088.3021638173004,423.5342077060476,1031.0,661.2
2772,2761,3.7621227312602565,1088.3021638173004,423.5342077060476,1031.0,661.2
2772,2762,3.7621227312602565,1088.3021638173004,423.5342077060476,1031.0,661.2
2772,2763,3.7621227312602565,1088.3021638173004,423.5342077060476,1031.0,661.2
2772,2764,3.7621227312602565,1088.3021638173004,423.5342077060476,1031.0,661.2
2772,2765,3.7621227312602565,1088.3021638173004,423.5342077060476,1031.0,661.2
2772,2766,3.7621227312602565,1088.3021638173004,423.5342077060476,1031.0,661.2
2772,2767,3.7621227312602565,1088.3021638173004,423.5342077060476,1031.0,661.2
2772,2768,3.7621227312602565,1088.3021638173004,423.5342077060476,1031.0,661.2
2772,2769,3.7621227312602565,1088.3021638173004,423.5342077060476,1031.0,661.2
2772,2770,3.7621227312602565,1088.3021638173004,423.5342077060476,1031.0,661.2
2772,2771,3.7621227312602565,1088.3021638173004,423.5342077060476,1031.0,661.2
2772,2772,3.7621227312602565,1088.3021638173004,423.5342077060476,1031.0,661.2
2772,2773,3.7621227312602565,1088.3021638173004,423.5342077060476,1031.0,661.2
2772,2774,3.7621227312602565,1088.3021638173004,423.5342077060476,1031.0,661.2
2772,2775,3.7621227312602565,1088.3021638173004,423.5342077060476,1031.0,661.2
2772,2776,3.7621227312602565,1088.3021638173004,423.5342077060476,1031.0,661.2
2772,2777,3.7621227312602565,1088.3021638173004,423.5342077060476,1031.0,661.2
2772,2778,3.7621227312602565,1088.3021638173004,423.5342077060476,1031.0,661.2
2772,2779,3.7621227312602565,1088.3021638173004,423.5342077060476,1031.0,661.2
2772,2780,3.7621227312602565,1088.3021638173004,423.5342077060476,1031.0,661.2
2772,2781,3.7621227312602565,1088.3021638173004,423.5342077060476,1031.0,661.2
2772,2782,3.7621227312602565,-,-,-,-
2772,2783,3.7621227312602565,-,-,-,-
2772,2784,3.7621227312602565,-,-,-,-
2772,2785,3.7621227312602565,-,-,-,-
2772,2786,3.7621227312602565,-,-,-,-
2772,2787,3.7621227312602565,-,-,-,-
2772,2788,3.7621227312602565,-,-,-,-
2772,2789,3.7621227312602565,-,-,-,-
2772,2790,3.7621227312602565,-,-,-,-
2772,2791,3.7621227312602565,-,-,-,-
2772,2792,3.7621227312602565,-,-,-,-
2772,2793,3.7621227312602565,-,-,-,-
2772,2794,3.7621227312602565,-,-,-,-
2772,2795,3.7621227312602565,-,-,-,-
2772,2796,3.7621227312602565,-,-,-,-
2772,2797,3.7621227312602565,-,-,-,-
2772,2798,3.7621227312602565,-,-,-,-
2772,2799,3.7621227312602565,-,-,-,-
2772,2800,3.7621227312602565,-,-,-,-
2772,2801,3.7621227312602565,-,-,-,-
2772,2802,3.7621227312602565,-,-,-,-
2772,2803,3.7621227312602565,-,-,-,-
2772,2804,3.7621227312602565,-,-,-,-
2772,2805,3.7621227312602565,-,-,-,-
2772,2806,3.7621227312602565,-,-,-,-
2772,2807,3.7621227312602565,-,-,-,-
2772,2808,3.7621227312602565,-,-,-,-
2772,2809,3.7621227312602565,-,-,-,-
2772,2810,3.7621227312602565,-,-,-,-
2772,2811,3.7621227312602565,-,-,-,-
2772,2812,3.7621227312602565,-,-,-,-
2772,2813,3.7621227312602565,-,-,-,-
2772,2814,3.7621227312602565,-,-,-,-
2772,2815,3.7621227312602565,-,-,-,-
2772,2816,3.7621227312602565,-,-,-,-
2772,2817,3.7621227312602565,-,-,-,-
2772,2818,3.7621227312602565,-,-,-,-
2772,2819,3.7621227312602565,-,-,-,-
2772,2820,3.7621227312602565,-,-,-,-
2772,2821,3.7621227312602565,-,-,-,-
2772,2822,3.7621227312602565,-,-,-,-
2772,2823,3.7621227312602565,-,-,-,-
2772,2824,3.7621227312602565,-,-,-,-
2772,2825,3.7621227312602565,-,-,-,-
2772,2826,3.5442247529156816,-,-,-,-
2772,2827,3.400931317434344,-,-,-,-
2772,2828,3.2995290583678694,-,-,-,-
2772,2829,3.2239911231819547,-,-,-,-
2772,2830,3.2239911231819547,-,-,-,-
2772,2831,3.2239911231819547,-,-,-,-
2772,2832,3.2239911231819547,-,-,-,-
2772,2833,3.2239911231819547,-,-,-,-
2772,2834,3.2239911231819547,-,-,-,-
2772,2835,3.2239911231819547,-,-,-,-
2772,2836,3.2239911231819547,-,-,-,-
2772,2837,3.2239911231819547,-,-,-,-
2772,2838,3.2239911231819547,-,-,-,-
2772,2839,3.2239911231819547,-,-,-,-
2772,2840,3.2239911231819547,-,-,-,-
2772,2841,3.2239911231819547,-,-,-,-
2772,2842,3.2239911231819547,-,-,-,-
2772,2843,3.2239911231819547,-,-,-,-
2772,2844,3.2239911231819547,-,-,-,-
2772,2845,3.2239911231819547,-,-,-,-
2772,2846,3.2239911231819547,-,-,-,-
2772,2847,3.2239911231819547,-,-,-,-
2772,2848,3.2239911231819547,-,-,-,-
2772,2849,3.2239911231819547,-,-,-,-
2772,2850,3.2239911231819547,-,-,-,-
2772,2851,12.054138871776972,-,-,-,-
2772,2852,20.219776967214006,-,-,-,-
2772,2853,27.506576455566172,-,-,-,-
2772,2854,33.85279561467335,-,-,-,-
2772,2855,39.30255911099512,-,-,-,-
2772,2856,43.95371969175452,-,-,-,-
2772,2857,47.920502152806044,-,-,-,-
2772,2858,47.920502152806044,-,-,-,-
2772,2859,47.920502152806044,-,-,-,-
2772,2860,47.920502152806044,-,-,-,-
2772,2861,47.920502152806044,-,-,-,-
2772,2862,47.920502152806044,-,-,-,-
2772,2863,47.920502152806044,-,-,-,-
2772,2864,47.920502152806044,-,-,-,-
2772,2865,47.920502152806044,-,-,-,-
2772,2866,47.920502152806044,-,-,-,-
2772,2867,47.920502152806044,-,-,-,-
2772,2868,47.920502152806044,-,-,-,-
2772,2869,47.920502152806044,-,-,-,-
2772,2870,47.920502152806044,-,-,-,-
2772,2871,47.920502152806044,-,-,-,-
2772,2872,47.920502152806044,-,-,-,-
2772,2873,47.920502152806044,-,-,-,-
2772,2874,47.920502152806044,-,-,-,-
2772,2875,41.299676411741245,-,-,-,-
2772,2876,32.50318285600667,-,-,-,-
2772,2877,20.92691930704413,-,-,-,-
2772,2878,6.454163799090406,-,-,-,-
2772,2879,6.454163799090406,-,-,-,-
2772,2880,6.454163799090406,-,-,-,-
2772,2881,6.454163799090406,-,-,-,-
2772,2882,6.454163799090406,-,-,-,-
2772,2883,6.454163799090406,-,-,-,-
2772,2884,6.454163799090406,-,-,-,-
2772,2885,6.454163799090406,-,-,-,-
2772,2886,6.454163799090406,-,-,-,-
2772,2887,6.454163799090406,-,-,-,-
2772,2888,6.454163799090406,-,-,-,-
2772,2889,6.454163799090406,-,-,-,-
2772,2890,6.454163799090406,-,-,-,-
2772,2891,6.454163799090406,-,-,-,-
2772,2892,6.454163799090406,-,-,-,-
2772,2893,6.454163799090406,-,-,-,-
2772,2894,6.454163799090406,-,-,-,-
2772,2895,6.454163799090406,-,-,-,-
2772,2896,6.454163799090406,-,-,-,-
2772,2897,6.454163799090406,-,-,-,-
2772,2898,6.454163799090406,-,-,-,-
2772,2899,6.454163799090406,-,-,-,-
2772,2900,6.454163799090406,-,-,-,-
2772,2901,6.454163799090406,-,-,-,-
2772,2902,6.454163799090406,-,-,-,-
2772,2903,6.454163799090406,-,-,-,-
2772,2904,6.454163799090406,-,-,-,-
2772,2905,6.454163799090406,-,-,-,-
2772,2906,6.454163799090406,-,-,-,-
2772,2907,6.454163799090406,-,-,-,-
2772,2908,6.454163799090406,-,-,-,-
2772,2909,6.454163799090406,-,-,-,-
2772,2910,6.454163799090406,-,-,-,-
2772,2911,6.454163799090406,-,-,-,-
2772,2912,6.454163799090406,-,-,-,-
2772,2913,6.454163799090406,-,-,-,-
2772,2914,6.454163799090406,-,-,-,-
2772,2915,6.454163799090406,-,-,-,-
2772,2916,6.454163799090406,-,-,-,-
2772,2917,6.454163799090406,-,-,-,-
2772,2918,6.454163799090406,-,-,-,-
2772,2919,6.454163799090406,-,-,-,-
2772,2920,6.454163799090406,-,-,-,-
2772,2921,6.454163799090406,-,-,-,-
2772,2922,6.454163799090406,-,-,-,-
2772,2923,6.454163799090406,-,-,-,-
2772,2924,6.454163799090406,-,-,-,-
2772,2925,6.857009103975076,-,-,-,-
2772,2926,7.38704596922127,-,-,-,-
2772,2927,8.11564971652036,-,-,-,-
2772,2928,9.17967211216446,-,-,-,-
2772,2929,10.878322016545887,-,-,-,-
2772,2930,10.878322016545887,-,-,-,-
2772,2931,10.878322016545887,-,-,-,-
2772,2932,10.878322016545887,-,-,-,-
2772,2933,10.878322016545887,-,-,-,-
2772,2934,10.878322016545887,-,-,-,-
2772,2935,10.878322016545887,-,-,-,-
2772,2936,10.878322016545887,-,-,-,-
2772,2937,10.878322016545887,-,-,-,-
2772,2938,10.878322016545887,-,-,-,-
2772,2939,10.878322016545887,-,-,-,-
2772,2940,10.878322016545887,-,-,-,-
2772,2941,10.878322016545887,-,-,-,-
2772,2942,10.878322016545887,-,-,-,-
2772,2943,10.878322016545887,-,-,-,-
2772,2944,10.878322016545887,-,-,-,-
2772,2945,10.878322016545887,-,-,-,-
2772,2946,10.878322016545887,-,-,-,-
2772,2947,10.878322016545887,-,-,-,-
2772,2948,10.878322016545887,-,-,-,-
2772,2949,10.878322016545887,-,-,-,-
2772,2950,10.878322016545887,-,-,-,-
2772,2951,10.878322016545887,-,-,-,-
2772,2952,10.878322016545887,-,-,-,-
2772,2953,10.878322016545887,-,-,-,-
2772,2954,10.878322016545887,-,-,-,-
2772,2955,10.878322016545887,-,-,-,-
2772,2956,10.878322016545887,-,-,-,-
2772,2957,10.878322016545887,-,-,-,-
2772,2958,10.878322016545887,-,-,-,-
2772,2959,10.878322016545887,-,-,-,-
2772,2960,10.878322016545887,-,-,-,-
2772,2961,10.878322016545887,-,-,-,-
2772,2962,10.878322016545887,-,-,-,-
2772,2963,10.878322016545887,-,-,-,-
2772,2964,10.878322016545887,-,-,-,-
2772,2965,10.878322016545887,-,-,-,-
2773,2966,10.878322016545887,-,-,-,-
2774,2967,10.878322016545887,-,-,-,-
2775,2968,10.878322016545887,-,-,-,-
2776,2969,10.878322016545887,-,-,-,-
2777,2970,10.878322016545887,-,-,-,-
2778,2971,10.878322016545887,-,-,-,-
2779,2972,10.878322016545887,-,-,-,-
2780,2973,10.878322016545887,-,-,-,-
2781,2974,10.878322016545887,-,-,-,-
2782,2975,10.878322016545887,-,-,-,-
2783,2976,10.878322016545887,-,-,-,-
2784,2977,10.878322016545887,-,-,-,-
2785,2978,10.878322016545887,-,-,-,-
2786,2979,10.878322016545887,-,-,-,-
2787,2980,10.89778996233899,-,-,-,-
2788,2981,10.89778996233899,-,-,-,-
2789,2982,10.89778996233899,-,-,-,-
2790,2983,10.89778996233899,-,-,-,-
2791,2984,10.89778996233899,-,-,-,-
2792,2985,10.89778996233899,-,-,-,-
2793,2986,10.89778996233899,-,-,-,-
2794,2987,10.89778996233899,-,-,-,-
2795,2988,10.89778996233899,-,-,-,-
2796,2989,10.89778996233899,-,-,-,-
2797,2990,10.89778996233899,-,-,-,-
2798,2991,10.89778996233899,-,-,-,-
2799,2992,10.89778996233899,-,-,-,-
2800,2993,10.89778996233899,-,-,-,-
2801,2994,10.89778996233899,-,-,-,-
2802,2995,10.89778996233899,-,-,-,-
2803,2996,12.804893246045719,-,-,-,-
2804,2997,12.804893246045719,-,-,-,-
2805,2998,12.804893246045719,-,-,-,-
2806,2999,12.804893246045719,-,-,-,-
2807,3000,12.804893246045719,-,-,-,-
2808,3001,12.804893246045719,-,-,-,-
2809,3002,12.804893246045719,-,-,-,-
2810,3003,12.804893246045719,-,-,-,-
2811,3004,17.60675320033128,-,-,-,-
2812,3005,17.60675320033128,-,-,-,-
2813,3006,17.60675320033128,-,-,-,-
2814,3007,17.60675320033128,-,-,-,-
2815,3008,17.60675320033128,-,-,-,-
2816,3009,17.60675320033128,-,-,-,-
2817,3010,17.60675320033128,-,-,-,-
2818,3011,17.60675320033128,-,-,-,-
2819,3012,17.60675320033128,-,-,-,-
2820,3013,0.5354541865174717,-,-,-,-
2821,3014,0.024495564381143344,-,-,-,-
2822,3014,0.024495564381143344,-,-,-,-
2823,3014,0.024495564381143344,-,-,-,-
2824,3014,0.024495564381143344,-,-,-,-
2825,3014,0.024495564381143344,-,-,-,-
2826,3014,0.024495564381143344,-,-,-,-
2827,3014,35.15175590689832,-,-,-,-
2828,3014,35.15175590689832,-,-,-,-
2829,3014,35.15175590689832,-,-,-,-
2830,3014,35.15175590689832,-,-,-,-
2831,3014,35.15175590689832,-,-,-,-
2832,3014,35.15175590689832,-,-,-,-
2833,3014,35.15175590689832,-,-,-,-
2834,3014,35.15175590689832,-,-,-,-
2835,3014,35.15175590689832,-,-,-,-
2836,3014,35.15175590689832,-,-,-,-
2837,3014,35.15175590689832,-,-,-,-
2838,3014,35.15175590689832,-,-,-,-
2839,3014,35.15175590689832,-,-,-,-
2840,3014,35.15175590689832,-,-,-,-
2841,3014,35.15175590689832,-,-,-,-
2842,3014,35.15175590689832,-,-,-,-
2843,3014,35.15175590689832,-,-,-,-
2844,3014,35.15175590689832,-,-,-,-
2845,3014,35.15175590689832,-,-,-,-
2846,3015,44.248136030843575,-,-,-,-
2847,3016,39.589781827330775,-,-,-,-
2848,3017,39.589781827330775,-,-,-,-
2849,3018,39.589781827330775,-,-,-,-
2850,3019,39.589781827330775,-,-,-,-
2851,3020,39.589781827330775,-,-,-,-
2852,3021,39.589781827330775,-,-,-,-
2853,3022,39.589781827330775,-,-,-,-
2854,3023,39.589781827330775,-,-,-,-
2855,3024,39.589781827330775,-,-,-,-
2856,3025,39.589781827330775,-,-,-,-
2857,3026,39.589781827330775,-,-,-,-
2858,3027,39.589781827330775,-,-,-,-
2859,3028,39.589781827330775,-,-,-,-
2860,3029,39.589781827330775,-,-,-,-
2861,3030,39.589781827330775,-,-,-,-
2862,3031,39.589781827330775,-,-,-,-
2863,3032,39.589781827330775,-,-,-,-
2864,3033,39.589781827330775,-,-,-,-
2865,3034,39.589781827330775,-,-,-,-
2866,3035,39.589781827330775,-,-,-,-
2867,3036,39.589781827330775,-,-,-,-
2868,3037,39.589781827330775,-,-,-,-
2869,3038,39.589781827330775,-,-,-,-
2870,3039,39.589781827330775,-,-,-,-
2871,3040,39.589781827330775,-,-,-,-
2872,3041,39.589781827330775,-,-,-,-
2873,3042,39.589781827330775,-,-,-,-
2874,3043,39.589781827330775,-,-,-,-
2875,3044,39.589781827330775,-,-,-,-
2876,3045,39.589781827330775,-,-,-,-
2877,3046,42.48569605044055,-,-,-,-
2878,3047,45.2624246430477,-,-,-,-
2879,3048,45.2624246430477,-,-,-,-
2880,3049,45.2624246430477,-,-,-,-
2881,3050,45.2624246430477,-,-,-,-
2882,3051,45.2624246430477,-,-,-,-
2883,3052,45.2624246430477,-,-,-,-
2884,3053,45.2624246430477,-,-,-,-
2885,3054,45.2624246430477,-,-,-,-
2886,3055,45.2624246430477,-,-,-,-
2887,3056,45.2624246430477,-,-,-,-
2888,3057,45.2624246430477,-,-,-,-
2889,3058,45.2624246430477,-,-,-,-
2890,3059,45.2624246430477,-,-,-,-
2891,3060,45.2624246430477,-,-,-,-
2892,3061,45.2624246430477,-,-,-,-
2893,3062,45.2624246430477,-,-,-,-
2894,3063,45.2624246430477,-,-,-,-
2895,3064,45.2624246430477,-,-,-,-
2896,3065,45.2624246430477,-,-,-,-
2897,3066,45.2624246430477,-,-,-,-
2898,3067,45.2624246430477,-,-,-,-
2899,3068,31.154025738446386,-,-,-,-
2900,3069,31.154025738446386,-,-,-,-
2901,3070,31.154025738446386,-,-,-,-
2902,3071,31.154025738446386,-,-,-,-
2903,3072,31.154025738446386,-,-,-,-
2904,3073,31.154025738446386,-,-,-,-
2905,3074,31.154025738446386,-,-,-,-
2906,3075,31.154025738446386,-,-,-,-
2907,3076,31.154025738446386,-,-,-,-
2908,3077,31.154025738446386,-,-,-,-
2909,3078,31.154025738446386,-,-,-,-
2910,3079,31.154025738446386,-,-,-,-
2911,3080,31.154025738446386,-,-,-,-
2912,3081,31.154025738446386,-,-,-,-
2913,3082,31.154025738446386,-,-,-,-
2914,3083,49.85293925957417,-,-,-,-
2915,3084,76.26087590716364,-,-,-,-
2916,3085,102.19555020986445,-,-,-,-
2917,3086,81.6784516741226,-,-,-,-
2918,3087,70.56536054452152,-,-,-,-
2919,3088,70.56536054452152,-,-,-,-
2920,3089,70.56536054452152,-,-,-,-
2921,3090,70.56536054452152,-,-,-,-
2922,3091,70.56536054452152,-,-,-,-
2923,3092,58.876662017737665,-,-,-,-
2923,3093,58.876662017737665,-,-,-,-
2923,3094,58.876662017737665,-,-,-,-
2923,3095,58.876662017737665,-,-,-,-
2923,3096,58.876662017737665,-,-,-,-
2923,3097,58.876662017737665,-,-,-,-
2923,3098,58.876662017737665,-,-,-,-
2923,3099,58.876662017737665,-,-,-,-
2923,3100,58.876662017737665,-,-,-,-
2923,3101,58.876662017737665,-,-,-,-
2923,3102,58.876662017737665,-,-,-,-
2923,3103,58.876662017737665,-,-,-,-
2923,3104,51.029494775742656,-,-,-,-
2923,3105,44.44467383965413,-,-,-,-
2923,3106,38.97618093202626,-,-,-,-
2923,3107,34.439846681083345,-,-,-,-
2923,3108,34.439846681083345,-,-,-,-
2923,3109,34.439846681083345,-,-,-,-
2923,3110,34.439846681083345,-,-,-,-
2923,3111,34.439846681083345,-,-,-,-
2923,3112,34.439846681083345,-,-,-,-
2923,3113,34.439846681083345,-,-,-,-
2923,3114,34.439846681083345,-,-,-,-
2923,3115,34.439846681083345,-,-,-,-
2923,3116,34.439846681083345,-,-,-,-
2923,3117,27.36586543253171,-,-,-,-
2923,3118,20.094755737417643,-,-,-,-
2923,3119,12.854686487801763,-,-,-,-
2923,3120,5.868157955092206,-,-,-,-
2923,3121,0.6861166060387748,-,-,-,-
2923,3122,0.6861166060387748,-,-,-,-
2923,3123,0.6861166060387748,-,-,-,-
2923,3124,0.6861166060387748,-,-,-,-
2923,3125,0.6861166060387748,-,-,-,-
2923,3126,0.6861166060387748,-,-,-,-
2923,3127,0.6861166060387748,-,-,-,-
2923,3128,0.6861166060387748,-,-,-,-
2923,3129,0.6861166060387748,-,-,-,-
2923,3130,0.6861166060387748,-,-,-,-
2923,3131,0.6861166060387748,-,-,-,-
2923,3132,0.6861166060387748,-,-,-,-
2923,3133,0.6861166060387748,-,-,-,-
2923,3134,0.6861166060387748,-,-,-,-
2923,3135,0.6861166060387748,-,-,-,-
2923,3136,0.6861166060387748,-,-,-,-
2923,3137,0.6861166060387748,-,-,-,-
2923,3138,0.6861166060387748,-,-,-,-
2923,3139,3.7542512400982666,-,-,-,-
2924,3140,8.196332738027317,-,-,-,-
2925,3141,12.587331145465896,-,-,-,-
2926,3142,12.587331145465896,-,-,-,-
2927,3143,12.587331145465896,-,-,-,-
2928,3144,12.587331145465896,-,-,-,-
2929,3145,12.587331145465896,-,-,-,-
2930,3146,12.587331145465896,-,-,-,-
2931,3147,12.587331145465896,-,-,-,-
2932,3148,12.587331145465896,-,-,-,-
2933,3149,12.587331145465896,-,-,-,-
2934,3150,12.587331145465896,-,-,-,-
2935,3151,12.587331145465896,-,-,-,-
2936,3152,12.587331145465896,-,-,-,-
2937,3153,12.587331145465896,-,-,-,-
2938,3154,12.587331145465896,-,-,-,-
2939,3155,12.587331145465896,-,-,-,-
2940,3156,12.587331145465896,-,-,-,-
2941,3157,12.587331145465896,-,-,-,-
2942,3158,12.587331145465896,-,-,-,-
2943,3159,12.587331145465896,-,-,-,-
2944,3160,12.587331145465896,-,-,-,-
2945,3161,12.587331145465896,-,-,-,-
2946,3162,12.587331145465896,-,-,-,-
2947,3163,31.81738488118619,-,-,-,-
2948,3164,31.81738488118619,-,-,-,-
2949,3165,31.81738488118619,-,-,-,-
2950,3166,33.56975728649633,-,-,-,-
2951,3167,36.189457661834105,-,-,-,-
2952,3168,40.505604594956786,-,-,-,-
2953,3169,48.71444896262496,-,-,-,-
2954,3170,67.7119387099164,-,-,-,-
2955,3171,105.82153074273678,-,-,-,-
2956,3172,62.56025403114463,-,-,-,-
2957,3173,46.93437680417559,-,-,-,-
2958,3173,46.93437680417559,-,-,-,-
2959,3173,46.93437680417559,-,-,-,-
2960,3173,46.93437680417559,-,-,-,-
2961,3173,46.93437680417559,-,-,-,-
2962,3173,46.93437680417559,-,-,-,-
2963,3173,46.93437680417559,-,-,-,-
2964,3173,46.93437680417559,-,-,-,-
2965,3173,46.93437680417559,-,-,-,-
2966,3173,46.93437680417559,-,-,-,-
2967,3173,46.93437680417559,-,-,-,-
2968,3173,46.93437680417559,-,-,-,-
2969,3173,46.93437680417559,-,-,-,-
2970,3173,46.93437680417559,-,-,-,-
2971,3173,46.93437680417559,-,-,-,-
2972,3173,46.93437680417559,-,-,-,-
2973,3173,46.93437680417559,-,-,-,-
2974,3173,46.93437680417559,-,-,-,-
2975,3173,46.93437680417559,-,-,-,-
2976,3173,46.93437680417559,-,-,-,-
2977,3173,46.93437680417559,-,-,-,-
2978,3173,46.93437680417559,-,-,-,-
2979,3173,46.93437680417559,-,-,-,-
2980,3173,46.93437680417559,-,-,-,-
2981,3173,46.93437680417559,-,-,-,-
2982,3173,46.93437680417559,-,-,-,-
2983,3173,46.93437680417559,-,-,-,-
2984,3173,46.93437680417559,-,-,-,-
2985,3173,46.93437680417559,-,-,-,-
2986,3173,46.93437680417559,-,-,-,-
2987,3173,46.93437680417559,-,-,-,-
2988,3173,46.93437680417559,-,-,-,-
2989,3173,72.11507476579543,-,-,-,-
2990,3173,72.11507476579543,-,-,-,-
2991,3173,72.11507476579543,-,-,-,-
2992,3173,72.11507476579543,-,-,-,-
2993,3173,72.11507476579543,-,-,-,-
2994,3173,72.11507476579543,-,-,-,-
2995,3173,81.5161752510452,-,-,-,-
2996,3173,81.5161752510452,-,-,-,-
2997,3173,81.5161752510452,-,-,-,-
2998,3173,81.5161752510452,-,-,-,-
2999,3173,81.5161752510452,-,-,-,-
3000,3173,81.5161752510452,-,-,-,-
3001,3173,81.5161752510452,-,-,-,-
3002,3173,81.5161752510452,-,-,-,-
3003,3173,81.5161752510452,-,-,-,-
3004,3173,81.5161752510452,-,-,-,-
3005,3173,81.5161752510452,-,-,-,-
3006,3173,81.5161752510452,-,-,-,-
3007,3173,81.5161752510452,-,-,-,-
3008,3173,81.5161752510452,-,-,-,-
3009,3173,81.5161752510452,-,-,-,-
3010,3173,81.5161752510452,-,-,-,-
3011,3173,81.5161752510452,-,-,-,-
3012,3173,81.5161752510452,-,-,-,-
3013,3173,81.5161752510452,-,-,-,-
3014,3173,81.5161752510452,-,-,-,-
3015,3173,81.5161752510452,-,-,-,-
3016,3173,81.5161752510452,-,-,-,-
3017,3173,81.5161752510452,-,-,-,-
3018,3173,81.5161752510452,-,-,-,-
3019,3173,81.5161752510452,-,-,-,-
3020,3173,81.5161752510452,-,-,-,-
3021,3173,81.5161752510452,-,-,-,-
3022,3173,81.5161752510452,-,-,-,-
3023,3173,81.5161752510452,-,-,-,-
3024,3173,81.5161752510452,-,-,-,-
3025,3173,81.5161752510452,-,-,-,-
3026,3173,81.5161752510452,-,-,-,-
3027,3173,81.5161752510452,-,-,-,-
3028,3173,81.5161752510452,-,-,-,-
3029,3173,81.5161752510452,-,-,-,-
3030,3173,81.5161752510452,-,-,-,-
3031,3173,81.5161752510452,-,-,-,-
3032,3173,81.5161752510452,-,-,-,-
3033,3173,81.5161752510452,-,-,-,-
3034,3173,81.5161752510452,-,-,-,-
3035,3173,81.5161752510452,-,-,-,-
3036,3173,81.5161752510452,-,-,-,-
3037,3173,81.5161752510452,-,-,-,-
3038,3173,81.5161752510452,-,-,-,-
3039,3173,81.5161752510452,-,-,-,-
3040,3173,81.5161752510452,-,-,-,-
3041,3173,81.5161752510452,-,-,-,-
3042,3173,81.5161752510452,-,-,-,-
3043,3173,81.5161752510452,-,-,-,-
3044,3173,81.5161752510452,-,-,-,-
3045,3173,81.5161752510452,-,-,-,-
3046,3173,81.5161752510452,-,-,-,-
3047,3173,81.5161752510452,-,-,-,-
3048,3173,81.5161752510452,-,-,-,-
3049,3173,81.5161752510452,-,-,-,-
3050,3173,81.5161752510452,-,-,-,-
3051,3173,81.5161752510452,-,-,-,-
3052,3173,81.5161752510452,-,-,-,-
3053,3173,81.5161752510452,-,-,-,-
3054,3173,81.5161752510452,-,-,-,-
3055,3173,81.5161752510452,-,-,-,-
3056,3173,81.5161752510452,-,-,-,-
3057,3173,81.5161752510452,-,-,-,-
3058,3173,81.5161752510452,-,-,-,-
3059,3173,81.5161752510452,-,-,-,-
3060,3173,24.770723152824576,-,-,-,-
3061,3173,24.770723152824576,-,-,-,-
3062,3173,24.770723152824576,-,-,-,-
3063,3173,24.770723152824576,-,-,-,-
3064,3173,24.770723152824576,-,-,-,-
3065,3173,24.770723152824576,-,-,-,-
3066,3173,24.770723152824576,-,-,-,-
3067,3173,40.637591016072264,-,-,-,-
3068,3173,40.637591016072264,-,-,-,-
3069,3173,40.637591016072264,-,-,-,-
3070,3173,40.637591016072264,-,-,-,-
3071,3173,40.637591016072264,-,-,-,-
3072,3173,40.637591016072264,-,-,-,-
3073,3173,40.637591016072264,-,-,-,-
3074,3173,40.637591016072264,-,-,-,-
3075,3173,40.637591016072264,-,-,-,-
3076,3173,40.637591016072264,-,-,-,-
3077,3173,40.637591016072264,-,-,-,-
3078,3173,40.637591016072264,-,-,-,-
3079,3173,40.637591016072264,-,-,-,-
3080,3173,40.637591016072264,-,-,-,-
3081,3173,40.637591016072264,-,-,-,-
3082,3173,40.637591016072264,-,-,-,-
3083,3173,40.637591016072264,-,-,-,-
3084,3173,40.637591016072264,-,-,-,-
3085,3173,40.637591016072264,-,-,-,-
3086,3173,40.637591016072264,-,-,-,-
3087,3173,40.637591016072264,-,-,-,-
3088,3173,40.637591016072264,-,-,-,-
3089,3173,40.637591016072264,-,-,-,-
3090,3173,40.637591016072264,-,-,-,-
3091,3173,40.637591016072264,-,-,-,-
3092,3173,40.637591016072264,-,-,-,-
3093,3173,40.637591016072264,-,-,-,-
3094,3173,40.637591016072264,-,-,-,-
3095,3173,40.637591016072264,-,-,-,-
3096,3173,40.637591016072264,-,-,-,-
3097,3173,40.637591016072264,-,-,-,-
3098,3173,40.637591016072264,-,-,-,-
3099,3173,40.637591016072264,-,-,-,-
3100,3173,40.637591016072264,-,-,-,-
3101,3173,40.637591016072264,-,-,-,-
3102,3173,40.637591016072264,-,-,-,-
3103,3173,40.637591016072264,-,-,-,-
3104,3173,40.637591016072264,-,-,-,-
3105,3173,40.637591016072264,-,-,-,-
3106,3173,40.637591016072264,-,-,-,-
3107,3173,40.637591016072264,-,-,-,-
3108,3173,40.637591016072264,-,-,-,-
3109,3173,40.637591016072264,-,-,-,-
3110,3173,40.637591016072264,-,-,-,-
3111,3173,40.637591016072264,-,-,-,-
3112,3173,40.637591016072264,-,-,-,-
3113,3173,40.637591016072264,-,-,-,-
3114,3173,40.637591016072264,-,-,-,-
3115,3173,22.698270650783346,-,-,-,-
3116,3173,22.698270650783346,-,-,-,-
3117,3173,22.698270650783346,-,-,-,-
3118,3173,22.698270650783346,-,-,-,-
3119,3173,22.698270650783346,-,-,-,-
3120,3173,22.698270650783346,-,-,-,-
3121,3173,22.698270650783346,-,-,-,-
3122,3173,22.698270650783346,-,-,-,-
3123,3173,19.858606489210793,-,-,-,-
3124,3173,19.858606489210793,-,-,-,-
3125,3173,19.858606489210793,-,-,-,-
3126,3173,19.858606489210793,-,-,-,-
3127,3173,19.858606489210793,-,-,-,-
3128,3173,19.858606489210793,-,-,-,-
3129,3173,19.858606489210793,-,-,-,-
3130,3173,19.858606489210793,-,-,-,-
3131,3173,19.858606489210793,-,-,-,-
3132,3173,19.858606489210793,-,-,-,-
3133,3173,19.858606489210793,-,-,-,-
3134,3173,19.858606489210793,-,-,-,-
3135,3173,19.858606489210793,-,-,-,-
3136,3173,19.858606489210793,-,-,-,-
3137,3173,19.858606489210793,-,-,-,-
3138,3173,19.858606489210793,-,-,-,-
3139,3173,19.858606489210793,-,-,-,-
3140,3173,19.858606489210793,-,-,-,-
3141,3173,19.858606489210793,-,-,-,-
3142,3173,19.858606489210793,-,-,-,-
3143,3173,19.858606489210793,-,-,-,-
3144,3173,19.858606489210793,-,-,-,-
3145,3173,19.858606489210793,-,-,-,-
3146,3173,19.858606489210793,-,-,-,-
3147,3173,19.858606489210793,-,-,-,-
3148,3173,19.858606489210793,-,-,-,-
3149,3173,19.858606489210793,-,-,-,-
3150,3173,19.858606489210793,-,-,-,-
3151,3173,19.858606489210793,-,-,-,-
3152,3173,19.858606489210793,-,-,-,-
3153,3173,19.858606489210793,-,-,-,-
3154,3173,19.858606489210793,-,-,-,-
3155,3173,19.858606489210793,-,-,-,-
3156,3173,19.858606489210793,-,-,-,-
3157,3173,19.858606489210793,-,-,-,-
3158,3173,19.858606489210793,-,-,-,-
3159,3173,19.858606489210793,-,-,-,-
3160,3173,19.858606489210793,-,-,-,-
3161,3173,19.858606489210793,-,-,-,-
3162,3173,19.858606489210793,-,-,-,-
3163,3173,19.858606489210793,-,-,-,-
3164,3173,19.858606489210793,-,-,-,-
3165,3173,19.858606489210793,-,-,-,-
3166,3173,19.858606489210793,-,-,-,-
3167,3173,19.858606489210793,-,-,-,-
3168,3173,19.858606489210793,-,-,-,-
3169,3173,19.858606489210793,-,-,-,-
3170,3173,19.858606489210793,-,-,-,-
3171,3173,19.858606489210793,-,-,-,-
3172,3173,19.858606489210793,-,-,-,-
3173,3173,19.858606489210793,-,-,-,-
3174,3173,19.858606489210793,-,-,-,-
3175,3173,19.858606489210793,-,-,-,-
3176,3173,19.858606489210793,-,-,-,-
3177,3173,19.858606489210793,-,-,-,-
3178,3173,19.858606489210793,-,-,-,-
3179,3173,19.858606489210793,-,-,-,-
3180,3173,19.858606489210793,-,-,-,-
3181,3173,19.858606489210793,-,-,-,-
3182,3173,19.858606489210793,-,-,-,-
3183,3173,19.858606489210793,-,-,-,-
3184,3173,19.858606489210793,-,-,-,-
3185,3173,19.858606489210793,-,-,-,-
3186,3173,19.858606489210793,-,-,-,-
3187,3173,19.858606489210793,-,-,-,-
3188,3173,19.858606489210793,-,-,-,-
3189,3173,19.858606489210793,-,-,-,-
3190,3173,19.858606489210793,-,-,-,-
3191,3173,19.858606489210793,-,-,-,-
3192,3173,19.858606489210793,-,-,-,-
3193,3173,19.858606489210793,-,-,-,-
3194,3173,19.858606489210793,-,-,-,-
3195,3173,62.32983336465529,-,-,-,-
3196,3173,62.32983336465529,-,-,-,-
3197,3173,62.32983336465529,-,-,-,-
3198,3173,62.32983336465529,-,-,-,-
3199,3173,62.32983336465529,-,-,-,-
3200,3173,62.32983336465529,-,-,-,-
3201,3173,62.32983336465529,-,-,-,-
3202,3173,62.32983336465529,-,-,-,-
3203,3173,78.86517090369043,-,-,-,-
3204,3173,78.86517090369043,-,-,-,-
3205,3173,78.86517090369043,-,-,-,-
3206,3173,78.86517090369043,-,-,-,-
3207,3173,78.86517090369043,-,-,-,-
3208,3173,78.86517090369043,-,-,-,-
3209,3173,78.86517090369043,-,-,-,-
3210,3173,78.86517090369043,-,-,-,-
3211,3173,78.86517090369043,-,-,-,-
3212,3173,78.86517090369043,-,-,-,-
3213,3173,78.86517090369043,-,-,-,-
3214,3173,78.86517090369043,-,-,-,-
3215,3173,78.86517090369043,-,-,-,-
3216,3173,78.86517090369043,-,-,-,-
3217,3173,78.86517090369043,-,-,-,-
3218,3173,78.86517090369043,-,-,-,-
3219,3173,78.86517090369043,-,-,-,-
3220,3173,78.86517090369043,-,-,-,-
3221,3173,78.86517090369043,-,-,-,-
3222,3173,78.86517090369043,-,-,-,-
3223,3173,78.86517090369043,-,-,-,-
3224,3173,78.86517090369043,-,-,-,-
3225,3173,78.86517090369043,-,-,-,-
3226,3173,78.86517090369043,-,-,-,-
3227,3173,78.86517090369043,-,-,-,-
3228,3173,78.86517090369043,-,-,-,-
3229,3173,78.86517090369043,-,-,-,-
3230,3173,78.86517090369043,-,-,-,-
3231,3173,78.86517090369043,-,-,-,-
3232,3173,78.86517090369043,-,-,-,-
3233,3173,78.86517090369043,-,-,-,-
3234,3173,78.86517090369043,-,-,-,-
3235,3173,78.86517090369043,-,-,-,-
3236,3173,78.86517090369043,-,-,-,-
3237,3173,78.86517090369043,-,-,-,-
3238,3173,78.86517090369043,-,-,-,-
3239,3173,78.86517090369043,-,-,-,-
3240,3174,78.86517090369043,-,-,-,-
3241,3175,78.86517090369043,-,-,-,-
3242,3176,78.86517090369043,-,-,-,-
3243,3177,61.345349152804914,-,-,-,-
3244,3178,61.345349152804914,-,-,-,-
3245,3179,61.345349152804914,-,-,-,-
3246,3180,61.345349152804914,-,-,-,-
3247,3181,61.345349152804914,-,-,-,-
3248,3182,61.345349152804914,-,-,-,-
3249,3183,61.345349152804914,-,-,-,-
3250,3184,61.345349152804914,-,-,-,-
3251,3185,22.163921422932802,-,-,-,-
3252,3186,22.163921422932802,-,-,-,-
3253,3187,22.163921422932802,-,-,-,-
3254,3188,22.163921422932802,-,-,-,-
3255,3189,22.163921422932802,-,-,-,-
3256,3190,22.163921422932802,-,-,-,-
3257,3191,22.163921422932802,-,-,-,-
3258,3192,22.163921422932802,-,-,-,-
3259,3193,22.163921422932802,-,-,-,-
3260,3194,22.163921422932802,-,-,-,-
3261,3195,22.163921422932802,-,-,-,-
3262,3196,22.163921422932802,-,-,-,-
3263,3197,41.894385659787105,-,-,-,-
3264,3198,65.47442452559815,-,-,-,-
3265,3199,86.2917931417555,-,-,-,-
3266,3200,101.01566068526957,-,-,-,-
3267,3201,76.5219802850215,-,-,-,-
3267,3202,69.93818482690506,-,-,-,-
3267,3203,65.30816798488411,-,-,-,-
3267,3204,61.915377941953814,-,-,-,-
3267,3205,59.3389884415793,-,-,-,-
3267,3206,57.32349856328987,-,-,-,-
3267,3207,55.70742777311694,-,-,-,-
3267,3208,55.70742777311694,-,-,-,-
3267,3209,55.70742777311694,-,-,-,-
3267,3210,55.70742777311694,-,-,-,-
3267,3211,55.70742777311694,-,-,-,-
3267,3212,55.70742777311694,-,-,-,-
3267,3213,55.70742777311694,-,-,-,-
3267,3214,55.70742777311694,-,-,-,-
3267,3215,55.70742777311694,-,-,-,-
3267,3216,55.70742777311694,-,-,-,-
3267,3217,55.70742777311694,-,-,-,-
3267,3218,55.70742777311694,-,-,-,-
3267,3219,55.70742777311694,-,-,-,-
3267,3220,55.70742777311694,-,-,-,-
3267,3221,55.70742777311694,-,-,-,-
3267,3222,55.70742777311694,-,-,-,-
3267,3223,55.70742777311694,-,-,-,-
3267,3224,55.70742777311694,-,-,-,-
3267,3225,55.70742777311694,-,-,-,-
3267,3226,57.34196050891823,-,-,-,-
3267,3227,58.76558848450933,-,-,-,-
3267,3228,60.01519499548984,-,-,-,-
3267,3229,60.01519499548984,-,-,-,-
3267,3230,60.01519499548984,-,-,-,-
3267,3231,60.01519499548984,-,-,-,-
3267,3232,60.01519499548984,-,-,-,-
3267,3233,60.01519499548984,-,-,-,-
3267,3234,60.01519499548984,-,-,-,-
3267,3235,60.01519499548984,-,-,-,-
3267,3236,60.01519499548984,-,-,-,-
3267,3237,60.01519499548984,-,-,-,-
3267,3238,60.01519499548984,-,-,-,-
3267,3239,60.01519499548984,-,-,-,-
3267,3240,60.01519499548984,-,-,-,-
3267,3241,60.01519499548984,-,-,-,-
3267,3242,60.01519499548984,-,-,-,-
3267,3243,60.01519499548984,-,-,-,-
3267,3244,60.01519499548984,-,-,-,-
3268,3245,60.01519499548984,-,-,-,-
3269,3246,60.01519499548984,-,-,-,-
3270,3247,57.32343540179227,-,-,-,-
3271,3248,53.893185093186325,-,-,-,-
3272,3249,49.41069153132222,-,-,-,-
3273,3250,43.39456549595667,-,-,-,-
3274,3251,35.1258490960054,-,-,-,-
3275,3252,23.666712675038752,-,-,-,-
3276,3253,8.325225373460878,-,-,-,-
3277,3254,8.325225373460878,-,-,-,-
3278,3255,8.325225373460878,-,-,-,-
3279,3256,8.325225373460878,-,-,-,-
3280,3257,8.325225373460878,-,-,-,-
3281,3258,8.325225373460878,-,-,-,-
3282,3259,8.325225373460878,-,-,-,-
3283,3260,8.325225373460878,-,-,-,-
3284,3261,8.325225373460878,-,-,-,-
3285,3262,8.325225373460878,-,-,-,-
3286,3263,8.325225373460878,-,-,-,-
3287,3264,8.325225373460878,-,-,-,-
3288,3265,8.325225373460878,-,-,-,-
3289,3266,8.325225373460878,-,-,-,-
3290,3267,8.325225373460878,-,-,-,-
3291,3268,8.325225373460878,-,-,-,-
3292,3269,8.325225373460878,-,-,-,-
3293,3270,8.325225373460878,-,-,-,-
3294,3271,8.325225373460878,-,-,-,-
3295,3272,8.325225373460878,-,-,-,-
3296,3273,8.325225373460878,-,-,-,-
3297,3274,8.325225373460878,-,-,-,-
3298,3275,8.325225373460878,-,-,-,-
3299,3276,8.325225373460878,-,-,-,-
3300,3277,8.325225373460878,-,-,-,-
3301,3278,8.325225373460878,-,-,-,-
3302,3279,8.325225373460878,-,-,-,-
3303,3280,8.325225373460878,-,-,-,-
3304,3281,8.325225373460878,-,-,-,-
3305,3282,8.325225373460878,-,-,-,-
3306,3283,8.325225373460878,-,-,-,-
3307,3284,45.68079343594613,-,-,-,-
3308,3285,45.68079343594613,-,-,-,-
3309,3286,45.68079343594613,-,-,-,-
3310,3287,45.68079343594613,-,-,-,-
3311,3288,45.68079343594613,-,-,-,-
3312,3289,46.55377573770738,-,-,-,-
3313,3290,48.36227937655712,-,-,-,-
3314,3291,54.33786855797851,-,-,-,-
3315,3292,94.82649034748057,-,-,-,-
3316,3293,54.836711042717845,-,-,-,-
3317,3294,50.99725096788084,-,-,-,-
3318,3294,50.99725096788084,-,-,-,-
3319,3294,50.99725096788084,-,-,-,-
3320,3294,50.99725096788084,-,-,-,-
3321,3294,50.99725096788084,-,-,-,-
3322,3294,50.99725096788084,-,-,-,-
3323,3294,50.99725096788084,-,-,-,-
3324,3294,50.99725096788084,-,-,-,-
3325,3294,50.99725096788084,-,-,-,-
3326,3294,50.99725096788084,-,-,-,-
3327,3294,50.99725096788084,-,-,-,-
3328,3295,50.99725096788084,-,-,-,-
3329,3296,50.99725096788084,-,-,-,-
3330,3297,50.99725096788084,-,-,-,-
3331,3298,50.99725096788084,-,-,-,-
3332,3299,50.99725096788084,-,-,-,-
3333,3300,50.99725096788084,-,-,-,-
3334,3301,50.99725096788084,-,-,-,-
3335,3302,50.99725096788084,-,-,-,-
3336,3303,50.99725096788084,-,-,-,-
3337,3304,50.99725096788084,-,-,-,-
3338,3305,50.99725096788084,-,-,-,-
3339,3306,22.851585546013304,-,-,-,-
3340,3307,22.851585546013304,-,-,-,-
3341,3308,22.851585546013304,-,-,-,-
3342,3309,22.851585546013304,-,-,-,-
3343,3310,22.851585546013304,-,-,-,-
3344,3311,22.851585546013304,-,-,-,-
3345,3312,22.851585546013304,-,-,-,-
3346,3313,22.851585546013304,-,-,-,-
3347,3314,22.851585546013304,-,-,-,-
3348,3315,22.851585546013304,-,-,-,-
3349,3316,22.851585546013304,-,-,-,-
3350,3317,22.851585546013304,-,-,-,-
3351,3318,22.851585546013304,-,-,-,-
3352,3319,22.851585546013304,-,-,-,-
3353,3320,22.851585546013304,-,-,-,-
3354,3321,22.851585546013304,-,-,-,-
3355,3322,22.851585546013304,-,-,-,-
3356,3323,22.851585546013304,-,-,-,-
3357,3324,22.851585546013304,-,-,-,-
3358,3325,22.851585546013304,-,-,-,-
3359,3326,22.851585546013304,-,-,-,-
3360,3327,22.851585546013304,-,-,-,-
3361,3328,22.851585546013304,-,-,-,-
3362,3329,22.851585546013304,-,-,-,-
3363,3330,22.851585546013304,-,-,-,-
3364,3331,22.851585546013304,-,-,-,-
3365,3332,22.851585546013304,-,-,-,-
3366,3333,22.851585546013304,-,-,-,-
3367,3334,22.851585546013304,-,-,-,-
3368,3335,22.851585546013304,-,-,-,-
3369,3336,22.851585546013304,-,-,-,-
3370,3337,22.851585546013304,-,-,-,-
3371,3338,22.851585546013304,-,-,-,-
3372,3339,22.851585546013304,-,-,-,-
3373,3340,22.851585546013304,-,-,-,-
3374,3341,22.851585546013304,-,-,-,-
3375,3342,22.851585546013304,-,-,-,-
3376,3343,22.851585546013304,-,-,-,-
3377,3344,22.851585546013304,-,-,-,-
3378,3345,22.851585546013304,-,-,-,-
3379,3346,22.851585546013304,-,-,-,-
3380,3347,22.851585546013304,-,-,-,-
3381,3348,22.851585546013304,-,-,-,-
3382,3349,22.851585546013304,-,-,-,-
3383,3350,22.851585546013304,-,-,-,-
3384,3351,22.851585546013304,-,-,-,-
3385,3352,22.851585546013304,-,-,-,-
3386,3353,22.851585546013304,-,-,-,-
3387,3354,22.851585546013304,-,-,-,-
3388,3355,45.74439912109355,-,-,-,-
3389,3356,43.39828011396959,-,-,-,-
3390,3357,35.80908724169748,-,-,-,-
3391,3358,32.114044854987675,-,-,-,-
3392,3359,30.453617518280623,-,-,-,-
3393,3360,30.453617518280623,-,-,-,-
3394,3361,30.453617518280623,-,-,-,-
3395,3362,10.490061185419279,-,-,-,-
3395,3363,10.490061185419279,-,-,-,-
3395,3364,10.490061185419279,-,-,-,-
3395,3365,10.490061185419279,-,-,-,-
3395,3366,10.490061185419279,-,-,-,-
3395,3367,10.490061185419279,-,-,-,-
3395,3368,10.490061185419279,-,-,-,-
3395,3369,10.490061185419279,-,-,-,-
3395,3370,10.490061185419279,-,-,-,-
3395,3371,10.490061185419279,-,-,-,-
3395,3372,10.490061185419279,-,-,-,-
3395,3373,10.490061185419279,-,-,-,-
3395,3374,10.490061185419279,-,-,-,-
3395,3375,10.490061185419279,-,-,-,-
3395,3376,10.490061185419279,-,-,-,-
3395,3377,10.490061185419279,-,-,-,-
3395,3378,10.490061185419279,-,-,-,-
3395,3379,10.490061185419279,-,-,-,-
3395,3380,10.490061185419279,-,-,-,-
3395,3381,10.490061185419279,-,-,-,-
3395,3382,10.490061185419279,-,-,-,-
3395,3383,10.490061185419279,-,-,-,-
3395,3384,10.490061185419279,-,-,-,-
3395,3385,10.490061185419279,-,-,-,-
3395,3386,10.490061185419279,-,-,-,-
3396,3387,10.490061185419279,-,-,-,-
3397,3388,10.490061185419279,-,-,-,-
3398,3389,10.449261303694751,-,-,-,-
3399,3390,10.414164332207257,-,-,-,-
3400,3391,10.414164332207257,-,-,-,-
3401,3392,10.414164332207257,-,-,-,-
3402,3393,10.414164332207257,-,-,-,-
3403,3394,10.414164332207257,-,-,-,-
3404,3395,10.414164332207257,-,-,-,-
3405,3396,10.414164332207257,-,-,-,-
3406,3397,10.414164332207257,-,-,-,-
3407,3398,10.414164332207257,-,-,-,-
3408,3399,10.414164332207257,-,-,-,-
3409,3400,10.414164332207257,-,-,-,-
3410,3401,10.414164332207257,-,-,-,-
3411,3402,76.36999084437153,-,-,-,-
3412,3403,76.36999084437153,-,-,-,-
3413,3404,76.36999084437153,-,-,-,-
3414,3405,76.36999084437153,-,-,-,-
3415,3406,76.36999084437153,-,-,-,-
3416,3407,76.36999084437153,-,-,-,-
3417,3408,76.36999084437153,-,-,-,-
3418,3409,76.36999084437153,-,-,-,-
3419,3410,125.27809873798046,-,-,-,-
3420,3411,125.27809873798046,-,-,-,-
3421,3412,125.27809873798046,-,-,-,-
3422,3413,125.27809873798046,-,-,-,-
3423,3414,125.27809873798046,-,-,-,-
3424,3415,125.27809873798046,-,-,-,-
3425,3416,125.27809873798046,-,-,-,-
3426,3417,125.27809873798046,-,-,-,-
3427,3418,125.27809873798046,-,-,-,-
3428,3419,125.27809873798046,-,-,-,-
3429,3420,125.27809873798046,-,-,-,-
3430,3421,125.27809873798046,-,-,-,-
3431,3422,125.27809873798046,-,-,-,-
3432,3423,125.27809873798046,-,-,-,-
3433,3424,125.27809873798046,-,-,-,-
3434,3425,125.27809873798046,-,-,-,-
3435,3426,125.27809873798046,-,-,-,-
3436,3427,125.27809873798046,-,-,-,-
3437,3428,125.27809873798046,-,-,-,-
3438,3429,125.27809873798046,-,-,-,-
3439,3430,125.27809873798046,-,-,-,-
3440,3431,125.27809873798046,-,-,-,-
3441,3432,125.27809873798046,-,-,-,-
3442,3433,125.27809873798046,-,-,-,-
3443,3434,125.27809873798046,-,-,-,-
3444,3435,125.27809873798046,-,-,-,-
3445,3436,125.65228681168993,-,-,-,-
3446,3437,125.65228681168993,-,-,-,-
3447,3438,125.65228681168993,-,-,-,-
3448,3439,125.65228681168993,-,-,-,-
3449,3440,125.65228681168993,-,-,-,-
3450,3441,125.65228681168993,-,-,-,-
3451,3442,125.65228681168993,-,-,-,-
3452,3443,125.65228681168993,-,-,-,-
3453,3444,125.65228681168993,-,-,-,-
3454,3445,125.65228681168993,-,-,-,-
3455,3446,125.65228681168993,-,-,-,-
3456,3447,125.65228681168993,-,-,-,-
3457,3448,125.65228681168993,-,-,-,-
3458,3449,125.65228681168993,-,-,-,-
3459,3450,125.65228681168993,-,-,-,-
3460,3451,125.65228681168993,-,-,-,-
3461,3452,125.65228681168993,-,-,-,-
3462,3453,125.65228681168993,-,-,-,-
3463,3454,129.79277500494265,-,-,-,-
3464,3455,135.66701598883094,-,-,-,-
3465,3456,144.40321718429288,-,-,-,-
3466,3457,157.86425994919006,-,-,-,-
3467,3458,124.41135889569526,-,-,-,-
3468,3459,99.62197907224312,-,-,-,-
3469,3460,99.62197907224312,-,-,-,-
3470,3461,99.62197907224312,-,-,-,-
3471,3462,99.62197907224312,-,-,-,-
3472,3463,99.62197907224312,-,-,-,-
3473,3464,99.62197907224312,-,-,-,-
3474,3465,99.62197907224312,-,-,-,-
3475,3466,33.337038168023845,-,-,-,-
3476,3467,33.337038168023845,-,-,-,-
3477,3468,33.337038168023845,-,-,-,-
3478,3469,33.337038168023845,-,-,-,-
3479,3470,33.337038168023845,-,-,-,-
3480,3471,33.337038168023845,-,-,-,-
3481,3472,33.337038168023845,-,-,-,-
3482,3473,33.337038168023845,-,-,-,-
3483,3474,33.337038168023845,-,-,-,-
3484,3475,33.337038168023845,-,-,-,-
3485,3476,33.337038168023845,-,-,-,-
3486,3477,33.337038168023845,-,-,-,-
3487,3478,33.337038168023845,-,-,-,-
3488,3479,33.337038168023845,-,-,-,-
3489,3480,33.337038168023845,-,-,-,-
3490,3481,33.337038168023845,-,-,-,-
3491,3482,33.337038168023845,-,-,-,-
3492,3483,33.337038168023845,-,-,-,-
3493,3484,33.337038168023845,-,-,-,-
3494,3485,33.337038168023845,-,-,-,-
3495,3486,33.337038168023845,-,-,-,-
3496,3487,33.337038168023845,-,-,-,-
3497,3488,33.337038168023845,-,-,-,-
3498,3489,33.337038168023845,-,-,-,-
3499,3490,33.337038168023845,-,-,-,-
3500,3491,20.685996326530873,-,-,-,-
3501,3492,18.84725498774382,-,-,-,-
3502,3492,18.84725498774382,-,-,-,-
3503,3492,18.84725498774382,-,-,-,-
3504,3492,18.84725498774382,-,-,-,-
3505,3492,18.84725498774382,-,-,-,-
3506,3492,18.84725498774382,-,-,-,-
3507,3492,18.84725498774382,-,-,-,-
3508,3492,18.84725498774382,-,-,-,-
3509,3492,18.84725498774382,-,-,-,-
3510,3492,18.84725498774382,-,-,-,-
3511,3492,18.84725498774382,-,-,-,-
3512,3492,18.84725498774382,-,-,-,-
3513,3492,18.84725498774382,-,-,-,-
3514,3492,18.84725498774382,-,-,-,-
3515,3492,18.84725498774382,-,-,-,-
3516,3492,18.84725498774382,-,-,-,-
3517,3492,18.84725498774382,-,-,-,-
3518,3492,18.84725498774382,-,-,-,-
3519,3492,18.84725498774382,-,-,-,-
3520,3492,18.84725498774382,-,-,-,-
3521,3492,18.84725498774382,-,-,-,-
3522,3492,18.84725498774382,-,-,-,-
3523,3492,18.84725498774382,-,-,-,-
3524,3492,18.84725498774382,-,-,-,-
3525,3492,18.84725498774382,-,-,-,-
3526,3492,18.84725498774382,-,-,-,-
3527,3492,18.84725498774382,-,-,-,-
3528,3492,18.84725498774382,-,-,-,-
3529,3492,18.84725498774382,-,-,-,-
3530,3492,18.84725498774382,-,-,-,-
3531,3492,18.84725498774382,-,-,-,-
3532,3492,18.84725498774382,-,-,-,-
3533,3492,18.84725498774382,-,-,-,-
3534,3492,18.84725498774382,-,-,-,-
3535,3492,18.84725498774382,-,-,-,-
3536,3492,18.84725498774382,-,-,-,-
3537,3492,18.84725498774382,-,-,-,-
3538,3492,18.84725498774382,-,-,-,-
3539,3492,18.84725498774382,-,-,-,-
3540,3492,18.84725498774382,-,-,-,-
3541,3492,18.84725498774382,-,-,-,-
3542,3492,18.84725498774382,-,-,-,-
3543,3492,18.84725498774382,-,-,-,-
3544,3492,18.84725498774382,-,-,-,-
3545,3492,18.84725498774382,-,-,-,-
3546,3492,18.84725498774382,-,-,-,-
3547,3492,18.84725498774382,-,-,-,-
3548,3492,18.84725498774382,-,-,-,-
3549,3492,18.84725498774382,-,-,-,-
3550,3492,18.84725498774382,-,-,-,-
3551,3492,18.84725498774382,-,-,-,-
3552,3492,18.84725498774382,-,-,-,-
3553,3492,18.84725498774382,-,-,-,-
3554,3492,18.84725498774382,-,-,-,-
3555,3492,18.84725498774382,-,-,-,-
3556,3492,18.84725498774382,-,-,-,-
3557,3492,18.84725498774382,-,-,-,-
3558,3492,18.84725498774382,-,-,-,-
3559,3492,18.84725498774382,-,-,-,-
3560,3492,18.84725498774382,-,-,-,-
3561,3492,18.84725498774382,-,-,-,-
3562,3492,18.84725498774382,-,-,-,-
3563,3493,21.27389152470897,-,-,-,-
3564,3493,21.27389152470897,-,-,-,-
3565,3493,21.27389152470897,-,-,-,-
3566,3493,21.27389152470897,-,-,-,-
3567,3493,21.27389152470897,-,-,-,-
3568,3493,21.27389152470897,-,-,-,-
3569,3493,21.27389152470897,-,-,-,-
3570,3493,21.27389152470897,-,-,-,-
3571,3493,21.27389152470897,-,-,-,-
3572,3493,21.27389152470897,-,-,-,-
3573,3493,21.27389152470897,-,-,-,-
3574,3493,21.27389152470897,-,-,-,-
3575,3493,21.27389152470897,-,-,-,-
3576,3493,21.27389152470897,-,-,-,-
3577,3493,21.27389152470897,-,-,-,-
3578,3493,21.27389152470897,-,-,-,-
3579,3493,21.27389152470897,-,-,-,-
3580,3493,21.27389152470897,-,-,-,-
3581,3493,21.27389152470897,-,-,-,-
3582,3493,21.27389152470897,-,-,-,-
3583,3493,21.27389152470897,-,-,-,-
3584,3493,21.27389152470897,-,-,-,-
3585,3493,21.27389152470897,-,-,-,-
3586,3493,21.27389152470897,-,-,-,-
3587,3493,21.27389152470897,-,-,-,-
3588,3493,21.27389152470897,-,-,-,-
3589,3493,21.27389152470897,-,-,-,-
3590,3493,21.27389152470897,-,-,-,-
3591,3493,21.27389152470897,-,-,-,-
3592,3493,21.27389152470897,-,-,-,-
3593,3493,21.27389152470897,-,-,-,-
3594,3493,21.27389152470897,-,-,-,-
3595,3493,10.969887605946802,-,-,-,-
3596,3493,10.969887605946802,-,-,-,-
3597,3493,10.969887605946802,-,-,-,-
3598,3493,10.969887605946802,-,-,-,-
3599,3493,10.969887605946802,-,-,-,-
3600,3493,10.969887605946802,-,-,-,-
3601,3493,10.969887605946802,-,-,-,-
3602,3493,10.969887605946802,-,-,-,-
3603,3493,10.969887605946802,-,-,-,-
3604,3493,10.969887605946802,-,-,-,-
3605,3493,10.969887605946802,-,-,-,-
3606,3493,10.969887605946802,-,-,-,-
3607,3493,10.969887605946802,-,-,-,-
3608,3493,10.969887605946802,-,-,-,-
3609,3493,10.969887605946802,-,-,-,-
3610,3493,10.969887605946802,-,-,-,-
3611,3493,10.969887605946802,-,-,-,-
3612,3493,10.969887605946802,-,-,-,-
3613,3493,10.969887605946802,-,-,-,-
3614,3493,10.969887605946802,-,-,-,-
3615,3493,10.969887605946802,-,-,-,-
3616,3493,10.969887605946802,-,-,-,-
3617,3493,10.969887605946802,-,-,-,-
3618,3494,11.551607549582451,-,-,-,-
3619,3495,4.663256560721551,-,-,-,-
3620,3496,0.536746078848099,-,-,-,-
3621,3496,0.536746078848099,-,-,-,-
3622,3496,0.536746078848099,-,-,-,-
3623,3496,0.536746078848099,-,-,-,-
3624,3496,0.536746078848099,-,-,-,-
3625,3496,0.536746078848099,-,-,-,-
3626,3496,0.536746078848099,-,-,-,-
3627,3497,8.945669535118471,-,-,-,-
3628,3497,8.945669535118471,-,-,-,-
3629,3497,8.945669535118471,-,-,-,-
3630,3497,8.945669535118471,-,-,-,-
3631,3497,8.945669535118471,-,-,-,-
3632,3497,8.945669535118471,-,-,-,-
3633,3497,8.945669535118471,-,-,-,-
3634,3497,8.945669535118471,-,-,-,-
3635,3497,8.945669535118471,-,-,-,-
3636,3497,8.945669535118471,-,-,-,-
3637,3497,8.945669535118471,-,-,-,-
3638,3497,8.945669535118471,-,-,-,-
3639,3497,8.945669535118471,-,-,-,-
3640,3497,8.945669535118471,-,-,-,-
3641,3497,8.945669535118471,-,-,-,-
3642,3497,8.945669535118471,-,-,-,-
3643,3497,8.945669535118471,-,-,-,-
3644,3497,8.945669535118471,-,-,-,-
3645,3497,8.945669535118471,-,-,-,-
3646,3497,8.945669535118471,-,-,-,-
3647,3497,8.945669535118471,-,-,-,-
3648,3497,8.945669535118471,-,-,-,-
3649,3497,8.945669535118471,-,-,-,-
3650,3497,8.945669535118471,-,-,-,-
3651,3497,8.945669535118471,-,-,-,-
3652,3497,8.945669535118471,-,-,-,-
3653,3497,8.945669535118471,-,-,-,-
3654,3497,8.945669535118471,-,-,-,-
3655,3497,8.945669535118471,-,-,-,-
3656,3497,8.945669535118471,-,-,-,-
3657,3497,8.945669535118471,-,-,-,-
3658,3497,8.945669535118471,-,-,-,-
3659,3497,8.945669535118471,-,-,-,-
3660,3497,8.945669535118471,-,-,-,-
3661,3497,8.945669535118471,-,-,-,-
3662,3497,8.945669535118471,-,-,-,-
3663,3497,8.945669535118471,-,-,-,-
3664,3497,8.945669535118471,-,-,-,-
3665,3497,8.945669535118471,-,-,-,-
3666,3497,8.945669535118471,-,-,-,-
3667,3497,8.945669535118471,-,-,-,-
3668,3497,8.945669535118471,-,-,-,-
3669,3497,8.945669535118471,-,-,-,-
3670,3497,8.945669535118471,-,-,-,-
3671,3497,8.945669535118471,-,-,-,-
3672,3497,8.945669535118471,-,-,-,-
3673,3497,8.945669535118471,-,-,-,-
3674,3497,8.945669535118471,-,-,-,-
3675,3497,6.828651759965511,-,-,-,-
3676,3497,6.828651759965511,-,-,-,-
3677,3497,6.828651759965511,-,-,-,-
3678,3497,6.828651759965511,-,-,-,-
3679,3497,6.828651759965511,-,-,-,-
3680,3497,6.828651759965511,-,-,-,-
3681,3497,6.828651759965511,-,-,-,-
3682,3497,6.828651759965511,-,-,-,-
3683,3497,6.828651759965511,-,-,-,-
3684,3497,6.828651759965511,-,-,-,-
3685,3497,43.718555837584574,-,-,-,-
3686,3497,43.718555837584574,-,-,-,-
3687,3497,43.718555837584574,-,-,-,-
3688,3497,43.718555837584574,-,-,-,-
3689,3497,43.718555837584574,-,-,-,-
3690,3497,43.718555837584574,-,-,-,-
3691,3497,43.718555837584574,-,-,-,-
3692,3497,43.718555837584574,-,-,-,-
3693,3497,43.718555837584574,-,-,-,-
3694,3497,43.718555837584574,-,-,-,-
3695,3497,43.718555837584574,-,-,-,-
3696,3497,43.718555837584574,-,-,-,-
3697,3497,43.718555837584574,-,-,-,-
3698,3497,43.718555837584574,-,-,-,-
3699,3497,99.8941256932609,-,-,-,-
3700,3497,99.8941256932609,-,-,-,-
3701,3497,99.8941256932609,-,-,-,-
3702,3497,99.8941256932609,-,-,-,-
3703,3497,99.8941256932609,-,-,-,-
3704,3497,99.8941256932609,-,-,-,-
3705,3497,99.8941256932609,-,-,-,-
3706,3497,99.8941256932609,-,-,-,-
3707,3497,121.6005016943882,-,-,-,-
3708,3497,121.6005016943882,-,-,-,-
3709,3497,121.6005016943882,-,-,-,-
3710,3497,121.6005016943882,-,-,-,-
3711,3497,121.6005016943882,-,-,-,-
3712,3497,121.6005016943882,-,-,-,-
3713,3497,121.6005016943882,-,-,-,-
3714,3497,121.6005016943882,-,-,-,-
3715,3497,121.6005016943882,-,-,-,-
3716,3497,121.6005016943882,-,-,-,-
3717,3497,121.6005016943882,-,-,-,-
3718,3497,121.6005016943882,-,-,-,-
3719,3497,121.6005016943882,-,-,-,-
3720,3497,121.6005016943882,-,-,-,-
3721,3497,121.6005016943882,-,-,-,-
3722,3497,121.6005016943882,-,-,-,-
3723,3497,121.6005016943882,-,-,-,-
3724,3497,121.6005016943882,-,-,-,-
3725,3497,121.6005016943882,-,-,-,-
3726,3497,121.6005016943882,-,-,-,-
3727,3497,121.6005016943882,-,-,-,-
3728,3497,121.6005016943882,-,-,-,-
3729,3497,121.6005016943882,-,-,-,-
3730,3497,121.6005016943882,-,-,-,-
3731,3497,31.205299697674455,-,-,-,-
3732,3497,31.205299697674455,-,-,-,-
3733,3497,31.205299697674455,-,-,-,-
3734,3497,31.205299697674455,-,-,-,-
3735,3497,31.205299697674455,-,-,-,-
3736,3497,31.205299697674455,-,-,-,-
3737,3497,31.205299697674455,-,-,-,-
3738,3497,31.205299697674455,-,-,-,-
3739,3497,31.205299697674455,-,-,-,-
3740,3497,31.205299697674455,-,-,-,-
3741,3497,31.205299697674455,-,-,-,-
3742,3497,31.205299697674455,-,-,-,-
3743,3497,31.205299697674455,-,-,-,-
3744,3497,31.205299697674455,-,-,-,-
3745,3497,31.205299697674455,-,-,-,-
3746,3497,31.205299697674455,-,-,-,-
3747,3497,0.2502348291966098,-,-,-,-
3748,3497,0.2502348291966098,-,-,-,-
3749,3497,0.2502348291966098,-,-,-,-
3750,3497,0.2502348291966098,-,-,-,-
3751,3498,0.2502348291966098,-,-,-,-
3752,3499,0.2502348291966098,-,-,-,-
3753,3500,0.2502348291966098,-,-,-,-
3754,3501,0.2502348291966098,-,-,-,-
3755,3502,0.2502348291966098,-,-,-,-
3756,3503,0.2502348291966098,-,-,-,-
3757,3504,5.552514778467469,-,-,-,-
3758,3505,5.552514778467469,-,-,-,-
3759,3506,5.552514778467469,-,-,-,-
3760,3507,5.552514778467469,-,-,-,-
3761,3508,5.552514778467469,-,-,-,-
3762,3509,5.552514778467469,-,-,-,-
3763,3510,5.552514778467469,-,-,-,-
3764,3511,5.552514778467469,-,-,-,-
3765,3512,5.552514778467469,-,-,-,-
3766,3513,5.552514778467469,-,-,-,-
3767,3514,5.552514778467469,-,-,-,-
3768,3515,5.552514778467469,-,-,-,-
3769,3516,5.552514778467469,-,-,-,-
3770,3517,5.552514778467469,-,-,-,-
3771,3518,5.552514778467469,-,-,-,-
3772,3519,5.552514778467469,-,-,-,-
3773,3520,5.552514778467469,-,-,-,-
3774,3521,5.552514778467469,-,-,-,-
3775,3522,5.552514778467469,-,-,-,-
3776,3523,5.552514778467469,-,-,-,-
3777,3524,5.552514778467469,-,-,-,-
3778,3525,5.552514778467469,-,-,-,-
3779,3526,5.552514778467469,-,-,-,-
3780,3527,5.552514778467469,-,-,-,-
3781,3528,5.552514778467469,-,-,-,-
3782,3529,5.552514778467469,-,-,-,-
3783,3530,5.552514778467469,-,-,-,-
3784,3531,5.552514778467469,-,-,-,-
3785,3532,5.552514778467469,-,-,-,-
3786,3533,5.552514778467469,-,-,-,-
3787,3534,5.552514778467469,-,-,-,-
3788,3535,5.552514778467469,-,-,-,-
3789,3536,5.552514778467469,-,-,-,-
3790,3537,5.552514778467469,-,-,-,-
3791,3538,5.552514778467469,-,-,-,-
3792,3539,5.552514778467469,-,-,-,-
3793,3540,13.132833270644312,-,-,-,-
3794,3541,23.940413526616105,-,-,-,-
3795,3542,17.044071970882985,-,-,-,-
3796,3543,2.315483003817666,-,-,-,-
3797,3543,2.315483003817666,-,-,-,-
3798,3543,2.315483003817666,-,-,-,-
3799,3543,2.315483003817666,-,-,-,-
3800,3543,2.315483003817666,-,-,-,-
3801,3543,2.315483003817666,-,-,-,-
3802,3544,22.43576899285927,-,-,-,-
3803,3545,28.90187081446427,-,-,-,-
3803,3546,28.90187081446427,-,-,-,-
3803,3547,28.90187081446427,-,-,-,-
3803,3548,28.90187081446427,-,-,-,-
3803,3549,28.90187081446427,-,-,-,-
3803,3550,28.90187081446427,-,-,-,-
3803,3551,28.90187081446427,-,-,-,-
3803,3552,28.90187081446427,-,-,-,-
3803,3553,28.90187081446427,-,-,-,-
3803,3554,28.90187081446427,-,-,-,-
3803,3555,28.90187081446427,-,-,-,-
3803,3556,28.90187081446427,-,-,-,-
3803,3557,28.90187081446427,-,-,-,-
3803,3558,28.90187081446427,-,-,-,-
3803,3559,28.90187081446427,-,-,-,-
3803,3560,28.90187081446427,-,-,-,-
3803,3561,28.90187081446427,-,-,-,-
3803,3562,28.90187081446427,-,-,-,-
3803,3563,28.90187081446427,-,-,-,-
3803,3564,28.90187081446427,-,-,-,-
3803,3565,28.90187081446427,-,-,-,-
3803,3566,28.90187081446427,-,-,-,-
3803,3567,28.90187081446427,-,-,-,-
3803,3568,28.90187081446427,-,-,-,-
3803,3569,28.90187081446427,-,-,-,-
3803,3570,28.90187081446427,-,-,-,-
3803,3571,28.90187081446427,-,-,-,-
3803,3572,28.90187081446427,-,-,-,-
3803,3573,28.90187081446427,-,-,-,-
3803,3574,28.90187081446427,-,-,-,-
3803,3575,28.90187081446427,-,-,-,-
3803,3576,28.90187081446427,-,-,-,-
3803,3577,28.90187081446427,-,-,-,-
3803,3578,28.90187081446427,-,-,-,-
3803,3579,28.90187081446427,-,-,-,-
3803,3580,28.90187081446427,-,-,-,-
3803,3581,28.90187081446427,-,-,-,-
3803,3582,28.90187081446427,-,-,-,-
3803,3583,28.90187081446427,-,-,-,-
3803,3584,28.90187081446427,-,-,-,-
3803,3585,28.90187081446427,-,-,-,-
3803,3586,28.90187081446427,-,-,-,-
3803,3587,28.90187081446427,-,-,-,-
3803,3588,28.90187081446427,-,-,-,-
3803,3589,28.90187081446427,-,-,-,-
3803,3590,28.90187081446427,-,-,-,-
3803,3591,28.90187081446427,-,-,-,-
3803,3592,28.90187081446427,-,-,-,-
3803,3593,28.90187081446427,-,-,-,-
3803,3594,28.90187081446427,-,-,-,-
3803,3595,28.90187081446427,-,-,-,-
3803,3596,28.90187081446427,-,-,-,-
3803,3597,28.90187081446427,-,-,-,-
3803,3598,28.90187081446427,-,-,-,-
3803,3599,28.90187081446427,-,-,-,-
3803,3600,28.90187081446427,-,-,-,-
3803,3601,28.90187081446427,-,-,-,-
3803,3602,28.90187081446427,-,-,-,-
3803,3603,28.90187081446427,-,-,-,-
3803,3604,28.90187081446427,-,-,-,-
3803,3605,28.90187081446427,-,-,-,-
3803,3606,28.90187081446427,-,-,-,-
3803,3607,28.90187081446427,-,-,-,-
3803,3608,28.90187081446427,-,-,-,-
3803,3609,28.90187081446427,-,-,-,-
3803,3610,28.90187081446427,-,-,-,-
3803,3611,28.90187081446427,-,-,-,-
3803,3612,28.90187081446427,-,-,-,-
3803,3613,28.90187081446427,-,-,-,-
3803,3614,28.90187081446427,-,-,-,-
3803,3615,28.90187081446427,-,-,-,-
3803,3616,28.90187081446427,-,-,-,-
3803,3617,28.90187081446427,-,-,-,-
3803,3618,28.90187081446427,-,-,-,-
3803,3619,28.90187081446427,-,-,-,-
3803,3620,28.90187081446427,-,-,-,-
3803,3621,28.90187081446427,-,-,-,-
3803,3622,28.90187081446427,-,-,-,-
3803,3623,28.90187081446427,-,-,-,-
3803,3624,28.90187081446427,-,-,-,-
3803,3625,28.90187081446427,-,-,-,-
3803,3626,28.90187081446427,-,-,-,-
3803,3627,28.90187081446427,-,-,-,-
3803,3628,28.90187081446427,-,-,-,-
3803,3629,28.90187081446427,-,-,-,-
3803,3630,28.90187081446427,-,-,-,-
3803,3631,28.90187081446427,-,-,-,-
3803,3632,28.90187081446427,-,-,-,-
3803,3633,28.90187081446427,-,-,-,-
3803,3634,28.90187081446427,-,-,-,-
3803,3635,28.90187081446427,-,-,-,-
3803,3636,28.90187081446427,-,-,-,-
3803,3637,28.90187081446427,-,-,-,-
3803,3638,28.90187081446427,-,-,-,-
3803,3639,28.90187081446427,-,-,-,-
3803,3640,28.90187081446427,-,-,-,-
3803,3641,28.90187081446427,-,-,-,-
3803,3642,28.90187081446427,-,-,-,-
3803,3643,28.90187081446427,-,-,-,-
3803,3644,28.90187081446427,-,-,-,-
3803,3645,28.90187081446427,-,-,-,-
3803,3646,28.90187081446427,-,-,-,-
3803,3647,28.90187081446427,-,-,-,-
3803,3648,28.90187081446427,-,-,-,-
3803,3649,28.90187081446427,-,-,-,-
3803,3650,28.90187081446427,-,-,-,-
3803,3651,28.90187081446427,-,-,-,-
3803,3652,28.90187081446427,-,-,-,-
3803,3653,28.90187081446427,-,-,-,-
3803,3654,28.90187081446427,-,-,-,-
3803,3655,28.90187081446427,-,-,-,-
3803,3656,28.90187081446427,-,-,-,-
3803,3657,28.90187081446427,-,-,-,-
3803,3658,28.90187081446427,-,-,-,-
3803,3659,28.90187081446427,-,-,-,-
3803,3660,28.90187081446427,-,-,-,-
3803,3661,28.90187081446427,-,-,-,-
3803,3662,28.90187081446427,-,-,-,-
3803,3663,28.90187081446427,-,-,-,-
3803,3664,28.90187081446427,-,-,-,-
3803,3665,28.90187081446427,-,-,-,-
3803,3666,28.90187081446427,-,-,-,-
3803,3667,28.90187081446427,-,-,-,-
3803,3668,28.90187081446427,-,-,-,-
3803,3669,28.90187081446427,-,-,-,-
3803,3670,28.90187081446427,-,-,-,-
3803,3671,28.90187081446427,-,-,-,-
3803,3672,28.90187081446427,-,-,-,-
3803,3673,28.90187081446427,-,-,-,-
3803,3674,28.90187081446427,-,-,-,-
3803,3675,28.90187081446427,-,-,-,-
3803,3676,28.90187081446427,-,-,-,-
3803,3677,28.90187081446427,-,-,-,-
3803,3678,28.90187081446427,-,-,-,-
3803,3679,28.90187081446427,-,-,-,-
3803,3680,28.90187081446427,-,-,-,-
3803,3681,28.90187081446427,-,-,-,-
3803,3682,28.90187081446427,-,-,-,-
3803,3683,28.90187081446427,-,-,-,-
3803,3684,28.90187081446427,-,-,-,-
3803,3685,28.90187081446427,-,-,-,-
3803,3686,28.90187081446427,-,-,-,-
3803,3687,28.90187081446427,-,-,-,-
3803,3688,28.90187081446427,-,-,-,-
3803,3689,28.90187081446427,-,-,-,-
3803,3690,28.90187081446427,-,-,-,-
3803,3691,28.90187081446427,-,-,-,-
3803,3692,28.90187081446427,-,-,-,-
3803,3693,28.90187081446427,-,-,-,-
3803,3694,28.90187081446427,-,-,-,-
3803,3695,28.90187081446427,-,-,-,-
3803,3696,28.90187081446427,-,-,-,-
3803,3697,28.90187081446427,-,-,-,-
3803,3698,28.90187081446427,-,-,-,-
3803,3699,28.90187081446427,-,-,-,-
3803,3700,28.90187081446427,-,-,-,-
3803,3701,28.90187081446427,-,-,-,-
3803,3702,28.90187081446427,-,-,-,-
3803,3703,28.90187081446427,-,-,-,-
3803,3704,28.90187081446427,-,-,-,-
3803,3705,28.90187081446427,-,-,-,-
3803,3706,28.90187081446427,-,-,-,-
3803,3707,28.90187081446427,-,-,-,-
3803,3708,28.90187081446427,-,-,-,-
3803,3709,28.90187081446427,-,-,-,-
3803,3710,28.90187081446427,-,-,-,-
3803,3711,28.90187081446427,-,-,-,-
3803,3712,28.90187081446427,-,-,-,-
3803,3713,28.90187081446427,-,-,-,-
3803,3714,28.90187081446427,-,-,-,-
3803,3715,28.90187081446427,-,-,-,-
3803,3716,28.90187081446427,-,-,-,-
3803,3717,28.90187081446427,-,-,-,-
3803,3718,28.90187081446427,-,-,-,-
3803,3719,28.90187081446427,-,-,-,-
3803,3720,28.90187081446427,-,-,-,-
3803,3721,28.90187081446427,-,-,-,-
3803,3722,28.90187081446427,-,-,-,-
3803,3723,28.90187081446427,-,-,-,-
3803,3724,28.90187081446427,-,-,-,-
3803,3725,28.90187081446427,-,-,-,-
3803,3726,28.90187081446427,-,-,-,-
3803,3727,28.90187081446427,-,-,-,-
3803,3728,28.90187081446427,-,-,-,-
3803,3729,28.90187081446427,-,-,-,-
3803,3730,28.90187081446427,-,-,-,-
3803,3731,28.90187081446427,-,-,-,-
3803,3732,28.90187081446427,-,-,-,-
3803,3733,28.90187081446427,-,-,-,-
3803,3734,28.90187081446427,-,-,-,-
3803,3735,28.90187081446427,-,-,-,-
3803,3736,28.90187081446427,-,-,-,-
3803,3737,28.90187081446427,-,-,-,-
3803,3738,28.90187081446427,-,-,-,-
3803,3739,28.90187081446427,-,-,-,-
3803,3740,28.90187081446427,-,-,-,-
3803,3741,28.90187081446427,-,-,-,-
3803,3742,28.90187081446427,-,-,-,-
3803,3743,28.90187081446427,-,-,-,-
3803,3744,28.90187081446427,-,-,-,-
3803,3745,28.90187081446427,-,-,-,-
3803,3746,28.90187081446427,-,-,-,-
3803,3747,28.90187081446427,-,-,-,-
3803,3748,28.90187081446427,-,-,-,-
3803,3749,28.90187081446427,-,-,-,-
3803,3750,28.90187081446427,-,-,-,-
3803,3751,28.90187081446427,-,-,-,-
3803,3752,28.90187081446427,-,-,-,-
3803,3753,28.90187081446427,-,-,-,-
3803,3754,28.90187081446427,-,-,-,-
3803,3755,28.90187081446427,-,-,-,-
3803,3756,28.90187081446427,-,-,-,-
3803,3757,28.90187081446427,-,-,-,-
3803,3758,28.90187081446427,-,-,-,-
3803,3759,28.90187081446427,-,-,-,-
3803,3760,28.90187081446427,-,-,-,-
3803,3761,28.90187081446427,-,-,-,-
3803,3762,28.90187081446427,-,-,-,-
3803,3763,28.90187081446427,-,-,-,-
3803,3764,28.90187081446427,-,-,-,-
3803,3765,28.90187081446427,-,-,-,-
3803,3766,28.90187081446427,-,-,-,-
3803,3767,28.90187081446427,-,-,-,-
3803,3768,28.90187081446427,-,-,-,-
3803,3769,28.90187081446427,-,-,-,-
3803,3770,28.90187081446427,-,-,-,-
3803,3771,28.90187081446427,-,-,-,-
3803,3772,28.90187081446427,-,-,-,-
3803,3773,28.90187081446427,-,-,-,-
3803,3774,28.90187081446427,-,-,-,-
3803,3775,28.90187081446427,-,-,-,-
3803,3776,28.90187081446427,-,-,-,-
3803,3777,28.90187081446427,-,-,-,-
3803,3778,28.90187081446427,-,-,-,-
3803,3779,28.90187081446427,-,-,-,-
3803,3780,28.90187081446427,-,-,-,-
3803,3781,28.90187081446427,-,-,-,-
3803,3782,28.90187081446427,-,-,-,-
3803,3783,28.90187081446427,-,-,-,-
3803,3784,28.90187081446427,-,-,-,-
3803,3785,28.90187081446427,-,-,-,-
3803,3786,28.90187081446427,-,-,-,-
3803,3787,28.90187081446427,-,-,-,-
3803,3788,28.90187081446427,-,-,-,-
3803,3789,28.90187081446427,-,-,-,-
3803,3790,28.90187081446427,-,-,-,-
3803,3791,28.90187081446427,-,-,-,-
3803,3792,28.90187081446427,-,-,-,-
3803,3793,28.90187081446427,-,-,-,-
3803,3794,28.90187081446427,-,-,-,-
3803,3795,28.90187081446427,-,-,-,-
3803,3796,28.90187081446427,-,-,-,-
3803,3797,28.90187081446427,-,-,-,-
3803,3798,28.90187081446427,-,-,-,-
3803,3799,28.90187081446427,-,-,-,-
3803,3800,28.90187081446427,-,-,-,-
3803,3801,28.90187081446427,-,-,-,-
3803,3802,28.90187081446427,-,-,-,-
3803,3803,28.90187081446427,-,-,-,-
3804,3804,28.90187081446427,-,-,-,-
3805,3805,28.90187081446427,-,-,-,-
3806,3806,28.90187081446427,-,-,-,-
3807,3807,28.90187081446427,-,-,-,-
3808,3808,28.90187081446427,-,-,-,-
3809,3809,28.90187081446427,-,-,-,-
3810,3810,28.90187081446427,-,-,-,-
3811,3811,28.90187081446427,-,-,-,-
3812,3812,28.90187081446427,-,-,-,-
3813,3813,28.90187081446427,-,-,-,-
3814,3814,28.90187081446427,-,-,-,-
3815,3815,28.90187081446427,-,-,-,-
3816,3816,28.90187081446427,-,-,-,-
3817,3817,28.90187081446427,-,-,-,-
3818,3818,28.90187081446427,-,-,-,-
3819,3819,28.90187081446427,-,-,-,-
3820,3820,28.90187081446427,-,-,-,-
3821,3821,28.90187081446427,-,-,-,-
3822,3822,28.90187081446427,-,-,-,-
3823,3823,28.90187081446427,-,-,-,-
3824,3824,28.90187081446427,-,-,-,-
3825,3825,28.90187081446427,-,-,-,-
3826,3826,28.90187081446427,-,-,-,-
3827,3827,28.90187081446427,-,-,-,-
3828,3828,28.90187081446427,-,-,-,-
3829,3829,28.90187081446427,-,-,-,-
3830,3830,28.90187081446427,-,-,-,-
3831,3831,28.90187081446427,-,-,-,-
3832,3832,28.90187081446427,-,-,-,-
3833,3833,28.90187081446427,-,-,-,-
3834,3834,28.90187081446427,-,-,-,-
3835,3835,33.01901731743349,-,-,-,-
3836,3836,33.01901731743349,-,-,-,-
3837,3837,33.01901731743349,-,-,-,-
3838,3838,33.01901731743349,-,-,-,-
3839,3839,33.01901731743349,-,-,-,-
3840,3840,33.01901731743349,-,-,-,-
3841,3841,33.01901731743349,-,-,-,-
3842,3842,33.01901731743349,-,-,-,-
3843,3843,33.01901731743349,-,-,-,-
3844,3844,33.01901731743349,-,-,-,-
3845,3845,33.01901731743349,-,-,-,-
3846,3846,33.01901731743349,-,-,-,-
3847,3847,33.01901731743349,-,-,-,-
3848,3848,33.01901731743349,-,-,-,-
3849,3849,33.01901731743349,-,-,-,-
3850,3850,33.01901731743349,-,-,-,-
3851,3851,53.72668538081389,-,-,-,-
3852,3852,53.72668538081389,-,-,-,-
3853,3853,53.72668538081389,-,-,-,-
3854,3854,53.72668538081389,-,-,-,-
3855,3855,53.72668538081389,-,-,-,-
3856,3856,53.72668538081389,-,-,-,-
3857,3857,53.72668538081389,-,-,-,-
3858,3858,53.72668538081389,-,-,-,-
3859,3859,101.86933684171765,-,-,-,-
3860,3860,101.86933684171765,-,-,-,-
3861,3861,101.86933684171765,-,-,-,-
3862,3862,101.86933684171765,-,-,-,-
3863,3863,101.86933684171765,-,-,-,-
3864,3864,101.86933684171765,-,-,-,-
3865,3865,101.86933684171765,-,-,-,-
3866,3866,101.86933684171765,-,-,-,-
3867,3867,101.86933684171765,-,-,-,-
3868,3868,101.86933684171765,-,-,-,-
3869,3869,101.86933684171765,-,-,-,-
3870,3870,101.86933684171765,-,-,-,-
3871,3871,101.86933684171765,-,-,-,-
3872,3872,101.86933684171765,-,-,-,-
3873,3873,101.86933684171765,-,-,-,-
3874,3874,101.86933684171765,-,-,-,-
3875,3875,101.86933684171765,-,-,-,-
3876,3876,101.86933684171765,-,-,-,-
3877,3877,101.86933684171765,-,-,-,-
3878,3878,101.86933684171765,-,-,-,-
3879,3879,101.86933684171765,-,-,-,-
3880,3880,101.86933684171765,-,-,-,-
3881,3881,101.86933684171765,-,-,-,-
3882,3882,101.86933684171765,-,-,-,-
3883,3883,101.86933684171765,-,-,-,-
3884,3884,101.86933684171765,-,-,-,-
