path_ref,path_query,path_distance,ref_x,ref_y,query_x,query_y
0,0,47.554648854465896,938.8528402204931,530.4147464717151,891.3,530.0
1,1,47.554648854465896,938.8528402204931,530.4147464717151,891.3,530.0
2,2,47.554648854465896,938.8528402204931,530.4147464717151,891.3,530.0
3,3,47.554648854465896,938.8528402204931,530.4147464717151,891.3,530.0
4,4,47.554648854465896,938.8528402204931,530.4147464717151,891.3,530.0
5,5,47.554648854465896,938.8528402204931,530.4147464717151,891.3,530.0
6,6,47.554648854465896,938.8528402204931,530.4147464717151,891.3,530.0
7,7,47.554648854465896,938.8528402204931,530.4147464717151,891.3,530.0
8,8,47.554648854465896,938.8528402204931,530.4147464717151,891.3,530.0
9,9,47.554648854465896,938.8528402204931,530.4147464717151,891.3,530.0
10,10,47.554648854465896,938.8528402204931,530.4147464717151,891.3,530.0
11,11,47.554648854465896,938.8528402204931,530.4147464717151,891.3,530.0
12,12,47.554648854465896,938.8528402204931,530.4147464717151,891.3,530.0
13,13,47.554648854465896,938.8528402204931,530.4147464717151,891.3,530.0
14,14,47.554648854465896,938.8528402204931,530.4147464717151,891.3,530.0
15,15,47.554648854465896,938.8528402204931,530.4147464717151,891.3,530.0
16,16,47.554648854465896,938.8528402204931,530.4147464717151,891.3,530.0
17,17,47.554648854465896,938.8528402204931,530.4147464717151,891.3,530.0
18,18,47.554648854465896,938.8528402204931,530.4147464717151,891.3,530.0
19,19,47.554648854465896,938.8528402204931,530.4147464717151,891.3,530.0
20,20,47.554648854465896,938.8528402204931,530.4147464717151,891.3,530.0
21,21,47.554648854465896,938.8528402204931,530.4147464717151,891.3,530.0
22,22,47.554648854465896,938.8528402204931,530.4147464717151,891.3,530.0
23,23,47.554648854465896,938.8528402204931,530.4147464717151,891.3,530.0
24,24,47.554648854465896,938.8528402204931,530.4147464717151,891.3,530.0
25,25,47.554648854465896,938.8528402204931,530.4147464717151,891.3,530.0
26,26,47.554648854465896,938.8528402204931,530.4147464717151,891.3,530.0
27,27,47.554648854465896,938.8528402204931,530.4147464717151,891.3,530.0
28,28,47.554648854465896,938.8528402204931,530.4147464717151,891.3,530.0
29,29,47.554648854465896,938.8528402204931,530.4147464717151,891.3,530.0
30,30,47.554648854465896,938.8528402204931,530.4147464717151,891.3,530.0
31,31,47.554648854465896,938.8528402204931,530.4147464717151,891.3,530.0
32,32,47.554648854465896,938.8528402204931,530.4147464717151,891.3,530.0
33,33,47.554648854465896,938.8528402204931,530.4147464717151,891.3,530.0
34,34,47.554648854465896,938.8528402204931,530.4147464717151,891.3,530.0
35,35,47.554648854465896,938.8528402204931,530.4147464717151,891.3,530.0
36,36,47.554648854465896,938.8528402204931,530.4147464717151,891.3,530.0
37,37,47.554648854465896,938.8528402204931,530.4147464717151,891.3,530.0
38,38,47.554648854465896,938.8528402204931,530.4147464717151,891.3,530.0
39,39,47.554648854465896,938.8528402204931,530.4147464717151,891.3,530.0
40,40,47.554648854465896,938.8528402204931,530.4147464717151,891.3,530.0
41,41,47.554648854465896,938.8528402204931,530.4147464717151,891.3,530.0
42,42,47.554648854465896,938.8528402204931,530.4147464717151,891.3,530.0
43,43,47.554648854465896,938.8528402204931,530.4147464717151,891.3,530.0
44,44,47.554648854465896,938.8528402204931,530.4147464717151,891.3,530.0
45,45,47.554648854465896,938.8528402204931,530.4147464717151,891.3,530.0
46,46,47.554648854465896,938.8528402204931,530.4147464717151,891.3,530.0
47,47,47.554648854465896,938.8528402204931,530.4147464717151,891.3,530.0
48,48,47.554648854465896,938.8528402204931,530.4147464717151,891.3,530.0
49,49,47.554648854465896,938.8528402204931,530.4147464717151,891.3,530.0
50,50,47.554648854465896,938.8528402204931,530.4147464717151,891.3,530.0
51,51,47.554648854465896,938.8528402204931,530.4147464717151,891.3,530.0
52,52,47.554648854465896,938.8528402204931,530.4147464717151,891.3,530.0
53,53,47.554648854465896,938.8528402204931,530.4147464717151,891.3,530.0
54,54,47.554648854465896,938.8528402204931,530.4147464717151,891.3,530.0
55,55,47.554648854465896,938.8528402204931,530.4147464717151,891.3,530.0
56,56,47.554648854465896,938.8528402204931,530.4147464717151,891.3,530.0
57,57,47.554648854465896,938.8528402204931,530.4147464717151,891.3,530.0
58,58,47.554648854465896,938.8528402204931,530.4147464717151,891.3,530.0
59,59,47.554648854465896,938.8528402204931,530.4147464717151,891.3,530.0
60,60,47.554648854465896,938.8528402204931,530.4147464717151,891.3,530.0
61,61,47.554648854465896,938.8528402204931,530.4147464717151,891.3,530.0
62,62,47.554648854465896,938.8528402204931,530.4147464717151,891.3,530.0
63,63,47.554648854465896,938.8528402204931,530.4147464717151,891.3,530.0
64,64,47.554648854465896,938.8528402204931,530.4147464717151,891.3,530.0
65,65,47.554648854465896,938.8528402204931,530.4147464717151,891.3,530.0
66,66,47.554648854465896,938.8528402204931,530.4147464717151,891.3,530.0
67,67,47.554648854465896,938.8528402204931,530.4147464717151,891.3,530.0
68,68,47.554648854465896,938.8528402204931,530.4147464717151,891.3,530.0
69,69,47.554648854465896,938.8528402204931,530.4147464717151,891.3,530.0
70,70,47.554648854465896,938.8528402204931,530.4147464717151,891.3,530.0
71,71,47.554648854465896,938.8528402204931,530.4147464717151,891.3,530.0
72,72,47.554648854465896,938.8528402204931,530.4147464717151,891.3,530.0
73,73,47.554648854465896,938.8528402204931,530.4147464717151,891.3,530.0
74,74,47.554648854465896,938.8528402204931,530.4147464717151,891.3,530.0
75,75,47.554648854465896,938.8528402204931,530.4147464717151,891.3,530.0
76,76,47.554648854465896,938.8528402204931,530.4147464717151,891.3,530.0
77,77,47.554648854465896,938.8528402204931,530.4147464717151,891.3,530.0
78,78,47.554648854465896,938.8528402204931,530.4147464717151,891.3,530.0
79,79,47.554648854465896,938.8528402204931,530.4147464717151,891.3,530.0
80,80,47.554648854465896,938.8528402204931,530.4147464717151,891.3,530.0
81,81,47.554648854465896,938.8528402204931,530.4147464717151,891.3,530.0
82,82,47.554648854465896,938.8528402204931,530.4147464717151,891.3,530.0
83,83,47.554648854465896,938.8528402204931,530.4147464717151,891.3,530.0
84,84,47.554648854465896,938.8528402204931,530.4147464717151,891.3,530.0
85,85,47.554648854465896,938.8528402204931,530.4147464717151,891.3,530.0
86,86,47.554648854465896,938.8528402204931,530.4147464717151,891.3,530.0
87,87,47.554648854465896,938.8528402204931,530.4147464717151,891.3,530.0
88,88,47.554648854465896,938.8528402204931,530.4147464717151,891.3,530.0
89,89,47.554648854465896,938.8528402204931,530.4147464717151,891.3,530.0
90,90,47.554648854465896,938.8528402204931,530.4147464717151,891.3,530.0
91,91,47.554648854465896,938.8528402204931,530.4147464717151,891.3,530.0
92,92,47.554648854465896,938.8528402204931,530.4147464717151,891.3,530.0
93,93,47.554648854465896,938.8528402204931,530.4147464717151,891.3,530.0
94,94,47.554648854465896,938.8528402204931,530.4147464717151,891.3,530.0
95,95,47.554648854465896,938.8528402204931,530.4147464717151,891.3,530.0
96,96,47.554648854465896,938.8528402204931,530.4147464717151,891.3,530.0
97,97,47.554648854465896,938.8528402204931,530.4147464717151,891.3,530.0
98,98,47.554648854465896,938.8528402204931,530.4147464717151,891.3,530.0
99,99,47.554648854465896,938.8528402204931,530.4147464717151,891.3,530.0
100,100,47.554648854465896,938.8528402204931,530.4147464717151,891.3,530.0
101,101,47.554648854465896,938.8528402204931,530.4147464717151,891.3,530.0
102,102,47.554648854465896,938.8528402204931,530.4147464717151,891.3,530.0
103,103,47.554648854465896,938.8528402204931,530.4147464717151,891.3,530.0
104,104,47.554648854465896,938.8528402204931,530.4147464717151,891.3,530.0
105,105,47.554648854465896,938.8528402204931,530.4147464717151,891.3,530.0
106,106,47.554648854465896,938.8528402204931,530.4147464717151,891.3,530.0
107,107,47.554648854465896,938.8528402204931,530.4147464717151,891.3,530.0
108,108,47.554648854465896,938.8528402204931,530.4147464717151,891.3,530.0
109,109,47.554648854465896,938.8528402204931,530.4147464717151,891.3,530.0
110,110,47.554648854465896,938.8528402204931,530.4147464717151,891.3,530.0
111,111,47.554648854465896,938.8528402204931,530.4147464717151,891.3,530.0
112,112,47.554648854465896,938.8528402204931,530.4147464717151,891.3,530.0
113,113,47.554648854465896,938.8528402204931,530.4147464717151,891.3,530.0
114,114,47.554648854465896,938.8528402204931,530.4147464717151,891.3,530.0
115,115,47.554648854465896,938.8528402204931,530.4147464717151,891.3,530.0
116,116,47.554648854465896,938.8528402204931,530.4147464717151,891.3,530.0
117,117,47.554648854465896,938.8528402204931,530.4147464717151,891.3,530.0
118,118,47.554648854465896,938.8528402204931,530.4147464717151,891.3,530.0
119,119,41.461587419324196,938.8528402204931,530.4147464717151,897.3916666666667,530.6
120,120,35.37822268775705,938.8528402204931,530.4147464717151,903.4833333333333,531.2
121,121,29.31059288575301,938.8528402204931,530.4147464717151,909.5749999999999,531.8
122,122,23.271009338654203,938.8528402204931,530.4147464717151,915.6666666666666,532.4
123,123,17.28888953983637,938.8528402204931,530.4147464717151,921.7583333333333,533.0
124,124,11.454620594203663,938.8528402204931,530.4147464717151,927.8499999999999,533.6
125,125,6.200626577145117,938.8528402204931,530.4147464717151,933.9416666666666,534.2
126,126,4.541366809320561,938.8528402204931,530.4147464717151,940.0333333333333,534.8000000000001
127,126,4.541366809320561,938.8528402204931,530.4147464717151,946.125,535.4000000000001
128,126,4.541366809320561,938.8528402204931,530.4147464717151,952.2166666666667,536.0
129,126,4.541366809320561,938.8528402204931,530.4147464717151,958.3083333333333,536.6
130,126,4.541366809320561,938.8528402204931,530.4147464717151,964.4,537.2
131,126,4.541366809320561,938.8528402204931,530.4147464717151,964.4,537.2
132,126,4.541366809320561,938.8528402204931,530.4147464717151,964.4,537.2
133,126,4.541366809320561,938.8528402204931,530.4147464717151,964.4,537.2
134,126,4.541366809320561,938.8528402204931,530.4147464717151,964.4,537.2
135,126,4.541366809320561,938.8528402204931,530.4147464717151,964.4,537.2
136,126,4.541366809320561,938.8528402204931,530.4147464717151,964.4,537.2
137,126,4.541366809320561,938.8528402204931,530.4147464717151,964.4,537.2
138,126,4.541366809320561,938.8528402204931,530.4147464717151,964.4,537.2
139,126,4.541366809320561,938.8528402204931,530.4147464717151,964.4,537.2
140,126,4.541366809320561,938.8528402204931,530.4147464717151,964.4,537.2
141,126,4.541366809320561,938.8528402204931,530.4147464717151,964.4,537.2
142,126,4.541366809320561,938.8528402204931,530.4147464717151,964.4,537.2
143,126,4.541366809320561,938.8528402204931,530.4147464717151,964.4,537.2
144,126,4.541366809320561,938.8528402204931,530.4147464717151,964.4,537.2
145,126,4.541366809320561,938.8528402204931,530.4147464717151,964.4,537.2
146,126,4.541366809320561,938.8528402204931,530.4147464717151,964.4,537.2
147,126,4.541366809320561,938.8528402204931,530.4147464717151,964.4,537.2
148,126,4.541366809320561,938.8528402204931,530.4147464717151,964.4,537.2
149,126,4.541366809320561,938.8528402204931,530.4147464717151,964.4,537.2
150,126,4.541366809320561,938.8528402204931,530.4147464717151,964.4,537.2
151,126,4.541366809320561,938.8528402204931,530.4147464717151,964.4,537.2
152,126,4.541366809320561,938.8528402204931,530.4147464717151,964.4,537.2
153,126,4.541366809320561,938.8528402204931,530.4147464717151,964.4,537.2
154,126,4.541366809320561,938.8528402204931,530.4147464717151,964.4,537.2
155,126,4.541366809320561,938.8528402204931,530.4147464717151,964.4,537.2
156,126,4.541366809320561,938.8528402204931,530.4147464717151,964.4,537.2
157,126,4.541366809320561,938.8528402204931,530.4147464717151,964.4,537.2
158,126,4.541366809320561,938.8528402204931,530.4147464717151,964.4,537.2
159,126,4.541366809320561,938.8528402204931,530.4147464717151,964.4,537.2
160,126,4.541366809320561,938.8528402204931,530.4147464717151,964.4,537.2
161,126,4.541366809320561,938.8528402204931,530.4147464717151,964.4,537.2
162,126,4.541366809320561,938.8528402204931,530.4147464717151,964.4,537.2
163,126,4.541366809320561,938.8528402204931,530.4147464717151,964.4,537.2
164,126,4.541366809320561,938.8528402204931,530.4147464717151,964.4,537.2
165,126,4.541366809320561,938.8528402204931,530.4147464717151,964.4,537.2
166,126,4.541366809320561,938.8528402204931,530.4147464717151,964.4,537.2
167,126,4.541366809320561,938.8528402204931,530.4147464717151,964.4,537.2
168,126,4.541366809320561,938.8528402204931,530.4147464717151,964.4,537.2
169,126,4.541366809320561,938.8528402204931,530.4147464717151,964.4,537.2
170,126,4.541366809320561,938.8528402204931,530.4147464717151,964.4,537.2
171,126,4.541366809320561,938.8528402204931,530.4147464717151,964.4,537.2
172,126,4.541366809320561,938.8528402204931,530.4147464717151,964.4,537.2
173,126,4.541366809320561,938.8528402204931,530.4147464717151,964.4,537.2
174,126,4.541366809320561,938.8528402204931,530.4147464717151,964.4,537.2
175,126,4.541366809320561,938.8528402204931,530.4147464717151,964.4,537.2
176,126,4.541366809320561,938.8528402204931,530.4147464717151,964.4,537.2
177,126,4.541366809320561,938.8528402204931,530.4147464717151,964.4,537.2
178,126,4.541366809320561,938.8528402204931,530.4147464717151,964.4,537.2
179,126,4.541366809320561,938.8528402204931,530.4147464717151,964.4,537.2
180,126,4.541366809320561,938.8528402204931,530.4147464717151,964.4,537.2
181,126,4.541366809320561,938.8528402204931,530.4147464717151,964.4,537.2
182,126,4.541366809320561,938.8528402204931,530.4147464717151,964.4,537.2
183,126,4.541366809320561,938.8528402204931,530.4147464717151,964.4,537.2
184,126,4.541366809320561,938.8528402204931,530.4147464717151,964.4,537.2
185,126,4.541366809320561,938.8528402204931,530.4147464717151,964.4,537.2
186,126,4.541366809320561,938.8528402204931,530.4147464717151,964.4,537.2
187,126,4.541366809320561,938.8528402204931,530.4147464717151,964.4,537.2
188,126,4.541366809320561,938.8528402204931,530.4147464717151,964.4,537.2
189,126,4.541366809320561,938.8528402204931,530.4147464717151,964.4,537.2
190,126,4.541366809320561,938.8528402204931,530.4147464717151,964.4,537.2
191,126,4.541366809320561,938.8528402204931,530.4147464717151,964.4,537.2
192,126,4.541366809320561,938.8528402204931,530.4147464717151,964.4,537.2
193,126,4.541366809320561,938.8528402204931,530.4147464717151,964.4,537.2
194,126,4.541366809320561,938.8528402204931,530.4147464717151,964.4,537.2
195,126,4.541366809320561,938.8528402204931,530.4147464717151,964.4,537.2
196,126,4.541366809320561,938.8528402204931,530.4147464717151,964.4,537.2
197,126,4.541366809320561,938.8528402204931,530.4147464717151,964.4,537.2
198,126,4.541366809320561,938.8528402204931,530.4147464717151,964.4,537.2
199,126,4.541366809320561,938.8528402204931,530.4147464717151,964.4,537.2
200,126,4.541366809320561,938.8528402204931,530.4147464717151,964.4,537.2
201,126,4.541366809320561,938.8528402204931,530.4147464717151,964.4,537.2
202,126,4.541366809320561,938.8528402204931,530.4147464717151,964.4,537.2
203,126,4.541366809320561,938.8528402204931,530.4147464717151,964.4,537.2
204,126,4.541366809320561,938.8528402204931,530.4147464717151,964.4,537.2
205,126,4.541366809320561,938.8528402204931,530.4147464717151,964.4,537.2
206,126,4.541366809320561,938.8528402204931,530.4147464717151,964.4,537.2
207,126,4.541366809320561,938.8528402204931,530.4147464717151,964.4,537.2
208,126,4.541366809320561,938.8528402204931,530.4147464717151,964.4,537.2
209,126,4.541366809320561,938.8528402204931,530.4147464717151,964.4,537.2
210,126,4.541366809320561,938.8528402204931,530.4147464717151,964.4,537.2
211,126,4.541366809320561,938.8528402204931,530.4147464717151,964.4,537.2
212,126,4.541366809320561,938.8528402204931,530.4147464717151,964.4,537.2
213,126,4.541366809320561,938.8528402204931,530.4147464717151,964.4,537.2
214,126,4.541366809320561,938.8528402204931,530.4147464717151,964.4,537.2
215,126,4.541366809320561,938.8528402204931,530.4147464717151,964.4,537.2
216,126,4.541366809320561,938.8528402204931,530.4147464717151,964.4,537.2
217,126,4.541366809320561,938.8528402204931,530.4147464717151,964.4,537.2
218,126,4.541366809320561,938.8528402204931,530.4147464717151,964.4,537.2
219,126,4.541366809320561,938.8528402204931,530.4147464717151,964.4,537.2
220,126,4.541366809320561,938.8528402204931,530.4147464717151,964.4,537.2
221,126,4.541366809320561,938.8528402204931,530.4147464717151,964.4,537.2
222,126,4.541366809320561,938.8528402204931,530.4147464717151,964.4,537.2
223,126,4.541366809320561,938.8528402204931,530.4147464717151,964.4,537.2
224,126,4.541366809320561,938.8528402204931,530.4147464717151,964.4,537.2
225,126,4.541366809320561,938.8528402204931,530.4147464717151,964.4,537.2
226,126,4.541366809320561,938.8528402204931,530.4147464717151,964.4,537.2
227,126,4.541366809320561,938.8528402204931,530.4147464717151,964.4,537.2
228,126,4.541366809320561,938.8528402204931,530.4147464717151,964.4,537.2
229,126,4.541366809320561,938.8528402204931,530.4147464717151,964.4,537.2
230,126,4.541366809320561,938.8528402204931,530.4147464717151,964.4,537.2
231,126,4.541366809320561,938.8528402204931,530.4147464717151,964.4,537.2
232,126,4.541366809320561,938.8528402204931,530.4147464717151,964.4,537.2
233,126,4.541366809320561,938.8528402204931,530.4147464717151,964.4,537.2
234,126,4.541366809320561,938.8528402204931,530.4147464717151,964.4,537.2
235,127,8.816862287682325,938.8528402204931,530.4147464717151,964.4,537.2
236,128,14.484022723631245,938.8528402204931,530.4147464717151,964.4,537.2
237,129,20.415033026496204,938.8528402204931,530.4147464717151,964.4,537.2
238,130,26.432877978811817,938.8528402204931,530.4147464717151,964.4,537.2
239,131,26.432877978811817,938.8528402204931,530.4147464717151,964.4,537.2
240,132,26.432877978811817,938.8528402204931,530.4147464717151,964.4,537.2
241,133,26.432877978811817,938.8528402204931,530.4147464717151,964.4,537.2
242,134,26.432877978811817,938.8528402204931,530.4147464717151,964.4,537.2
243,135,26.432877978811817,938.8528402204931,530.4147464717151,964.4,537.2
244,136,26.432877978811817,938.8528402204931,530.4147464717151,964.4,537.2
245,137,26.432877978811817,938.8528402204931,530.4147464717151,964.4,537.2
246,138,26.432877978811817,938.8528402204931,530.4147464717151,964.4,537.2
247,139,26.432877978811817,938.8528402204931,530.4147464717151,964.4,537.2
248,140,26.432877978811817,938.8528402204931,530.4147464717151,964.4,537.2
249,141,26.432877978811817,938.8528402204931,530.4147464717151,964.4,537.2
250,142,26.432877978811817,938.8528402204931,530.4147464717151,964.4,537.2
251,143,26.432877978811817,938.8528402204931,530.4147464717151,964.4,537.2
252,144,26.432877978811817,938.8528402204931,530.4147464717151,964.4,537.2
253,145,26.432877978811817,938.8528402204931,530.4147464717151,964.4,537.2
254,146,26.432877978811817,938.8528402204931,530.4147464717151,964.4,537.2
255,147,26.432877978811817,938.8528402204931,530.4147464717151,964.4,537.2
256,148,26.432877978811817,938.8528402204931,530.4147464717151,964.4,537.2
257,149,26.432877978811817,938.8528402204931,530.4147464717151,964.4,537.2
258,150,26.432877978811817,938.8528402204931,530.4147464717151,964.4,537.2
259,151,26.432877978811817,938.8528402204931,530.4147464717151,964.4,537.2
260,152,26.432877978811817,938.8528402204931,530.4147464717151,964.4,537.2
261,153,26.432877978811817,938.8528402204931,530.4147464717151,964.4,537.2
262,154,26.432877978811817,938.8528402204931,530.4147464717151,964.4,537.2
263,155,26.432877978811817,938.8528402204931,530.4147464717151,964.4,537.2
264,156,26.432877978811817,938.8528402204931,530.4147464717151,964.4,537.2
265,157,26.432877978811817,938.8528402204931,530.4147464717151,964.4,537.2
266,158,26.432877978811817,938.8528402204931,530.4147464717151,964.4,537.2
267,159,26.432877978811817,938.8528402204931,530.4147464717151,964.4,537.2
268,160,26.432877978811817,938.8528402204931,530.4147464717151,964.4,537.2
269,161,26.432877978811817,938.8528402204931,530.4147464717151,964.4,537.2
270,162,26.432877978811817,938.8528402204931,530.4147464717151,964.4,537.2
271,163,26.432877978811817,938.8528402204931,530.4147464717151,964.4,537.2
272,164,26.432877978811817,938.8528402204931,530.4147464717151,964.4,537.2
273,165,26.432877978811817,938.8528402204931,530.4147464717151,964.4,537.2
274,166,26.432877978811817,938.8528402204931,530.4147464717151,964.4,537.2
275,167,26.432877978811817,938.8528402204931,530.4147464717151,964.4,537.2
276,168,26.432877978811817,938.8528402204931,530.4147464717151,964.4,537.2
277,169,26.432877978811817,938.8528402204931,530.4147464717151,964.4,537.2
278,170,26.432877978811817,938.8528402204931,530.4147464717151,964.4,537.2
279,171,26.432877978811817,938.8528402204931,530.4147464717151,964.4,537.2
280,172,26.432877978811817,938.8528402204931,530.4147464717151,964.4,537.2
281,173,26.432877978811817,938.8528402204931,530.4147464717151,964.4,537.2
282,174,26.432877978811817,938.8528402204931,530.4147464717151,964.4,537.2
283,175,26.432877978811817,938.8528402204931,530.4147464717151,964.4,537.2
284,176,26.432877978811817,938.8528402204931,530.4147464717151,964.4,537.2
285,177,26.432877978811817,938.8528402204931,530.4147464717151,964.4,537.2
286,178,26.432877978811817,938.8528402204931,530.4147464717151,964.4,537.2
287,179,26.432877978811817,938.8528402204931,530.4147464717151,964.4,537.2
288,180,26.432877978811817,938.8528402204931,530.4147464717151,964.4,537.2
289,181,26.432877978811817,938.8528402204931,530.4147464717151,964.4,537.2
290,182,26.432877978811817,938.8528402204931,530.4147464717151,964.4,537.2
291,183,26.432877978811817,938.8528402204931,530.4147464717151,964.4,537.2
292,184,26.432877978811817,938.8528402204931,530.4147464717151,964.4,537.2
293,185,26.432877978811817,938.8528402204931,530.4147464717151,964.4,537.2
294,186,26.432877978811817,938.8528402204931,530.4147464717151,964.4,537.2
295,187,26.432877978811817,938.8528402204931,530.4147464717151,964.4,537.2
296,188,26.432877978811817,938.8528402204931,530.4147464717151,964.4,537.2
297,189,26.432877978811817,938.8528402204931,530.4147464717151,964.4,537.2
298,190,26.432877978811817,938.8528402204931,530.4147464717151,964.4,537.2
299,191,26.432877978811817,938.8528402204931,530.4147464717151,964.4,537.2
300,192,26.432877978811817,938.8528402204931,530.4147464717151,964.4,537.2
301,193,26.432877978811817,938.8528402204931,530.4147464717151,964.4,537.2
302,194,26.432877978811817,938.8528402204931,530.4147464717151,964.4,537.2
303,195,26.432877978811817,938.8528402204931,530.4147464717151,964.4,537.2
304,196,26.432877978811817,938.8528402204931,530.4147464717151,964.4,537.2
305,197,26.432877978811817,938.8528402204931,530.4147464717151,964.4,537.2
306,198,26.432877978811817,938.8528402204931,530.4147464717151,964.4,537.2
307,199,26.432877978811817,938.8528402204931,530.4147464717151,964.4,537.2
308,200,26.432877978811817,938.8528402204931,530.4147464717151,964.4,537.2
309,201,26.432877978811817,938.8528402204931,530.4147464717151,964.4,537.2
310,202,26.432877978811817,938.8528402204931,530.4147464717151,964.4,537.2
311,203,26.432877978811817,938.8528402204931,530.4147464717151,964.4,537.2
312,204,26.432877978811817,938.8528402204931,530.4147464717151,964.4,537.2
313,205,26.432877978811817,938.8528402204931,530.4147464717151,964.4,537.2
314,206,26.432877978811817,938.8528402204931,530.4147464717151,964.4,537.2
315,207,26.432877978811817,938.8528402204931,530.4147464717151,964.4,537.2
316,208,26.432877978811817,938.8528402204931,530.4147464717151,964.4,537.2
317,209,26.432877978811817,938.8528402204931,530.4147464717151,964.4,537.2
318,210,26.432877978811817,938.8528402204931,530.4147464717151,964.4,537.2
319,211,26.432877978811817,938.8528402204931,530.4147464717151,964.4,537.2
320,212,26.432877978811817,938.8528402204931,530.4147464717151,964.4,537.2
321,213,26.432877978811817,938.8528402204931,530.4147464717151,964.4,537.2
322,214,26.432877978811817,938.8528402204931,530.4147464717151,964.4,537.2
323,215,26.432877978811817,938.8528402204931,530.4147464717151,964.4,537.2
324,216,26.432877978811817,938.8528402204931,530.4147464717151,964.4,537.2
325,217,26.432877978811817,938.8528402204931,530.4147464717151,964.4,537.2
326,218,26.432877978811817,938.8528402204931,530.4147464717151,964.4,537.2
327,219,26.432877978811817,938.8528402204931,530.4147464717151,964.4,537.2
328,220,26.432877978811817,938.8528402204931,530.4147464717151,964.4,537.2
329,221,26.432877978811817,938.8528402204931,530.4147464717151,964.4,537.2
330,222,26.432877978811817,938.8528402204931,530.4147464717151,964.4,537.2
331,223,26.432877978811817,938.8528402204931,530.4147464717151,964.4,537.2
332,224,26.432877978811817,938.8528402204931,530.4147464717151,964.4,537.2
333,225,2.821990774769052,961.8528402204931,538.4147464717151,964.4,537.2
334,226,2.821990774769052,961.8528402204931,538.4147464717151,964.4,537.2
335,227,2.821990774769052,961.8528402204931,538.4147464717151,964.4,537.2
336,228,2.821990774769052,961.8528402204931,538.4147464717151,964.4,537.2
337,229,2.821990774769052,961.8528402204931,538.4147464717151,964.4,537.2
338,230,2.821990774769052,961.8528402204931,538.4147464717151,964.4,537.2
339,231,2.821990774769052,961.8528402204931,538.4147464717151,964.4,537.2
340,232,2.821990774769052,961.8528402204931,538.4147464717151,964.4,537.2
341,233,2.821990774769052,961.8528402204931,538.4147464717151,964.4,537.2
342,234,2.821990774769052,961.8528402204931,538.4147464717151,964.4,537.2
343,235,2.821990774769052,961.8528402204931,538.4147464717151,964.4,537.2
344,236,2.821990774769052,961.8528402204931,538.4147464717151,964.4,537.2
345,237,2.821990774769052,961.8528402204931,538.4147464717151,964.4,537.2
346,238,2.821990774769052,961.8528402204931,538.4147464717151,964.4,537.2
347,239,2.821990774769052,961.8528402204931,538.4147464717151,964.4,537.2
348,240,2.821990774769052,961.8528402204931,538.4147464717151,964.4,537.2
349,241,2.821990774769052,961.8528402204931,538.4147464717151,964.4,537.2
350,242,2.821990774769052,961.8528402204931,538.4147464717151,964.4,537.2
351,243,2.821990774769052,961.8528402204931,538.4147464717151,964.4,537.2
352,244,2.821990774769052,961.8528402204931,538.4147464717151,964.4,537.2
353,245,2.821990774769052,961.8528402204931,538.4147464717151,964.4,537.2
354,246,2.821990774769052,961.8528402204931,538.4147464717151,964.4,537.2
355,247,2.821990774769052,961.8528402204931,538.4147464717151,964.4,537.2
356,248,2.821990774769052,961.8528402204931,538.4147464717151,964.4,537.2
357,249,2.821990774769052,961.8528402204931,538.4147464717151,964.4,537.2
358,250,2.821990774769052,961.8528402204931,538.4147464717151,964.4,537.2
359,251,2.821990774769052,961.8528402204931,538.4147464717151,964.4,537.2
360,252,2.821990774769052,961.8528402204931,538.4147464717151,964.4,537.2
361,253,2.821990774769052,961.8528402204931,538.4147464717151,964.4,537.2
362,254,2.821990774769052,961.8528402204931,538.4147464717151,964.4,537.2
363,255,2.821990774769052,961.8528402204931,538.4147464717151,964.4,537.2
364,256,2.821990774769052,961.8528402204931,538.4147464717151,964.4,537.2
365,257,2.821990774769052,961.8528402204931,538.4147464717151,964.4,537.2
366,258,2.821990774769052,961.8528402204931,538.4147464717151,964.4,537.2
367,259,2.821990774769052,961.8528402204931,538.4147464717151,964.4,537.2
368,260,2.821990774769052,961.8528402204931,538.4147464717151,964.4,537.2
369,261,2.821990774769052,961.8528402204931,538.4147464717151,964.4,537.2
370,262,2.821990774769052,961.8528402204931,538.4147464717151,964.4,537.2
371,263,2.821990774769052,961.8528402204931,538.4147464717151,964.4,537.2
372,264,2.821990774769052,961.8528402204931,538.4147464717151,964.4,537.2
373,265,2.821990774769052,961.8528402204931,538.4147464717151,964.4,537.2
374,266,2.821990774769052,961.8528402204931,538.4147464717151,964.4,537.2
375,267,2.821990774769052,961.8528402204931,538.4147464717151,964.4,537.2
376,268,2.821990774769052,961.8528402204931,538.4147464717151,964.4,537.2
377,269,2.821990774769052,961.8528402204931,538.4147464717151,964.4,537.2
378,270,2.821990774769052,961.8528402204931,538.4147464717151,964.4,537.2
379,271,2.821990774769052,961.8528402204931,538.4147464717151,964.4,537.2
380,272,2.821990774769052,961.8528402204931,538.4147464717151,964.4,537.2
381,273,2.821990774769052,961.8528402204931,538.4147464717151,964.4,537.2
382,274,2.821990774769052,961.8528402204931,538.4147464717151,964.4,537.2
383,275,2.821990774769052,961.8528402204931,538.4147464717151,964.4,537.2
384,276,2.821990774769052,961.8528402204931,538.4147464717151,964.4,537.2
385,277,2.821990774769052,961.8528402204931,538.4147464717151,964.4,537.2
386,278,2.821990774769052,961.8528402204931,538.4147464717151,964.4,537.2
387,279,2.821990774769052,961.8528402204931,538.4147464717151,964.4,537.2
388,280,2.821990774769052,961.8528402204931,538.4147464717151,964.4,537.2
389,281,2.821990774769052,961.8528402204931,538.4147464717151,964.4,537.2
390,282,2.821990774769052,961.8528402204931,538.4147464717151,964.4,537.2
391,283,2.821990774769052,961.8528402204931,538.4147464717151,964.4,537.2
392,284,2.821990774769052,961.8528402204931,538.4147464717151,964.4,537.2
393,285,2.821990774769052,961.8528402204931,538.4147464717151,964.4,537.2
394,286,2.821990774769052,961.8528402204931,538.4147464717151,964.4,537.2
395,287,2.821990774769052,961.8528402204931,538.4147464717151,964.4,537.2
396,288,2.821990774769052,961.8528402204931,538.4147464717151,964.4,537.2
397,289,2.821990774769052,961.8528402204931,538.4147464717151,964.4,537.2
398,290,2.821990774769052,961.8528402204931,538.4147464717151,964.4,537.2
399,291,2.821990774769052,961.8528402204931,538.4147464717151,964.4,537.2
400,292,2.821990774769052,961.8528402204931,538.4147464717151,964.4,537.2
401,293,2.821990774769052,961.8528402204931,538.4147464717151,964.4,537.2
402,294,2.821990774769052,961.8528402204931,538.4147464717151,964.4,537.2
403,295,2.821990774769052,961.8528402204931,538.4147464717151,964.4,537.2
404,296,2.821990774769052,961.8528402204931,538.4147464717151,964.4,537.2
405,297,2.821990774769052,961.8528402204931,538.4147464717151,964.4,537.2
406,298,2.821990774769052,961.8528402204931,538.4147464717151,964.4,537.2
407,299,2.821990774769052,961.8528402204931,538.4147464717151,964.4,537.2
408,300,2.821990774769052,961.8528402204931,538.4147464717151,964.4,537.2
409,301,2.821990774769052,961.8528402204931,538.4147464717151,964.4,537.2
410,302,2.821990774769052,961.8528402204931,538.4147464717151,964.4,537.2
411,303,2.821990774769052,961.8528402204931,538.4147464717151,964.4,537.2
412,304,2.821990774769052,961.8528402204931,538.4147464717151,964.4,537.2
413,305,2.821990774769052,961.8528402204931,538.4147464717151,964.4,537.2
414,306,2.821990774769052,961.8528402204931,538.4147464717151,964.4,537.2
415,307,2.821990774769052,961.8528402204931,538.4147464717151,964.4,537.2
416,308,2.821990774769052,961.8528402204931,538.4147464717151,964.4,537.2
417,309,2.821990774769052,961.8528402204931,538.4147464717151,964.4,537.2
418,310,2.821990774769052,961.8528402204931,538.4147464717151,964.4,537.2
419,311,2.821990774769052,961.8528402204931,538.4147464717151,964.4,537.2
420,312,2.821990774769052,961.8528402204931,538.4147464717151,964.4,537.2
421,313,2.821990774769052,961.8528402204931,538.4147464717151,964.4,537.2
422,314,2.821990774769052,961.8528402204931,538.4147464717151,964.4,537.2
423,315,2.821990774769052,961.8528402204931,538.4147464717151,964.4,537.2
424,316,2.821990774769052,961.8528402204931,538.4147464717151,964.4,537.2
425,317,2.821990774769052,961.8528402204931,538.4147464717151,964.4,537.2
426,318,2.821990774769052,961.8528402204931,538.4147464717151,964.4,537.2
427,319,2.821990774769052,961.8528402204931,538.4147464717151,964.4,537.2
428,320,2.821990774769052,961.8528402204931,538.4147464717151,964.4,537.2
429,321,2.821990774769052,961.8528402204931,538.4147464717151,964.4,537.2
430,322,2.821990774769052,961.8528402204931,538.4147464717151,964.4,537.2
431,323,2.821990774769052,961.8528402204931,538.4147464717151,964.4,537.2
432,324,2.821990774769052,961.8528402204931,538.4147464717151,964.4,537.2
433,325,2.821990774769052,961.8528402204931,538.4147464717151,964.4,537.2
434,326,2.821990774769052,961.8528402204931,538.4147464717151,964.4,537.2
435,327,2.821990774769052,961.8528402204931,538.4147464717151,964.4,537.2
436,328,2.821990774769052,961.8528402204931,538.4147464717151,964.4,537.2
437,329,2.821990774769052,961.8528402204931,538.4147464717151,964.4,537.2
438,330,2.821990774769052,961.8528402204931,538.4147464717151,964.4,537.2
439,331,2.821990774769052,961.8528402204931,538.4147464717151,964.4,537.2
440,332,2.821990774769052,961.8528402204931,538.4147464717151,964.4,537.2
441,333,2.821990774769052,961.8528402204931,538.4147464717151,964.4,537.2
442,334,2.821990774769052,961.8528402204931,538.4147464717151,964.4,537.2
443,335,2.821990774769052,961.8528402204931,538.4147464717151,964.4,537.2
444,336,2.821990774769052,961.8528402204931,538.4147464717151,964.4,537.2
445,337,2.821990774769052,961.8528402204931,538.4147464717151,964.4,537.2
446,338,2.821990774769052,961.8528402204931,538.4147464717151,964.4,537.2
447,339,2.821990774769052,961.8528402204931,538.4147464717151,964.4,537.2
448,340,2.821990774769052,961.8528402204931,538.4147464717151,964.4,537.2
449,341,2.821990774769052,961.8528402204931,538.4147464717151,964.4,537.2
450,342,2.821990774769052,961.8528402204931,538.4147464717151,964.4,537.2
451,343,2.821990774769052,961.8528402204931,538.4147464717151,964.4,537.2
452,344,2.821990774769052,961.8528402204931,538.4147464717151,964.4,537.2
453,345,2.821990774769052,961.8528402204931,538.4147464717151,964.4,537.2
454,346,2.821990774769052,961.8528402204931,538.4147464717151,964.4,537.2
455,347,2.821990774769052,961.8528402204931,538.4147464717151,964.4,537.2
456,348,2.821990774769052,961.8528402204931,538.4147464717151,964.4,537.2
457,349,2.821990774769052,961.8528402204931,538.4147464717151,964.4,537.2
458,350,2.821990774769052,961.8528402204931,538.4147464717151,964.4,537.2
459,351,2.821990774769052,961.8528402204931,538.4147464717151,964.4,537.2
460,352,2.821990774769052,961.8528402204931,538.4147464717151,964.4,537.2
461,353,2.821990774769052,961.8528402204931,538.4147464717151,964.4,537.2
462,354,2.821990774769052,961.8528402204931,538.4147464717151,964.4,537.2
463,355,2.821990774769052,961.8528402204931,538.4147464717151,964.4,537.2
464,356,2.821990774769052,961.8528402204931,538.4147464717151,964.4,537.2
465,357,2.821990774769052,961.8528402204931,538.4147464717151,964.4,537.2
466,358,2.821990774769052,961.8528402204931,538.4147464717151,964.4,537.2
467,359,2.821990774769052,961.8528402204931,538.4147464717151,964.4,537.2
468,360,2.821990774769052,961.8528402204931,538.4147464717151,964.4,537.2
469,361,2.821990774769052,961.8528402204931,538.4147464717151,964.4,537.2
470,362,2.821990774769052,961.8528402204931,538.4147464717151,964.4,537.2
471,363,2.821990774769052,961.8528402204931,538.4147464717151,964.4,537.2
472,364,2.821990774769052,961.8528402204931,538.4147464717151,964.4,537.2
473,365,2.821990774769052,961.8528402204931,538.4147464717151,964.4,537.2
474,366,2.821990774769052,961.8528402204931,538.4147464717151,964.4,537.2
475,367,2.821990774769052,961.8528402204931,538.4147464717151,964.4,537.2
476,368,2.821990774769052,961.8528402204931,538.4147464717151,964.4,537.2
477,369,2.821990774769052,961.8528402204931,538.4147464717151,964.4,537.2
478,370,2.821990774769052,961.8528402204931,538.4147464717151,964.4,537.2
479,371,2.821990774769052,961.8528402204931,538.4147464717151,964.4,537.2
480,372,2.821990774769052,961.8528402204931,538.4147464717151,964.4,537.2
481,373,2.821990774769052,961.8528402204931,538.4147464717151,964.4,537.2
482,374,2.821990774769052,961.8528402204931,538.4147464717151,964.4,537.2
483,375,2.821990774769052,961.8528402204931,538.4147464717151,964.4,537.2
484,376,2.821990774769052,961.8528402204931,538.4147464717151,964.4,537.2
485,377,2.821990774769052,961.8528402204931,538.4147464717151,964.4,537.2
486,378,2.821990774769052,961.8528402204931,538.4147464717151,964.4,537.2
487,379,2.821990774769052,961.8528402204931,538.4147464717151,964.4,537.2
488,380,2.821990774769052,961.8528402204931,538.4147464717151,964.4,537.2
489,381,2.821990774769052,961.8528402204931,538.4147464717151,964.4,537.2
490,382,2.821990774769052,961.8528402204931,538.4147464717151,964.4,537.2
491,383,2.821990774769052,961.8528402204931,538.4147464717151,964.4,537.2
492,384,2.821990774769052,961.8528402204931,538.4147464717151,964.4,537.2
493,385,2.821990774769052,961.8528402204931,538.4147464717151,964.4,537.2
494,386,2.821990774769052,961.8528402204931,538.4147464717151,964.4,537.2
495,387,2.821990774769052,961.8528402204931,538.4147464717151,964.4,537.2
496,388,2.821990774769052,961.8528402204931,538.4147464717151,964.4,537.2
497,389,2.821990774769052,961.8528402204931,538.4147464717151,964.4,537.2
498,390,2.821990774769052,961.8528402204931,538.4147464717151,964.4,537.2
499,391,2.821990774769052,961.8528402204931,538.4147464717151,964.4,537.2
500,392,2.821990774769052,961.8528402204931,538.4147464717151,964.4,537.2
501,393,2.821990774769052,961.8528402204931,538.4147464717151,964.4,537.2
502,394,2.821990774769052,961.8528402204931,538.4147464717151,964.4,537.2
503,395,2.821990774769052,961.8528402204931,538.4147464717151,964.4,537.2
504,396,2.821990774769052,961.8528402204931,538.4147464717151,964.4,537.2
505,397,2.821990774769052,961.8528402204931,538.4147464717151,964.4,537.2
506,398,2.821990774769052,961.8528402204931,538.4147464717151,964.4,537.2
507,399,2.821990774769052,961.8528402204931,538.4147464717151,964.4,537.2
508,400,2.821990774769052,961.8528402204931,538.4147464717151,964.4,537.2
509,401,2.821990774769052,961.8528402204931,538.4147464717151,964.4,537.2
510,402,2.821990774769052,961.8528402204931,538.4147464717151,964.4,537.2
511,403,2.821990774769052,961.8528402204931,538.4147464717151,964.4,537.2
512,404,2.821990774769052,961.8528402204931,538.4147464717151,964.4,537.2
513,405,2.821990774769052,961.8528402204931,538.4147464717151,964.4,537.2
514,406,2.821990774769052,961.8528402204931,538.4147464717151,964.4,537.2
515,407,2.821990774769052,961.8528402204931,538.4147464717151,964.4,537.2
516,408,2.821990774769052,961.8528402204931,538.4147464717151,964.4,537.2
517,409,2.821990774769052,961.8528402204931,538.4147464717151,964.4,537.2
518,410,2.821990774769052,961.8528402204931,538.4147464717151,964.4,537.2
519,411,2.821990774769052,961.8528402204931,538.4147464717151,964.4,537.2
520,412,2.821990774769052,961.8528402204931,538.4147464717151,964.4,537.2
521,413,2.821990774769052,961.8528402204931,538.4147464717151,964.4,537.2
522,414,2.821990774769052,961.8528402204931,538.4147464717151,964.4,537.2
523,415,2.821990774769052,961.8528402204931,538.4147464717151,964.4,537.2
524,416,2.821990774769052,961.8528402204931,538.4147464717151,964.4,537.2
525,417,2.821990774769052,961.8528402204931,538.4147464717151,964.4,537.2
526,418,2.821990774769052,961.8528402204931,538.4147464717151,964.4,537.2
527,419,2.821990774769052,961.8528402204931,538.4147464717151,964.4,537.2
528,420,2.821990774769052,961.8528402204931,538.4147464717151,964.4,537.2
529,421,2.821990774769052,961.8528402204931,538.4147464717151,964.4,537.2
530,422,2.821990774769052,961.8528402204931,538.4147464717151,964.4,537.2
531,423,2.821990774769052,961.8528402204931,538.4147464717151,964.4,537.2
532,424,2.821990774769052,961.8528402204931,538.4147464717151,964.4,537.2
532,425,2.821990774769052,948.8528402204931,624.4147464717151,964.4,537.2
532,426,2.821990774769052,948.8528402204931,624.4147464717151,964.4,537.2
532,427,2.821990774769052,948.8528402204931,624.4147464717151,964.4,537.2
532,428,2.821990774769052,948.8528402204931,624.4147464717151,964.4,537.2
532,429,2.821990774769052,948.8528402204931,624.4147464717151,964.4,537.2
532,430,2.821990774769052,948.8528402204931,624.4147464717151,964.4,537.2
532,431,2.821990774769052,948.8528402204931,624.4147464717151,964.4,537.2
532,432,2.821990774769052,948.8528402204931,624.4147464717151,964.4,537.2
532,433,2.821990774769052,948.8528402204931,624.4147464717151,964.4,537.2
532,434,2.821990774769052,948.8528402204931,624.4147464717151,964.4,537.2
532,435,2.821990774769052,948.8528402204931,624.4147464717151,964.4,537.2
532,436,2.821990774769052,948.8528402204931,624.4147464717151,964.4,537.2
532,437,2.821990774769052,948.8528402204931,624.4147464717151,964.4,537.2
532,438,2.821990774769052,948.8528402204931,624.4147464717151,964.4,537.2
532,439,2.821990774769052,948.8528402204931,624.4147464717151,964.4,537.2
532,440,2.821990774769052,948.8528402204931,624.4147464717151,964.4,537.2
532,441,2.821990774769052,948.8528402204931,624.4147464717151,964.4,537.2
532,442,2.821990774769052,948.8528402204931,624.4147464717151,964.4,537.2
532,443,2.821990774769052,948.8528402204931,624.4147464717151,964.4,537.2
532,444,2.821990774769052,948.8528402204931,624.4147464717151,964.4,537.2
532,445,2.821990774769052,948.8528402204931,624.4147464717151,964.4,537.2
532,446,2.821990774769052,948.8528402204931,624.4147464717151,964.4,537.2
532,447,2.821990774769052,948.8528402204931,624.4147464717151,964.4,537.2
532,448,2.821990774769052,948.8528402204931,624.4147464717151,964.4,537.2
532,449,2.821990774769052,948.8528402204931,624.4147464717151,964.4,537.2
532,450,2.821990774769052,948.8528402204931,624.4147464717151,964.4,537.2
532,451,2.821990774769052,948.8528402204931,624.4147464717151,964.4,537.2
532,452,2.821990774769052,948.8528402204931,624.4147464717151,964.4,537.2
532,453,2.821990774769052,948.8528402204931,624.4147464717151,964.4,537.2
532,454,2.821990774769052,948.8528402204931,624.4147464717151,964.4,537.2
532,455,2.821990774769052,948.8528402204931,624.4147464717151,964.4,537.2
532,456,2.821990774769052,948.8528402204931,624.4147464717151,964.4,537.2
532,457,2.821990774769052,948.8528402204931,624.4147464717151,964.4,537.2
532,458,2.821990774769052,948.8528402204931,624.4147464717151,964.4,537.2
532,459,2.821990774769052,948.8528402204931,624.4147464717151,964.4,537.2
532,460,2.821990774769052,948.8528402204931,624.4147464717151,964.4,537.2
532,461,2.821990774769052,948.8528402204931,624.4147464717151,964.4,537.2
532,462,2.821990774769052,948.8528402204931,624.4147464717151,964.4,537.2
532,463,2.821990774769052,948.8528402204931,624.4147464717151,964.4,537.2
532,464,2.821990774769052,948.8528402204931,624.4147464717151,964.4,537.2
532,465,2.821990774769052,948.8528402204931,624.4147464717151,964.4,537.2
532,466,2.821990774769052,948.8528402204931,624.4147464717151,964.4,537.2
532,467,2.821990774769052,948.8528402204931,624.4147464717151,964.4,537.2
532,468,2.821990774769052,948.8528402204931,624.4147464717151,964.4,537.2
532,469,2.821990774769052,948.8528402204931,624.4147464717151,964.4,537.2
532,470,2.821990774769052,948.8528402204931,624.4147464717151,964.4,537.2
532,471,2.821990774769052,948.8528402204931,624.4147464717151,964.4,537.2
532,472,2.821990774769052,948.8528402204931,624.4147464717151,964.4,537.2
532,473,2.821990774769052,948.8528402204931,624.4147464717151,964.4,537.2
532,474,2.821990774769052,948.8528402204931,624.4147464717151,964.4,537.2
532,475,2.821990774769052,948.8528402204931,624.4147464717151,964.4,537.2
532,476,2.821990774769052,948.8528402204931,624.4147464717151,964.4,537.2
532,477,2.821990774769052,948.8528402204931,624.4147464717151,964.4,537.2
532,478,2.821990774769052,948.8528402204931,624.4147464717151,964.4,537.2
532,479,2.821990774769052,948.8528402204931,624.4147464717151,964.4,537.2
532,480,2.821990774769052,948.8528402204931,624.4147464717151,964.4,537.2
532,481,2.821990774769052,948.8528402204931,624.4147464717151,964.4,537.2
532,482,2.821990774769052,948.8528402204931,624.4147464717151,964.4,537.2
532,483,2.821990774769052,948.8528402204931,624.4147464717151,964.4,537.2
532,484,2.821990774769052,948.8528402204931,624.4147464717151,964.4,537.2
532,485,2.821990774769052,948.8528402204931,624.4147464717151,964.4,537.2
532,486,2.821990774769052,948.8528402204931,624.4147464717151,964.4,537.2
532,487,2.821990774769052,948.8528402204931,624.4147464717151,964.4,537.2
532,488,2.821990774769052,948.8528402204931,624.4147464717151,964.4,537.2
532,489,2.821990774769052,948.8528402204931,624.4147464717151,964.4,537.2
533,490,88.58965052044769,948.8528402204931,624.4147464717151,964.4,537.2
534,491,88.58965052044769,948.8528402204931,624.4147464717151,964.4,537.2
535,492,88.58965052044769,1079.8528402204931,642.4147464717151,964.4,537.2
536,493,88.58965052044769,1079.8528402204931,642.4147464717151,964.4,537.2
537,494,88.58965052044769,1079.8528402204931,642.4147464717151,964.4,537.2
538,495,88.58965052044769,1079.8528402204931,642.4147464717151,964.4,537.2
539,496,88.58965052044769,1079.8528402204931,642.4147464717151,964.4,537.2
540,497,88.58965052044769,1079.8528402204931,642.4147464717151,964.4,537.2
541,498,88.58965052044769,1079.8528402204931,642.4147464717151,964.4,537.2
542,499,88.58965052044769,1079.8528402204931,642.4147464717151,964.4,537.2
543,500,88.58965052044769,1079.8528402204931,642.4147464717151,964.4,537.2
544,501,88.58965052044769,1079.8528402204931,642.4147464717151,964.4,537.2
545,502,88.58965052044769,1079.8528402204931,642.4147464717151,964.4,537.2
546,503,88.58965052044769,1079.8528402204931,642.4147464717151,964.4,537.2
547,504,88.58965052044769,1079.8528402204931,642.4147464717151,964.4,537.2
548,505,88.58965052044769,1079.8528402204931,642.4147464717151,964.4,537.2
549,506,88.58965052044769,1079.8528402204931,642.4147464717151,964.4,537.2
550,507,88.58965052044769,1079.8528402204931,642.4147464717151,964.4,537.2
551,508,88.58965052044769,1079.8528402204931,642.4147464717151,964.4,537.2
552,509,88.58965052044769,1079.8528402204931,642.4147464717151,964.4,537.2
553,510,88.58965052044769,1079.8528402204931,642.4147464717151,964.4,537.2
554,511,88.58965052044769,1079.8528402204931,642.4147464717151,964.5714285714286,524.5428571428572
555,512,88.58965052044769,1079.8528402204931,642.4147464717151,964.7428571428571,511.8857142857143
556,513,88.58965052044769,1079.8528402204931,642.4147464717151,964.9142857142857,499.22857142857146
557,514,88.58965052044769,1079.8528402204931,642.4147464717151,965.0857142857143,486.5714285714286
558,515,88.58965052044769,1079.8528402204931,642.4147464717151,965.2571428571429,473.91428571428577
559,516,88.58965052044769,1079.8528402204931,642.4147464717151,965.4285714285714,461.25714285714287
560,517,88.58965052044769,1079.8528402204931,642.4147464717151,965.6,448.6
561,518,88.58965052044769,1079.8528402204931,642.4147464717151,965.7714285714286,435.9428571428572
562,519,88.58965052044769,1079.8528402204931,642.4147464717151,965.9428571428572,423.28571428571433
563,520,88.58965052044769,1079.8528402204931,642.4147464717151,966.1142857142858,410.62857142857143
564,521,88.58965052044769,1079.8528402204931,642.4147464717151,966.2857142857142,397.9714285714286
565,522,88.58965052044769,1079.8528402204931,642.4147464717151,966.4571428571428,385.3142857142857
566,523,88.58965052044769,1079.8528402204931,642.4147464717151,966.6285714285714,372.65714285714284
567,524,88.58965052044769,1079.8528402204931,642.4147464717151,966.8,360.0
568,525,88.58965052044769,1211.8528402204931,661.4147464717151,966.9714285714285,347.34285714285716
569,526,88.58965052044769,1211.8528402204931,661.4147464717151,967.1428571428571,334.6857142857143
570,527,88.58965052044769,1211.8528402204931,661.4147464717151,967.3142857142857,322.0285714285714
571,528,88.58965052044769,1211.8528402204931,661.4147464717151,967.4857142857143,309.37142857142857
572,529,88.58965052044769,1211.8528402204931,661.4147464717151,967.6571428571428,296.71428571428567
573,530,88.58965052044769,1211.8528402204931,661.4147464717151,967.8285714285714,284.0571428571428
574,531,88.58965052044769,1211.8528402204931,661.4147464717151,968.0,271.4
575,532,88.58965052044769,1211.8528402204931,661.4147464717151,968.0,271.4
576,533,88.58965052044769,1211.8528402204931,661.4147464717151,968.0,271.4
577,534,88.58965052044769,1211.8528402204931,661.4147464717151,968.0,271.4
578,535,88.58965052044769,1211.8528402204931,661.4147464717151,968.0,271.4
579,536,88.58965052044769,1211.8528402204931,661.4147464717151,968.0,271.4
580,537,88.58965052044769,1211.8528402204931,661.4147464717151,968.0,271.4
581,538,88.58965052044769,1211.8528402204931,661.4147464717151,968.0,271.4
582,539,88.58965052044769,1211.8528402204931,661.4147464717151,968.0,271.4
583,540,88.58965052044769,1211.8528402204931,661.4147464717151,968.0,271.4
584,541,88.58965052044769,1211.8528402204931,661.4147464717151,968.0,271.4
585,542,88.58965052044769,1211.8528402204931,661.4147464717151,968.0,271.4
586,543,88.58965052044769,1211.8528402204931,661.4147464717151,968.0,271.4
587,544,88.58965052044769,1211.8528402204931,661.4147464717151,968.0,271.4
588,545,88.58965052044769,1211.8528402204931,661.4147464717151,968.0,271.4
589,546,88.58965052044769,1211.8528402204931,661.4147464717151,968.0,271.4
590,547,88.58965052044769,1211.8528402204931,661.4147464717151,968.0,271.4
591,548,88.58965052044769,1211.8528402204931,661.4147464717151,968.0,271.4
592,549,88.58965052044769,1211.8528402204931,661.4147464717151,968.0,271.4
593,550,88.58965052044769,1211.8528402204931,661.4147464717151,968.0,271.4
594,551,88.58965052044769,1211.8528402204931,661.4147464717151,968.0,271.4
595,552,88.58965052044769,1211.8528402204931,661.4147464717151,968.0,271.4
596,553,88.58965052044769,1211.8528402204931,661.4147464717151,968.0,271.4
597,554,88.58965052044769,1211.8528402204931,661.4147464717151,968.0,271.4
598,555,88.58965052044769,1211.8528402204931,661.4147464717151,968.0,271.4
599,556,88.58965052044769,1211.8528402204931,661.4147464717151,968.0,271.4
600,557,156.20339685834622,1211.8528402204931,661.4147464717151,968.0,271.4
601,558,156.20339685834622,1030.8528402204931,437.41474647171515,968.0,271.4
602,559,156.20339685834622,1030.8528402204931,437.41474647171515,968.0,271.4
603,560,156.20339685834622,1030.8528402204931,437.41474647171515,968.0,271.4
604,561,156.20339685834622,1030.8528402204931,437.41474647171515,968.0,271.4
605,562,156.20339685834622,1030.8528402204931,437.41474647171515,968.0,271.4
606,563,156.20339685834622,1030.8528402204931,437.41474647171515,968.0,271.4
607,564,156.20339685834622,1030.8528402204931,437.41474647171515,968.0,271.4
608,565,156.20339685834622,1030.8528402204931,437.41474647171515,968.0,271.4
609,566,156.20339685834622,1030.8528402204931,437.41474647171515,968.0,271.4
610,567,156.20339685834622,1030.8528402204931,437.41474647171515,968.0,271.4
611,568,156.20339685834622,1030.8528402204931,437.41474647171515,968.0,271.4
612,569,156.20339685834622,1030.8528402204931,437.41474647171515,968.0,271.4
613,570,156.20339685834622,1030.8528402204931,437.41474647171515,968.0,271.4
614,571,156.20339685834622,1030.8528402204931,437.41474647171515,968.0,271.4
615,572,156.20339685834622,1030.8528402204931,437.41474647171515,968.0,271.4
616,573,156.20339685834622,1030.8528402204931,437.41474647171515,968.0,271.4
617,574,156.20339685834622,1030.8528402204931,437.41474647171515,968.0,271.4
618,575,156.20339685834622,1030.8528402204931,437.41474647171515,968.0,271.4
619,576,156.20339685834622,1030.8528402204931,437.41474647171515,968.0,271.4
620,577,156.20339685834622,1030.8528402204931,437.41474647171515,968.0,271.4
621,578,156.20339685834622,1030.8528402204931,437.41474647171515,968.0,271.4
622,579,156.20339685834622,1030.8528402204931,437.41474647171515,968.0,271.4
623,580,156.20339685834622,1030.8528402204931,437.41474647171515,968.0,271.4
624,581,156.20339685834622,1030.8528402204931,437.41474647171515,968.0,271.4
625,582,156.20339685834622,1030.8528402204931,437.41474647171515,968.0,271.4
626,583,156.20339685834622,1030.8528402204931,437.41474647171515,968.0,271.4
627,584,156.20339685834622,1030.8528402204931,437.41474647171515,968.0,271.4
628,585,156.20339685834622,1030.8528402204931,437.41474647171515,968.0,271.4
629,586,156.20339685834622,1030.8528402204931,437.41474647171515,968.0,271.4
630,587,156.20339685834622,1030.8528402204931,437.41474647171515,968.0,271.4
631,588,156.20339685834622,1030.8528402204931,437.41474647171515,968.0,271.4
632,589,156.20339685834622,1030.8528402204931,437.41474647171515,968.0,271.4
633,590,276.87941666765585,1030.8528402204931,437.41474647171515,968.0,271.4
634,591,276.87941666765585,1030.8528402204931,437.41474647171515,968.0,271.4
635,592,276.87941666765585,850.8528402204931,213.41474647171515,968.0,271.4
636,593,276.87941666765585,850.8528402204931,213.41474647171515,968.0,271.4
637,594,276.87941666765585,850.8528402204931,213.41474647171515,968.0,271.4
638,595,276.87941666765585,850.8528402204931,213.41474647171515,968.0,271.4
639,596,276.87941666765585,850.8528402204931,213.41474647171515,968.0,271.4
640,597,276.87941666765585,850.8528402204931,213.41474647171515,968.0,271.4
641,598,276.87941666765585,850.8528402204931,213.41474647171515,968.0,271.4
642,599,276.87941666765585,850.8528402204931,213.41474647171515,968.0,271.4
643,600,276.87941666765585,850.8528402204931,213.41474647171515,968.0,271.4
644,601,276.87941666765585,850.8528402204931,213.41474647171515,968.0,271.4
645,602,276.87941666765585,850.8528402204931,213.41474647171515,968.0,271.4
646,603,276.87941666765585,850.8528402204931,213.41474647171515,968.0,271.4
647,604,276.87941666765585,850.8528402204931,213.41474647171515,968.0,271.4
648,605,276.87941666765585,850.8528402204931,213.41474647171515,968.0,271.4
649,606,276.87941666765585,850.8528402204931,213.41474647171515,968.0,271.4
650,607,276.87941666765585,850.8528402204931,213.41474647171515,968.0,271.4
651,608,276.87941666765585,850.8528402204931,213.41474647171515,968.0,271.4
652,609,276.87941666765585,850.8528402204931,213.41474647171515,968.0,271.4
653,610,276.87941666765585,850.8528402204931,213.41474647171515,968.0,271.4
654,611,276.87941666765585,850.8528402204931,213.41474647171515,968.0,271.4
655,612,276.87941666765585,850.8528402204931,213.41474647171515,968.0,271.4
656,613,276.87941666765585,850.8528402204931,213.41474647171515,968.0,271.4
657,614,276.87941666765585,850.8528402204931,213.41474647171515,968.0,271.4
658,615,276.87941666765585,850.8528402204931,213.41474647171515,968.0,271.4
659,616,276.87941666765585,850.8528402204931,213.41474647171515,968.0,271.4
660,617,276.87941666765585,850.8528402204931,213.41474647171515,968.0,271.4
661,618,276.87941666765585,850.8528402204931,213.41474647171515,968.0,271.4
662,619,282.6340578125808,850.8528402204931,213.41474647171515,968.0,271.4
663,620,288.8291453491348,850.8528402204931,213.41474647171515,968.0,271.4
664,621,295.43697310380844,850.8528402204931,213.41474647171515,968.0,271.4
665,622,302.43048830515033,850.8528402204931,213.41474647171515,968.0,271.4
666,623,75.06671617637333,850.8528402204931,213.41474647171515,968.0,271.4
667,624,69.63328810531264,850.8528402204931,213.41474647171515,968.0,271.4
668,625,66.20455462680202,850.8528402204931,213.41474647171515,968.0,271.4
669,626,65.09805373766099,850.8528402204931,213.41474647171515,968.0,271.4
670,627,66.42992889994714,850.8528402204931,213.41474647171515,968.0,271.4
671,628,70.06125614771062,850.8528402204931,213.41474647171515,968.0,271.4
672,629,75.66167509684587,850.8528402204931,213.41474647171515,968.0,271.4
673,630,82.83274624234458,850.8528402204931,213.41474647171515,968.0,271.4
674,631,91.204736323061,850.8528402204931,213.41474647171515,968.0,271.4
675,632,100.47790459395519,850.8528402204931,213.41474647171515,968.0,271.4
676,633,110.42544997212957,850.8528402204931,213.41474647171515,968.0,271.4
677,634,120.88099932423236,850.8528402204931,213.41474647171515,968.0,271.4
678,635,131.72363986705386,850.8528402204931,213.41474647171515,968.0,271.4
679,636,142.86526487620415,850.8528402204931,213.41474647171515,968.0,271.4
680,637,154.2410964127042,850.8528402204931,213.41474647171515,968.0,271.4
681,638,165.80293436233475,850.8528402204931,213.41474647171515,968.0,271.4
682,639,177.51443763776146,850.8528402204931,213.41474647171515,968.0,271.4
683,640,177.51443763776146,850.8528402204931,213.41474647171515,968.0,271.4
684,641,177.51443763776146,850.8528402204931,213.41474647171515,968.0,271.4
685,642,177.51443763776146,850.8528402204931,213.41474647171515,968.0,271.4
686,643,177.51443763776146,850.8528402204931,213.41474647171515,968.0,271.4
687,644,177.51443763776146,850.8528402204931,213.41474647171515,968.0,271.4
688,645,177.51443763776146,850.8528402204931,213.41474647171515,968.0,271.4
689,646,177.51443763776146,850.8528402204931,213.41474647171515,968.0,271.4
690,647,177.51443763776146,850.8528402204931,213.41474647171515,968.0,271.4
691,648,177.51443763776146,850.8528402204931,213.41474647171515,968.0,271.4
692,649,177.51443763776146,850.8528402204931,213.41474647171515,968.0,271.4
693,650,177.51443763776146,850.8528402204931,213.41474647171515,968.0,271.4
694,651,177.51443763776146,850.8528402204931,213.41474647171515,968.0,271.4
695,652,177.51443763776146,850.8528402204931,213.41474647171515,968.0,271.4
696,653,177.51443763776146,850.8528402204931,213.41474647171515,968.0,271.4
697,654,177.51443763776146,850.8528402204931,213.41474647171515,968.0,271.4
698,655,177.51443763776146,850.8528402204931,213.41474647171515,968.0,271.4
699,656,177.51443763776146,850.8528402204931,213.41474647171515,968.0,271.4
700,657,130.71245797989104,850.8528402204931,213.41474647171515,968.92,267.28999999999996
701,658,130.71245797989104,850.8528402204931,213.41474647171515,969.84,263.18
702,659,130.71245797989104,850.8528402204931,213.41474647171515,970.76,259.07
703,660,130.71245797989104,850.8528402204931,213.41474647171515,971.6800000000001,254.95999999999998
704,661,130.71245797989104,850.8528402204931,213.41474647171515,972.6,250.85
705,662,130.71245797989104,850.8528402204931,213.41474647171515,973.52,246.74
706,663,130.71245797989104,850.8528402204931,213.41474647171515,974.44,242.63
707,664,130.71245797989104,850.8528402204931,213.41474647171515,975.36,238.52
708,665,130.71245797989104,850.8528402204931,213.41474647171515,976.2800000000001,234.41
709,666,130.71245797989104,850.8528402204931,213.41474647171515,977.2,230.3
710,667,130.71245797989104,850.8528402204931,213.41474647171515,977.2,230.3
711,668,130.71245797989104,850.8528402204931,213.41474647171515,977.2,230.3
712,669,130.71245797989104,850.8528402204931,213.41474647171515,977.2,230.3
713,670,130.71245797989104,850.8528402204931,213.41474647171515,977.2,230.3
714,671,130.71245797989104,850.8528402204931,213.41474647171515,977.2,230.3
715,672,130.71245797989104,850.8528402204931,213.41474647171515,977.2,230.3
716,673,130.71245797989104,850.8528402204931,213.41474647171515,977.2,230.3
717,674,130.71245797989104,850.8528402204931,213.41474647171515,977.2,230.3
717,675,130.71245797989104,850.8528402204931,213.41474647171515,977.2,230.3
717,676,130.71245797989104,850.8528402204931,213.41474647171515,977.2,230.3
717,677,130.71245797989104,850.8528402204931,213.41474647171515,977.2,230.3
717,678,130.71245797989104,850.8528402204931,213.41474647171515,977.2,230.3
717,679,130.71245797989104,850.8528402204931,213.41474647171515,977.2,230.3
717,680,130.71245797989104,850.8528402204931,213.41474647171515,977.2,230.3
717,681,130.71245797989104,850.8528402204931,213.41474647171515,977.2,230.3
717,682,130.71245797989104,850.8528402204931,213.41474647171515,977.2,230.3
717,683,130.71245797989104,850.8528402204931,213.41474647171515,977.2,230.3
717,684,130.71245797989104,850.8528402204931,213.41474647171515,977.2,230.3
717,685,130.71245797989104,850.8528402204931,213.41474647171515,977.2,230.3
717,686,130.71245797989104,850.8528402204931,213.41474647171515,977.2,230.3
717,687,130.71245797989104,850.8528402204931,213.41474647171515,977.2,230.3
717,688,130.71245797989104,850.8528402204931,213.41474647171515,977.2,230.3
717,689,130.71245797989104,850.8528402204931,213.41474647171515,977.2,230.3
717,690,130.71245797989104,850.8528402204931,213.41474647171515,977.2,230.3
717,691,130.71245797989104,850.8528402204931,213.41474647171515,977.2,230.3
717,692,130.71245797989104,850.8528402204931,213.41474647171515,977.2,230.3
717,693,130.71245797989104,850.8528402204931,213.41474647171515,977.2,230.3
717,694,130.71245797989104,850.8528402204931,213.41474647171515,977.2,230.3
717,695,130.71245797989104,850.8528402204931,213.41474647171515,977.2,230.3
717,696,130.71245797989104,850.8528402204931,213.41474647171515,977.2,230.3
717,697,130.71245797989104,850.8528402204931,213.41474647171515,977.2,230.3
717,698,130.71245797989104,850.8528402204931,213.41474647171515,977.2,230.3
717,699,130.71245797989104,850.8528402204931,213.41474647171515,977.2,230.3
717,700,130.71245797989104,850.8528402204931,213.41474647171515,977.2,230.3
717,701,130.71245797989104,850.8528402204931,213.41474647171515,977.2,230.3
717,702,130.71245797989104,850.8528402204931,213.41474647171515,977.2,230.3
717,703,130.71245797989104,850.8528402204931,213.41474647171515,977.2,230.3
717,704,130.71245797989104,850.8528402204931,213.41474647171515,977.2,230.3
717,705,130.71245797989104,850.8528402204931,213.41474647171515,977.2,230.3
718,706,130.71245797989104,850.8528402204931,213.41474647171515,977.2,230.3
719,707,130.71245797989104,850.8528402204931,213.41474647171515,977.2,230.3
720,708,130.71245797989104,850.8528402204931,213.41474647171515,977.2,230.3
721,709,130.71245797989104,850.8528402204931,213.41474647171515,977.2,230.3
722,710,130.71245797989104,850.8528402204931,213.41474647171515,977.2,230.3
723,711,130.71245797989104,850.8528402204931,213.41474647171515,977.2,230.3
724,712,130.71245797989104,850.8528402204931,213.41474647171515,977.2,230.3
725,713,130.71245797989104,850.8528402204931,213.41474647171515,977.2,230.3
726,714,130.71245797989104,850.8528402204931,213.41474647171515,977.2,230.3
727,715,130.71245797989104,850.8528402204931,213.41474647171515,977.2,230.3
728,716,130.71245797989104,850.8528402204931,213.41474647171515,977.2,230.3
729,717,130.71245797989104,850.8528402204931,213.41474647171515,977.2,230.3
730,718,130.71245797989104,850.8528402204931,213.41474647171515,977.2,230.3
731,719,130.71245797989104,850.8528402204931,213.41474647171515,977.2,230.3
732,720,130.71245797989104,850.8528402204931,213.41474647171515,977.2,230.3
733,721,130.71245797989104,850.8528402204931,213.41474647171515,977.2,230.3
734,722,130.71245797989104,850.8528402204931,213.41474647171515,977.2,230.3
735,723,130.71245797989104,850.8528402204931,213.41474647171515,977.2,230.3
736,724,130.71245797989104,850.8528402204931,213.41474647171515,977.2,230.3
737,725,130.71245797989104,850.8528402204931,213.41474647171515,977.2,230.3
738,726,130.71245797989104,850.8528402204931,213.41474647171515,977.2,230.3
739,727,130.71245797989104,850.8528402204931,213.41474647171515,977.2,230.3
740,728,130.71245797989104,850.8528402204931,213.41474647171515,977.2,230.3
741,729,130.71245797989104,850.8528402204931,213.41474647171515,977.2,230.3
742,730,130.71245797989104,850.8528402204931,213.41474647171515,977.2,230.3
743,731,130.71245797989104,850.8528402204931,213.41474647171515,977.2,230.3
744,732,130.71245797989104,850.8528402204931,213.41474647171515,977.2,230.3
745,733,130.71245797989104,850.8528402204931,213.41474647171515,977.2,230.3
746,734,130.71245797989104,850.8528402204931,213.41474647171515,977.2,230.3
747,735,130.71245797989104,850.8528402204931,213.41474647171515,977.2,230.3
748,736,130.71245797989104,850.8528402204931,213.41474647171515,977.2,230.3
749,737,130.71245797989104,850.8528402204931,213.41474647171515,977.2,230.3
750,738,130.71245797989104,850.8528402204931,213.41474647171515,977.2,230.3
751,739,130.71245797989104,850.8528402204931,213.41474647171515,977.2,230.3
752,740,130.71245797989104,850.8528402204931,213.41474647171515,977.2,230.3
753,741,130.71245797989104,850.8528402204931,213.41474647171515,977.2,230.3
754,742,130.71245797989104,850.8528402204931,213.41474647171515,977.2,230.3
755,743,130.71245797989104,850.8528402204931,213.41474647171515,977.2,230.3
756,744,130.71245797989104,850.8528402204931,213.41474647171515,977.2,230.3
757,745,130.71245797989104,850.8528402204931,213.41474647171515,977.2,230.3
758,746,130.71245797989104,850.8528402204931,213.41474647171515,977.2,230.3
759,747,130.71245797989104,850.8528402204931,213.41474647171515,977.2,230.3
760,748,130.71245797989104,850.8528402204931,213.41474647171515,977.2,230.3
761,749,130.71245797989104,850.8528402204931,213.41474647171515,977.2,230.3
762,750,130.71245797989104,850.8528402204931,213.41474647171515,977.2,230.3
763,751,130.71245797989104,850.8528402204931,213.41474647171515,977.2,230.3
764,752,130.71245797989104,850.8528402204931,213.41474647171515,977.2,230.3
765,753,130.71245797989104,850.8528402204931,213.41474647171515,977.2,230.3
766,754,130.71245797989104,850.8528402204931,213.41474647171515,977.2,230.3
767,755,130.71245797989104,850.8528402204931,213.41474647171515,977.2,230.3
768,756,130.71245797989104,850.8528402204931,213.41474647171515,977.2,230.3
769,757,130.71245797989104,850.8528402204931,213.41474647171515,977.2,230.3
770,758,130.71245797989104,850.8528402204931,213.41474647171515,977.2,230.3
771,759,130.71245797989104,850.8528402204931,213.41474647171515,977.2,230.3
772,760,130.71245797989104,850.8528402204931,213.41474647171515,977.2,230.3
773,761,130.71245797989104,850.8528402204931,213.41474647171515,977.2,230.3
774,762,130.71245797989104,850.8528402204931,213.41474647171515,977.2,230.3
775,763,130.71245797989104,850.8528402204931,213.41474647171515,977.2,230.3
776,764,130.71245797989104,850.8528402204931,213.41474647171515,977.2,230.3
777,765,129.77826151222922,850.8528402204931,213.41474647171515,977.2,230.3
778,766,128.97489930652543,850.8528402204931,213.41474647171515,977.2,230.3
779,767,128.30482898597447,850.8528402204931,213.41474647171515,977.2,230.3
780,768,127.77014765238381,850.8528402204931,213.41474647171515,977.2,230.3
781,769,127.37256031462876,850.8528402204931,213.41474647171515,977.2,230.3
782,770,127.11335339410853,850.8528402204931,213.41474647171515,977.2,230.3
783,771,126.99337424089232,850.8528402204931,213.41474647171515,977.2,230.3
784,772,127.01301740797717,850.8528402204931,213.41474647171515,977.2,230.3
785,773,127.17221819670726,850.8528402204931,213.41474647171515,977.2,230.3
786,774,127.47045371796048,850.8528402204931,213.41474647171515,977.2,230.3
787,775,127.47045371796048,850.8528402204931,213.41474647171515,977.2,230.3
788,776,127.47045371796048,850.8528402204931,213.41474647171515,977.2,230.3
789,777,127.47045371796048,850.8528402204931,213.41474647171515,977.2,230.3
790,778,127.47045371796048,850.8528402204931,213.41474647171515,977.2,230.3
791,779,127.47045371796048,850.8528402204931,213.41474647171515,977.2,230.3
792,780,127.47045371796048,850.8528402204931,213.41474647171515,977.2,230.3
793,781,127.47045371796048,850.8528402204931,213.41474647171515,977.2,230.3
794,782,127.47045371796048,850.8528402204931,213.41474647171515,977.2,230.3
795,783,127.47045371796048,850.8528402204931,213.41474647171515,977.2,230.3
796,784,127.47045371796048,850.8528402204931,213.41474647171515,977.2,230.3
797,785,127.47045371796048,850.8528402204931,213.41474647171515,977.2,230.3
798,786,127.47045371796048,850.8528402204931,213.41474647171515,977.2,230.3
799,787,127.47045371796048,850.8528402204931,213.41474647171515,977.2,230.3
800,788,127.47045371796048,850.8528402204931,213.41474647171515,977.2,230.3
801,789,127.47045371796048,850.8528402204931,213.41474647171515,977.2,230.3
802,790,127.47045371796048,850.8528402204931,213.41474647171515,977.2,230.3
803,791,127.47045371796048,850.8528402204931,213.41474647171515,977.2,230.3
804,792,127.47045371796048,850.8528402204931,213.41474647171515,977.2,230.3
805,793,127.47045371796048,850.8528402204931,213.41474647171515,977.2,230.3
806,794,127.47045371796048,850.8528402204931,213.41474647171515,977.2,230.3
807,795,127.47045371796048,850.8528402204931,213.41474647171515,977.2,230.3
808,796,127.47045371796048,850.8528402204931,213.41474647171515,977.2,230.3
809,797,127.47045371796048,850.8528402204931,213.41474647171515,977.2,230.3
810,798,127.47045371796048,850.8528402204931,213.41474647171515,977.2,230.3
811,799,127.47045371796048,850.8528402204931,213.41474647171515,977.2,230.3
812,800,127.47045371796048,850.8528402204931,213.41474647171515,977.2,230.3
813,801,127.47045371796048,850.8528402204931,213.41474647171515,977.2,230.3
814,802,127.47045371796048,850.8528402204931,213.41474647171515,977.2,230.3
815,803,127.47045371796048,850.8528402204931,213.41474647171515,977.2,230.3
816,804,127.47045371796048,850.8528402204931,213.41474647171515,977.2,230.3
817,805,127.47045371796048,850.8528402204931,213.41474647171515,977.2,230.3
818,806,127.47045371796048,850.8528402204931,213.41474647171515,977.2,230.3
819,807,127.47045371796048,850.8528402204931,213.41474647171515,977.2,230.3
820,808,127.47045371796048,850.8528402204931,213.41474647171515,982.62,227.20000000000002
821,809,127.47045371796048,850.8528402204931,213.41474647171515,988.04,224.10000000000002
822,810,127.47045371796048,850.8528402204931,213.41474647171515,993.46,221.0
823,811,127.47045371796048,850.8528402204931,213.41474647171515,998.88,217.9
824,812,127.47045371796048,850.8528402204931,213.41474647171515,1004.3,214.8
825,813,127.47045371796048,850.8528402204931,213.41474647171515,1004.3,214.8
826,814,127.47045371796048,850.8528402204931,213.41474647171515,1004.3,214.8
827,815,127.47045371796048,850.8528402204931,213.41474647171515,1004.3,214.8
828,816,127.47045371796048,850.8528402204931,213.41474647171515,1004.3,214.8
829,817,127.47045371796048,850.8528402204931,213.41474647171515,1004.3,214.8
830,818,127.47045371796048,850.8528402204931,213.41474647171515,1004.3,214.8
831,819,127.47045371796048,850.8528402204931,213.41474647171515,1004.3,214.8
832,820,127.47045371796048,850.8528402204931,213.41474647171515,1004.3,214.8
833,821,127.47045371796048,850.8528402204931,213.41474647171515,1004.3,214.8
834,822,127.47045371796048,850.8528402204931,213.41474647171515,1004.3,214.8
835,823,127.47045371796048,850.8528402204931,213.41474647171515,1004.3,214.8
836,824,127.47045371796048,850.8528402204931,213.41474647171515,1004.3,214.8
837,825,127.47045371796048,1038.8528402204931,469.41474647171515,1004.3,214.8
838,826,127.47045371796048,1038.8528402204931,469.41474647171515,1004.3,214.8
839,827,127.47045371796048,1038.8528402204931,469.41474647171515,1004.3,214.8
840,828,127.47045371796048,1038.8528402204931,469.41474647171515,1004.3,214.8
841,829,127.47045371796048,1038.8528402204931,469.41474647171515,1004.3,214.8
842,830,127.47045371796048,1038.8528402204931,469.41474647171515,1004.3,214.8
843,831,127.47045371796048,1038.8528402204931,469.41474647171515,1004.3,214.8
844,832,127.47045371796048,1038.8528402204931,469.41474647171515,1004.3,214.8
845,833,127.47045371796048,1038.8528402204931,469.41474647171515,1004.3,214.8
846,834,127.47045371796048,1038.8528402204931,469.41474647171515,1004.3,214.8
847,835,127.47045371796048,1038.8528402204931,469.41474647171515,1004.3,214.8
848,836,127.47045371796048,1038.8528402204931,469.41474647171515,1004.3,214.8
849,837,127.47045371796048,1038.8528402204931,469.41474647171515,1004.3,214.8
850,838,127.47045371796048,1038.8528402204931,469.41474647171515,1004.3,214.8
851,839,127.47045371796048,1038.8528402204931,469.41474647171515,1004.3,214.8
852,840,127.47045371796048,1038.8528402204931,469.41474647171515,1004.3,214.8
853,841,127.47045371796048,1038.8528402204931,469.41474647171515,1004.3,214.8
854,842,127.47045371796048,1038.8528402204931,469.41474647171515,1004.3,214.8
855,843,127.47045371796048,1038.8528402204931,469.41474647171515,1004.3,214.8
856,844,127.47045371796048,1038.8528402204931,469.41474647171515,1004.3,214.8
857,845,127.47045371796048,1038.8528402204931,469.41474647171515,1004.3,214.8
858,846,127.47045371796048,1038.8528402204931,469.41474647171515,1004.3,214.8
859,847,127.47045371796048,1038.8528402204931,469.41474647171515,1004.3,214.8
860,848,127.47045371796048,1038.8528402204931,469.41474647171515,1004.3,214.8
861,849,127.47045371796048,1038.8528402204931,469.41474647171515,1004.3,214.8
862,850,127.47045371796048,1038.8528402204931,469.41474647171515,1004.3,214.8
863,851,127.47045371796048,1038.8528402204931,469.41474647171515,1004.3,214.8
864,852,127.47045371796048,1038.8528402204931,469.41474647171515,1004.3,214.8
865,853,127.47045371796048,1038.8528402204931,469.41474647171515,1004.3,214.8
866,854,127.47045371796048,1038.8528402204931,469.41474647171515,1004.3,214.8
867,855,127.47045371796048,1038.8528402204931,469.41474647171515,1004.3,214.8
868,856,127.47045371796048,1038.8528402204931,469.41474647171515,1004.3,214.8
869,857,127.47045371796048,1038.8528402204931,469.41474647171515,1004.3,214.8
870,858,127.47045371796048,1038.8528402204931,469.41474647171515,1004.3,214.8
871,859,127.47045371796048,1038.8528402204931,469.41474647171515,1004.3,214.8
872,860,127.47045371796048,1038.8528402204931,469.41474647171515,1004.3,214.8
873,861,127.47045371796048,1038.8528402204931,469.41474647171515,1004.3,214.8
874,862,127.47045371796048,1038.8528402204931,469.41474647171515,1004.3,214.8
875,863,127.47045371796048,1038.8528402204931,469.41474647171515,1004.3,214.8
876,864,127.47045371796048,1038.8528402204931,469.41474647171515,1004.3,214.8
877,865,127.47045371796048,1038.8528402204931,469.41474647171515,1004.3,214.8
878,866,127.47045371796048,1038.8528402204931,469.41474647171515,1004.3,214.8
879,867,127.47045371796048,1038.8528402204931,469.41474647171515,1004.3,214.8
880,868,127.47045371796048,1038.8528402204931,469.41474647171515,1004.3,214.8
881,869,127.47045371796048,1038.8528402204931,469.41474647171515,1004.3,214.8
882,870,127.47045371796048,1038.8528402204931,469.41474647171515,1004.3,214.8
883,871,127.47045371796048,1038.8528402204931,469.41474647171515,1004.3,214.8
884,872,127.47045371796048,1038.8528402204931,469.41474647171515,1004.3,214.8
885,873,127.47045371796048,1038.8528402204931,469.41474647171515,1004.3,214.8
886,874,127.47045371796048,1038.8528402204931,469.41474647171515,1004.3,214.8
887,875,127.47045371796048,1038.8528402204931,469.41474647171515,1004.3,214.8
888,876,127.47045371796048,1038.8528402204931,469.41474647171515,1004.3,214.8
889,877,127.47045371796048,1038.8528402204931,469.41474647171515,1004.3,214.8
890,878,127.47045371796048,1038.8528402204931,469.41474647171515,1004.3,214.8
891,879,127.47045371796048,1038.8528402204931,469.41474647171515,1004.3,214.8
892,880,127.47045371796048,1038.8528402204931,469.41474647171515,1004.3,214.8
893,881,127.47045371796048,1038.8528402204931,469.41474647171515,1004.3,214.8
894,882,127.47045371796048,1038.8528402204931,469.41474647171515,1004.3,214.8
895,883,127.47045371796048,1038.8528402204931,469.41474647171515,1004.3,214.8
896,884,127.47045371796048,1038.8528402204931,469.41474647171515,1004.3,214.8
897,885,127.47045371796048,1038.8528402204931,469.41474647171515,1004.3,214.8
898,886,127.47045371796048,1038.8528402204931,469.41474647171515,1004.3,214.8
899,887,127.47045371796048,1038.8528402204931,469.41474647171515,1004.3,214.8
900,888,127.47045371796048,1038.8528402204931,469.41474647171515,1004.3,214.8
901,889,127.47045371796048,1038.8528402204931,469.41474647171515,1004.3,214.8
902,890,127.47045371796048,1038.8528402204931,469.41474647171515,1004.3,214.8
903,891,127.47045371796048,1038.8528402204931,469.41474647171515,1004.3,214.8
904,892,127.47045371796048,606.8528402204931,269.41474647171515,1004.3,214.8
905,893,127.47045371796048,606.8528402204931,269.41474647171515,1004.3,214.8
906,894,127.47045371796048,606.8528402204931,269.41474647171515,1004.3,214.8
907,895,127.47045371796048,606.8528402204931,269.41474647171515,1004.3,214.8
908,896,127.47045371796048,606.8528402204931,269.41474647171515,1004.3,214.8
909,897,127.47045371796048,606.8528402204931,269.41474647171515,1004.3,214.8
910,898,127.47045371796048,606.8528402204931,269.41474647171515,1004.3,214.8
911,899,127.47045371796048,606.8528402204931,269.41474647171515,1004.3,214.8
912,900,127.47045371796048,606.8528402204931,269.41474647171515,1004.3,214.8
913,901,127.47045371796048,606.8528402204931,269.41474647171515,1004.3,214.8
914,902,127.47045371796048,606.8528402204931,269.41474647171515,990.1842105263157,214.4421052631579
915,903,127.47045371796048,606.8528402204931,269.41474647171515,976.0684210526315,214.0842105263158
916,904,127.47045371796048,606.8528402204931,269.41474647171515,961.9526315789474,213.7263157894737
917,905,127.47045371796048,606.8528402204931,269.41474647171515,947.8368421052631,213.3684210526316
918,906,127.47045371796048,606.8528402204931,269.41474647171515,933.7210526315789,213.0105263157895
919,907,127.47045371796048,606.8528402204931,269.41474647171515,919.6052631578947,212.65263157894736
920,908,127.47045371796048,606.8528402204931,269.41474647171515,905.4894736842105,212.29473684210527
921,909,127.47045371796048,606.8528402204931,269.41474647171515,891.3736842105263,211.93684210526317
922,910,127.47045371796048,606.8528402204931,269.41474647171515,877.2578947368421,211.57894736842107
923,911,127.47045371796048,606.8528402204931,269.41474647171515,863.1421052631579,211.22105263157894
924,912,127.47045371796048,606.8528402204931,269.41474647171515,849.0263157894736,210.86315789473684
925,913,127.47045371796048,606.8528402204931,269.41474647171515,834.9105263157894,210.50526315789475
926,914,127.47045371796048,606.8528402204931,269.41474647171515,820.7947368421053,210.14736842105265
927,915,127.47045371796048,606.8528402204931,269.41474647171515,806.6789473684211,209.78947368421052
928,916,132.48629216336755,606.8528402204931,269.41474647171515,792.5631578947368,209.43157894736842
929,917,137.60265786434383,606.8528402204931,269.41474647171515,778.4473684210526,209.07368421052632
930,918,142.80874655099444,606.8528402204931,269.41474647171515,764.3315789473684,208.71578947368423
931,919,148.09509624427355,606.8528402204931,269.41474647171515,750.2157894736843,208.3578947368421
932,920,153.4534123821791,606.8528402204931,269.41474647171515,736.1,208.0
932,921,153.4534123821791,606.8528402204931,269.41474647171515,736.1,208.0
932,922,153.4534123821791,606.8528402204931,269.41474647171515,736.1,208.0
932,923,153.4534123821791,606.8528402204931,269.41474647171515,736.1,208.0
932,924,153.4534123821791,606.8528402204931,269.41474647171515,736.1,208.0
932,925,153.4534123821791,606.8528402204931,269.41474647171515,736.1,208.0
932,926,153.4534123821791,606.8528402204931,269.41474647171515,736.1,208.0
932,927,153.4534123821791,606.8528402204931,269.41474647171515,736.1,208.0
932,928,153.4534123821791,606.8528402204931,269.41474647171515,736.1,208.0
932,929,153.4534123821791,606.8528402204931,269.41474647171515,736.1,208.0
932,930,153.4534123821791,606.8528402204931,269.41474647171515,736.1,208.0
932,931,153.4534123821791,606.8528402204931,269.41474647171515,736.1,208.0
932,932,153.4534123821791,606.8528402204931,269.41474647171515,736.1,208.0
932,933,153.4534123821791,606.8528402204931,269.41474647171515,736.1,208.0
932,934,153.4534123821791,606.8528402204931,269.41474647171515,736.1,208.0
932,935,153.4534123821791,606.8528402204931,269.41474647171515,736.1,208.0
932,936,153.4534123821791,606.8528402204931,269.41474647171515,736.1,208.0
932,937,153.4534123821791,606.8528402204931,269.41474647171515,736.1,208.0
932,938,153.4534123821791,606.8528402204931,269.41474647171515,736.1,208.0
932,939,153.4534123821791,606.8528402204931,269.41474647171515,736.1,208.0
932,940,153.4534123821791,606.8528402204931,269.41474647171515,736.1,208.0
932,941,153.4534123821791,606.8528402204931,269.41474647171515,736.1,208.0
932,942,153.4534123821791,606.8528402204931,269.41474647171515,736.1,208.0
932,943,153.4534123821791,606.8528402204931,269.41474647171515,736.1,208.0
932,944,153.4534123821791,606.8528402204931,269.41474647171515,736.1,208.0
932,945,153.4534123821791,606.8528402204931,269.41474647171515,736.1,208.0
932,946,153.4534123821791,606.8528402204931,269.41474647171515,736.1,208.0
932,947,153.4534123821791,606.8528402204931,269.41474647171515,736.1,208.0
933,948,256.94857051199705,606.8528402204931,269.41474647171515,736.1,208.0
934,949,256.94857051199705,606.8528402204931,269.41474647171515,736.1,208.0
935,950,256.94857051199705,606.8528402204931,269.41474647171515,736.1,208.0
936,951,256.94857051199705,606.8528402204931,269.41474647171515,736.1,208.0
937,952,256.94857051199705,606.8528402204931,269.41474647171515,736.1,208.0
938,953,256.94857051199705,606.8528402204931,269.41474647171515,736.1,208.0
939,954,256.94857051199705,606.8528402204931,269.41474647171515,736.1,208.0
940,955,256.94857051199705,606.8528402204931,269.41474647171515,736.1,208.0
941,956,256.94857051199705,606.8528402204931,269.41474647171515,736.1,208.0
942,957,256.94857051199705,606.8528402204931,269.41474647171515,736.1,208.0
943,958,256.94857051199705,606.8528402204931,269.41474647171515,736.1,208.0
944,959,256.94857051199705,606.8528402204931,269.41474647171515,736.1,208.0
945,960,256.94857051199705,606.8528402204931,269.41474647171515,736.1,208.0
946,961,256.94857051199705,606.8528402204931,269.41474647171515,736.1,208.0
947,962,256.94857051199705,606.8528402204931,269.41474647171515,736.1,208.0
948,963,256.94857051199705,606.8528402204931,269.41474647171515,736.1,208.0
949,964,256.94857051199705,606.8528402204931,269.41474647171515,736.1,208.0
950,965,256.94857051199705,606.8528402204931,269.41474647171515,736.1,208.0
951,966,256.94857051199705,606.8528402204931,269.41474647171515,736.1,208.0
952,967,256.94857051199705,606.8528402204931,269.41474647171515,736.1,208.0
953,968,256.94857051199705,606.8528402204931,269.41474647171515,736.1,208.0
954,969,256.94857051199705,606.8528402204931,269.41474647171515,736.1,208.0
955,970,256.94857051199705,606.8528402204931,269.41474647171515,736.1,208.0
956,971,256.94857051199705,606.8528402204931,269.41474647171515,736.1,208.0
957,972,256.94857051199705,606.8528402204931,269.41474647171515,736.1,208.0
958,973,256.94857051199705,606.8528402204931,269.41474647171515,736.1,208.0
959,974,256.94857051199705,606.8528402204931,269.41474647171515,736.1,208.0
960,975,256.94857051199705,606.8528402204931,269.41474647171515,736.1,208.0
961,976,256.94857051199705,606.8528402204931,269.41474647171515,736.1,208.0
962,977,256.94857051199705,606.8528402204931,269.41474647171515,736.1,208.0
963,978,256.94857051199705,606.8528402204931,269.41474647171515,736.1,208.0
964,979,256.94857051199705,606.8528402204931,269.41474647171515,736.1,208.0
965,980,256.94857051199705,606.8528402204931,269.41474647171515,736.1,208.0
966,981,256.94857051199705,606.8528402204931,269.41474647171515,736.1,208.0
967,982,256.94857051199705,606.8528402204931,269.41474647171515,736.1,208.0
968,983,256.94857051199705,606.8528402204931,269.41474647171515,736.1,208.0
969,984,256.94857051199705,606.8528402204931,269.41474647171515,736.1,208.0
970,985,256.94857051199705,606.8528402204931,269.41474647171515,736.1,208.0
971,986,256.94857051199705,606.8528402204931,269.41474647171515,736.1,208.0
972,987,256.94857051199705,606.8528402204931,269.41474647171515,736.1,208.0
973,988,256.94857051199705,606.8528402204931,269.41474647171515,736.1,208.0
974,989,256.94857051199705,606.8528402204931,269.41474647171515,736.1,208.0
975,990,256.94857051199705,606.8528402204931,269.41474647171515,736.1,208.0
976,991,256.94857051199705,606.8528402204931,269.41474647171515,736.1,208.0
977,992,256.94857051199705,777.8528402204931,467.41474647171515,736.1,208.0
978,993,256.94857051199705,777.8528402204931,467.41474647171515,736.1,208.0
979,994,256.94857051199705,777.8528402204931,467.41474647171515,736.1,208.0
980,995,256.94857051199705,777.8528402204931,467.41474647171515,736.1,208.0
981,996,256.94857051199705,777.8528402204931,467.41474647171515,736.1,208.0
982,997,256.94857051199705,777.8528402204931,467.41474647171515,736.1,208.0
983,998,256.94857051199705,777.8528402204931,467.41474647171515,736.1,208.0
984,999,256.94857051199705,777.8528402204931,467.41474647171515,736.1,208.0
985,1000,256.94857051199705,777.8528402204931,467.41474647171515,748.3181818181819,206.45
986,1001,256.94857051199705,777.8528402204931,467.41474647171515,760.5363636363636,204.9
987,1002,256.94857051199705,777.8528402204931,467.41474647171515,772.7545454545455,203.35
988,1003,256.94857051199705,777.8528402204931,467.41474647171515,784.9727272727273,201.8
989,1004,256.94857051199705,777.8528402204931,467.41474647171515,797.1909090909091,200.25
990,1005,256.94857051199705,777.8528402204931,467.41474647171515,809.4090909090909,198.7
991,1006,256.94857051199705,777.8528402204931,467.41474647171515,821.6272727272727,197.15
992,1007,256.94857051199705,777.8528402204931,467.41474647171515,833.8454545454546,195.6
993,1008,256.94857051199705,777.8528402204931,467.41474647171515,846.0636363636364,194.05
994,1009,256.94857051199705,777.8528402204931,467.41474647171515,858.2818181818182,192.5
995,1010,259.57596822737,777.8528402204931,467.41474647171515,870.5,190.95
996,1011,262.9364293444532,777.8528402204931,467.41474647171515,882.7181818181818,189.4
997,1012,267.002276533105,777.8528402204931,467.41474647171515,894.9363636363637,187.85
998,1013,271.74184932307867,777.8528402204931,467.41474647171515,907.1545454545454,186.3
999,1014,277.12058183290713,777.8528402204931,467.41474647171515,919.3727272727273,184.75
1000,1015,317.8616298648125,777.8528402204931,467.41474647171515,931.5909090909091,183.2
1001,1016,304.0502168172708,777.8528402204931,467.41474647171515,943.8090909090909,181.65
1002,1017,290.2685311141389,777.8528402204931,467.41474647171515,956.0272727272727,180.1
1003,1018,276.52101758438954,777.8528402204931,467.41474647171515,968.2454545454545,178.55
1004,1019,262.8130388296379,777.8528402204931,467.41474647171515,980.4636363636364,177.0
1005,1020,249.15112039492686,777.8528402204931,467.41474647171515,992.6818181818182,175.45
1006,1021,235.54327715186858,777.8528402204931,467.41474647171515,1004.9,173.9
1007,1022,221.9994532224184,777.8528402204931,467.41474647171515,1004.9,173.9
1008,1023,208.53212283214188,777.8528402204931,467.41474647171515,1004.9,173.9
1009,1024,195.15712253700184,777.8528402204931,467.41474647171515,1004.9,173.9
1010,1025,181.89482099054186,949.8528402204931,666.4147464717151,1004.9,173.9
1011,1026,168.77178831681627,949.8528402204931,666.4147464717151,1004.9,173.9
1012,1027,155.8232150943733,949.8528402204931,666.4147464717151,1004.9,173.9
1013,1028,143.09646884271615,949.8528402204931,666.4147464717151,1004.9,173.9
1014,1029,143.09646884271615,949.8528402204931,666.4147464717151,1004.9,173.9
1015,1030,143.09646884271615,949.8528402204931,666.4147464717151,1004.9,173.9
1016,1031,143.09646884271615,949.8528402204931,666.4147464717151,1004.9,173.9
1017,1032,143.09646884271615,949.8528402204931,666.4147464717151,1004.9,173.9
1018,1033,143.09646884271615,949.8528402204931,666.4147464717151,1004.9,173.9
1019,1034,143.09646884271615,949.8528402204931,666.4147464717151,1004.9,173.9
1020,1035,143.09646884271615,949.8528402204931,666.4147464717151,1004.9,173.9
1021,1036,143.09646884271615,949.8528402204931,666.4147464717151,1004.9,173.9
1022,1037,143.09646884271615,949.8528402204931,666.4147464717151,1004.9,173.9
1023,1038,143.09646884271615,949.8528402204931,666.4147464717151,1004.9,173.9
1024,1039,143.09646884271615,949.8528402204931,666.4147464717151,1004.9,173.9
1025,1040,143.09646884271615,949.8528402204931,666.4147464717151,1004.9,173.9
1026,1041,143.09646884271615,949.8528402204931,666.4147464717151,1004.9,173.9
1027,1042,143.09646884271615,949.8528402204931,666.4147464717151,1004.9,173.9
1028,1043,143.09646884271615,949.8528402204931,666.4147464717151,1004.9,173.9
1029,1044,143.09646884271615,949.8528402204931,666.4147464717151,1004.9,173.9
1030,1045,143.09646884271615,949.8528402204931,666.4147464717151,1004.9,173.9
1031,1046,143.09646884271615,949.8528402204931,666.4147464717151,1004.9,173.9
1032,1047,143.09646884271615,949.8528402204931,666.4147464717151,1004.9,173.9
1033,1048,143.09646884271615,949.8528402204931,666.4147464717151,1004.9,173.9
1034,1049,143.09646884271615,949.8528402204931,666.4147464717151,1004.9,173.9
1035,1050,143.09646884271615,949.8528402204931,666.4147464717151,1004.9,173.9
1036,1051,143.09646884271615,949.8528402204931,666.4147464717151,1004.9,173.9
1037,1052,143.09646884271615,949.8528402204931,666.4147464717151,1004.9,173.9
1038,1053,143.09646884271615,949.8528402204931,666.4147464717151,1004.9,173.9
1039,1054,143.09646884271615,949.8528402204931,666.4147464717151,1004.9,173.9
1040,1055,143.09646884271615,949.8528402204931,666.4147464717151,1004.9,173.9
1041,1056,143.09646884271615,949.8528402204931,666.4147464717151,1004.9,173.9
1042,1057,143.09646884271615,949.8528402204931,666.4147464717151,1004.9,173.9
1043,1058,143.09646884271615,949.8528402204931,666.4147464717151,1004.9,173.9
1044,1059,143.09646884271615,949.8528402204931,666.4147464717151,1004.9,173.9
1045,1060,143.09646884271615,949.8528402204931,666.4147464717151,1004.9,173.9
1046,1061,143.09646884271615,949.8528402204931,666.4147464717151,1004.9,173.9
1047,1062,143.09646884271615,949.8528402204931,666.4147464717151,1004.9,173.9
1048,1063,143.09646884271615,949.8528402204931,666.4147464717151,1004.9,173.9
1049,1064,143.09646884271615,949.8528402204931,666.4147464717151,1004.9,173.9
1050,1065,143.09646884271615,949.8528402204931,666.4147464717151,1004.9,173.9
1051,1066,143.09646884271615,949.8528402204931,666.4147464717151,1004.9,173.9
1052,1067,143.09646884271615,949.8528402204931,666.4147464717151,1004.9,173.9
1053,1068,143.09646884271615,949.8528402204931,666.4147464717151,1004.9,173.9
1054,1069,143.09646884271615,949.8528402204931,666.4147464717151,1004.9,173.9
1055,1070,143.09646884271615,949.8528402204931,666.4147464717151,1004.9,173.9
1056,1071,143.09646884271615,949.8528402204931,666.4147464717151,1004.9,173.9
1057,1072,143.09646884271615,949.8528402204931,666.4147464717151,1004.9,173.9
1058,1073,143.09646884271615,949.8528402204931,666.4147464717151,1004.9,173.9
1059,1074,143.09646884271615,949.8528402204931,666.4147464717151,1004.9,173.9
1060,1075,143.09646884271615,949.8528402204931,666.4147464717151,1004.9,173.9
1061,1076,143.09646884271615,949.8528402204931,666.4147464717151,1004.9,173.9
1062,1077,143.09646884271615,949.8528402204931,666.4147464717151,1004.9,173.9
1063,1078,143.09646884271615,949.8528402204931,666.4147464717151,1004.9,173.9
1064,1079,143.09646884271615,949.8528402204931,666.4147464717151,1004.9,173.9
1065,1080,143.09646884271615,949.8528402204931,666.4147464717151,1004.9,173.9
1066,1081,143.09646884271615,949.8528402204931,666.4147464717151,1004.9,173.9
1067,1082,143.09646884271615,949.8528402204931,666.4147464717151,1004.9,173.9
1068,1083,143.09646884271615,949.8528402204931,666.4147464717151,1004.9,173.9
1069,1084,143.09646884271615,949.8528402204931,666.4147464717151,1004.9,173.9
1070,1085,143.09646884271615,949.8528402204931,666.4147464717151,1004.9,173.9
1071,1086,143.09646884271615,949.8528402204931,666.4147464717151,1004.9,173.9
1072,1087,143.09646884271615,949.8528402204931,666.4147464717151,1004.9,173.9
1073,1088,143.09646884271615,949.8528402204931,666.4147464717151,1004.9,173.9
1074,1089,143.09646884271615,949.8528402204931,666.4147464717151,1004.9,173.9
1075,1090,143.09646884271615,949.8528402204931,666.4147464717151,1004.9,173.9
1076,1091,143.09646884271615,949.8528402204931,666.4147464717151,1004.9,173.9
1077,1092,143.09646884271615,949.8528402204931,666.4147464717151,1004.9,173.9
1078,1093,143.09646884271615,949.8528402204931,666.4147464717151,1004.9,173.9
1079,1094,143.09646884271615,949.8528402204931,666.4147464717151,1004.9,173.9
1080,1095,143.09646884271615,949.8528402204931,666.4147464717151,1004.9,173.9
1081,1096,143.09646884271615,949.8528402204931,666.4147464717151,1004.9,173.9
1082,1097,143.09646884271615,949.8528402204931,666.4147464717151,1004.9,173.9
1083,1098,143.09646884271615,949.8528402204931,666.4147464717151,1004.9,173.9
1084,1099,143.09646884271615,949.8528402204931,666.4147464717151,1004.9,173.9
1085,1100,143.09646884271615,949.8528402204931,666.4147464717151,1004.9,173.9
1086,1101,143.09646884271615,949.8528402204931,666.4147464717151,1004.9,173.9
1087,1102,143.09646884271615,949.8528402204931,666.4147464717151,1004.9,173.9
1088,1103,143.09646884271615,949.8528402204931,666.4147464717151,1004.9,173.9
1089,1104,143.09646884271615,949.8528402204931,666.4147464717151,1004.9,173.9
1090,1105,143.09646884271615,949.8528402204931,666.4147464717151,1004.9,173.9
1091,1106,143.09646884271615,949.8528402204931,666.4147464717151,1004.9,173.9
1092,1107,143.09646884271615,949.8528402204931,666.4147464717151,1004.9,173.9
1093,1107,143.09646884271615,949.8528402204931,666.4147464717151,1004.9,173.9
1094,1107,143.09646884271615,949.8528402204931,666.4147464717151,1004.9,173.9
1095,1107,143.09646884271615,949.8528402204931,666.4147464717151,1004.9,173.9
1096,1107,143.09646884271615,949.8528402204931,666.4147464717151,1004.9,173.9
1097,1107,143.09646884271615,949.8528402204931,666.4147464717151,1004.9,173.9
1098,1107,143.09646884271615,949.8528402204931,666.4147464717151,1004.9,173.9
1099,1107,143.09646884271615,949.8528402204931,666.4147464717151,1004.9,173.9
1100,1108,262.63071973397894,949.8528402204931,666.4147464717151,1004.9,173.9
1101,1109,263.0852570487324,949.8528402204931,666.4147464717151,1004.9,173.9
1102,1110,264.113958242823,949.8528402204931,666.4147464717151,1004.9,173.9
1103,1111,265.71015474548597,949.8528402204931,666.4147464717151,1004.9,173.9
1104,1112,267.86370165614596,949.8528402204931,666.4147464717151,1004.9,173.9
1105,1113,270.56129052190704,949.8528402204931,666.4147464717151,1004.9,173.9
1106,1114,273.7868406748416,949.8528402204931,666.4147464717151,1004.9,173.9
1107,1115,277.52194374216003,949.8528402204931,666.4147464717151,1004.9,173.9
1108,1116,281.7463350676039,949.8528402204931,666.4147464717151,1004.9,173.9
1109,1117,286.4383674082624,949.8528402204931,666.4147464717151,1004.9,173.9
1110,1118,291.5754658006726,896.8528402204931,417.41474647171515,1004.9,173.9
1111,1119,297.13454717372065,896.8528402204931,417.41474647171515,1004.9,173.9
1112,1120,303.0923933807463,896.8528402204931,417.41474647171515,1004.9,173.9
1113,1121,309.4259712116784,896.8528402204931,417.41474647171515,1004.9,173.9
1114,1122,316.1126971970536,896.8528402204931,417.41474647171515,1004.9,173.9
1115,1123,323.1306483947106,896.8528402204931,417.41474647171515,1004.9,173.9
1116,1124,330.45872279100206,896.8528402204931,417.41474647171515,1004.9,173.9
1117,1125,338.0767545088229,896.8528402204931,417.41474647171515,1004.9,173.9
1118,1126,345.965589826014,896.8528402204931,417.41474647171515,1004.9,173.9
1119,1127,354.10713023319505,896.8528402204931,417.41474647171515,1004.9,173.9
1120,1128,362.48434856445925,896.8528402204931,417.41474647171515,1004.9,173.9
1121,1129,371.0812837644822,896.8528402204931,417.41474647171515,1004.9,173.9
1122,1130,371.0812837644822,896.8528402204931,417.41474647171515,1004.9,173.9
1123,1131,371.0812837644822,896.8528402204931,417.41474647171515,1004.9,173.9
1124,1132,371.0812837644822,896.8528402204931,417.41474647171515,1004.9,173.9
1125,1133,371.0812837644822,896.8528402204931,417.41474647171515,1004.9,173.9
1126,1134,371.0812837644822,896.8528402204931,417.41474647171515,1004.9,173.9
1127,1135,371.0812837644822,896.8528402204931,417.41474647171515,1004.9,173.9
1128,1136,371.0812837644822,896.8528402204931,417.41474647171515,1004.9,173.9
1129,1137,371.0812837644822,896.8528402204931,417.41474647171515,1004.9,173.9
1130,1138,371.0812837644822,896.8528402204931,417.41474647171515,1004.9,173.9
1131,1139,371.0812837644822,896.8528402204931,417.41474647171515,1004.9,173.9
1132,1140,371.0812837644822,896.8528402204931,417.41474647171515,1004.9,173.9
1133,1141,495.5814416338534,896.8528402204931,417.41474647171515,1009.3714285714285,175.4857142857143
1134,1142,495.5814416338534,896.8528402204931,417.41474647171515,1013.8428571428572,177.07142857142858
1135,1143,495.5814416338534,896.8528402204931,417.41474647171515,1018.3142857142857,178.65714285714287
1136,1144,495.5814416338534,896.8528402204931,417.41474647171515,1022.7857142857143,180.24285714285713
1137,1145,495.5814416338534,896.8528402204931,417.41474647171515,1027.257142857143,181.82857142857142
1138,1146,495.5814416338534,896.8528402204931,417.41474647171515,1031.7285714285715,183.4142857142857
1139,1147,495.5814416338534,896.8528402204931,417.41474647171515,1036.2,185.0
1140,1148,495.5814416338534,896.8528402204931,417.41474647171515,1036.2,185.0
1141,1149,495.5814416338534,896.8528402204931,417.41474647171515,1036.2,185.0
1142,1150,495.5814416338534,896.8528402204931,417.41474647171515,1036.2,185.0
1143,1151,495.5814416338534,896.8528402204931,417.41474647171515,1036.2,185.0
1144,1152,495.5814416338534,843.8528402204931,168.41474647171515,1036.2,185.0
1145,1153,495.5814416338534,843.8528402204931,168.41474647171515,1036.2,185.0
1146,1154,495.5814416338534,843.8528402204931,168.41474647171515,1036.2,185.0
1147,1155,495.5814416338534,843.8528402204931,168.41474647171515,1036.2,185.0
1148,1156,495.5814416338534,843.8528402204931,168.41474647171515,1036.2,185.0
1149,1157,495.5814416338534,843.8528402204931,168.41474647171515,1036.2,185.0
1150,1158,495.5814416338534,843.8528402204931,168.41474647171515,1036.2,185.0
1151,1159,495.5814416338534,843.8528402204931,168.41474647171515,1036.2,185.0
1152,1160,495.5814416338534,843.8528402204931,168.41474647171515,1036.2,185.0
1153,1161,495.5814416338534,843.8528402204931,168.41474647171515,1036.2,185.0
1154,1162,495.5814416338534,843.8528402204931,168.41474647171515,1036.2,185.0
1155,1163,495.5814416338534,843.8528402204931,168.41474647171515,1036.2,185.0
1156,1164,495.5814416338534,843.8528402204931,168.41474647171515,1036.2,185.0
1157,1165,495.5814416338534,843.8528402204931,168.41474647171515,1036.2,185.0
1158,1166,495.5814416338534,843.8528402204931,168.41474647171515,1036.2,185.0
1159,1167,495.5814416338534,843.8528402204931,168.41474647171515,1036.2,185.0
1160,1168,495.5814416338534,843.8528402204931,168.41474647171515,1036.2,185.0
1161,1169,495.5814416338534,843.8528402204931,168.41474647171515,1036.2,185.0
1162,1170,495.5814416338534,843.8528402204931,168.41474647171515,1036.2,185.0
1163,1171,495.5814416338534,843.8528402204931,168.41474647171515,1036.2,185.0
1164,1172,495.5814416338534,843.8528402204931,168.41474647171515,1036.2,185.0
1165,1173,495.5814416338534,843.8528402204931,168.41474647171515,1036.2,185.0
1166,1174,495.5814416338534,843.8528402204931,168.41474647171515,1036.2,185.0
1167,1175,495.5814416338534,843.8528402204931,168.41474647171515,1036.2,185.0
1168,1176,495.5814416338534,843.8528402204931,168.41474647171515,1036.2,185.0
1169,1177,495.5814416338534,843.8528402204931,168.41474647171515,1036.2,185.0
1170,1178,495.5814416338534,843.8528402204931,168.41474647171515,1036.2,185.0
1171,1179,495.5814416338534,843.8528402204931,168.41474647171515,1036.2,185.0
1172,1180,495.5814416338534,843.8528402204931,168.41474647171515,1036.2,185.0
1173,1181,495.5814416338534,843.8528402204931,168.41474647171515,1036.2,185.0
1174,1182,495.5814416338534,843.8528402204931,168.41474647171515,1036.2,185.0
1175,1183,495.5814416338534,843.8528402204931,168.41474647171515,1036.2,185.0
1176,1184,495.5814416338534,843.8528402204931,168.41474647171515,1036.2,185.0
1177,1185,495.5814416338534,843.8528402204931,168.41474647171515,1036.2,185.0
1178,1186,495.5814416338534,843.8528402204931,168.41474647171515,1036.2,185.0
1179,1187,495.5814416338534,843.8528402204931,168.41474647171515,1036.2,185.0
1180,1188,495.5814416338534,843.8528402204931,168.41474647171515,1036.2,185.0
1181,1189,495.5814416338534,843.8528402204931,168.41474647171515,1036.2,185.0
1182,1190,495.5814416338534,843.8528402204931,168.41474647171515,1036.2,185.0
1183,1191,495.5814416338534,843.8528402204931,168.41474647171515,1036.2,185.0
1184,1192,495.5814416338534,843.8528402204931,168.41474647171515,1036.2,185.0
1185,1193,495.5814416338534,843.8528402204931,168.41474647171515,1036.2,185.0
1186,1194,495.5814416338534,843.8528402204931,168.41474647171515,1036.2,185.0
1187,1195,495.5814416338534,843.8528402204931,168.41474647171515,1036.2,185.0
1188,1196,495.5814416338534,843.8528402204931,168.41474647171515,1036.2,185.0
1189,1197,495.5814416338534,843.8528402204931,168.41474647171515,1036.2,185.0
1190,1198,495.5814416338534,843.8528402204931,168.41474647171515,1036.2,185.0
1191,1199,495.5814416338534,843.8528402204931,168.41474647171515,1036.2,185.0
1192,1200,495.5814416338534,843.8528402204931,168.41474647171515,1036.2,185.0
1193,1201,495.5814416338534,843.8528402204931,168.41474647171515,1036.2,185.0
1194,1202,495.5814416338534,843.8528402204931,168.41474647171515,1036.2,185.0
1195,1203,495.5814416338534,843.8528402204931,168.41474647171515,1036.2,185.0
1196,1204,495.5814416338534,843.8528402204931,168.41474647171515,1036.2,185.0
1197,1205,495.5814416338534,843.8528402204931,168.41474647171515,1036.2,185.0
1198,1206,495.5814416338534,843.8528402204931,168.41474647171515,1036.2,185.0
1199,1207,495.5814416338534,843.8528402204931,168.41474647171515,1036.2,185.0
1200,1208,495.5814416338534,843.8528402204931,168.41474647171515,1036.2,185.0
1201,1209,495.5814416338534,843.8528402204931,168.41474647171515,1036.2,185.0
1202,1210,495.5814416338534,843.8528402204931,168.41474647171515,1036.2,185.0
1203,1211,495.5814416338534,843.8528402204931,168.41474647171515,1036.2,185.0
1204,1212,495.5814416338534,843.8528402204931,168.41474647171515,1036.2,185.0
1205,1213,495.5814416338534,843.8528402204931,168.41474647171515,1036.2,185.0
1206,1214,495.5814416338534,843.8528402204931,168.41474647171515,1036.2,185.0
1207,1215,495.5814416338534,843.8528402204931,168.41474647171515,1036.2,185.0
1208,1216,495.5814416338534,843.8528402204931,168.41474647171515,1036.2,185.0
1209,1217,495.5814416338534,843.8528402204931,168.41474647171515,1036.2,185.0
1210,1218,495.5814416338534,843.8528402204931,168.41474647171515,1036.2,185.0
1211,1219,495.5814416338534,843.8528402204931,168.41474647171515,1036.2,185.0
1212,1220,495.5814416338534,843.8528402204931,168.41474647171515,1036.2,185.0
1213,1221,495.5814416338534,843.8528402204931,168.41474647171515,1036.2,185.0
1214,1222,495.5814416338534,843.8528402204931,168.41474647171515,1036.2,185.0
1215,1223,495.5814416338534,843.8528402204931,168.41474647171515,1036.2,185.0
1216,1224,495.5814416338534,843.8528402204931,168.41474647171515,1036.2,185.0
1217,1225,495.5814416338534,843.8528402204931,168.41474647171515,1036.2,185.0
1218,1226,495.5814416338534,843.8528402204931,168.41474647171515,1036.2,185.0
1219,1227,495.5814416338534,843.8528402204931,168.41474647171515,1036.2,185.0
1220,1228,495.5814416338534,843.8528402204931,168.41474647171515,1036.2,185.0
1221,1229,495.5814416338534,843.8528402204931,168.41474647171515,1036.2,185.0
1222,1230,495.5814416338534,843.8528402204931,168.41474647171515,1036.2,185.0
1223,1231,495.5814416338534,843.8528402204931,168.41474647171515,1036.2,185.0
1224,1232,495.5814416338534,843.8528402204931,168.41474647171515,1036.2,185.0
1225,1233,495.5814416338534,843.8528402204931,168.41474647171515,1036.2,185.0
1226,1234,495.5814416338534,843.8528402204931,168.41474647171515,1036.2,185.0
1227,1235,495.5814416338534,843.8528402204931,168.41474647171515,1036.2,185.0
1228,1236,495.5814416338534,843.8528402204931,168.41474647171515,1036.2,185.0
1229,1237,495.5814416338534,843.8528402204931,168.41474647171515,1036.2,185.0
1230,1238,495.5814416338534,843.8528402204931,168.41474647171515,1036.2,185.0
1231,1239,495.5814416338534,843.8528402204931,168.41474647171515,1036.2,185.0
1232,1240,495.5814416338534,843.8528402204931,168.41474647171515,1036.2,185.0
1233,1241,266.408747014061,843.8528402204931,168.41474647171515,1036.2,185.0
1234,1242,266.408747014061,843.8528402204931,168.41474647171515,1036.2,185.0
1235,1243,266.408747014061,843.8528402204931,168.41474647171515,1036.2,185.0
1236,1244,266.408747014061,843.8528402204931,168.41474647171515,1036.2,185.0
1237,1245,266.408747014061,843.8528402204931,168.41474647171515,1036.2,185.0
1238,1246,266.408747014061,843.8528402204931,168.41474647171515,1036.2,185.0
1239,1247,266.408747014061,843.8528402204931,168.41474647171515,1036.2,185.0
1240,1248,266.408747014061,843.8528402204931,168.41474647171515,1036.2,185.0
1241,1249,266.408747014061,843.8528402204931,168.41474647171515,1036.2,185.0
1242,1250,266.408747014061,843.8528402204931,168.41474647171515,1036.2,185.0
1243,1251,266.408747014061,843.8528402204931,168.41474647171515,1036.2,185.0
1244,1252,266.408747014061,843.8528402204931,168.41474647171515,1036.2,185.0
1245,1253,266.408747014061,843.8528402204931,168.41474647171515,1036.2,185.0
1246,1254,266.408747014061,843.8528402204931,168.41474647171515,1036.2,185.0
1247,1255,266.408747014061,843.8528402204931,168.41474647171515,1036.2,185.0
1248,1256,266.81470974993545,843.8528402204931,168.41474647171515,1036.2,185.0
1249,1257,267.3042732894729,843.8528402204931,168.41474647171515,1036.2,185.0
1250,1258,267.8769792744699,843.8528402204931,168.41474647171515,1036.2,185.0
1251,1259,268.5322957451244,843.8528402204931,168.41474647171515,1036.2,185.0
1252,1260,269.2696195592992,843.8528402204931,168.41474647171515,1036.2,185.0
1253,1261,270.0882790933421,843.8528402204931,168.41474647171515,1036.2,185.0
1254,1262,270.9875371970583,843.8528402204931,168.41474647171515,1036.2,185.0
1255,1263,270.9875371970583,843.8528402204931,168.41474647171515,1036.2,185.0
1256,1264,270.9875371970583,843.8528402204931,168.41474647171515,1036.2,185.0
1257,1265,270.9875371970583,843.8528402204931,168.41474647171515,1036.2,185.0
1258,1266,270.9875371970583,843.8528402204931,168.41474647171515,1036.2,185.0
1259,1267,270.9875371970583,843.8528402204931,168.41474647171515,1036.2,185.0
1260,1268,270.9875371970583,843.8528402204931,168.41474647171515,1036.2,185.0
1261,1269,270.9875371970583,843.8528402204931,168.41474647171515,1036.2,185.0
1262,1270,270.9875371970583,843.8528402204931,168.41474647171515,1036.2,185.0
1263,1271,270.9875371970583,843.8528402204931,168.41474647171515,1036.2,185.0
1264,1272,270.9875371970583,843.8528402204931,168.41474647171515,1036.2,185.0
1265,1273,270.9875371970583,843.8528402204931,168.41474647171515,1036.2,185.0
1266,1274,270.9875371970583,843.8528402204931,168.41474647171515,1036.2,185.0
1267,1275,193.06087255018986,843.8528402204931,168.41474647171515,1036.2,185.0
1268,1276,193.06087255018986,843.8528402204931,168.41474647171515,1036.2,185.0
1269,1277,193.06087255018986,843.8528402204931,168.41474647171515,1036.2,185.0
1270,1278,193.06087255018986,843.8528402204931,168.41474647171515,1036.2,185.0
1271,1279,193.06087255018986,843.8528402204931,168.41474647171515,1036.2,185.0
1272,1280,193.06087255018986,843.8528402204931,168.41474647171515,1036.2,185.0
1273,1281,193.06087255018986,843.8528402204931,168.41474647171515,1036.2,185.0
1274,1282,193.06087255018986,843.8528402204931,168.41474647171515,1036.2,185.0
1275,1283,193.06087255018986,843.8528402204931,168.41474647171515,1036.2,185.0
1276,1284,193.06087255018986,843.8528402204931,168.41474647171515,1036.2,185.0
1277,1285,193.06087255018986,883.8528402204931,178.41474647171515,1036.2,185.0
1278,1286,193.06087255018986,883.8528402204931,178.41474647171515,1036.2,185.0
1279,1287,193.06087255018986,883.8528402204931,178.41474647171515,1036.2,185.0
1280,1288,193.06087255018986,883.8528402204931,178.41474647171515,1036.2,185.0
1281,1289,193.06087255018986,883.8528402204931,178.41474647171515,1036.2,185.0
1282,1290,193.06087255018986,883.8528402204931,178.41474647171515,1036.2,185.0
1283,1291,193.06087255018986,883.8528402204931,178.41474647171515,1036.2,185.0
1284,1292,193.06087255018986,883.8528402204931,178.41474647171515,1036.2,185.0
1285,1293,193.06087255018986,883.8528402204931,178.41474647171515,1036.2,185.0
1286,1294,193.06087255018986,883.8528402204931,178.41474647171515,1036.2,185.0
1287,1295,193.06087255018986,883.8528402204931,178.41474647171515,1036.2,185.0
1288,1296,193.06087255018986,883.8528402204931,178.41474647171515,1036.2,185.0
1289,1297,193.06087255018986,883.8528402204931,178.41474647171515,1036.2,185.0
1290,1298,193.06087255018986,883.8528402204931,178.41474647171515,1036.2,185.0
1291,1299,193.06087255018986,883.8528402204931,178.41474647171515,1036.2,185.0
1292,1300,193.06087255018986,883.8528402204931,178.41474647171515,1036.2,185.0
1293,1301,193.06087255018986,883.8528402204931,178.41474647171515,1036.2,185.0
1294,1302,193.06087255018986,883.8528402204931,178.41474647171515,1036.2,185.0
1295,1303,193.06087255018986,883.8528402204931,178.41474647171515,1036.2,185.0
1296,1304,193.06087255018986,883.8528402204931,178.41474647171515,1036.2,185.0
1297,1305,193.06087255018986,883.8528402204931,178.41474647171515,1036.2,185.0
1298,1306,193.06087255018986,883.8528402204931,178.41474647171515,1036.2,185.0
1299,1307,193.06087255018986,883.8528402204931,178.41474647171515,1036.2,185.0
1300,1308,193.06087255018986,883.8528402204931,178.41474647171515,1036.2,185.0
1301,1309,193.06087255018986,883.8528402204931,178.41474647171515,1036.2,185.0
1302,1310,193.06087255018986,883.8528402204931,178.41474647171515,1036.2,185.0
1303,1311,193.06087255018986,883.8528402204931,178.41474647171515,1036.2,185.0
1304,1312,193.06087255018986,883.8528402204931,178.41474647171515,1036.2,185.0
1305,1313,193.06087255018986,883.8528402204931,178.41474647171515,1036.2,185.0
1306,1314,193.06087255018986,883.8528402204931,178.41474647171515,1029.1923076923076,184.37692307692308
1307,1315,193.06087255018986,883.8528402204931,178.41474647171515,1022.1846153846154,183.75384615384615
1308,1316,193.06087255018986,883.8528402204931,178.41474647171515,1015.1769230769231,183.13076923076923
1309,1317,193.06087255018986,883.8528402204931,178.41474647171515,1008.1692307692308,182.5076923076923
1310,1318,193.06087255018986,883.8528402204931,178.41474647171515,1001.1615384615385,181.8846153846154
1311,1319,193.06087255018986,883.8528402204931,178.41474647171515,994.1538461538462,181.26153846153846
1312,1320,193.06087255018986,883.8528402204931,178.41474647171515,987.1461538461539,180.63846153846154
1313,1321,193.06087255018986,883.8528402204931,178.41474647171515,980.1384615384616,180.01538461538462
1314,1322,193.06087255018986,883.8528402204931,178.41474647171515,973.1307692307693,179.3923076923077
1315,1323,193.06087255018986,883.8528402204931,178.41474647171515,966.123076923077,178.76923076923077
1316,1324,193.06087255018986,883.8528402204931,178.41474647171515,959.1153846153846,178.14615384615385
1317,1325,193.06087255018986,883.8528402204931,178.41474647171515,952.1076923076923,177.52307692307693
1318,1326,193.06087255018986,922.8528402204931,188.41474647171515,945.1,176.9
1319,1327,193.06087255018986,922.8528402204931,188.41474647171515,945.1,176.9
1320,1328,193.06087255018986,922.8528402204931,188.41474647171515,945.1,176.9
1321,1329,193.06087255018986,922.8528402204931,188.41474647171515,945.1,176.9
1322,1330,193.06087255018986,922.8528402204931,188.41474647171515,945.1,176.9
1323,1331,193.06087255018986,922.8528402204931,188.41474647171515,945.1,176.9
1324,1332,193.06087255018986,922.8528402204931,188.41474647171515,945.1,176.9
1325,1333,193.06087255018986,922.8528402204931,188.41474647171515,945.1,176.9
1326,1334,193.06087255018986,922.8528402204931,188.41474647171515,945.1,176.9
1327,1335,193.06087255018986,922.8528402204931,188.41474647171515,945.1,176.9
1328,1336,193.06087255018986,922.8528402204931,188.41474647171515,945.1,176.9
1329,1337,193.06087255018986,922.8528402204931,188.41474647171515,945.1,176.9
1330,1338,193.06087255018986,922.8528402204931,188.41474647171515,945.1,176.9
1331,1339,193.06087255018986,922.8528402204931,188.41474647171515,945.1,176.9
1332,1340,193.06087255018986,922.8528402204931,188.41474647171515,945.1,176.9
1333,1341,193.06087255018986,922.8528402204931,188.41474647171515,945.1,176.9
1334,1342,193.06087255018986,922.8528402204931,188.41474647171515,945.1,176.9
1335,1343,193.06087255018986,922.8528402204931,188.41474647171515,945.1,176.9
1336,1344,193.06087255018986,922.8528402204931,188.41474647171515,945.1,176.9
1337,1345,193.06087255018986,922.8528402204931,188.41474647171515,945.1,176.9
1338,1346,193.06087255018986,922.8528402204931,188.41474647171515,945.1,176.9
1339,1347,193.06087255018986,922.8528402204931,188.41474647171515,945.1,176.9
1340,1348,193.06087255018986,922.8528402204931,188.41474647171515,945.1,176.9
1341,1349,193.06087255018986,922.8528402204931,188.41474647171515,945.1,176.9
1342,1350,193.06087255018986,922.8528402204931,188.41474647171515,945.1,176.9
1343,1351,193.06087255018986,922.8528402204931,188.41474647171515,945.1,176.9
1344,1352,193.06087255018986,922.8528402204931,188.41474647171515,945.1,176.9
1345,1353,193.06087255018986,922.8528402204931,188.41474647171515,945.1,176.9
1346,1354,193.06087255018986,922.8528402204931,188.41474647171515,945.1,176.9
1347,1355,193.06087255018986,922.8528402204931,188.41474647171515,945.1,176.9
1348,1356,193.06087255018986,922.8528402204931,188.41474647171515,945.1,176.9
1349,1357,193.06087255018986,922.8528402204931,188.41474647171515,945.1,176.9
1350,1358,193.06087255018986,922.8528402204931,188.41474647171515,945.1,176.9
1351,1359,193.06087255018986,922.8528402204931,188.41474647171515,945.1,176.9
1352,1360,193.06087255018986,922.8528402204931,188.41474647171515,945.1,176.9
1353,1361,193.06087255018986,922.8528402204931,188.41474647171515,945.1,176.9
1354,1362,193.06087255018986,922.8528402204931,188.41474647171515,945.1,176.9
1355,1363,193.06087255018986,922.8528402204931,188.41474647171515,945.1,176.9
1356,1364,193.06087255018986,922.8528402204931,188.41474647171515,945.1,176.9
1357,1365,193.06087255018986,922.8528402204931,188.41474647171515,945.1,176.9
1358,1366,193.06087255018986,922.8528402204931,188.41474647171515,945.1,176.9
1359,1367,193.06087255018986,922.8528402204931,188.41474647171515,945.1,176.9
1360,1368,193.06087255018986,922.8528402204931,188.41474647171515,945.1,176.9
1361,1369,193.06087255018986,922.8528402204931,188.41474647171515,945.1,176.9
1362,1370,193.06087255018986,922.8528402204931,188.41474647171515,945.1,176.9
1363,1371,193.06087255018986,922.8528402204931,188.41474647171515,945.1,176.9
1364,1372,193.06087255018986,922.8528402204931,188.41474647171515,945.1,176.9
1365,1373,193.06087255018986,922.8528402204931,188.41474647171515,945.1,176.9
1366,1374,193.06087255018986,922.8528402204931,188.41474647171515,945.1,176.9
1367,1375,193.06087255018986,922.8528402204931,188.41474647171515,945.1,176.9
1368,1376,193.06087255018986,922.8528402204931,188.41474647171515,945.1,176.9
1369,1377,193.06087255018986,922.8528402204931,188.41474647171515,945.1,176.9
1370,1378,193.06087255018986,922.8528402204931,188.41474647171515,945.1,176.9
1371,1379,193.06087255018986,922.8528402204931,188.41474647171515,945.1,176.9
1372,1380,193.06087255018986,922.8528402204931,188.41474647171515,945.1,176.9
1373,1381,193.06087255018986,922.8528402204931,188.41474647171515,945.1,176.9
1374,1382,193.06087255018986,922.8528402204931,188.41474647171515,945.1,176.9
1375,1383,193.06087255018986,922.8528402204931,188.41474647171515,945.1,176.9
1376,1384,193.06087255018986,922.8528402204931,188.41474647171515,945.1,176.9
1377,1385,193.06087255018986,922.8528402204931,188.41474647171515,945.1,176.9
1378,1386,193.06087255018986,922.8528402204931,188.41474647171515,945.1,176.9
1379,1387,193.06087255018986,922.8528402204931,188.41474647171515,945.1,176.9
1380,1388,193.06087255018986,922.8528402204931,188.41474647171515,945.1,176.9
1381,1389,193.06087255018986,922.8528402204931,188.41474647171515,945.1,176.9
1382,1390,193.06087255018986,922.8528402204931,188.41474647171515,945.1,176.9
1383,1391,193.06087255018986,922.8528402204931,188.41474647171515,945.1,176.9
1384,1392,193.06087255018986,922.8528402204931,188.41474647171515,945.1,176.9
1385,1393,193.06087255018986,922.8528402204931,188.41474647171515,945.1,176.9
1386,1394,193.06087255018986,922.8528402204931,188.41474647171515,945.1,176.9
1387,1395,193.06087255018986,922.8528402204931,188.41474647171515,945.1,176.9
1388,1396,193.06087255018986,922.8528402204931,188.41474647171515,945.1,176.9
1389,1397,193.06087255018986,922.8528402204931,188.41474647171515,945.1,176.9
1390,1398,193.06087255018986,922.8528402204931,188.41474647171515,945.1,176.9
1391,1399,193.06087255018986,922.8528402204931,188.41474647171515,945.1,176.9
1392,1400,193.06087255018986,922.8528402204931,188.41474647171515,945.1,176.9
1393,1401,193.06087255018986,922.8528402204931,188.41474647171515,945.1,176.9
1394,1402,193.06087255018986,922.8528402204931,188.41474647171515,945.1,176.9
1395,1403,193.06087255018986,922.8528402204931,188.41474647171515,945.1,176.9
1396,1404,193.06087255018986,922.8528402204931,188.41474647171515,945.1,176.9
1397,1405,193.06087255018986,922.8528402204931,188.41474647171515,945.1,176.9
1398,1406,193.06087255018986,922.8528402204931,188.41474647171515,945.1,176.9
1399,1407,193.06087255018986,922.8528402204931,188.41474647171515,945.1,176.9
1400,1408,152.48941818012946,922.8528402204931,188.41474647171515,945.1,176.9
1401,1409,152.48941818012946,922.8528402204931,188.41474647171515,945.1,176.9
1402,1410,152.48941818012946,922.8528402204931,188.41474647171515,945.1,176.9
1403,1411,152.48941818012946,922.8528402204931,188.41474647171515,945.1,176.9
1404,1412,152.48941818012946,922.8528402204931,188.41474647171515,945.1,176.9
1405,1413,152.48941818012946,922.8528402204931,188.41474647171515,945.1,176.9
1406,1414,152.48941818012946,922.8528402204931,188.41474647171515,945.1,176.9
1407,1415,152.48941818012946,922.8528402204931,188.41474647171515,945.1,176.9
1408,1416,152.48941818012946,922.8528402204931,188.41474647171515,945.1,176.9
1409,1417,152.48941818012946,922.8528402204931,188.41474647171515,945.1,176.9
1410,1418,152.48941818012946,922.8528402204931,188.41474647171515,945.1,176.9
1411,1419,152.48941818012946,922.8528402204931,188.41474647171515,945.1,176.9
1412,1420,152.48941818012946,922.8528402204931,188.41474647171515,945.1,176.9
1413,1421,152.48941818012946,922.8528402204931,188.41474647171515,945.1,176.9
1414,1422,152.48941818012946,922.8528402204931,188.41474647171515,945.1,176.9
1415,1423,152.48941818012946,922.8528402204931,188.41474647171515,945.1,176.9
1416,1424,152.48941818012946,922.8528402204931,188.41474647171515,945.1,176.9
1417,1425,152.48941818012946,922.8528402204931,188.41474647171515,945.1,176.9
1418,1426,152.48941818012946,922.8528402204931,188.41474647171515,945.1,176.9
1419,1427,152.48941818012946,922.8528402204931,188.41474647171515,945.1,176.9
1420,1428,152.48941818012946,922.8528402204931,188.41474647171515,945.1,176.9
1421,1429,145.4617075207847,922.8528402204931,188.41474647171515,945.1,176.9
1422,1430,138.43477166331084,922.8528402204931,188.41474647171515,945.1,176.9
1423,1431,131.40873490276968,922.8528402204931,188.41474647171515,945.1,176.9
1424,1432,124.38374960051058,922.8528402204931,188.41474647171515,945.1,176.9
1425,1433,117.3600045726028,922.8528402204931,188.41474647171515,945.1,176.9
1426,1434,110.3377366749151,922.8528402204931,188.41474647171515,945.1,176.9
1427,1435,103.31724710070041,922.8528402204931,188.41474647171515,945.1,176.9
1428,1436,96.29892478659453,922.8528402204931,188.41474647171515,945.1,176.9
1429,1437,89.28328082179725,922.8528402204931,188.41474647171515,945.1,176.9
1430,1438,82.2710003963508,922.8528402204931,188.41474647171515,945.1,176.9
1431,1439,75.26302366229729,922.8528402204931,188.41474647171515,945.1,176.9
1432,1440,68.2606761468813,922.8528402204931,188.41474647171515,945.1,176.9
1433,1441,61.26588804489836,922.8528402204931,188.41474647171515,945.1,176.9
1434,1442,61.26588804489836,922.8528402204931,188.41474647171515,945.1,176.9
1435,1443,61.26588804489836,922.8528402204931,188.41474647171515,945.1,176.9
1436,1444,61.26588804489836,922.8528402204931,188.41474647171515,945.1,176.9
1437,1445,61.26588804489836,922.8528402204931,188.41474647171515,945.1,176.9
1438,1446,61.26588804489836,922.8528402204931,188.41474647171515,945.1,176.9
1439,1447,61.26588804489836,922.8528402204931,188.41474647171515,945.1,176.9
1440,1448,61.26588804489836,922.8528402204931,188.41474647171515,945.1,176.9
1441,1449,25.050459168701586,922.8528402204931,188.41474647171515,945.1,176.9
1442,1450,25.050459168701586,922.8528402204931,188.41474647171515,945.1,176.9
1443,1451,25.050459168701586,922.8528402204931,188.41474647171515,945.1,176.9
1444,1452,25.050459168701586,922.8528402204931,188.41474647171515,945.1,176.9
1445,1453,25.050459168701586,922.8528402204931,188.41474647171515,945.1,176.9
1446,1454,25.050459168701586,922.8528402204931,188.41474647171515,945.1,176.9
1447,1455,25.050459168701586,922.8528402204931,188.41474647171515,945.1,176.9
1448,1456,25.050459168701586,922.8528402204931,188.41474647171515,945.1,176.9
1449,1457,25.050459168701586,922.8528402204931,188.41474647171515,945.1,176.9
1450,1458,25.050459168701586,922.8528402204931,188.41474647171515,945.1,176.9
1451,1459,25.050459168701586,922.8528402204931,188.41474647171515,945.1,176.9
1452,1460,25.050459168701586,922.8528402204931,188.41474647171515,945.1,176.9
1453,1461,25.050459168701586,922.8528402204931,188.41474647171515,945.1,176.9
1454,1462,25.050459168701586,922.8528402204931,188.41474647171515,945.1,176.9
1455,1463,25.050459168701586,922.8528402204931,188.41474647171515,945.1,176.9
1456,1464,25.050459168701586,922.8528402204931,188.41474647171515,945.1,176.9
1457,1465,25.050459168701586,922.8528402204931,188.41474647171515,945.1,176.9
1458,1466,25.050459168701586,922.8528402204931,188.41474647171515,945.1,176.9
1459,1467,25.050459168701586,922.8528402204931,188.41474647171515,945.1,176.9
1460,1468,25.050459168701586,922.8528402204931,188.41474647171515,950.03125,177.16875000000002
1461,1469,25.050459168701586,922.8528402204931,188.41474647171515,954.9625,177.4375
1462,1470,25.050459168701586,922.8528402204931,188.41474647171515,959.8937500000001,177.70625
1463,1471,25.050459168701586,922.8528402204931,188.41474647171515,964.825,177.975
1464,1472,25.050459168701586,922.8528402204931,188.41474647171515,969.75625,178.24375
1465,1473,25.050459168701586,922.8528402204931,188.41474647171515,974.6875,178.5125
1466,1474,25.050459168701586,922.8528402204931,188.41474647171515,979.61875,178.78125
1467,1475,25.050459168701586,922.8528402204931,188.41474647171515,984.55,179.05
1468,1476,25.050459168701586,922.8528402204931,188.41474647171515,989.48125,179.31875
1469,1477,25.050459168701586,922.8528402204931,188.41474647171515,994.4125,179.5875
1470,1478,25.050459168701586,922.8528402204931,188.41474647171515,999.34375,179.85625
1471,1479,25.050459168701586,922.8528402204931,188.41474647171515,1004.275,180.125
1472,1480,25.050459168701586,922.8528402204931,188.41474647171515,1009.20625,180.39374999999998
1473,1481,25.050459168701586,922.8528402204931,188.41474647171515,1014.1375,180.6625
1474,1482,25.050459168701586,922.8528402204931,188.41474647171515,1019.06875,180.93124999999998
1475,1483,25.050459168701586,922.8528402204931,188.41474647171515,1024.0,181.2
1476,1484,25.050459168701586,922.8528402204931,188.41474647171515,1024.0,181.2
1477,1485,25.050459168701586,922.8528402204931,188.41474647171515,1024.0,181.2
1478,1486,25.050459168701586,922.8528402204931,188.41474647171515,1024.0,181.2
1479,1487,25.050459168701586,922.8528402204931,188.41474647171515,1024.0,181.2
1480,1488,25.050459168701586,922.8528402204931,188.41474647171515,1024.0,181.2
1481,1489,25.050459168701586,922.8528402204931,188.41474647171515,1024.0,181.2
1482,1490,25.050459168701586,922.8528402204931,188.41474647171515,1024.0,181.2
1483,1491,25.050459168701586,922.8528402204931,188.41474647171515,1024.0,181.2
1484,1492,25.050459168701586,922.8528402204931,188.41474647171515,1024.0,181.2
1485,1493,25.050459168701586,922.8528402204931,188.41474647171515,1024.0,181.2
1486,1494,25.050459168701586,922.8528402204931,188.41474647171515,1024.0,181.2
1487,1495,25.050459168701586,922.8528402204931,188.41474647171515,1024.0,181.2
1488,1496,25.050459168701586,922.8528402204931,188.41474647171515,1024.0,181.2
1489,1497,25.050459168701586,922.8528402204931,188.41474647171515,1024.0,181.2
1490,1498,25.050459168701586,922.8528402204931,188.41474647171515,1024.0,181.2
1491,1499,25.050459168701586,922.8528402204931,188.41474647171515,1024.0,181.2
1492,1500,25.050459168701586,922.8528402204931,188.41474647171515,1024.0,181.2
1493,1501,25.050459168701586,922.8528402204931,188.41474647171515,1024.0,181.2
1494,1502,25.050459168701586,922.8528402204931,188.41474647171515,1024.0,181.2
1495,1503,25.050459168701586,922.8528402204931,188.41474647171515,1024.0,181.2
1496,1504,25.050459168701586,922.8528402204931,188.41474647171515,1024.0,181.2
1497,1505,25.050459168701586,922.8528402204931,188.41474647171515,1024.0,181.2
1498,1506,25.050459168701586,922.8528402204931,188.41474647171515,1024.0,181.2
1499,1507,25.050459168701586,922.8528402204931,188.41474647171515,1024.0,181.2
1500,1508,25.050459168701586,922.8528402204931,188.41474647171515,1024.0,181.2
1501,1509,25.050459168701586,922.8528402204931,188.41474647171515,1024.0,181.2
1502,1510,25.050459168701586,922.8528402204931,188.41474647171515,1024.0,181.2
1503,1511,25.050459168701586,922.8528402204931,188.41474647171515,1024.0,181.2
1504,1512,25.050459168701586,922.8528402204931,188.41474647171515,1024.0,181.2
1505,1513,25.050459168701586,922.8528402204931,188.41474647171515,1024.0,181.2
1506,1514,25.050459168701586,922.8528402204931,188.41474647171515,1024.0,181.2
1507,1515,25.050459168701586,922.8528402204931,188.41474647171515,1024.0,181.2
1508,1516,25.050459168701586,922.8528402204931,188.41474647171515,1024.0,181.2
1509,1517,25.050459168701586,922.8528402204931,188.41474647171515,1024.0,181.2
1510,1518,25.050459168701586,922.8528402204931,188.41474647171515,1024.0,181.2
1511,1519,25.050459168701586,922.8528402204931,188.41474647171515,1024.0,181.2
1512,1520,25.050459168701586,922.8528402204931,188.41474647171515,1024.0,181.2
1513,1521,25.050459168701586,922.8528402204931,188.41474647171515,1024.0,181.2
1514,1522,25.050459168701586,922.8528402204931,188.41474647171515,1024.0,181.2
1515,1523,25.050459168701586,922.8528402204931,188.41474647171515,1024.0,181.2
1516,1524,25.050459168701586,922.8528402204931,188.41474647171515,1024.0,181.2
1517,1525,25.050459168701586,922.8528402204931,188.41474647171515,1024.0,181.2
1518,1526,25.050459168701586,1036.8528402204931,346.41474647171515,1024.0,181.2
1519,1527,25.050459168701586,1036.8528402204931,346.41474647171515,1024.0,181.2
1520,1528,25.050459168701586,1036.8528402204931,346.41474647171515,1024.0,181.2
1521,1529,25.050459168701586,1036.8528402204931,346.41474647171515,1024.0,181.2
1522,1530,25.050459168701586,1036.8528402204931,346.41474647171515,1024.0,181.2
1523,1531,25.050459168701586,1036.8528402204931,346.41474647171515,1024.0,181.2
1524,1532,25.050459168701586,1036.8528402204931,346.41474647171515,1024.0,181.2
1525,1533,25.050459168701586,1036.8528402204931,346.41474647171515,1024.0,181.2
1526,1534,25.050459168701586,1036.8528402204931,346.41474647171515,1024.0,181.2
1527,1535,25.050459168701586,1036.8528402204931,346.41474647171515,1024.0,181.2
1528,1536,25.050459168701586,1036.8528402204931,346.41474647171515,1024.0,181.2
1529,1537,25.050459168701586,1036.8528402204931,346.41474647171515,1024.0,181.2
1530,1538,25.050459168701586,1036.8528402204931,346.41474647171515,1024.0,181.2
1531,1539,25.050459168701586,1036.8528402204931,346.41474647171515,1024.0,181.2
1532,1540,25.050459168701586,1036.8528402204931,346.41474647171515,1024.0,181.2
1533,1541,25.050459168701586,1036.8528402204931,346.41474647171515,1024.0,181.2
1534,1542,25.050459168701586,1036.8528402204931,346.41474647171515,1024.0,181.2
1535,1543,25.050459168701586,1036.8528402204931,346.41474647171515,1024.0,181.2
1536,1544,25.050459168701586,1036.8528402204931,346.41474647171515,1024.0,181.2
1537,1545,25.050459168701586,1036.8528402204931,346.41474647171515,1024.0,181.2
1538,1546,25.050459168701586,1036.8528402204931,346.41474647171515,1024.0,181.2
1539,1547,25.050459168701586,1036.8528402204931,346.41474647171515,1024.0,181.2
1540,1548,25.050459168701586,1036.8528402204931,346.41474647171515,1024.0,181.2
1541,1549,25.050459168701586,1036.8528402204931,346.41474647171515,1024.0,181.2
1542,1550,25.050459168701586,1036.8528402204931,346.41474647171515,1024.0,181.2
1543,1551,25.050459168701586,1036.8528402204931,346.41474647171515,1024.0,181.2
1544,1552,25.050459168701586,1151.8528402204931,505.41474647171515,1024.0,181.2
1545,1553,25.050459168701586,1151.8528402204931,505.41474647171515,1024.0,181.2
1546,1554,25.050459168701586,1151.8528402204931,505.41474647171515,1024.0,181.2
1547,1555,25.050459168701586,1151.8528402204931,505.41474647171515,1024.0,181.2
1548,1556,25.050459168701586,1151.8528402204931,505.41474647171515,1024.0,181.2
1549,1557,25.050459168701586,1151.8528402204931,505.41474647171515,1024.0,181.2
1550,1558,25.050459168701586,1151.8528402204931,505.41474647171515,1024.0,181.2
1551,1559,25.050459168701586,1151.8528402204931,505.41474647171515,1024.0,181.2
1552,1560,25.050459168701586,1151.8528402204931,505.41474647171515,1024.0,181.2
1553,1561,25.050459168701586,1151.8528402204931,505.41474647171515,1024.0,181.2
1554,1562,25.050459168701586,1151.8528402204931,505.41474647171515,1024.0,181.2
1555,1563,25.050459168701586,1151.8528402204931,505.41474647171515,1024.0,181.2
1556,1564,25.050459168701586,1151.8528402204931,505.41474647171515,1024.0,181.2
1557,1565,25.050459168701586,1151.8528402204931,505.41474647171515,1024.0,181.2
1558,1566,25.050459168701586,1151.8528402204931,505.41474647171515,1024.0,181.2
1559,1567,25.050459168701586,1151.8528402204931,505.41474647171515,1024.0,181.2
1560,1568,25.050459168701586,1151.8528402204931,505.41474647171515,1024.0,181.2
1561,1569,25.050459168701586,1151.8528402204931,505.41474647171515,1024.0,181.2
1562,1570,25.050459168701586,1151.8528402204931,505.41474647171515,1024.0,181.2
1563,1571,25.050459168701586,1151.8528402204931,505.41474647171515,1024.0,181.2
1564,1572,25.050459168701586,1151.8528402204931,505.41474647171515,1024.0,181.2
1565,1573,25.050459168701586,1151.8528402204931,505.41474647171515,1024.0,181.2
1566,1574,25.050459168701586,1151.8528402204931,505.41474647171515,1024.0,181.2
1567,1575,25.050459168701586,1151.8528402204931,505.41474647171515,1024.0,181.2
1568,1576,25.050459168701586,1151.8528402204931,505.41474647171515,1024.0,181.2
1569,1577,25.050459168701586,1151.8528402204931,505.41474647171515,1024.0,181.2
1570,1578,25.050459168701586,1151.8528402204931,505.41474647171515,1024.0,181.2
1571,1579,25.050459168701586,1151.8528402204931,505.41474647171515,1024.0,181.2
1572,1580,25.050459168701586,1151.8528402204931,505.41474647171515,1024.0,181.2
1573,1581,25.050459168701586,1151.8528402204931,505.41474647171515,1024.0,181.2
1574,1582,25.050459168701586,1151.8528402204931,505.41474647171515,1024.0,181.2
1575,1583,29.413235027528398,1151.8528402204931,505.41474647171515,1024.0,181.2
1576,1584,33.93420385476079,1151.8528402204931,505.41474647171515,1024.0,181.2
1577,1585,38.557760489664176,1151.8528402204931,505.41474647171515,1024.0,181.2
1578,1586,43.251017363180566,1151.8528402204931,505.41474647171515,1024.0,181.2
1579,1587,47.99353100337569,1151.8528402204931,505.41474647171515,1024.0,181.2
1580,1588,52.772023266536046,1151.8528402204931,505.41474647171515,1024.0,181.2
1581,1589,57.57753700329373,1151.8528402204931,505.41474647171515,1024.0,181.2
1582,1590,62.40383002138166,1151.8528402204931,505.41474647171515,1024.0,181.2
1583,1591,67.2464284669405,1151.8528402204931,505.41474647171515,1024.0,181.2
1584,1592,72.10204704466568,1151.8528402204931,505.41474647171515,1024.0,181.2
1585,1593,76.96822162914393,1151.8528402204931,505.41474647171515,1024.0,181.2
1586,1594,81.8430693444769,1151.8528402204931,505.41474647171515,1024.0,181.2
1587,1595,86.72512764445314,1151.8528402204931,505.41474647171515,1024.0,181.2
1588,1596,91.61324378286443,1151.8528402204931,505.41474647171515,1024.0,181.2
1589,1597,96.506497263865,1151.8528402204931,505.41474647171515,1024.0,181.2
1590,1598,101.40414438331511,1151.8528402204931,505.41474647171515,1024.0,181.2
1591,1599,101.40414438331511,1151.8528402204931,505.41474647171515,1024.0,181.2
1592,1600,101.40414438331511,1151.8528402204931,505.41474647171515,1024.0,181.2
1593,1601,101.40414438331511,1151.8528402204931,505.41474647171515,1024.0,181.2
1594,1602,101.40414438331511,1151.8528402204931,505.41474647171515,1024.0,181.2
1595,1603,101.40414438331511,1151.8528402204931,505.41474647171515,1024.0,181.2
1596,1604,101.40414438331511,1151.8528402204931,505.41474647171515,1024.0,181.2
1597,1605,101.40414438331511,1151.8528402204931,505.41474647171515,1024.0,181.2
1598,1606,101.40414438331511,1151.8528402204931,505.41474647171515,1024.0,181.2
1599,1607,101.40414438331511,1151.8528402204931,505.41474647171515,1024.0,181.2
1600,1608,101.40414438331511,1151.8528402204931,505.41474647171515,1024.0,181.2
1601,1609,101.40414438331511,1151.8528402204931,505.41474647171515,1024.0,181.2
1602,1610,101.40414438331511,1151.8528402204931,505.41474647171515,1024.0,181.2
1603,1611,101.40414438331511,1151.8528402204931,505.41474647171515,1024.0,181.2
1604,1612,101.40414438331511,1151.8528402204931,505.41474647171515,1024.0,181.2
1605,1613,101.40414438331511,1151.8528402204931,505.41474647171515,1024.0,181.2
1606,1614,101.40414438331511,1151.8528402204931,505.41474647171515,1024.0,181.2
1607,1615,101.40414438331511,1151.8528402204931,505.41474647171515,1024.0,181.2
1608,1616,101.40414438331511,1151.8528402204931,505.41474647171515,1024.0,181.2
1609,1617,101.40414438331511,1151.8528402204931,505.41474647171515,1024.0,181.2
1610,1618,101.40414438331511,1041.8528402204931,357.41474647171515,1024.0,181.2
1611,1619,101.40414438331511,1041.8528402204931,357.41474647171515,1024.0,181.2
1612,1620,101.40414438331511,1041.8528402204931,357.41474647171515,1024.0,181.2
1613,1621,101.40414438331511,1041.8528402204931,357.41474647171515,1024.0,181.2
1614,1622,101.40414438331511,1041.8528402204931,357.41474647171515,1024.0,181.2
1615,1623,101.40414438331511,1041.8528402204931,357.41474647171515,1024.0,181.2
1616,1624,101.40414438331511,1041.8528402204931,357.41474647171515,1024.0,181.2
1617,1625,101.40414438331511,1041.8528402204931,357.41474647171515,1024.0,181.2
1618,1626,101.40414438331511,1041.8528402204931,357.41474647171515,1024.0,181.2
1619,1627,101.40414438331511,1041.8528402204931,357.41474647171515,1024.0,181.2
1620,1628,101.40414438331511,1041.8528402204931,357.41474647171515,1024.0,181.2
1621,1629,101.40414438331511,1041.8528402204931,357.41474647171515,1024.0,181.2
1622,1630,101.40414438331511,1041.8528402204931,357.41474647171515,1024.0,181.2
1623,1631,101.40414438331511,1041.8528402204931,357.41474647171515,1024.0,181.2
1624,1632,101.40414438331511,1041.8528402204931,357.41474647171515,1024.0,181.2
1625,1633,101.40414438331511,1041.8528402204931,357.41474647171515,1024.0,181.2
1626,1634,101.40414438331511,1041.8528402204931,357.41474647171515,1024.0,181.2
1627,1635,101.40414438331511,1041.8528402204931,357.41474647171515,1024.0,181.2
1628,1636,101.40414438331511,1041.8528402204931,357.41474647171515,1024.0,181.2
1629,1637,101.40414438331511,1041.8528402204931,357.41474647171515,1024.0,181.2
1630,1638,101.40414438331511,1041.8528402204931,357.41474647171515,1024.0,181.2
1631,1639,101.40414438331511,1041.8528402204931,357.41474647171515,1024.0,181.2
1632,1640,101.40414438331511,1041.8528402204931,357.41474647171515,1024.0,181.2
1633,1641,101.40414438331511,1041.8528402204931,357.41474647171515,1024.0,181.2
1634,1642,101.40414438331511,1041.8528402204931,357.41474647171515,1024.0,181.2
1635,1643,101.40414438331511,1041.8528402204931,357.41474647171515,1024.0,181.2
1636,1644,101.40414438331511,1041.8528402204931,357.41474647171515,1024.0,181.2
1637,1645,101.40414438331511,1041.8528402204931,357.41474647171515,1024.0,181.2
1638,1646,101.40414438331511,1041.8528402204931,357.41474647171515,1024.0,181.2
1639,1647,101.40414438331511,1041.8528402204931,357.41474647171515,1024.0,181.2
1640,1648,101.40414438331511,1041.8528402204931,357.41474647171515,1024.0,181.2
1640,1649,101.40414438331511,1041.8528402204931,357.41474647171515,1024.0,181.2
1640,1650,101.40414438331511,1041.8528402204931,357.41474647171515,1024.0,181.2
1640,1651,101.40414438331511,1041.8528402204931,357.41474647171515,1024.0,181.2
1640,1652,101.40414438331511,932.8528402204931,208.41474647171515,1024.0,181.2
1640,1653,101.40414438331511,932.8528402204931,208.41474647171515,1024.0,181.2
1640,1654,101.40414438331511,932.8528402204931,208.41474647171515,1024.0,181.2
1640,1655,101.40414438331511,932.8528402204931,208.41474647171515,1024.0,181.2
1640,1656,101.40414438331511,932.8528402204931,208.41474647171515,1024.0,181.2
1640,1657,101.40414438331511,932.8528402204931,208.41474647171515,1024.0,181.2
1640,1658,101.40414438331511,932.8528402204931,208.41474647171515,1024.0,181.2
1640,1659,101.40414438331511,932.8528402204931,208.41474647171515,1024.0,181.2
1640,1660,101.40414438331511,932.8528402204931,208.41474647171515,1024.0,181.2
1640,1661,101.40414438331511,932.8528402204931,208.41474647171515,1024.0,181.2
1640,1662,101.40414438331511,932.8528402204931,208.41474647171515,1024.0,181.2
1640,1663,101.40414438331511,932.8528402204931,208.41474647171515,1024.0,181.2
1640,1664,101.40414438331511,932.8528402204931,208.41474647171515,1024.0,181.2
1640,1665,101.40414438331511,932.8528402204931,208.41474647171515,1024.0,181.2
1640,1666,101.40414438331511,932.8528402204931,208.41474647171515,1024.0,181.2
1640,1667,101.40414438331511,932.8528402204931,208.41474647171515,1024.0,181.2
1640,1668,101.40414438331511,932.8528402204931,208.41474647171515,1024.0,181.2
1640,1669,101.40414438331511,932.8528402204931,208.41474647171515,1024.0,181.2
1640,1670,101.40414438331511,932.8528402204931,208.41474647171515,1024.0,181.2
1640,1671,101.40414438331511,932.8528402204931,208.41474647171515,1024.0,181.2
1640,1672,101.40414438331511,932.8528402204931,208.41474647171515,1024.0,181.2
1640,1673,101.40414438331511,932.8528402204931,208.41474647171515,1024.0,181.2
1640,1674,101.40414438331511,932.8528402204931,208.41474647171515,1024.0,181.2
1640,1675,101.40414438331511,932.8528402204931,208.41474647171515,1024.0,181.2
1640,1676,101.40414438331511,932.8528402204931,208.41474647171515,1024.0,181.2
1640,1677,101.40414438331511,932.8528402204931,208.41474647171515,1024.0,181.2
1640,1678,101.40414438331511,932.8528402204931,208.41474647171515,1024.0,181.2
1640,1679,101.40414438331511,932.8528402204931,208.41474647171515,1024.0,181.2
1640,1680,101.40414438331511,932.8528402204931,208.41474647171515,1024.0,181.2
1640,1681,101.40414438331511,932.8528402204931,208.41474647171515,1024.0,181.2
1640,1682,101.40414438331511,932.8528402204931,208.41474647171515,1024.0,181.2
1640,1683,101.40414438331511,932.8528402204931,208.41474647171515,1006.5105263157894,182.2736842105263
1640,1684,101.40414438331511,932.8528402204931,208.41474647171515,989.021052631579,183.3473684210526
1640,1685,101.40414438331511,932.8528402204931,208.41474647171515,971.5315789473684,184.42105263157893
1640,1686,101.40414438331511,932.8528402204931,208.41474647171515,954.042105263158,185.49473684210525
1640,1687,101.40414438331511,932.8528402204931,208.41474647171515,936.5526315789474,186.56842105263158
1640,1688,101.40414438331511,932.8528402204931,208.41474647171515,919.0631578947368,187.64210526315787
1640,1689,101.40414438331511,932.8528402204931,208.41474647171515,901.5736842105264,188.7157894736842
1640,1690,101.40414438331511,932.8528402204931,208.41474647171515,884.0842105263158,189.78947368421052
1640,1691,101.40414438331511,932.8528402204931,208.41474647171515,866.5947368421052,190.86315789473684
1640,1692,101.40414438331511,932.8528402204931,208.41474647171515,849.1052631578948,191.93684210526314
1640,1693,101.40414438331511,932.8528402204931,208.41474647171515,831.6157894736842,193.01052631578946
1640,1694,101.40414438331511,932.8528402204931,208.41474647171515,814.1263157894737,194.0842105263158
1640,1695,101.40414438331511,932.8528402204931,208.41474647171515,796.6368421052632,195.1578947368421
1640,1696,101.40414438331511,932.8528402204931,208.41474647171515,779.1473684210526,196.2315789473684
1640,1697,101.40414438331511,932.8528402204931,208.41474647171515,761.6578947368421,197.30526315789473
1640,1698,101.40414438331511,932.8528402204931,208.41474647171515,744.1684210526316,198.37894736842105
1640,1699,101.40414438331511,932.8528402204931,208.41474647171515,726.6789473684212,199.45263157894738
1640,1700,101.40414438331511,932.8528402204931,208.41474647171515,709.1894736842106,200.52631578947367
1640,1701,101.40414438331511,932.8528402204931,208.41474647171515,691.7,201.6
1640,1702,101.40414438331511,932.8528402204931,208.41474647171515,691.7,201.6
1640,1703,101.40414438331511,932.8528402204931,208.41474647171515,691.7,201.6
1640,1704,101.40414438331511,932.8528402204931,208.41474647171515,691.7,201.6
1640,1705,101.40414438331511,932.8528402204931,208.41474647171515,691.7,201.6
1640,1706,101.40414438331511,932.8528402204931,208.41474647171515,691.7,201.6
1640,1707,101.40414438331511,932.8528402204931,208.41474647171515,691.7,201.6
1640,1708,101.40414438331511,932.8528402204931,208.41474647171515,691.7,201.6
1640,1709,101.40414438331511,932.8528402204931,208.41474647171515,691.7,201.6
1640,1710,101.40414438331511,932.8528402204931,208.41474647171515,691.7,201.6
1640,1711,101.40414438331511,932.8528402204931,208.41474647171515,691.7,201.6
1640,1712,101.40414438331511,932.8528402204931,208.41474647171515,691.7,201.6
1640,1713,101.40414438331511,932.8528402204931,208.41474647171515,691.7,201.6
1640,1714,101.40414438331511,932.8528402204931,208.41474647171515,691.7,201.6
1640,1715,101.40414438331511,932.8528402204931,208.41474647171515,691.7,201.6
1640,1716,101.40414438331511,932.8528402204931,208.41474647171515,691.7,201.6
1640,1717,101.40414438331511,932.8528402204931,208.41474647171515,691.7,201.6
1640,1718,101.40414438331511,932.8528402204931,208.41474647171515,691.7,201.6
1640,1719,101.40414438331511,932.8528402204931,208.41474647171515,691.7,201.6
1640,1720,101.40414438331511,932.8528402204931,208.41474647171515,691.7,201.6
1640,1721,101.40414438331511,932.8528402204931,208.41474647171515,691.7,201.6
1640,1722,101.40414438331511,932.8528402204931,208.41474647171515,691.7,201.6
1640,1723,101.40414438331511,932.8528402204931,208.41474647171515,691.7,201.6
1640,1724,101.40414438331511,932.8528402204931,208.41474647171515,691.7,201.6
1640,1725,101.40414438331511,932.8528402204931,208.41474647171515,691.7,201.6
1640,1726,101.40414438331511,932.8528402204931,208.41474647171515,691.7,201.6
1640,1727,101.40414438331511,932.8528402204931,208.41474647171515,691.7,201.6
1640,1728,101.40414438331511,932.8528402204931,208.41474647171515,691.7,201.6
1640,1729,101.40414438331511,932.8528402204931,208.41474647171515,691.7,201.6
1640,1730,101.40414438331511,932.8528402204931,208.41474647171515,691.7,201.6
1640,1731,101.40414438331511,932.8528402204931,208.41474647171515,691.7,201.6
1640,1732,101.40414438331511,932.8528402204931,208.41474647171515,691.7,201.6
1640,1733,101.40414438331511,932.8528402204931,208.41474647171515,691.7,201.6
1640,1734,101.40414438331511,932.8528402204931,208.41474647171515,691.7,201.6
1640,1735,101.40414438331511,932.8528402204931,208.41474647171515,691.7,201.6
1640,1736,101.40414438331511,932.8528402204931,208.41474647171515,691.7,201.6
1640,1737,101.40414438331511,932.8528402204931,208.41474647171515,691.7,201.6
1640,1738,101.40414438331511,932.8528402204931,208.41474647171515,691.7,201.6
1640,1739,101.40414438331511,932.8528402204931,208.41474647171515,691.7,201.6
1640,1740,101.40414438331511,932.8528402204931,208.41474647171515,691.7,201.6
1640,1741,101.40414438331511,932.8528402204931,208.41474647171515,691.7,201.6
1640,1742,101.40414438331511,932.8528402204931,208.41474647171515,691.7,201.6
1640,1743,101.40414438331511,932.8528402204931,208.41474647171515,691.7,201.6
1640,1744,101.40414438331511,932.8528402204931,208.41474647171515,691.7,201.6
1640,1745,101.40414438331511,932.8528402204931,208.41474647171515,691.7,201.6
1640,1746,101.40414438331511,932.8528402204931,208.41474647171515,691.7,201.6
1640,1747,101.40414438331511,932.8528402204931,208.41474647171515,691.7,201.6
1640,1748,101.40414438331511,932.8528402204931,208.41474647171515,691.7,201.6
1640,1749,101.40414438331511,932.8528402204931,208.41474647171515,691.7,201.6
1640,1750,101.40414438331511,932.8528402204931,208.41474647171515,691.7,201.6
1640,1751,101.40414438331511,932.8528402204931,208.41474647171515,691.7,201.6
1640,1752,101.40414438331511,772.8528402204931,227.41474647171515,691.7,201.6
1640,1753,101.40414438331511,772.8528402204931,227.41474647171515,691.7,201.6
1640,1754,101.40414438331511,772.8528402204931,227.41474647171515,691.7,201.6
1640,1755,101.40414438331511,772.8528402204931,227.41474647171515,691.7,201.6
1640,1756,101.40414438331511,772.8528402204931,227.41474647171515,691.7,201.6
1640,1757,101.40414438331511,772.8528402204931,227.41474647171515,691.7,201.6
1640,1758,101.40414438331511,772.8528402204931,227.41474647171515,691.7,201.6
1640,1759,101.40414438331511,772.8528402204931,227.41474647171515,691.7,201.6
1640,1760,101.40414438331511,772.8528402204931,227.41474647171515,691.7,201.6
1640,1761,101.40414438331511,772.8528402204931,227.41474647171515,691.7,201.6
1640,1762,101.40414438331511,772.8528402204931,227.41474647171515,691.7,201.6
1640,1763,101.40414438331511,772.8528402204931,227.41474647171515,691.7,201.6
1640,1764,101.40414438331511,772.8528402204931,227.41474647171515,691.7,201.6
1640,1765,101.40414438331511,772.8528402204931,227.41474647171515,691.7,201.6
1640,1766,101.40414438331511,772.8528402204931,227.41474647171515,691.7,201.6
1640,1767,101.40414438331511,772.8528402204931,227.41474647171515,691.7,201.6
1640,1768,101.40414438331511,772.8528402204931,227.41474647171515,691.7,201.6
1640,1769,101.40414438331511,772.8528402204931,227.41474647171515,691.7,201.6
1640,1770,101.40414438331511,772.8528402204931,227.41474647171515,691.7,201.6
1640,1771,101.40414438331511,772.8528402204931,227.41474647171515,691.7,201.6
1640,1772,101.40414438331511,772.8528402204931,227.41474647171515,691.7,201.6
1640,1773,101.40414438331511,772.8528402204931,227.41474647171515,691.7,201.6
1640,1774,101.40414438331511,772.8528402204931,227.41474647171515,691.7,201.6
1640,1775,101.40414438331511,772.8528402204931,227.41474647171515,691.7,201.6
1640,1776,101.40414438331511,772.8528402204931,227.41474647171515,691.7,201.6
1640,1777,101.40414438331511,772.8528402204931,227.41474647171515,691.7,201.6
1640,1778,101.40414438331511,772.8528402204931,227.41474647171515,691.7,201.6
1640,1779,101.40414438331511,772.8528402204931,227.41474647171515,691.7,201.6
1640,1780,101.40414438331511,772.8528402204931,227.41474647171515,691.7,201.6
1640,1781,101.40414438331511,772.8528402204931,227.41474647171515,691.7,201.6
1640,1782,101.40414438331511,772.8528402204931,227.41474647171515,691.7,201.6
1640,1783,101.40414438331511,772.8528402204931,227.41474647171515,691.7,201.6
1640,1784,101.40414438331511,772.8528402204931,227.41474647171515,691.7,201.6
1640,1785,101.40414438331511,611.8528402204931,246.41474647171515,691.7,201.6
1640,1786,101.40414438331511,611.8528402204931,246.41474647171515,691.7,201.6
1640,1787,101.40414438331511,611.8528402204931,246.41474647171515,691.7,201.6
1640,1788,101.40414438331511,611.8528402204931,246.41474647171515,691.7,201.6
1640,1789,101.40414438331511,611.8528402204931,246.41474647171515,691.7,201.6
1640,1790,101.40414438331511,611.8528402204931,246.41474647171515,691.7,201.6
1640,1791,101.40414438331511,611.8528402204931,246.41474647171515,691.7,201.6
1640,1792,101.40414438331511,611.8528402204931,246.41474647171515,691.7,201.6
1640,1793,101.40414438331511,611.8528402204931,246.41474647171515,691.7,201.6
1640,1794,101.40414438331511,611.8528402204931,246.41474647171515,691.7,201.6
1640,1795,101.40414438331511,611.8528402204931,246.41474647171515,691.7,201.6
1640,1796,101.40414438331511,611.8528402204931,246.41474647171515,691.7,201.6
1640,1797,101.40414438331511,611.8528402204931,246.41474647171515,691.7,201.6
1640,1798,83.88278183581497,611.8528402204931,246.41474647171515,691.7,201.6
1640,1799,66.3619669237351,611.8528402204931,246.41474647171515,691.7,201.6
1640,1800,48.842288997631236,611.8528402204931,246.41474647171515,691.7,201.6
1640,1801,31.325655781461442,611.8528402204931,246.41474647171515,691.7,201.6
1640,1802,13.823646437113913,611.8528402204931,246.41474647171515,691.7,201.6
1640,1803,3.8676435419141906,611.8528402204931,246.41474647171515,691.7,201.6
1640,1804,21.281285379072823,611.8528402204931,246.41474647171515,691.7,201.6
1640,1805,38.79299580172976,611.8528402204931,246.41474647171515,691.7,201.6
1640,1806,56.311356884999334,611.8528402204931,246.41474647171515,691.7,201.6
1640,1807,73.83163468497591,611.8528402204931,246.41474647171515,691.7,201.6
1640,1808,91.35272640349046,611.8528402204931,246.41474647171515,691.7,201.6
1640,1809,108.87423909040872,611.8528402204931,246.41474647171515,691.7,201.6
1640,1810,126.39599767694074,611.8528402204931,246.41474647171515,691.7,201.6
1640,1811,143.91791234954812,611.8528402204931,246.41474647171515,691.7,201.6
1640,1812,161.4399322857405,611.8528402204931,246.41474647171515,691.7,201.6
1640,1813,178.96202656671596,611.8528402204931,246.41474647171515,691.7,201.6
1640,1814,196.48417530268605,611.8528402204931,246.41474647171515,691.7,201.6
1640,1815,214.00636511785504,611.8528402204931,246.41474647171515,691.7,201.6
1640,1816,231.52858668554506,611.8528402204931,246.41474647171515,691.7,201.6
1640,1817,231.52858668554506,611.8528402204931,246.41474647171515,691.7,201.6
1640,1818,231.52858668554506,611.8528402204931,246.41474647171515,691.7,201.6
1640,1819,231.52858668554506,611.8528402204931,246.41474647171515,691.7,201.6
1640,1820,231.52858668554506,611.8528402204931,246.41474647171515,691.7,201.6
1640,1821,231.52858668554506,611.8528402204931,246.41474647171515,691.7,201.6
1640,1822,231.52858668554506,611.8528402204931,246.41474647171515,691.7,201.6
1640,1823,231.52858668554506,611.8528402204931,246.41474647171515,691.7,201.6
1640,1824,231.52858668554506,611.8528402204931,246.41474647171515,691.7,201.6
1640,1825,231.52858668554506,611.8528402204931,246.41474647171515,691.7,201.6
1640,1826,231.52858668554506,611.8528402204931,246.41474647171515,691.7,201.6
1640,1827,231.52858668554506,611.8528402204931,246.41474647171515,691.7,201.6
1640,1828,231.52858668554506,611.8528402204931,246.41474647171515,691.7,201.6
1640,1829,231.52858668554506,611.8528402204931,246.41474647171515,691.7,201.6
1640,1830,231.52858668554506,611.8528402204931,246.41474647171515,691.7,201.6
1640,1831,231.52858668554506,611.8528402204931,246.41474647171515,691.7,201.6
1640,1832,231.52858668554506,611.8528402204931,246.41474647171515,691.7,201.6
1640,1833,231.52858668554506,611.8528402204931,246.41474647171515,691.7,201.6
1640,1834,231.52858668554506,611.8528402204931,246.41474647171515,691.7,201.6
1640,1835,231.52858668554506,611.8528402204931,246.41474647171515,691.7,201.6
1640,1836,231.52858668554506,611.8528402204931,246.41474647171515,691.7,201.6
1640,1837,231.52858668554506,611.8528402204931,246.41474647171515,691.7,201.6
1640,1838,231.52858668554506,611.8528402204931,246.41474647171515,691.7,201.6
1640,1839,231.52858668554506,611.8528402204931,246.41474647171515,691.7,201.6
1640,1840,231.52858668554506,611.8528402204931,246.41474647171515,691.7,201.6
1640,1841,231.52858668554506,611.8528402204931,246.41474647171515,691.7,201.6
1640,1842,231.52858668554506,611.8528402204931,246.41474647171515,691.7,201.6
1640,1843,231.52858668554506,611.8528402204931,246.41474647171515,691.7,201.6
1640,1844,231.52858668554506,611.8528402204931,246.41474647171515,691.7,201.6
1640,1845,231.52858668554506,611.8528402204931,246.41474647171515,691.7,201.6
1640,1846,231.52858668554506,611.8528402204931,246.41474647171515,691.7,201.6
1640,1847,231.52858668554506,611.8528402204931,246.41474647171515,691.7,201.6
1640,1848,231.52858668554506,611.8528402204931,246.41474647171515,691.7,201.6
1640,1849,231.52858668554506,611.8528402204931,246.41474647171515,691.7,201.6
1640,1850,231.52858668554506,611.8528402204931,246.41474647171515,695.6015873015873,202.15079365079364
1640,1851,231.52858668554506,611.8528402204931,246.41474647171515,699.5031746031747,202.7015873015873
1640,1852,231.52858668554506,746.8528402204931,226.41474647171515,703.4047619047619,203.25238095238095
1640,1853,231.52858668554506,746.8528402204931,226.41474647171515,707.3063492063493,203.8031746031746
1640,1854,231.52858668554506,746.8528402204931,226.41474647171515,711.2079365079366,204.35396825396825
1640,1855,231.52858668554506,746.8528402204931,226.41474647171515,715.1095238095238,204.9047619047619
1640,1856,231.52858668554506,746.8528402204931,226.41474647171515,719.0111111111112,205.45555555555555
1640,1857,231.52858668554506,746.8528402204931,226.41474647171515,722.9126984126984,206.0063492063492
1640,1858,231.52858668554506,746.8528402204931,226.41474647171515,726.8142857142858,206.55714285714285
1640,1859,231.52858668554506,746.8528402204931,226.41474647171515,730.7158730158731,207.1079365079365
1640,1860,231.52858668554506,746.8528402204931,226.41474647171515,734.6174603174603,207.65873015873015
1640,1861,231.52858668554506,746.8528402204931,226.41474647171515,738.5190476190477,208.2095238095238
1640,1862,231.52858668554506,746.8528402204931,226.41474647171515,742.4206349206349,208.76031746031745
1640,1863,231.52858668554506,746.8528402204931,226.41474647171515,746.3222222222223,209.3111111111111
1640,1864,231.52858668554506,746.8528402204931,226.41474647171515,750.2238095238096,209.86190476190475
1640,1865,231.52858668554506,746.8528402204931,226.41474647171515,754.1253968253968,210.4126984126984
1640,1866,231.52858668554506,746.8528402204931,226.41474647171515,758.0269841269842,210.96349206349205
1640,1867,231.52858668554506,746.8528402204931,226.41474647171515,761.9285714285714,211.5142857142857
1640,1868,231.52858668554506,746.8528402204931,226.41474647171515,765.8301587301588,212.06507936507936
1640,1869,231.52858668554506,746.8528402204931,226.41474647171515,769.7317460317461,212.615873015873
1640,1870,231.52858668554506,746.8528402204931,226.41474647171515,773.6333333333333,213.16666666666666
1640,1871,231.52858668554506,746.8528402204931,226.41474647171515,777.5349206349207,213.7174603174603
1640,1872,231.52858668554506,746.8528402204931,226.41474647171515,781.436507936508,214.26825396825396
1640,1873,231.52858668554506,746.8528402204931,226.41474647171515,785.3380952380953,214.8190476190476
1640,1874,231.52858668554506,746.8528402204931,226.41474647171515,789.2396825396826,215.36984126984126
1640,1875,231.52858668554506,746.8528402204931,226.41474647171515,793.1412698412698,215.9206349206349
1640,1876,231.52858668554506,746.8528402204931,226.41474647171515,797.0428571428572,216.47142857142856
1640,1877,231.52858668554506,746.8528402204931,226.41474647171515,800.9444444444445,217.0222222222222
1640,1878,231.52858668554506,746.8528402204931,226.41474647171515,804.8460317460317,217.57301587301586
1640,1879,231.52858668554506,746.8528402204931,226.41474647171515,808.7476190476191,218.12380952380954
1640,1880,231.52858668554506,746.8528402204931,226.41474647171515,812.6492063492063,218.6746031746032
1640,1881,231.52858668554506,746.8528402204931,226.41474647171515,816.5507936507937,219.22539682539684
1640,1882,231.52858668554506,746.8528402204931,226.41474647171515,820.452380952381,219.7761904761905
1640,1883,231.52858668554506,746.8528402204931,226.41474647171515,824.3539682539683,220.32698412698414
1640,1884,231.52858668554506,746.8528402204931,226.41474647171515,828.2555555555556,220.8777777777778
1640,1885,231.52858668554506,880.8528402204931,207.41474647171515,832.1571428571428,221.42857142857144
1640,1886,231.52858668554506,880.8528402204931,207.41474647171515,836.0587301587302,221.9793650793651
1640,1887,231.52858668554506,880.8528402204931,207.41474647171515,839.9603174603175,222.53015873015875
1640,1888,231.52858668554506,880.8528402204931,207.41474647171515,843.8619047619047,223.0809523809524
1640,1889,231.52858668554506,880.8528402204931,207.41474647171515,847.7634920634921,223.63174603174605
1640,1890,231.52858668554506,880.8528402204931,207.41474647171515,851.6650793650794,224.1825396825397
1640,1891,231.52858668554506,880.8528402204931,207.41474647171515,855.5666666666667,224.73333333333335
1640,1892,231.52858668554506,880.8528402204931,207.41474647171515,859.468253968254,225.284126984127
1640,1893,231.52858668554506,880.8528402204931,207.41474647171515,863.3698412698413,225.83492063492065
1640,1894,231.52858668554506,880.8528402204931,207.41474647171515,867.2714285714286,226.3857142857143
1640,1895,231.52858668554506,880.8528402204931,207.41474647171515,871.1730158730159,226.93650793650795
1640,1896,231.52858668554506,880.8528402204931,207.41474647171515,875.0746031746032,227.4873015873016
1640,1897,231.52858668554506,880.8528402204931,207.41474647171515,878.9761904761905,228.03809523809525
1640,1898,231.52858668554506,880.8528402204931,207.41474647171515,882.8777777777777,228.5888888888889
1640,1899,231.52858668554506,880.8528402204931,207.41474647171515,886.7793650793651,229.13968253968255
1640,1900,231.52858668554506,880.8528402204931,207.41474647171515,890.6809523809524,229.6904761904762
1640,1901,231.52858668554506,880.8528402204931,207.41474647171515,894.5825396825397,230.24126984126985
1640,1902,231.52858668554506,880.8528402204931,207.41474647171515,898.484126984127,230.7920634920635
1640,1903,231.52858668554506,880.8528402204931,207.41474647171515,902.3857142857144,231.34285714285716
1640,1904,231.52858668554506,880.8528402204931,207.41474647171515,906.2873015873016,231.8936507936508
1640,1905,231.52858668554506,880.8528402204931,207.41474647171515,910.1888888888889,232.44444444444446
1640,1906,231.52858668554506,880.8528402204931,207.41474647171515,914.0904761904762,232.9952380952381
1640,1907,231.52858668554506,880.8528402204931,207.41474647171515,917.9920634920635,233.54603174603176
1640,1908,231.52858668554506,880.8528402204931,207.41474647171515,921.8936507936507,234.0968253968254
1640,1909,231.52858668554506,880.8528402204931,207.41474647171515,925.7952380952381,234.64761904761906
1640,1910,231.52858668554506,880.8528402204931,207.41474647171515,929.6968253968254,235.1984126984127
1640,1911,231.52858668554506,880.8528402204931,207.41474647171515,933.5984126984127,235.74920634920636
1640,1912,231.52858668554506,880.8528402204931,207.41474647171515,937.5,236.3
1640,1913,231.52858668554506,880.8528402204931,207.41474647171515,937.5,236.3
1640,1914,231.52858668554506,880.8528402204931,207.41474647171515,937.5,236.3
1640,1915,231.52858668554506,880.8528402204931,207.41474647171515,937.5,236.3
1640,1916,231.52858668554506,880.8528402204931,207.41474647171515,937.5,236.3
1640,1917,231.52858668554506,880.8528402204931,207.41474647171515,937.5,236.3
1640,1918,231.52858668554506,880.8528402204931,207.41474647171515,937.5,236.3
1640,1919,231.52858668554506,880.8528402204931,207.41474647171515,937.5,236.3
1640,1920,231.52858668554506,880.8528402204931,207.41474647171515,937.5,236.3
1640,1921,231.52858668554506,880.8528402204931,207.41474647171515,937.5,236.3
1640,1922,231.52858668554506,880.8528402204931,207.41474647171515,937.5,236.3
1640,1923,231.52858668554506,880.8528402204931,207.41474647171515,937.5,236.3
1640,1924,231.52858668554506,880.8528402204931,207.41474647171515,937.5,236.3
1640,1925,231.52858668554506,880.8528402204931,207.41474647171515,937.5,236.3
1640,1926,231.52858668554506,880.8528402204931,207.41474647171515,937.5,236.3
1640,1927,231.52858668554506,880.8528402204931,207.41474647171515,937.5,236.3
1640,1928,231.52858668554506,880.8528402204931,207.41474647171515,937.5,236.3
1640,1929,231.52858668554506,880.8528402204931,207.41474647171515,937.5,236.3
1640,1930,231.52858668554506,880.8528402204931,207.41474647171515,937.5,236.3
1640,1931,231.52858668554506,880.8528402204931,207.41474647171515,937.5,236.3
1640,1932,231.52858668554506,880.8528402204931,207.41474647171515,937.5,236.3
1640,1933,231.52858668554506,880.8528402204931,207.41474647171515,937.5,236.3
1640,1934,231.52858668554506,880.8528402204931,207.41474647171515,937.5,236.3
1640,1935,231.52858668554506,880.8528402204931,207.41474647171515,937.5,236.3
1640,1936,231.52858668554506,880.8528402204931,207.41474647171515,937.5,236.3
1640,1937,231.52858668554506,880.8528402204931,207.41474647171515,937.5,236.3
1640,1938,231.52858668554506,880.8528402204931,207.41474647171515,937.5,236.3
1640,1939,231.52858668554506,880.8528402204931,207.41474647171515,937.5,236.3
1640,1940,231.52858668554506,880.8528402204931,207.41474647171515,937.5,236.3
1640,1941,231.52858668554506,880.8528402204931,207.41474647171515,937.5,236.3
1640,1942,231.52858668554506,880.8528402204931,207.41474647171515,937.5,236.3
1640,1943,231.52858668554506,880.8528402204931,207.41474647171515,937.5,236.3
1640,1944,231.52858668554506,880.8528402204931,207.41474647171515,937.5,236.3
1640,1945,231.52858668554506,880.8528402204931,207.41474647171515,937.5,236.3
1640,1946,231.52858668554506,880.8528402204931,207.41474647171515,937.5,236.3
1640,1947,231.52858668554506,880.8528402204931,207.41474647171515,937.5,236.3
1640,1948,231.52858668554506,880.8528402204931,207.41474647171515,937.5,236.3
1640,1949,231.52858668554506,880.8528402204931,207.41474647171515,937.5,236.3
1640,1950,231.52858668554506,880.8528402204931,207.41474647171515,937.5,236.3
1640,1951,231.52858668554506,880.8528402204931,207.41474647171515,937.5,236.3
1640,1952,231.52858668554506,880.8528402204931,207.41474647171515,937.5,236.3
1640,1953,231.52858668554506,880.8528402204931,207.41474647171515,937.5,236.3
1640,1954,231.52858668554506,880.8528402204931,207.41474647171515,937.5,236.3
1640,1955,231.52858668554506,880.8528402204931,207.41474647171515,937.5,236.3
1640,1956,231.52858668554506,880.8528402204931,207.41474647171515,937.5,236.3
1640,1957,231.52858668554506,880.8528402204931,207.41474647171515,937.5,236.3
1640,1958,231.52858668554506,880.8528402204931,207.41474647171515,937.5,236.3
1640,1959,231.52858668554506,880.8528402204931,207.41474647171515,937.5,236.3
1640,1960,231.52858668554506,880.8528402204931,207.41474647171515,937.5,236.3
1640,1961,231.52858668554506,880.8528402204931,207.41474647171515,937.5,236.3
1640,1962,231.52858668554506,880.8528402204931,207.41474647171515,937.5,236.3
1640,1963,231.52858668554506,880.8528402204931,207.41474647171515,937.5,236.3
1640,1964,231.52858668554506,880.8528402204931,207.41474647171515,937.5,236.3
1640,1965,227.66600744361986,880.8528402204931,207.41474647171515,937.5,236.3
1640,1966,223.80613698526247,880.8528402204931,207.41474647171515,937.5,236.3
1640,1967,219.94911791923408,880.8528402204931,207.41474647171515,937.5,236.3
1640,1968,216.0951029266223,880.8528402204931,207.41474647171515,937.5,236.3
1640,1969,212.24425565494394,880.8528402204931,207.41474647171515,937.5,236.3
1640,1970,208.39675170791466,880.8528402204931,207.41474647171515,937.5,236.3
1640,1971,204.5527797428687,880.8528402204931,207.41474647171515,937.5,236.3
1640,1972,200.7125426895246,880.8528402204931,207.41474647171515,937.5,236.3
1640,1973,196.87625910578757,880.8528402204931,207.41474647171515,937.5,236.3
1640,1974,193.04416468860057,880.8528402204931,207.41474647171515,937.5,236.3
1640,1975,189.21651396055577,880.8528402204931,207.41474647171515,937.5,236.3
1640,1976,185.3935821561419,880.8528402204931,207.41474647171515,937.5,236.3
1640,1977,181.57566733519783,880.8528402204931,207.41474647171515,937.5,236.3
1640,1978,177.76309275548178,880.8528402204931,207.41474647171515,937.5,236.3
1640,1979,173.95620954136982,880.8528402204931,207.41474647171515,937.5,236.3
1640,1980,170.1553996917031,880.8528402204931,207.41474647171515,937.5,236.3
1640,1981,166.36107947690408,880.8528402204931,207.41474647171515,937.5,236.3
1640,1982,162.5737032838759,880.8528402204931,207.41474647171515,937.5,236.3
1640,1983,158.79376797715307,880.8528402204931,207.41474647171515,937.5,236.3
1640,1984,155.021817856602,880.8528402204931,207.41474647171515,937.5,236.3
1640,1985,151.25845030603872,880.8528402204931,207.41474647171515,937.5,236.3
1640,1986,147.50432224392125,880.8528402204931,207.41474647171515,937.5,236.3
1640,1987,143.76015750731528,880.8528402204931,207.41474647171515,937.5,236.3
1640,1988,140.02675532430553,880.8528402204931,207.41474647171515,937.5,236.3
1640,1989,136.30500005874,880.8528402204931,207.41474647171515,937.5,236.3
1640,1990,132.59587244559546,880.8528402204931,207.41474647171515,937.5,236.3
1640,1991,128.9004625765145,880.8528402204931,207.41474647171515,937.5,236.3
1640,1992,125.21998494451903,880.8528402204931,207.41474647171515,937.5,236.3
1640,1993,121.55579591614318,880.8528402204931,207.41474647171515,937.5,236.3
1640,1994,117.9094140700556,880.8528402204931,207.41474647171515,937.5,236.3
1640,1995,114.2825439256405,880.8528402204931,207.41474647171515,937.5,236.3
1640,1996,110.67710368510451,880.8528402204931,207.41474647171515,937.5,236.3
1640,1997,107.09525773051831,880.8528402204931,207.41474647171515,937.5,236.3
1640,1998,103.53945475442787,880.8528402204931,207.41474647171515,937.5,236.3
1640,1999,100.0124725599644,880.8528402204931,207.41474647171515,937.5,236.3
1640,2000,96.517470742381,880.8528402204931,207.41474647171515,937.5,236.3
1640,2001,93.05805265365494,880.8528402204931,207.41474647171515,937.5,236.3
1640,2002,89.63833824379948,880.8528402204931,207.41474647171515,937.5,236.3
1640,2003,86.26304954477621,880.8528402204931,207.41474647171515,937.5,236.3
1640,2004,82.937610676065,880.8528402204931,207.41474647171515,937.5,236.3
1640,2005,79.66826423852781,880.8528402204931,207.41474647171515,937.5,236.3
1640,2006,76.46220571720747,880.8528402204931,207.41474647171515,937.5,236.3
1640,2007,73.32773686495827,880.8528402204931,207.41474647171515,937.5,236.3
1640,2008,70.27443773213611,880.8528402204931,207.41474647171515,937.5,236.3
1640,2009,67.31335467523905,880.8528402204931,207.41474647171515,937.5,236.3
1640,2010,64.45719782100755,880.8528402204931,207.41474647171515,937.5,236.3
1640,2011,61.72053546813887,880.8528402204931,207.41474647171515,937.5,236.3
1640,2012,59.11996414280382,880.8528402204931,207.41474647171515,937.5,236.3
1640,2013,56.6742210908483,880.8528402204931,207.41474647171515,937.5,236.3
1640,2014,54.40419125855667,880.8528402204931,207.41474647171515,937.5,236.3
1640,2015,52.3327453032631,880.8528402204931,207.41474647171515,937.5,236.3
1640,2016,50.48433370551813,880.8528402204931,207.41474647171515,937.5,236.3
1640,2017,48.88426313896276,880.8528402204931,207.41474647171515,937.5,236.3
1640,2018,47.55760643497432,880.8528402204931,207.41474647171515,937.5,236.3
1640,2019,46.52775721269827,880.8528402204931,207.41474647171515,937.5,236.3
1640,2020,45.81473525951018,880.8528402204931,207.41474647171515,937.5,236.3
1640,2021,45.43345966124014,880.8528402204931,207.41474647171515,937.5,236.3
1640,2022,45.39229076523227,880.8528402204931,207.41474647171515,937.5,236.3
1640,2023,45.69214789519715,880.8528402204931,207.41474647171515,937.5,236.3
1640,2024,46.326409442920045,880.8528402204931,207.41474647171515,937.5,236.3
1640,2025,47.28161967091332,880.8528402204931,207.41474647171515,937.5,236.3
1640,2026,48.538834141046785,880.8528402204931,207.41474647171515,937.5,236.3
1640,2027,50.07531123292717,880.8528402204931,207.41474647171515,937.5,236.3
1640,2028,50.07531123292717,880.8528402204931,207.41474647171515,937.5,236.3
1640,2029,50.07531123292717,880.8528402204931,207.41474647171515,937.5,236.3
1640,2030,50.07531123292717,880.8528402204931,207.41474647171515,937.5,236.3
1640,2031,50.07531123292717,880.8528402204931,207.41474647171515,937.5,236.3
1640,2032,50.07531123292717,880.8528402204931,207.41474647171515,937.5,236.3
1640,2033,50.07531123292717,880.8528402204931,207.41474647171515,937.5,236.3
1640,2034,50.07531123292717,880.8528402204931,207.41474647171515,937.5,236.3
1640,2035,50.07531123292717,880.8528402204931,207.41474647171515,937.5,236.3
1640,2036,50.07531123292717,880.8528402204931,207.41474647171515,941.1708333333333,251.6875
1640,2037,50.07531123292717,880.8528402204931,207.41474647171515,944.8416666666667,267.075
1640,2038,50.07531123292717,880.8528402204931,207.41474647171515,948.5125,282.46250000000003
1640,2039,50.07531123292717,880.8528402204931,207.41474647171515,952.1833333333333,297.85
1640,2040,50.07531123292717,880.8528402204931,207.41474647171515,955.8541666666666,313.2375
1640,2041,50.07531123292717,880.8528402204931,207.41474647171515,959.525,328.625
1640,2042,50.07531123292717,880.8528402204931,207.41474647171515,963.1958333333333,344.01250000000005
1640,2043,50.07531123292717,880.8528402204931,207.41474647171515,966.8666666666667,359.40000000000003
1640,2044,50.07531123292717,880.8528402204931,207.41474647171515,970.5374999999999,374.7875
1640,2045,50.07531123292717,880.8528402204931,207.41474647171515,974.2083333333333,390.175
1640,2046,50.07531123292717,880.8528402204931,207.41474647171515,977.8791666666666,405.5625
1640,2047,50.07531123292717,880.8528402204931,207.41474647171515,981.55,420.95000000000005
1640,2048,50.07531123292717,880.8528402204931,207.41474647171515,985.2208333333333,436.33750000000003
1640,2049,50.07531123292717,880.8528402204931,207.41474647171515,988.8916666666667,451.725
1640,2050,50.07531123292717,880.8528402204931,207.41474647171515,992.5625,467.11250000000007
1640,2051,50.07531123292717,880.8528402204931,207.41474647171515,996.2333333333332,482.5
1640,2052,50.07531123292717,880.8528402204931,207.41474647171515,999.9041666666666,497.88750000000005
1640,2053,50.07531123292717,880.8528402204931,207.41474647171515,1003.5749999999999,513.2750000000001
1640,2054,50.07531123292717,880.8528402204931,207.41474647171515,1007.2458333333333,528.6625
1640,2055,50.07531123292717,880.8528402204931,207.41474647171515,1010.9166666666666,544.05
1640,2056,50.07531123292717,880.8528402204931,207.41474647171515,1014.5874999999999,559.4375
1640,2057,50.07531123292717,880.8528402204931,207.41474647171515,1018.2583333333332,574.825
1640,2058,50.07531123292717,880.8528402204931,207.41474647171515,1021.9291666666666,590.2125000000001
1640,2059,50.07531123292717,880.8528402204931,207.41474647171515,1025.6,605.6
1640,2060,50.07531123292717,880.8528402204931,207.41474647171515,1025.6,605.6
1640,2061,50.07531123292717,880.8528402204931,207.41474647171515,1025.6,605.6
1640,2062,50.07531123292717,880.8528402204931,207.41474647171515,1025.6,605.6
1640,2063,50.07531123292717,880.8528402204931,207.41474647171515,1025.6,605.6
1640,2064,50.07531123292717,880.8528402204931,207.41474647171515,1025.6,605.6
1640,2065,50.07531123292717,880.8528402204931,207.41474647171515,1025.6,605.6
1640,2066,50.07531123292717,880.8528402204931,207.41474647171515,1025.6,605.6
1640,2067,50.07531123292717,880.8528402204931,207.41474647171515,1025.6,605.6
1640,2068,50.07531123292717,880.8528402204931,207.41474647171515,1025.6,605.6
1640,2069,50.07531123292717,880.8528402204931,207.41474647171515,1025.6,605.6
1640,2070,50.07531123292717,880.8528402204931,207.41474647171515,1025.6,605.6
1640,2071,50.07531123292717,880.8528402204931,207.41474647171515,1025.6,605.6
1640,2072,50.07531123292717,880.8528402204931,207.41474647171515,1025.6,605.6
1640,2073,50.07531123292717,880.8528402204931,207.41474647171515,1025.6,605.6
1640,2074,50.07531123292717,880.8528402204931,207.41474647171515,1025.6,605.6
1640,2075,50.07531123292717,880.8528402204931,207.41474647171515,1025.6,605.6
1640,2076,50.07531123292717,880.8528402204931,207.41474647171515,1025.6,605.6
1640,2077,50.07531123292717,880.8528402204931,207.41474647171515,1025.6,605.6
1640,2078,50.07531123292717,880.8528402204931,207.41474647171515,1025.6,605.6
1640,2079,50.07531123292717,880.8528402204931,207.41474647171515,1025.6,605.6
1640,2080,50.07531123292717,880.8528402204931,207.41474647171515,1025.6,605.6
1640,2081,50.07531123292717,880.8528402204931,207.41474647171515,1025.6,605.6
1640,2082,50.07531123292717,880.8528402204931,207.41474647171515,1025.6,605.6
1640,2083,50.07531123292717,880.8528402204931,207.41474647171515,1025.6,605.6
1640,2084,50.07531123292717,880.8528402204931,207.41474647171515,1025.6,605.6
1640,2085,50.07531123292717,880.8528402204931,207.41474647171515,1025.6,605.6
1640,2086,50.07531123292717,880.8528402204931,207.41474647171515,1025.6,605.6
1640,2087,50.07531123292717,880.8528402204931,207.41474647171515,1025.6,605.6
1640,2088,50.07531123292717,880.8528402204931,207.41474647171515,1025.6,605.6
1640,2089,50.07531123292717,880.8528402204931,207.41474647171515,1025.6,605.6
1640,2090,50.07531123292717,880.8528402204931,207.41474647171515,1025.6,605.6
1640,2091,50.07531123292717,880.8528402204931,207.41474647171515,1025.6,605.6
1640,2092,50.07531123292717,880.8528402204931,207.41474647171515,1025.6,605.6
1640,2093,50.07531123292717,880.8528402204931,207.41474647171515,1025.6,605.6
1640,2094,50.07531123292717,880.8528402204931,207.41474647171515,1025.6,605.6
1640,2095,50.07531123292717,880.8528402204931,207.41474647171515,1025.6,605.6
1640,2096,50.07531123292717,880.8528402204931,207.41474647171515,1025.6,605.6
1640,2097,50.07531123292717,880.8528402204931,207.41474647171515,1025.6,605.6
1640,2098,50.07531123292717,880.8528402204931,207.41474647171515,1025.6,605.6
1640,2099,50.07531123292717,880.8528402204931,207.41474647171515,1025.6,605.6
1640,2100,50.07531123292717,880.8528402204931,207.41474647171515,1025.6,605.6
1640,2101,50.07531123292717,880.8528402204931,207.41474647171515,1025.6,605.6
1640,2102,50.07531123292717,880.8528402204931,207.41474647171515,1025.6,605.6
1640,2103,50.07531123292717,880.8528402204931,207.41474647171515,1025.6,605.6
1640,2104,50.07531123292717,880.8528402204931,207.41474647171515,1025.6,605.6
1640,2105,50.07531123292717,880.8528402204931,207.41474647171515,1025.6,605.6
1640,2106,50.07531123292717,880.8528402204931,207.41474647171515,1025.6,605.6
1640,2107,50.07531123292717,880.8528402204931,207.41474647171515,1025.6,605.6
1640,2108,50.07531123292717,880.8528402204931,207.41474647171515,1025.6,605.6
1640,2109,50.07531123292717,880.8528402204931,207.41474647171515,1025.6,605.6
1640,2110,50.07531123292717,880.8528402204931,207.41474647171515,1025.6,605.6
1640,2111,50.07531123292717,880.8528402204931,207.41474647171515,1025.6,605.6
1640,2112,50.07531123292717,880.8528402204931,207.41474647171515,1025.6,605.6
1640,2113,50.07531123292717,880.8528402204931,207.41474647171515,1025.6,605.6
1640,2114,50.07531123292717,880.8528402204931,207.41474647171515,1025.6,605.6
1640,2115,50.07531123292717,880.8528402204931,207.41474647171515,1025.6,605.6
1640,2116,50.07531123292717,880.8528402204931,207.41474647171515,1025.6,605.6
1640,2117,50.07531123292717,880.8528402204931,207.41474647171515,1025.6,605.6
1640,2118,50.07531123292717,880.8528402204931,207.41474647171515,1025.6,605.6
1640,2119,50.07531123292717,880.8528402204931,207.41474647171515,1025.6,605.6
1640,2120,50.07531123292717,880.8528402204931,207.41474647171515,1025.6,605.6
1640,2121,50.07531123292717,880.8528402204931,207.41474647171515,1025.6,605.6
1640,2122,50.07531123292717,880.8528402204931,207.41474647171515,1025.6,605.6
1640,2123,50.07531123292717,880.8528402204931,207.41474647171515,1025.6,605.6
1640,2124,50.07531123292717,880.8528402204931,207.41474647171515,1025.6,605.6
1640,2125,50.07531123292717,880.8528402204931,207.41474647171515,1025.6,605.6
1640,2126,50.07531123292717,880.8528402204931,207.41474647171515,1025.6,605.6
1640,2127,50.07531123292717,880.8528402204931,207.41474647171515,1025.6,605.6
1640,2128,50.07531123292717,880.8528402204931,207.41474647171515,1025.6,605.6
1640,2129,50.07531123292717,880.8528402204931,207.41474647171515,1025.6,605.6
1640,2130,50.07531123292717,880.8528402204931,207.41474647171515,1025.6,605.6
1640,2131,50.07531123292717,880.8528402204931,207.41474647171515,1025.6,605.6
1640,2132,50.07531123292717,880.8528402204931,207.41474647171515,1025.6,605.6
1640,2133,50.07531123292717,880.8528402204931,207.41474647171515,1025.6,605.6
1640,2134,50.07531123292717,880.8528402204931,207.41474647171515,1025.6,605.6
1640,2135,50.07531123292717,880.8528402204931,207.41474647171515,1025.6,605.6
1640,2136,50.07531123292717,880.8528402204931,207.41474647171515,1025.6,605.6
1640,2137,50.07531123292717,880.8528402204931,207.41474647171515,1025.6,605.6
1640,2138,50.07531123292717,880.8528402204931,207.41474647171515,1025.6,605.6
1640,2139,50.07531123292717,880.8528402204931,207.41474647171515,1025.6,605.6
1640,2140,50.07531123292717,880.8528402204931,207.41474647171515,1025.6,605.6
1640,2141,50.07531123292717,880.8528402204931,207.41474647171515,1025.6,605.6
1640,2142,50.07531123292717,880.8528402204931,207.41474647171515,1025.6,605.6
1640,2143,50.07531123292717,880.8528402204931,207.41474647171515,1025.6,605.6
1640,2144,50.07531123292717,880.8528402204931,207.41474647171515,1025.6,605.6
1640,2145,50.07531123292717,880.8528402204931,207.41474647171515,1025.6,605.6
1640,2146,50.07531123292717,880.8528402204931,207.41474647171515,1025.6,605.6
1640,2147,50.07531123292717,880.8528402204931,207.41474647171515,1025.6,605.6
1640,2148,50.07531123292717,880.8528402204931,207.41474647171515,1025.6,605.6
1640,2149,50.07531123292717,880.8528402204931,207.41474647171515,1025.6,605.6
1640,2150,50.07531123292717,880.8528402204931,207.41474647171515,1025.6,605.6
1641,2151,134.6413668456599,880.8528402204931,207.41474647171515,1025.6,605.6
1642,2152,121.49424442725017,880.8528402204931,207.41474647171515,1025.6,605.6
1643,2153,109.05918365296647,880.8528402204931,207.41474647171515,1025.6,605.6
1644,2154,97.60870860930788,880.8528402204931,207.41474647171515,1025.6,605.6
1645,2155,87.53007940659192,880.8528402204931,207.41474647171515,1025.6,605.6
1646,2156,79.34777849879617,880.8528402204931,207.41474647171515,1025.6,605.6
1647,2157,73.69616985763896,880.8528402204931,207.41474647171515,1025.6,605.6
1648,2158,71.18062445567722,880.8528402204931,207.41474647171515,1025.6,605.6
1649,2158,71.18062445567722,880.8528402204931,207.41474647171515,1025.6,605.6
1650,2158,71.18062445567722,880.8528402204931,207.41474647171515,1025.6,605.6
1651,2158,71.18062445567722,880.8528402204931,207.41474647171515,1025.6,605.6
1652,2158,71.18062445567722,880.8528402204931,207.41474647171515,1025.6,605.6
1653,2158,71.18062445567722,880.8528402204931,207.41474647171515,1025.6,605.6
1654,2159,72.13000409910268,880.8528402204931,207.41474647171515,1025.6,605.6
1655,2160,76.41527355179191,880.8528402204931,207.41474647171515,1025.6,605.6
1656,2161,83.52455279662401,880.8528402204931,207.41474647171515,1025.6,605.6
1657,2162,92.81114240746692,880.8528402204931,207.41474647171515,1025.6,605.6
1658,2163,103.69168596037193,880.8528402204931,207.41474647171515,1025.6,605.6
1659,2164,115.71743026377618,880.8528402204931,207.41474647171515,1025.6,605.6
1660,2165,128.5674217818093,880.8528402204931,207.41474647171515,1025.6,605.6
1661,2166,142.01809943670418,880.8528402204931,207.41474647171515,1025.6,605.6
1662,2167,155.91407742352126,880.8528402204931,207.41474647171515,1025.6,605.6
1663,2168,170.14628663965667,880.8528402204931,207.41474647171515,1025.6,605.6
1664,2169,184.63699120956994,880.8528402204931,207.41474647171515,1025.6,605.6
1665,2170,199.32982349814998,880.8528402204931,207.41474647171515,1025.6,605.6
1666,2171,214.18319004045745,880.8528402204931,207.41474647171515,1025.6,605.6
1667,2172,150.54991054558687,880.8528402204931,207.41474647171515,1025.6,605.6
1668,2173,155.14773589442115,880.8528402204931,207.41474647171515,1025.6,605.6
1669,2174,161.17339944379194,880.8528402204931,207.41474647171515,1025.6,605.6
1670,2175,161.17339944379194,880.8528402204931,207.41474647171515,1025.6,605.6
1671,2176,161.17339944379194,880.8528402204931,207.41474647171515,1025.6,605.6
1672,2177,161.17339944379194,880.8528402204931,207.41474647171515,1025.6,605.6
1673,2178,161.17339944379194,880.8528402204931,207.41474647171515,1025.6,605.6
1674,2179,161.17339944379194,880.8528402204931,207.41474647171515,1025.6,605.6
1675,2180,161.17339944379194,880.8528402204931,207.41474647171515,1025.6,605.6
1676,2181,161.17339944379194,880.8528402204931,207.41474647171515,1025.6,605.6
1677,2182,161.17339944379194,880.8528402204931,207.41474647171515,1025.6,605.6
1678,2183,161.17339944379194,880.8528402204931,207.41474647171515,1025.6,605.6
1679,2184,161.17339944379194,880.8528402204931,207.41474647171515,1025.6,605.6
1680,2185,161.17339944379194,880.8528402204931,207.41474647171515,1025.6,605.6
1681,2186,161.17339944379194,880.8528402204931,207.41474647171515,1025.6,605.6
1682,2187,161.17339944379194,880.8528402204931,207.41474647171515,1025.6,605.6
1683,2188,161.17339944379194,880.8528402204931,207.41474647171515,1025.6,605.6
1684,2189,161.17339944379194,880.8528402204931,207.41474647171515,1025.6,605.6
1685,2190,161.17339944379194,880.8528402204931,207.41474647171515,1025.6,605.6
1686,2191,161.17339944379194,880.8528402204931,207.41474647171515,1025.6,605.6
1687,2192,161.17339944379194,880.8528402204931,207.41474647171515,1025.6,605.6
1688,2193,161.17339944379194,880.8528402204931,207.41474647171515,1025.6,605.6
1689,2194,161.17339944379194,880.8528402204931,207.41474647171515,1025.6,605.6
1690,2195,161.17339944379194,880.8528402204931,207.41474647171515,1025.6,605.6
1691,2196,161.17339944379194,637.8528402204931,267.41474647171515,1025.6,605.6
1692,2197,161.17339944379194,637.8528402204931,267.41474647171515,1025.6,605.6
1693,2198,161.17339944379194,637.8528402204931,267.41474647171515,1025.6,605.6
1694,2199,161.17339944379194,637.8528402204931,267.41474647171515,1025.6,605.6
1695,2200,161.17339944379194,637.8528402204931,267.41474647171515,1025.6,605.6
1696,2201,161.17339944379194,637.8528402204931,267.41474647171515,1025.6,605.6
1697,2202,161.17339944379194,637.8528402204931,267.41474647171515,1025.6,605.6
1698,2203,161.17339944379194,637.8528402204931,267.41474647171515,1025.6,605.6
1699,2204,161.17339944379194,637.8528402204931,267.41474647171515,1025.6,605.6
1700,2205,161.17339944379194,637.8528402204931,267.41474647171515,1025.6,605.6
1701,2206,161.17339944379194,637.8528402204931,267.41474647171515,1025.6,605.6
1702,2207,161.17339944379194,637.8528402204931,267.41474647171515,1027.2666666666667,607.4333333333334
1703,2208,161.17339944379194,637.8528402204931,267.41474647171515,1028.9333333333332,609.2666666666667
1704,2209,161.17339944379194,637.8528402204931,267.41474647171515,1030.6,611.1
1705,2210,161.17339944379194,637.8528402204931,267.41474647171515,1032.2666666666667,612.9333333333334
1706,2211,161.17339944379194,637.8528402204931,267.41474647171515,1033.9333333333332,614.7666666666667
1707,2212,161.17339944379194,637.8528402204931,267.41474647171515,1035.6,616.6
1708,2213,161.17339944379194,637.8528402204931,267.41474647171515,1037.2666666666667,618.4333333333334
1709,2214,161.17339944379194,637.8528402204931,267.41474647171515,1038.9333333333332,620.2666666666667
1710,2215,161.17339944379194,637.8528402204931,267.41474647171515,1040.6,622.1
1711,2216,161.17339944379194,637.8528402204931,267.41474647171515,1040.6,622.1
1712,2217,161.17339944379194,637.8528402204931,267.41474647171515,1040.6,622.1
1713,2218,161.17339944379194,637.8528402204931,267.41474647171515,1040.6,622.1
1714,2219,161.17339944379194,637.8528402204931,267.41474647171515,1040.6,622.1
1715,2220,161.17339944379194,637.8528402204931,267.41474647171515,1040.6,622.1
1716,2221,161.17339944379194,637.8528402204931,267.41474647171515,1040.6,622.1
1717,2222,161.17339944379194,637.8528402204931,267.41474647171515,1040.6,622.1
1718,2223,161.17339944379194,637.8528402204931,267.41474647171515,1040.6,622.1
1719,2224,161.17339944379194,637.8528402204931,267.41474647171515,1040.6,622.1
1720,2225,161.17339944379194,637.8528402204931,267.41474647171515,1040.6,622.1
1721,2226,161.17339944379194,637.8528402204931,267.41474647171515,1040.6,622.1
1722,2227,161.17339944379194,637.8528402204931,267.41474647171515,1040.6,622.1
1723,2228,161.17339944379194,637.8528402204931,267.41474647171515,1040.6,622.1
1724,2229,161.17339944379194,637.8528402204931,267.41474647171515,1040.6,622.1
1725,2230,161.17339944379194,637.8528402204931,267.41474647171515,1040.6,622.1
1726,2231,161.17339944379194,637.8528402204931,267.41474647171515,1040.6,622.1
1727,2232,161.17339944379194,637.8528402204931,267.41474647171515,1040.6,622.1
1728,2233,161.17339944379194,637.8528402204931,267.41474647171515,1040.6,622.1
1729,2234,161.17339944379194,637.8528402204931,267.41474647171515,1040.6,622.1
1730,2235,161.17339944379194,637.8528402204931,267.41474647171515,1040.6,622.1
1731,2236,161.17339944379194,637.8528402204931,267.41474647171515,1040.6,622.1
1732,2237,161.17339944379194,637.8528402204931,267.41474647171515,1040.6,622.1
1732,2238,161.17339944379194,637.8528402204931,267.41474647171515,1040.6,622.1
1732,2239,161.17339944379194,637.8528402204931,267.41474647171515,1040.6,622.1
1732,2240,161.17339944379194,637.8528402204931,267.41474647171515,1040.6,622.1
1732,2241,161.17339944379194,637.8528402204931,267.41474647171515,1040.6,622.1
1732,2242,161.17339944379194,637.8528402204931,267.41474647171515,1040.6,622.1
1732,2243,161.17339944379194,637.8528402204931,267.41474647171515,1040.6,622.1
1732,2244,161.17339944379194,637.8528402204931,267.41474647171515,1040.6,622.1
1732,2245,161.17339944379194,637.8528402204931,267.41474647171515,1040.6,622.1
1732,2246,161.17339944379194,637.8528402204931,267.41474647171515,1040.6,622.1
1732,2247,161.17339944379194,637.8528402204931,267.41474647171515,1040.6,622.1
1732,2248,161.17339944379194,637.8528402204931,267.41474647171515,1040.6,622.1
1732,2249,161.17339944379194,637.8528402204931,267.41474647171515,1040.6,622.1
1732,2250,161.17339944379194,637.8528402204931,267.41474647171515,1040.6,622.1
1732,2251,161.17339944379194,637.8528402204931,267.41474647171515,1040.6,622.1
1732,2252,161.17339944379194,637.8528402204931,267.41474647171515,1040.6,622.1
1732,2253,161.17339944379194,637.8528402204931,267.41474647171515,1040.6,622.1
1732,2254,161.17339944379194,637.8528402204931,267.41474647171515,1040.6,622.1
1732,2255,161.17339944379194,637.8528402204931,267.41474647171515,1040.6,622.1
1732,2256,161.17339944379194,637.8528402204931,267.41474647171515,1040.6,622.1
1732,2257,161.17339944379194,637.8528402204931,267.41474647171515,1040.6,622.1
1732,2258,161.17339944379194,637.8528402204931,267.41474647171515,1040.6,622.1
1732,2259,161.17339944379194,637.8528402204931,267.41474647171515,1040.6,622.1
1732,2260,161.17339944379194,637.8528402204931,267.41474647171515,1040.6,622.1
1732,2261,161.17339944379194,637.8528402204931,267.41474647171515,1040.6,622.1
1732,2262,161.17339944379194,637.8528402204931,267.41474647171515,1040.6,622.1
1732,2263,161.17339944379194,781.8528402204931,464.41474647171515,1040.6,622.1
1732,2264,161.17339944379194,781.8528402204931,464.41474647171515,1040.6,622.1
1732,2265,161.17339944379194,781.8528402204931,464.41474647171515,1040.6,622.1
1732,2266,161.17339944379194,781.8528402204931,464.41474647171515,1040.6,622.1
1732,2267,161.17339944379194,781.8528402204931,464.41474647171515,1040.6,622.1
1732,2268,161.17339944379194,781.8528402204931,464.41474647171515,1040.6,622.1
1732,2269,161.17339944379194,781.8528402204931,464.41474647171515,1040.6,622.1
1732,2270,161.17339944379194,781.8528402204931,464.41474647171515,1040.6,622.1
1732,2271,161.17339944379194,781.8528402204931,464.41474647171515,1040.6,622.1
1732,2272,161.17339944379194,781.8528402204931,464.41474647171515,1040.6,622.1
1732,2273,161.17339944379194,781.8528402204931,464.41474647171515,1040.6,622.1
1732,2274,161.17339944379194,781.8528402204931,464.41474647171515,1040.6,622.1
1732,2275,161.17339944379194,781.8528402204931,464.41474647171515,1038.6307692307691,606.1
1732,2276,161.17339944379194,781.8528402204931,464.41474647171515,1036.6615384615384,590.1
1732,2277,161.17339944379194,781.8528402204931,464.41474647171515,1034.6923076923076,574.1
1732,2278,161.17339944379194,781.8528402204931,464.41474647171515,1032.7230769230769,558.1
1732,2279,161.17339944379194,781.8528402204931,464.41474647171515,1030.753846153846,542.1
1732,2280,161.17339944379194,781.8528402204931,464.41474647171515,1028.7846153846153,526.1
1732,2281,161.17339944379194,781.8528402204931,464.41474647171515,1026.8153846153846,510.1
1732,2282,161.17339944379194,781.8528402204931,464.41474647171515,1024.8461538461538,494.1
1732,2283,161.17339944379194,781.8528402204931,464.41474647171515,1022.876923076923,478.1
1732,2284,161.17339944379194,781.8528402204931,464.41474647171515,1020.9076923076923,462.1
1732,2285,161.17339944379194,781.8528402204931,464.41474647171515,1018.9384615384615,446.1
1732,2286,161.17339944379194,781.8528402204931,464.41474647171515,1016.9692307692308,430.1
1732,2287,161.17339944379194,781.8528402204931,464.41474647171515,1015.0,414.1
1732,2288,161.17339944379194,781.8528402204931,464.41474647171515,1013.0307692307691,398.1
1732,2289,161.17339944379194,781.8528402204931,464.41474647171515,1011.0615384615384,382.1
1732,2290,161.17339944379194,781.8528402204931,464.41474647171515,1009.0923076923076,366.1
1732,2291,161.17339944379194,781.8528402204931,464.41474647171515,1007.1230769230768,350.1
1732,2292,161.17339944379194,781.8528402204931,464.41474647171515,1005.1538461538461,334.1
1732,2293,161.17339944379194,781.8528402204931,464.41474647171515,1003.1846153846153,318.1
1732,2294,161.17339944379194,781.8528402204931,464.41474647171515,1001.2153846153846,302.1
1732,2295,161.17339944379194,781.8528402204931,464.41474647171515,999.2461538461538,286.1
1732,2296,161.17339944379194,781.8528402204931,464.41474647171515,997.276923076923,270.1
1732,2297,161.17339944379194,925.8528402204931,661.4147464717151,995.3076923076923,254.10000000000002
1732,2298,161.17339944379194,925.8528402204931,661.4147464717151,993.3384615384615,238.10000000000002
1732,2299,161.17339944379194,925.8528402204931,661.4147464717151,991.3692307692307,222.10000000000002
1732,2300,161.17339944379194,925.8528402204931,661.4147464717151,989.4,206.1
1732,2301,161.17339944379194,925.8528402204931,661.4147464717151,989.4,206.1
1732,2302,161.17339944379194,925.8528402204931,661.4147464717151,989.4,206.1
1732,2303,161.17339944379194,925.8528402204931,661.4147464717151,989.4,206.1
1732,2304,161.17339944379194,925.8528402204931,661.4147464717151,989.4,206.1
1732,2305,161.17339944379194,925.8528402204931,661.4147464717151,989.4,206.1
1732,2306,161.17339944379194,925.8528402204931,661.4147464717151,989.4,206.1
1732,2307,161.17339944379194,925.8528402204931,661.4147464717151,989.4,206.1
1732,2308,161.17339944379194,925.8528402204931,661.4147464717151,989.4,206.1
1732,2309,161.17339944379194,925.8528402204931,661.4147464717151,989.4,206.1
1732,2310,161.17339944379194,925.8528402204931,661.4147464717151,989.4,206.1
1732,2311,161.17339944379194,925.8528402204931,661.4147464717151,989.4,206.1
1732,2312,161.17339944379194,925.8528402204931,661.4147464717151,989.4,206.1
1732,2313,161.17339944379194,925.8528402204931,661.4147464717151,989.4,206.1
1732,2314,161.17339944379194,925.8528402204931,661.4147464717151,989.4,206.1
1732,2315,161.17339944379194,925.8528402204931,661.4147464717151,989.4,206.1
1732,2316,161.17339944379194,925.8528402204931,661.4147464717151,989.4,206.1
1732,2317,161.17339944379194,925.8528402204931,661.4147464717151,989.4,206.1
1732,2318,161.17339944379194,925.8528402204931,661.4147464717151,989.4,206.1
1732,2319,161.17339944379194,925.8528402204931,661.4147464717151,989.4,206.1
1732,2320,161.17339944379194,925.8528402204931,661.4147464717151,989.4,206.1
1732,2321,161.17339944379194,925.8528402204931,661.4147464717151,989.4,206.1
1732,2322,161.17339944379194,925.8528402204931,661.4147464717151,989.4,206.1
1732,2323,161.17339944379194,925.8528402204931,661.4147464717151,989.4,206.1
1732,2324,161.17339944379194,925.8528402204931,661.4147464717151,989.4,206.1
1732,2325,161.17339944379194,925.8528402204931,661.4147464717151,989.4,206.1
1732,2326,161.17339944379194,925.8528402204931,661.4147464717151,989.4,206.1
1732,2327,161.0264161745697,925.8528402204931,661.4147464717151,989.4,206.1
1732,2328,160.9174524455354,925.8528402204931,661.4147464717151,989.4,206.1
1732,2329,160.84658552445032,925.8528402204931,661.4147464717151,989.4,206.1
1732,2330,160.81386577644744,925.8528402204931,661.4147464717151,989.4,206.1
1732,2331,160.8193164854086,925.8528402204931,661.4147464717151,989.4,206.1
1732,2332,160.8629337712094,925.8528402204931,661.4147464717151,989.4,206.1
1732,2333,160.9446866035185,925.8528402204931,661.4147464717151,989.4,206.1
1732,2334,161.06451691203398,925.8528402204931,661.4147464717151,989.4,206.1
1732,2335,161.22233979224688,925.8528402204931,661.4147464717151,989.4,206.1
1732,2336,161.22233979224688,925.8528402204931,661.4147464717151,989.4,206.1
1732,2337,161.22233979224688,925.8528402204931,661.4147464717151,989.4,206.1
1732,2338,161.22233979224688,925.8528402204931,661.4147464717151,989.4,206.1
1732,2339,161.22233979224688,925.8528402204931,661.4147464717151,989.4,206.1
1732,2340,161.22233979224688,925.8528402204931,661.4147464717151,989.4,206.1
1732,2341,161.22233979224688,925.8528402204931,661.4147464717151,989.4,206.1
1732,2342,161.22233979224688,925.8528402204931,661.4147464717151,989.4,206.1
1732,2343,161.22233979224688,925.8528402204931,661.4147464717151,989.4,206.1
1732,2344,161.22233979224688,925.8528402204931,661.4147464717151,989.4,206.1
1732,2345,161.22233979224688,925.8528402204931,661.4147464717151,989.4,206.1
1732,2346,161.22233979224688,925.8528402204931,661.4147464717151,989.4,206.1
1732,2347,161.22233979224688,925.8528402204931,661.4147464717151,989.4,206.1
1732,2348,161.22233979224688,925.8528402204931,661.4147464717151,989.4,206.1
1732,2349,161.22233979224688,925.8528402204931,661.4147464717151,989.4,206.1
1732,2350,161.22233979224688,925.8528402204931,661.4147464717151,989.4,206.1
1732,2351,161.22233979224688,925.8528402204931,661.4147464717151,989.4,206.1
1732,2352,161.22233979224688,925.8528402204931,661.4147464717151,989.4,206.1
1732,2353,161.22233979224688,925.8528402204931,661.4147464717151,989.4,206.1
1732,2354,161.22233979224688,925.8528402204931,661.4147464717151,989.4,206.1
1732,2355,161.22233979224688,925.8528402204931,661.4147464717151,989.4,206.1
1732,2356,161.22233979224688,925.8528402204931,661.4147464717151,989.4,206.1
1732,2357,161.22233979224688,925.8528402204931,661.4147464717151,989.4,206.1
1732,2358,161.22233979224688,925.8528402204931,661.4147464717151,989.4,206.1
1732,2359,161.22233979224688,925.8528402204931,661.4147464717151,989.4,206.1
1732,2360,161.22233979224688,925.8528402204931,661.4147464717151,989.4,206.1
1732,2361,161.22233979224688,925.8528402204931,661.4147464717151,989.4,206.1
1732,2362,161.22233979224688,925.8528402204931,661.4147464717151,989.4,206.1
1732,2363,161.22233979224688,925.8528402204931,661.4147464717151,989.4,206.1
1732,2364,161.22233979224688,925.8528402204931,661.4147464717151,989.4,206.1
1732,2365,161.22233979224688,925.8528402204931,661.4147464717151,989.4,206.1
1732,2366,161.22233979224688,925.8528402204931,661.4147464717151,989.4,206.1
1732,2367,161.22233979224688,925.8528402204931,661.4147464717151,989.4,206.1
1732,2368,161.22233979224688,925.8528402204931,661.4147464717151,989.4,206.1
1732,2369,161.22233979224688,925.8528402204931,661.4147464717151,989.4,206.1
1732,2370,161.22233979224688,925.8528402204931,661.4147464717151,989.4,206.1
1732,2371,161.22233979224688,925.8528402204931,661.4147464717151,989.4,206.1
1732,2372,161.22233979224688,925.8528402204931,661.4147464717151,989.4,206.1
1732,2373,161.22233979224688,925.8528402204931,661.4147464717151,989.4,206.1
1732,2374,161.22233979224688,925.8528402204931,661.4147464717151,989.4,206.1
1732,2375,161.22233979224688,925.8528402204931,661.4147464717151,989.4,206.1
1732,2376,161.22233979224688,925.8528402204931,661.4147464717151,989.4,206.1
1732,2377,161.22233979224688,925.8528402204931,661.4147464717151,989.4,206.1
1732,2378,161.22233979224688,925.8528402204931,661.4147464717151,989.4,206.1
1732,2379,161.22233979224688,925.8528402204931,661.4147464717151,989.4,206.1
1732,2380,161.22233979224688,925.8528402204931,661.4147464717151,989.4,206.1
1732,2381,161.22233979224688,925.8528402204931,661.4147464717151,989.4,206.1
1732,2382,161.22233979224688,925.8528402204931,661.4147464717151,989.4,206.1
1732,2383,161.22233979224688,925.8528402204931,661.4147464717151,989.4,206.1
1732,2384,161.22233979224688,925.8528402204931,661.4147464717151,989.4,206.1
1732,2385,161.22233979224688,925.8528402204931,661.4147464717151,989.4,206.1
1732,2386,161.22233979224688,925.8528402204931,661.4147464717151,989.4,206.1
1732,2387,161.22233979224688,925.8528402204931,661.4147464717151,989.4,206.1
1732,2388,161.22233979224688,925.8528402204931,661.4147464717151,989.4,206.1
1732,2389,161.22233979224688,925.8528402204931,661.4147464717151,989.4,206.1
1732,2390,161.22233979224688,925.8528402204931,661.4147464717151,989.4,206.1
1732,2391,161.22233979224688,925.8528402204931,661.4147464717151,993.3818181818182,205.71818181818182
1732,2392,161.22233979224688,925.8528402204931,661.4147464717151,997.3636363636364,205.33636363636364
1732,2393,161.22233979224688,925.8528402204931,661.4147464717151,1001.3454545454546,204.95454545454544
1732,2394,161.22233979224688,925.8528402204931,661.4147464717151,1005.3272727272728,204.57272727272726
1732,2395,151.5148759602736,925.8528402204931,661.4147464717151,1009.309090909091,204.1909090909091
1732,2396,142.9707248567778,925.8528402204931,661.4147464717151,1013.290909090909,203.8090909090909
1732,2397,135.8096257064748,925.8528402204931,661.4147464717151,1017.2727272727273,203.42727272727274
1732,2398,130.25988040313135,925.8528402204931,661.4147464717151,1021.2545454545455,203.04545454545456
1732,2399,126.5336879664398,925.8528402204931,661.4147464717151,1025.2363636363636,202.66363636363636
1732,2400,124.79450179308218,925.8528402204931,661.4147464717151,1029.2181818181818,202.28181818181818
1733,2401,153.42396069738336,925.8528402204931,661.4147464717151,1033.2,201.9
1734,2402,137.73919526963505,925.8528402204931,661.4147464717151,1033.2,201.9
1735,2403,122.16798210098271,925.8528402204931,661.4147464717151,1033.2,201.9
1736,2404,106.76001839345284,925.8528402204931,661.4147464717151,1033.2,201.9
1737,2405,91.59772346384875,925.8528402204931,661.4147464717151,1033.2,201.9
1738,2406,76.8266887207434,925.8528402204931,661.4147464717151,1033.2,201.9
1739,2407,62.72394276090483,925.8528402204931,661.4147464717151,1033.2,201.9
1740,2408,49.85981980309904,925.8528402204931,661.4147464717151,1033.2,201.9
1741,2409,39.46474383252363,925.8528402204931,661.4147464717151,1033.2,201.9
1742,2410,33.89227228116887,925.8528402204931,661.4147464717151,1033.2,201.9
1743,2410,33.89227228116887,925.8528402204931,661.4147464717151,1033.2,201.9
1744,2410,33.89227228116887,925.8528402204931,661.4147464717151,1033.2,201.9
1745,2410,33.89227228116887,925.8528402204931,661.4147464717151,1033.2,201.9
1746,2410,33.89227228116887,925.8528402204931,661.4147464717151,1033.2,201.9
1747,2410,33.89227228116887,925.8528402204931,661.4147464717151,1033.2,201.9
1748,2410,33.89227228116887,925.8528402204931,661.4147464717151,1033.2,201.9
1749,2410,33.89227228116887,925.8528402204931,661.4147464717151,1033.2,201.9
1750,2410,33.89227228116887,925.8528402204931,661.4147464717151,1033.2,201.9
1751,2410,33.89227228116887,925.8528402204931,661.4147464717151,1033.2,201.9
1752,2410,33.89227228116887,925.8528402204931,661.4147464717151,1033.2,201.9
1753,2410,33.89227228116887,925.8528402204931,661.4147464717151,1033.2,201.9
1754,2410,33.89227228116887,925.8528402204931,661.4147464717151,1033.2,201.9
1755,2410,33.89227228116887,925.8528402204931,661.4147464717151,1033.2,201.9
1756,2410,33.89227228116887,925.8528402204931,661.4147464717151,1033.2,201.9
1757,2410,33.89227228116887,925.8528402204931,661.4147464717151,1033.2,201.9
1758,2410,33.89227228116887,925.8528402204931,661.4147464717151,1033.2,201.9
1759,2410,33.89227228116887,925.8528402204931,661.4147464717151,1033.2,201.9
1760,2410,33.89227228116887,925.8528402204931,661.4147464717151,1033.2,201.9
1761,2410,33.89227228116887,925.8528402204931,661.4147464717151,1033.2,201.9
1762,2410,33.89227228116887,762.8528402204931,472.41474647171515,1033.2,201.9
1763,2411,35.49171698636223,762.8528402204931,472.41474647171515,1033.2,201.9
1764,2412,43.47865647124056,762.8528402204931,472.41474647171515,1033.2,201.9
1765,2413,55.14418284908423,762.8528402204931,472.41474647171515,1033.2,201.9
1766,2414,68.63762798412611,762.8528402204931,472.41474647171515,1033.2,201.9
1767,2415,102.19134361553935,762.8528402204931,472.41474647171515,1033.2,201.9
1768,2416,89.19379437349285,762.8528402204931,472.41474647171515,1033.2,201.9
1769,2417,77.38055918108621,762.8528402204931,472.41474647171515,1033.2,201.9
1770,2418,67.37747890251771,762.8528402204931,472.41474647171515,1033.2,201.9
1771,2419,60.09537525455533,762.8528402204931,472.41474647171515,1033.2,201.9
1772,2420,56.59451678702977,762.8528402204931,472.41474647171515,1033.2,201.9
1773,2421,56.59451678702977,762.8528402204931,472.41474647171515,1033.2,201.9
1774,2422,56.59451678702977,762.8528402204931,472.41474647171515,1033.2,201.9
1775,2423,56.59451678702977,762.8528402204931,472.41474647171515,1033.2,201.9
1776,2424,56.59451678702977,762.8528402204931,472.41474647171515,1033.2,201.9
1777,2425,56.59451678702977,762.8528402204931,472.41474647171515,1033.2,201.9
1778,2426,56.59451678702977,762.8528402204931,472.41474647171515,1033.2,201.9
1779,2427,56.59451678702977,762.8528402204931,472.41474647171515,1033.2,201.9
1780,2428,56.59451678702977,762.8528402204931,472.41474647171515,1033.2,201.9
1781,2429,56.59451678702977,762.8528402204931,472.41474647171515,1033.2,201.9
1782,2430,56.59451678702977,762.8528402204931,472.41474647171515,1033.2,201.9
1783,2431,56.59451678702977,762.8528402204931,472.41474647171515,1033.2,201.9
1784,2432,56.59451678702977,762.8528402204931,472.41474647171515,1033.2,201.9
1785,2433,56.59451678702977,762.8528402204931,472.41474647171515,1033.2,201.9
1786,2434,56.59451678702977,762.8528402204931,472.41474647171515,1033.2,201.9
1787,2435,56.59451678702977,762.8528402204931,472.41474647171515,1033.2,201.9
1788,2436,56.59451678702977,762.8528402204931,472.41474647171515,1033.2,201.9
1789,2437,56.59451678702977,762.8528402204931,472.41474647171515,1033.2,201.9
1790,2438,56.59451678702977,762.8528402204931,472.41474647171515,1033.2,201.9
1791,2439,56.59451678702977,762.8528402204931,472.41474647171515,1033.2,201.9
1792,2440,56.59451678702977,762.8528402204931,472.41474647171515,1033.2,201.9
1793,2441,56.59451678702977,762.8528402204931,472.41474647171515,1033.2,201.9
1794,2442,56.59451678702977,762.8528402204931,472.41474647171515,1033.2,201.9
1795,2443,56.59451678702977,598.8528402204931,282.41474647171515,1033.2,201.9
1796,2444,56.59451678702977,598.8528402204931,282.41474647171515,1033.2,201.9
1797,2445,56.59451678702977,598.8528402204931,282.41474647171515,1033.2,201.9
1798,2446,56.59451678702977,598.8528402204931,282.41474647171515,1033.2,201.9
1799,2447,56.59451678702977,598.8528402204931,282.41474647171515,1033.2,201.9
1800,2448,56.59451678702977,598.8528402204931,282.41474647171515,1033.2,201.9
1801,2449,56.59451678702977,598.8528402204931,282.41474647171515,1033.2,201.9
1802,2450,56.59451678702977,598.8528402204931,282.41474647171515,1033.2,201.9
1803,2451,56.59451678702977,598.8528402204931,282.41474647171515,1033.2,201.9
1804,2452,56.59451678702977,598.8528402204931,282.41474647171515,1033.2,201.9
1805,2453,56.59451678702977,598.8528402204931,282.41474647171515,1033.2,201.9
1806,2454,56.59451678702977,598.8528402204931,282.41474647171515,1033.2,201.9
1807,2455,56.59451678702977,598.8528402204931,282.41474647171515,1033.2,201.9
1808,2456,56.59451678702977,598.8528402204931,282.41474647171515,1033.2,201.9
1809,2457,56.59451678702977,598.8528402204931,282.41474647171515,1033.2,201.9
1810,2458,56.59451678702977,598.8528402204931,282.41474647171515,1033.2,201.9
1811,2459,56.59451678702977,598.8528402204931,282.41474647171515,1033.2,201.9
1812,2460,56.59451678702977,598.8528402204931,282.41474647171515,1033.2,201.9
1813,2461,56.59451678702977,598.8528402204931,282.41474647171515,1033.2,201.9
1814,2462,56.59451678702977,598.8528402204931,282.41474647171515,1033.2,201.9
1815,2463,56.59451678702977,598.8528402204931,282.41474647171515,1033.2,201.9
1816,2464,56.59451678702977,598.8528402204931,282.41474647171515,1033.2,201.9
1817,2465,56.59451678702977,598.8528402204931,282.41474647171515,1033.2,201.9
1818,2466,56.59451678702977,598.8528402204931,282.41474647171515,1033.2,201.9
1819,2467,56.59451678702977,598.8528402204931,282.41474647171515,1033.2,201.9
1820,2468,56.59451678702977,598.8528402204931,282.41474647171515,1033.2,201.9
1821,2469,56.59451678702977,598.8528402204931,282.41474647171515,1033.2,201.9
1822,2470,56.59451678702977,598.8528402204931,282.41474647171515,1033.2,201.9
1823,2471,56.59451678702977,598.8528402204931,282.41474647171515,1033.2,201.9
1824,2472,56.59451678702977,598.8528402204931,282.41474647171515,1033.2,201.9
1825,2473,56.59451678702977,598.8528402204931,282.41474647171515,1033.2,201.9
1826,2474,56.59451678702977,598.8528402204931,282.41474647171515,1033.2,201.9
1827,2475,56.59451678702977,598.8528402204931,282.41474647171515,1033.2,201.9
1828,2476,56.59451678702977,598.8528402204931,282.41474647171515,1033.2,201.9
1829,2477,56.59451678702977,598.8528402204931,282.41474647171515,1033.2,201.9
1830,2478,56.59451678702977,598.8528402204931,282.41474647171515,1033.2,201.9
1831,2479,56.59451678702977,598.8528402204931,282.41474647171515,1033.2,201.9
1832,2480,56.59451678702977,598.8528402204931,282.41474647171515,1033.2,201.9
1833,2481,56.59451678702977,598.8528402204931,282.41474647171515,1033.2,201.9
1834,2482,56.59451678702977,598.8528402204931,282.41474647171515,1033.2,201.9
1835,2483,56.59451678702977,598.8528402204931,282.41474647171515,1033.2,201.9
1836,2484,56.59451678702977,598.8528402204931,282.41474647171515,1033.2,201.9
1837,2485,56.59451678702977,598.8528402204931,282.41474647171515,1033.2,201.9
1838,2486,56.59451678702977,598.8528402204931,282.41474647171515,1033.2,201.9
1839,2487,56.59451678702977,598.8528402204931,282.41474647171515,1033.2,201.9
1840,2488,56.59451678702977,598.8528402204931,282.41474647171515,1033.2,201.9
1841,2489,56.59451678702977,598.8528402204931,282.41474647171515,1033.2,201.9
1842,2490,56.59451678702977,598.8528402204931,282.41474647171515,1033.2,201.9
1843,2491,56.59451678702977,598.8528402204931,282.41474647171515,1033.2,201.9
1844,2492,56.59451678702977,598.8528402204931,282.41474647171515,1033.2,201.9
1845,2493,56.59451678702977,598.8528402204931,282.41474647171515,1033.2,201.9
1846,2494,56.59451678702977,598.8528402204931,282.41474647171515,1033.2,201.9
1847,2495,56.59451678702977,598.8528402204931,282.41474647171515,1033.2,201.9
1848,2496,56.59451678702977,598.8528402204931,282.41474647171515,1033.2,201.9
1849,2497,56.59451678702977,598.8528402204931,282.41474647171515,1033.2,201.9
1850,2498,56.59451678702977,598.8528402204931,282.41474647171515,1033.2,201.9
1851,2499,56.59451678702977,598.8528402204931,282.41474647171515,1033.2,201.9
1852,2500,56.59451678702977,598.8528402204931,282.41474647171515,1033.2,201.9
1853,2501,56.59451678702977,598.8528402204931,282.41474647171515,1033.2,201.9
1854,2502,56.59451678702977,598.8528402204931,282.41474647171515,1033.2,201.9
1855,2503,56.59451678702977,598.8528402204931,282.41474647171515,1033.2,201.9
1856,2504,56.59451678702977,598.8528402204931,282.41474647171515,1033.2,201.9
1857,2505,56.59451678702977,598.8528402204931,282.41474647171515,1033.2,201.9
1858,2506,56.59451678702977,598.8528402204931,282.41474647171515,1033.2,201.9
1859,2507,56.59451678702977,598.8528402204931,282.41474647171515,1033.2,201.9
1860,2508,56.59451678702977,598.8528402204931,282.41474647171515,1033.2,201.9
1861,2509,56.59451678702977,598.8528402204931,282.41474647171515,1033.2,201.9
1862,2510,56.59451678702977,598.8528402204931,282.41474647171515,1033.2,201.9
1863,2510,56.59451678702977,598.8528402204931,282.41474647171515,1033.2,201.9
1864,2510,56.59451678702977,598.8528402204931,282.41474647171515,1033.2,201.9
1865,2510,56.59451678702977,598.8528402204931,282.41474647171515,1033.2,201.9
1866,2510,56.59451678702977,598.8528402204931,282.41474647171515,1033.2,201.9
1867,2510,217.59363691460456,598.8528402204931,282.41474647171515,1033.2,201.9
1868,2510,217.59363691460456,598.8528402204931,282.41474647171515,1033.2,201.9
1869,2510,217.59363691460456,598.8528402204931,282.41474647171515,1033.2,201.9
1870,2510,217.59363691460456,598.8528402204931,282.41474647171515,1033.2,201.9
1871,2510,217.59363691460456,598.8528402204931,282.41474647171515,1033.2,201.9
1872,2510,217.59363691460456,598.8528402204931,282.41474647171515,1033.2,201.9
1873,2510,217.59363691460456,598.8528402204931,282.41474647171515,1033.2,201.9
1874,2510,217.59363691460456,598.8528402204931,282.41474647171515,1033.2,201.9
1875,2510,217.59363691460456,598.8528402204931,282.41474647171515,1033.2,201.9
1876,2510,217.59363691460456,598.8528402204931,282.41474647171515,1033.2,201.9
1877,2510,217.59363691460456,598.8528402204931,282.41474647171515,1033.2,201.9
1878,2510,217.59363691460456,598.8528402204931,282.41474647171515,1033.2,201.9
1879,2510,217.59363691460456,598.8528402204931,282.41474647171515,1033.2,201.9
1880,2510,217.59363691460456,598.8528402204931,282.41474647171515,1033.2,201.9
1881,2510,217.59363691460456,598.8528402204931,282.41474647171515,1033.2,201.9
1882,2510,217.59363691460456,598.8528402204931,282.41474647171515,1033.2,201.9
1883,2510,217.59363691460456,598.8528402204931,282.41474647171515,1033.2,201.9
1884,2510,217.59363691460456,598.8528402204931,282.41474647171515,1033.2,201.9
1885,2510,217.59363691460456,598.8528402204931,282.41474647171515,1033.2,201.9
1886,2510,217.59363691460456,598.8528402204931,282.41474647171515,1033.2,201.9
1887,2510,217.59363691460456,598.8528402204931,282.41474647171515,1033.2,201.9
1888,2510,217.59363691460456,598.8528402204931,282.41474647171515,1033.2,201.9
1889,2510,217.59363691460456,598.8528402204931,282.41474647171515,1033.2,201.9
1890,2510,217.59363691460456,598.8528402204931,282.41474647171515,1033.2,201.9
1891,2510,217.59363691460456,598.8528402204931,282.41474647171515,1033.2,201.9
1892,2510,217.59363691460456,598.8528402204931,282.41474647171515,1033.2,201.9
1893,2511,221.59370712732692,598.8528402204931,282.41474647171515,1033.2,201.9
1894,2512,225.5937777808873,598.8528402204931,282.41474647171515,1033.2,201.9
1895,2513,229.59384885224438,598.8528402204931,282.41474647171515,1033.2,201.9
1896,2514,233.59392031993508,598.8528402204931,282.41474647171515,1033.2,201.9
1897,2515,237.5939921639416,598.8528402204931,282.41474647171515,1033.2,201.9
1898,2516,241.59406436557194,598.8528402204931,282.41474647171515,1033.2,201.9
1899,2517,245.59413690735207,598.8528402204931,282.41474647171515,1033.2,201.9
1900,2518,411.69242369848763,598.8528402204931,282.41474647171515,1033.2,201.9
1901,2519,415.69231057046125,598.8528402204931,282.41474647171515,1033.2,201.9
1902,2520,419.6922011741421,598.8528402204931,282.41474647171515,1033.2,201.9
1903,2521,423.692095403842,598.8528402204931,282.41474647171515,1033.2,201.9
1904,2522,423.692095403842,598.8528402204931,282.41474647171515,1033.2,201.9
1905,2523,423.692095403842,598.8528402204931,282.41474647171515,1033.2,201.9
1906,2524,423.692095403842,598.8528402204931,282.41474647171515,1033.2,201.9
1907,2525,423.692095403842,598.8528402204931,282.41474647171515,1033.2,201.9
1908,2526,423.692095403842,598.8528402204931,282.41474647171515,1033.2,201.9
1909,2527,423.692095403842,598.8528402204931,282.41474647171515,1033.2,201.9
1910,2528,423.692095403842,598.8528402204931,282.41474647171515,1033.2,201.9
1911,2529,423.692095403842,598.8528402204931,282.41474647171515,1033.2,201.9
1912,2530,423.692095403842,598.8528402204931,282.41474647171515,1033.2,201.9
1913,2531,423.692095403842,598.8528402204931,282.41474647171515,1033.2,201.9
1914,2532,423.692095403842,598.8528402204931,282.41474647171515,1033.2,201.9
1915,2533,423.692095403842,598.8528402204931,282.41474647171515,1033.2,201.9
1916,2534,423.692095403842,598.8528402204931,282.41474647171515,1033.2,201.9
1917,2535,423.692095403842,598.8528402204931,282.41474647171515,1033.2,201.9
1918,2536,423.692095403842,598.8528402204931,282.41474647171515,1033.2,201.9
1919,2537,423.692095403842,598.8528402204931,282.41474647171515,1033.2,201.9
1920,2538,423.692095403842,598.8528402204931,282.41474647171515,1033.2,201.9
1921,2539,423.692095403842,598.8528402204931,282.41474647171515,1033.2,201.9
1922,2540,423.692095403842,598.8528402204931,282.41474647171515,1033.2,201.9
1923,2541,423.692095403842,598.8528402204931,282.41474647171515,1033.2,201.9
1924,2542,423.692095403842,598.8528402204931,282.41474647171515,1033.2,201.9
1925,2543,423.692095403842,598.8528402204931,282.41474647171515,1033.2,201.9
1926,2544,423.692095403842,598.8528402204931,282.41474647171515,1033.2,201.9
1927,2545,423.692095403842,598.8528402204931,282.41474647171515,1033.2,201.9
1928,2546,423.692095403842,598.8528402204931,282.41474647171515,1033.2,201.9
1929,2547,423.692095403842,598.8528402204931,282.41474647171515,1033.2,201.9
1930,2548,423.692095403842,598.8528402204931,282.41474647171515,1033.2,201.9
1931,2549,423.692095403842,598.8528402204931,282.41474647171515,1033.2,201.9
1932,2550,423.692095403842,598.8528402204931,282.41474647171515,1033.2,201.9
1933,2551,423.692095403842,598.8528402204931,282.41474647171515,1033.2,201.9
1934,2552,423.692095403842,598.8528402204931,282.41474647171515,1033.2,201.9
1935,2553,423.692095403842,598.8528402204931,282.41474647171515,1033.2,201.9
1936,2554,423.692095403842,598.8528402204931,282.41474647171515,1033.2,201.9
1937,2555,423.692095403842,598.8528402204931,282.41474647171515,1033.2,201.9
1938,2556,423.692095403842,598.8528402204931,282.41474647171515,1033.2,201.9
1939,2557,423.692095403842,598.8528402204931,282.41474647171515,1033.2,201.9
1940,2558,423.692095403842,598.8528402204931,282.41474647171515,1033.2,201.9
1941,2559,423.692095403842,598.8528402204931,282.41474647171515,1033.2,201.9
1942,2560,423.692095403842,598.8528402204931,282.41474647171515,1033.2,201.9
1943,2561,423.692095403842,598.8528402204931,282.41474647171515,1033.2,201.9
1944,2562,423.692095403842,598.8528402204931,282.41474647171515,1033.2,201.9
1945,2563,423.692095403842,598.8528402204931,282.41474647171515,1033.2,201.9
1946,2564,423.692095403842,598.8528402204931,282.41474647171515,1033.2,201.9
1947,2565,423.692095403842,598.8528402204931,282.41474647171515,1033.2,201.9
1948,2566,423.692095403842,598.8528402204931,282.41474647171515,1033.2,201.9
1949,2567,423.692095403842,598.8528402204931,282.41474647171515,1033.2,201.9
1950,2568,423.692095403842,598.8528402204931,282.41474647171515,1033.2,201.9
1951,2569,423.692095403842,598.8528402204931,282.41474647171515,1033.2,201.9
1952,2570,423.692095403842,598.8528402204931,282.41474647171515,1033.2,201.9
1953,2571,423.692095403842,598.8528402204931,282.41474647171515,1033.2,201.9
1954,2572,423.692095403842,598.8528402204931,282.41474647171515,1033.2,201.9
1955,2573,423.692095403842,598.8528402204931,282.41474647171515,1033.2,201.9
1956,2574,423.692095403842,598.8528402204931,282.41474647171515,1033.2,201.9
1957,2575,423.692095403842,598.8528402204931,282.41474647171515,1033.2,201.9
1958,2576,423.692095403842,598.8528402204931,282.41474647171515,1033.2,201.9
1959,2577,423.692095403842,598.8528402204931,282.41474647171515,1033.2,201.9
1960,2578,423.692095403842,598.8528402204931,282.41474647171515,1033.2,201.9
1961,2579,423.692095403842,598.8528402204931,282.41474647171515,1033.2,201.9
1962,2580,423.692095403842,598.8528402204931,282.41474647171515,1033.2,201.9
1963,2581,423.692095403842,598.8528402204931,282.41474647171515,1033.2,201.9
1964,2582,423.692095403842,598.8528402204931,282.41474647171515,1033.2,201.9
1965,2583,423.692095403842,598.8528402204931,282.41474647171515,1033.2,201.9
1966,2584,423.692095403842,598.8528402204931,282.41474647171515,1033.2,201.9
1967,2585,287.3946219196924,598.8528402204931,282.41474647171515,1033.2,201.9
1968,2586,287.3946219196924,598.8528402204931,282.41474647171515,1033.2,201.9
1969,2587,287.3946219196924,598.8528402204931,282.41474647171515,1033.2,201.9
1970,2588,287.3946219196924,598.8528402204931,282.41474647171515,1033.2,201.9
1971,2589,287.3946219196924,598.8528402204931,282.41474647171515,1033.2,201.9
1972,2590,287.3946219196924,598.8528402204931,282.41474647171515,1033.2,201.9
1973,2591,287.3946219196924,598.8528402204931,282.41474647171515,1033.2,201.9
1974,2592,287.3946219196924,598.8528402204931,282.41474647171515,1033.2,201.9
1975,2593,287.3946219196924,598.8528402204931,282.41474647171515,1033.2,201.9
1976,2594,287.3946219196924,598.8528402204931,282.41474647171515,1033.2,201.9
1977,2595,287.3946219196924,598.8528402204931,282.41474647171515,1033.2,201.9
1978,2596,287.3946219196924,598.8528402204931,282.41474647171515,1033.2,201.9
1979,2597,287.3946219196924,598.8528402204931,282.41474647171515,1033.2,201.9
1980,2598,287.3946219196924,598.8528402204931,282.41474647171515,1033.2,201.9
1981,2599,287.3946219196924,598.8528402204931,282.41474647171515,1033.2,201.9
1982,2600,287.3946219196924,598.8528402204931,282.41474647171515,1033.2,201.9
1983,2601,287.3946219196924,598.8528402204931,282.41474647171515,1033.2,201.9
1984,2602,287.3946219196924,598.8528402204931,282.41474647171515,1033.2,201.9
1985,2603,287.3946219196924,598.8528402204931,282.41474647171515,1033.2,201.9
1986,2604,287.3946219196924,598.8528402204931,282.41474647171515,1033.2,201.9
1987,2605,287.3946219196924,598.8528402204931,282.41474647171515,1033.2,201.9
1988,2606,287.3946219196924,598.8528402204931,282.41474647171515,1033.2,201.9
1989,2607,287.3946219196924,598.8528402204931,282.41474647171515,1033.2,201.9
1990,2608,287.3946219196924,598.8528402204931,282.41474647171515,1033.2,201.9
1991,2609,287.3946219196924,598.8528402204931,282.41474647171515,1033.2,201.9
1992,2610,287.3946219196924,598.8528402204931,282.41474647171515,1033.2,201.9
1993,2611,287.3946219196924,598.8528402204931,282.41474647171515,1033.2,201.9
1994,2612,287.3946219196924,598.8528402204931,282.41474647171515,1033.2,201.9
1995,2613,287.3946219196924,598.8528402204931,282.41474647171515,1033.2,201.9
1996,2614,287.3946219196924,598.8528402204931,282.41474647171515,1033.2,201.9
1997,2615,287.3946219196924,598.8528402204931,282.41474647171515,1033.2,201.9
1998,2616,287.3946219196924,598.8528402204931,282.41474647171515,1033.2,201.9
1999,2617,287.3946219196924,598.8528402204931,282.41474647171515,1033.2,201.9
2000,2618,152.44694002022442,598.8528402204931,282.41474647171515,1033.2,201.9
2001,2619,152.44694002022442,598.8528402204931,282.41474647171515,1033.2,201.9
2002,2620,152.44694002022442,598.8528402204931,282.41474647171515,1033.2,201.9
2003,2621,152.44694002022442,598.8528402204931,282.41474647171515,1033.2,201.9
2004,2622,152.44694002022442,598.8528402204931,282.41474647171515,1033.2,201.9
2005,2623,152.44694002022442,598.8528402204931,282.41474647171515,1033.2,201.9
2006,2624,152.44694002022442,598.8528402204931,282.41474647171515,1033.2,201.9
2007,2625,152.44694002022442,598.8528402204931,282.41474647171515,1033.2,201.9
2008,2626,152.44694002022442,598.8528402204931,282.41474647171515,1033.2,201.9
2009,2627,152.44694002022442,598.8528402204931,282.41474647171515,1033.2,201.9
2010,2628,152.44694002022442,598.8528402204931,282.41474647171515,1033.2,201.9
2011,2629,152.44694002022442,598.8528402204931,282.41474647171515,1033.2,201.9
2012,2630,152.44694002022442,598.8528402204931,282.41474647171515,1033.2,201.9
2013,2631,152.44694002022442,598.8528402204931,282.41474647171515,1033.2,201.9
2014,2632,152.44694002022442,598.8528402204931,282.41474647171515,1033.2,201.9
2015,2633,152.44694002022442,598.8528402204931,282.41474647171515,1033.2,201.9
2016,2634,152.44694002022442,598.8528402204931,282.41474647171515,1033.2,201.9
2017,2635,152.44694002022442,598.8528402204931,282.41474647171515,1033.2,201.9
2018,2636,152.44694002022442,598.8528402204931,282.41474647171515,1033.2,201.9
2019,2637,152.44694002022442,598.8528402204931,282.41474647171515,1033.2,201.9
2020,2638,152.44694002022442,598.8528402204931,282.41474647171515,1033.2,201.9
2021,2639,152.44694002022442,598.8528402204931,282.41474647171515,1033.2,201.9
2022,2640,152.44694002022442,598.8528402204931,282.41474647171515,1033.2,201.9
2023,2641,152.44694002022442,598.8528402204931,282.41474647171515,1033.2,201.9
2024,2642,152.44694002022442,598.8528402204931,282.41474647171515,1033.2,201.9
2025,2643,152.44694002022442,598.8528402204931,282.41474647171515,1033.2,201.9
2026,2644,152.44694002022442,598.8528402204931,282.41474647171515,1033.2,201.9
2027,2645,152.44694002022442,598.8528402204931,282.41474647171515,1033.2,201.9
2028,2646,152.44694002022442,598.8528402204931,282.41474647171515,1033.2,201.9
2029,2647,152.44694002022442,598.8528402204931,282.41474647171515,1033.2,201.9
2030,2648,152.44694002022442,598.8528402204931,282.41474647171515,1033.2,201.9
2031,2649,152.44694002022442,598.8528402204931,282.41474647171515,1033.2,201.9
2032,2650,152.44694002022442,598.8528402204931,282.41474647171515,1033.2,201.9
2033,2651,152.44694002022442,598.8528402204931,282.41474647171515,1033.2,201.9
2034,2652,152.44694002022442,598.8528402204931,282.41474647171515,1033.2,201.9
2035,2653,152.44694002022442,598.8528402204931,282.41474647171515,1033.2,201.9
2036,2654,152.44694002022442,598.8528402204931,282.41474647171515,1033.2,201.9
2037,2655,152.44694002022442,598.8528402204931,282.41474647171515,1033.2,201.9
2038,2656,152.44694002022442,598.8528402204931,282.41474647171515,1033.2,201.9
2039,2657,152.44694002022442,598.8528402204931,282.41474647171515,1033.2,201.9
2040,2658,152.44694002022442,598.8528402204931,282.41474647171515,1033.2,201.9
2041,2659,152.44694002022442,598.8528402204931,282.41474647171515,1033.2,201.9
2042,2660,152.44694002022442,598.8528402204931,282.41474647171515,1033.2,201.9
2043,2661,152.44694002022442,598.8528402204931,282.41474647171515,1033.2,201.9
2044,2662,152.44694002022442,598.8528402204931,282.41474647171515,1033.2,201.9
2045,2663,152.44694002022442,598.8528402204931,282.41474647171515,1033.2,201.9
2046,2664,152.44694002022442,598.8528402204931,282.41474647171515,1033.2,201.9
2047,2665,152.44694002022442,598.8528402204931,282.41474647171515,1033.2,201.9
2048,2666,152.44694002022442,598.8528402204931,282.41474647171515,1033.2,201.9
2049,2667,152.44694002022442,598.8528402204931,282.41474647171515,1033.2,201.9
2050,2668,152.44694002022442,598.8528402204931,282.41474647171515,1033.2,201.9
2051,2669,152.44694002022442,598.8528402204931,282.41474647171515,1033.2,201.9
2052,2670,152.44694002022442,598.8528402204931,282.41474647171515,1033.2,201.9
2053,2671,152.44694002022442,598.8528402204931,282.41474647171515,1033.2,201.9
2054,2672,152.44694002022442,598.8528402204931,282.41474647171515,1033.2,201.9
2055,2673,152.44694002022442,598.8528402204931,282.41474647171515,1033.2,201.9
2056,2674,152.44694002022442,598.8528402204931,282.41474647171515,1033.2,201.9
2057,2675,152.44694002022442,598.8528402204931,282.41474647171515,1033.2,201.9
2058,2676,152.44694002022442,598.8528402204931,282.41474647171515,1033.2,201.9
2059,2677,152.44694002022442,598.8528402204931,282.41474647171515,1033.2,201.9
2060,2678,152.44694002022442,598.8528402204931,282.41474647171515,1033.2,201.9
2061,2679,152.44694002022442,598.8528402204931,282.41474647171515,1033.2,201.9
2062,2680,152.44694002022442,598.8528402204931,282.41474647171515,1033.2,201.9
2063,2681,152.44694002022442,598.8528402204931,282.41474647171515,1033.2,201.9
2064,2682,152.44694002022442,598.8528402204931,282.41474647171515,1033.2,201.9
2065,2683,152.44694002022442,598.8528402204931,282.41474647171515,1033.2,201.9
2066,2684,152.44694002022442,598.8528402204931,282.41474647171515,1033.2,201.9
2067,2685,152.44694002022442,598.8528402204931,282.41474647171515,1033.2,201.9
2068,2686,152.44694002022442,598.8528402204931,282.41474647171515,1033.2,201.9
2069,2687,152.44694002022442,598.8528402204931,282.41474647171515,1033.2,201.9
2070,2688,152.44694002022442,598.8528402204931,282.41474647171515,1033.2,201.9
2071,2689,152.44694002022442,598.8528402204931,282.41474647171515,1033.2,201.9
2072,2690,152.44694002022442,598.8528402204931,282.41474647171515,1033.2,201.9
2073,2691,152.44694002022442,598.8528402204931,282.41474647171515,1033.2,201.9
2074,2692,152.44694002022442,598.8528402204931,282.41474647171515,1033.2,201.9
2075,2693,152.44694002022442,598.8528402204931,282.41474647171515,1033.2,201.9
2076,2694,152.44694002022442,598.8528402204931,282.41474647171515,1033.2,201.9
2077,2695,152.44694002022442,598.8528402204931,282.41474647171515,1033.2,201.9
2078,2696,152.44694002022442,598.8528402204931,282.41474647171515,1033.2,201.9
2079,2697,152.44694002022442,598.8528402204931,282.41474647171515,1033.2,201.9
2080,2698,152.44694002022442,598.8528402204931,282.41474647171515,1033.2,201.9
2081,2699,152.44694002022442,598.8528402204931,282.41474647171515,1033.2,201.9
2082,2700,152.44694002022442,598.8528402204931,282.41474647171515,1033.2,201.9
2083,2701,152.44694002022442,598.8528402204931,282.41474647171515,1033.2,201.9
2084,2702,152.44694002022442,598.8528402204931,282.41474647171515,1033.2,201.9
2085,2703,152.44694002022442,598.8528402204931,282.41474647171515,1033.2,201.9
2086,2704,152.44694002022442,598.8528402204931,282.41474647171515,1033.2,201.9
2087,2705,152.44694002022442,598.8528402204931,282.41474647171515,1033.2,201.9
2088,2706,152.44694002022442,598.8528402204931,282.41474647171515,1033.2,201.9
2089,2707,152.44694002022442,598.8528402204931,282.41474647171515,1033.2,201.9
2090,2708,152.44694002022442,598.8528402204931,282.41474647171515,1033.2,201.9
2091,2709,152.44694002022442,598.8528402204931,282.41474647171515,1033.2,201.9
2092,2710,152.44694002022442,598.8528402204931,282.41474647171515,1033.2,201.9
2093,2711,152.44694002022442,598.8528402204931,282.41474647171515,1033.2,201.9
2094,2712,152.44694002022442,598.8528402204931,282.41474647171515,1033.2,201.9
2095,2713,152.44694002022442,598.8528402204931,282.41474647171515,1033.2,201.9
2096,2714,152.44694002022442,598.8528402204931,282.41474647171515,1033.2,201.9
2097,2715,152.44694002022442,598.8528402204931,282.41474647171515,1033.2,201.9
2098,2716,152.44694002022442,598.8528402204931,282.41474647171515,1033.2,201.9
2099,2717,152.44694002022442,598.8528402204931,282.41474647171515,1033.2,201.9
2100,2718,152.44694002022442,598.8528402204931,282.41474647171515,1033.2,201.9
2101,2719,152.44694002022442,598.8528402204931,282.41474647171515,1033.2,201.9
2102,2720,152.44694002022442,598.8528402204931,282.41474647171515,1033.2,201.9
2103,2721,152.44694002022442,598.8528402204931,282.41474647171515,1033.2,201.9
2104,2722,152.44694002022442,598.8528402204931,282.41474647171515,1033.2,201.9
2105,2723,152.44694002022442,598.8528402204931,282.41474647171515,1033.2,201.9
2106,2724,152.44694002022442,598.8528402204931,282.41474647171515,1033.2,201.9
2107,2725,152.44694002022442,598.8528402204931,282.41474647171515,1033.2,201.9
2108,2726,152.44694002022442,598.8528402204931,282.41474647171515,1033.2,201.9
2109,2727,152.44694002022442,598.8528402204931,282.41474647171515,1033.2,201.9
2110,2728,152.44694002022442,598.8528402204931,282.41474647171515,1033.2,201.9
2111,2729,152.44694002022442,598.8528402204931,282.41474647171515,1033.2,201.9
2112,2730,152.44694002022442,598.8528402204931,282.41474647171515,1033.2,201.9
2113,2731,152.44694002022442,598.8528402204931,282.41474647171515,1033.2,201.9
2114,2732,152.44694002022442,598.8528402204931,282.41474647171515,1033.2,201.9
2115,2733,152.44694002022442,598.8528402204931,282.41474647171515,1033.2,201.9
2116,2734,152.44694002022442,598.8528402204931,282.41474647171515,1033.2,201.9
2117,2735,152.44694002022442,598.8528402204931,282.41474647171515,1033.2,201.9
2118,2736,152.44694002022442,598.8528402204931,282.41474647171515,1033.2,201.9
2119,2737,152.44694002022442,598.8528402204931,282.41474647171515,1033.2,201.9
2120,2738,152.44694002022442,598.8528402204931,282.41474647171515,1033.2,201.9
2121,2739,152.44694002022442,598.8528402204931,282.41474647171515,1033.2,201.9
2122,2740,152.44694002022442,598.8528402204931,282.41474647171515,1033.2,201.9
2123,2741,152.44694002022442,598.8528402204931,282.41474647171515,1033.2,201.9
2124,2742,152.44694002022442,598.8528402204931,282.41474647171515,1033.2,201.9
2125,2743,152.44694002022442,598.8528402204931,282.41474647171515,1033.2,201.9
2126,2744,152.44694002022442,598.8528402204931,282.41474647171515,1033.2,201.9
2127,2745,152.44694002022442,598.8528402204931,282.41474647171515,1033.2,201.9
2128,2746,152.44694002022442,598.8528402204931,282.41474647171515,1033.2,201.9
2129,2747,152.44694002022442,598.8528402204931,282.41474647171515,1033.2,201.9
2130,2748,152.44694002022442,598.8528402204931,282.41474647171515,1033.2,201.9
2131,2749,152.44694002022442,598.8528402204931,282.41474647171515,1033.2,201.9
2132,2750,152.44694002022442,598.8528402204931,282.41474647171515,1033.2,201.9
2133,2751,152.44694002022442,598.8528402204931,282.41474647171515,1033.2,201.9
2134,2752,152.44694002022442,598.8528402204931,282.41474647171515,1033.2,201.9
2135,2753,152.44694002022442,598.8528402204931,282.41474647171515,1033.2,201.9
2136,2754,152.44694002022442,598.8528402204931,282.41474647171515,1033.2,201.9
2137,2755,152.44694002022442,598.8528402204931,282.41474647171515,1033.2,201.9
2138,2756,152.44694002022442,598.8528402204931,282.41474647171515,1032.2111111111112,206.96666666666667
2139,2757,152.44694002022442,598.8528402204931,282.41474647171515,1031.2222222222222,212.03333333333333
2140,2758,152.44694002022442,598.8528402204931,282.41474647171515,1030.2333333333333,217.1
2141,2759,152.44694002022442,598.8528402204931,282.41474647171515,1029.2444444444445,222.16666666666669
2142,2760,152.44694002022442,598.8528402204931,282.41474647171515,1028.2555555555555,227.23333333333335
2143,2761,152.44694002022442,598.8528402204931,282.41474647171515,1027.2666666666667,232.3
2144,2762,152.44694002022442,598.8528402204931,282.41474647171515,1026.2777777777778,237.36666666666667
2145,2763,152.44694002022442,598.8528402204931,282.41474647171515,1025.2888888888888,242.43333333333334
2146,2764,152.44694002022442,598.8528402204931,282.41474647171515,1024.3,247.5
2147,2765,152.44694002022442,598.8528402204931,282.41474647171515,1024.3,247.5
2148,2766,152.44694002022442,598.8528402204931,282.41474647171515,1024.3,247.5
2149,2767,152.44694002022442,598.8528402204931,282.41474647171515,1024.3,247.5
2150,2768,152.44694002022442,598.8528402204931,282.41474647171515,1024.3,247.5
2151,2769,152.44694002022442,598.8528402204931,282.41474647171515,1024.3,247.5
2152,2770,152.44694002022442,598.8528402204931,282.41474647171515,1024.3,247.5
2153,2771,152.44694002022442,598.8528402204931,282.41474647171515,1024.3,247.5
2154,2772,152.44694002022442,598.8528402204931,282.41474647171515,1024.3,247.5
2155,2773,152.44694002022442,598.8528402204931,282.41474647171515,1024.3,247.5
2156,2774,152.44694002022442,598.8528402204931,282.41474647171515,1024.3,247.5
2157,2775,152.44694002022442,598.8528402204931,282.41474647171515,1024.3,247.5
2158,2776,152.44694002022442,598.8528402204931,282.41474647171515,1024.3,247.5
2159,2777,152.44694002022442,598.8528402204931,282.41474647171515,1024.3,247.5
2160,2778,152.44694002022442,598.8528402204931,282.41474647171515,1024.3,247.5
2161,2779,152.44694002022442,598.8528402204931,282.41474647171515,1024.3,247.5
2162,2780,152.44694002022442,844.8528402204931,399.41474647171515,1024.3,247.5
2163,2781,152.44694002022442,844.8528402204931,399.41474647171515,1024.3,247.5
2164,2782,152.44694002022442,844.8528402204931,399.41474647171515,1024.3,247.5
2165,2783,152.44694002022442,844.8528402204931,399.41474647171515,1024.3,247.5
2166,2784,152.44694002022442,844.8528402204931,399.41474647171515,1024.3,247.5
2167,2785,152.44694002022442,844.8528402204931,399.41474647171515,1024.3,247.5
2168,2786,152.44694002022442,844.8528402204931,399.41474647171515,1024.3,247.5
2169,2787,152.44694002022442,844.8528402204931,399.41474647171515,1024.3,247.5
2170,2788,152.44694002022442,844.8528402204931,399.41474647171515,1024.3,247.5
2171,2789,152.44694002022442,844.8528402204931,399.41474647171515,1024.3,247.5
2172,2790,152.44694002022442,844.8528402204931,399.41474647171515,1024.3,247.5
2173,2791,152.44694002022442,844.8528402204931,399.41474647171515,1024.3,247.5
2174,2792,152.44694002022442,844.8528402204931,399.41474647171515,1024.3,247.5
2175,2793,152.44694002022442,844.8528402204931,399.41474647171515,1024.3,247.5
2176,2794,152.44694002022442,844.8528402204931,399.41474647171515,1024.3,247.5
2177,2795,152.44694002022442,844.8528402204931,399.41474647171515,1024.3,247.5
2178,2796,152.44694002022442,844.8528402204931,399.41474647171515,1024.3,247.5
2179,2797,152.44694002022442,844.8528402204931,399.41474647171515,1024.3,247.5
2180,2798,152.44694002022442,844.8528402204931,399.41474647171515,1024.3,247.5
2181,2799,152.44694002022442,844.8528402204931,399.41474647171515,1024.3,247.5
2182,2800,152.44694002022442,844.8528402204931,399.41474647171515,1024.3,247.5
2183,2801,152.44694002022442,844.8528402204931,399.41474647171515,1024.3,247.5
2184,2802,152.44694002022442,844.8528402204931,399.41474647171515,1024.3,247.5
2185,2803,152.44694002022442,844.8528402204931,399.41474647171515,1024.3,247.5
2186,2804,152.44694002022442,844.8528402204931,399.41474647171515,1024.3,247.5
2187,2805,152.44694002022442,844.8528402204931,399.41474647171515,1024.3,247.5
2188,2806,152.44694002022442,844.8528402204931,399.41474647171515,1024.3,247.5
2189,2807,152.44694002022442,844.8528402204931,399.41474647171515,1024.3,247.5
2190,2808,152.44694002022442,844.8528402204931,399.41474647171515,1024.3,247.5
2191,2809,152.44694002022442,844.8528402204931,399.41474647171515,1024.3,247.5
2192,2810,152.44694002022442,844.8528402204931,399.41474647171515,1024.3,247.5
2193,2811,152.44694002022442,844.8528402204931,399.41474647171515,1024.3,247.5
2194,2812,152.44694002022442,844.8528402204931,399.41474647171515,1024.3,247.5
2195,2813,152.44694002022442,844.8528402204931,399.41474647171515,1024.3,247.5
2196,2814,152.44694002022442,844.8528402204931,399.41474647171515,1024.3,247.5
2197,2815,152.44694002022442,844.8528402204931,399.41474647171515,1024.3,247.5
2198,2816,152.44694002022442,844.8528402204931,399.41474647171515,1024.3,247.5
2199,2817,152.44694002022442,844.8528402204931,399.41474647171515,1024.3,247.5
2200,2818,152.44694002022442,844.8528402204931,399.41474647171515,1024.3,247.5
2201,2819,152.44694002022442,844.8528402204931,399.41474647171515,1024.3,247.5
2202,2820,152.44694002022442,844.8528402204931,399.41474647171515,1024.3,247.5
2203,2821,152.44694002022442,844.8528402204931,399.41474647171515,1024.3,247.5
2204,2822,152.44694002022442,844.8528402204931,399.41474647171515,1024.3,247.5
2205,2823,152.44694002022442,844.8528402204931,399.41474647171515,1024.3,247.5
2206,2824,152.44694002022442,844.8528402204931,399.41474647171515,1024.3,247.5
2207,2825,152.44694002022442,844.8528402204931,399.41474647171515,1024.3,247.5
2208,2826,152.44694002022442,844.8528402204931,399.41474647171515,1023.3321428571428,264.26785714285717
2209,2827,152.44694002022442,844.8528402204931,399.41474647171515,1022.3642857142856,281.0357142857143
2210,2828,152.44694002022442,844.8528402204931,399.41474647171515,1021.3964285714285,297.80357142857144
2211,2829,152.44694002022442,844.8528402204931,399.41474647171515,1020.4285714285714,314.57142857142856
2212,2830,152.44694002022442,844.8528402204931,399.41474647171515,1019.4607142857143,331.3392857142857
2213,2831,152.44694002022442,844.8528402204931,399.41474647171515,1018.4928571428571,348.1071428571429
2214,2832,152.44694002022442,844.8528402204931,399.41474647171515,1017.525,364.875
2215,2833,152.44694002022442,844.8528402204931,399.41474647171515,1016.5571428571428,381.6428571428571
2216,2834,152.44694002022442,844.8528402204931,399.41474647171515,1015.5892857142857,398.4107142857143
2217,2835,152.44694002022442,844.8528402204931,399.41474647171515,1014.6214285714285,415.17857142857144
2218,2836,152.44694002022442,844.8528402204931,399.41474647171515,1013.6535714285715,431.94642857142856
2219,2837,152.44694002022442,844.8528402204931,399.41474647171515,1012.6857142857143,448.7142857142857
2220,2838,152.44694002022442,844.8528402204931,399.41474647171515,1011.7178571428572,465.4821428571429
2221,2839,152.44694002022442,844.8528402204931,399.41474647171515,1010.75,482.25
2222,2840,152.44694002022442,844.8528402204931,399.41474647171515,1009.7821428571428,499.0178571428571
2223,2841,152.44694002022442,844.8528402204931,399.41474647171515,1008.8142857142857,515.7857142857142
2224,2842,152.44694002022442,844.8528402204931,399.41474647171515,1007.8464285714285,532.5535714285714
2225,2843,152.44694002022442,844.8528402204931,399.41474647171515,1006.8785714285715,549.3214285714286
2226,2844,152.44694002022442,844.8528402204931,399.41474647171515,1005.9107142857143,566.0892857142858
2227,2845,152.44694002022442,844.8528402204931,399.41474647171515,1004.9428571428572,582.8571428571429
2228,2846,152.44694002022442,844.8528402204931,399.41474647171515,1003.975,599.625
2229,2847,152.44694002022442,844.8528402204931,399.41474647171515,1003.0071428571429,616.3928571428571
2230,2848,152.44694002022442,844.8528402204931,399.41474647171515,1002.0392857142857,633.1607142857142
2231,2849,152.44694002022442,844.8528402204931,399.41474647171515,1001.0714285714286,649.9285714285714
2232,2850,152.44694002022442,844.8528402204931,399.41474647171515,1000.1035714285715,666.6964285714286
2233,2851,152.44694002022442,844.8528402204931,399.41474647171515,999.1357142857144,683.4642857142858
2234,2852,152.44694002022442,844.8528402204931,399.41474647171515,998.1678571428572,700.2321428571429
2235,2853,152.44694002022442,844.8528402204931,399.41474647171515,997.2,717.0
2236,2854,152.44694002022442,844.8528402204931,399.41474647171515,997.2,717.0
2237,2855,152.44694002022442,844.8528402204931,399.41474647171515,997.2,717.0
2238,2856,152.44694002022442,844.8528402204931,399.41474647171515,997.2,717.0
2239,2857,152.44694002022442,844.8528402204931,399.41474647171515,997.2,717.0
2240,2858,152.44694002022442,844.8528402204931,399.41474647171515,997.2,717.0
2241,2859,152.44694002022442,844.8528402204931,399.41474647171515,997.2,717.0
2242,2860,152.44694002022442,844.8528402204931,399.41474647171515,997.2,717.0
2243,2861,152.44694002022442,844.8528402204931,399.41474647171515,997.2,717.0
2244,2862,152.44694002022442,844.8528402204931,399.41474647171515,997.2,717.0
2245,2863,152.44694002022442,844.8528402204931,399.41474647171515,997.2,717.0
2246,2864,152.44694002022442,844.8528402204931,399.41474647171515,997.2,717.0
2247,2865,152.44694002022442,844.8528402204931,399.41474647171515,997.2,717.0
2248,2866,152.44694002022442,844.8528402204931,399.41474647171515,997.2,717.0
2249,2867,152.44694002022442,844.8528402204931,399.41474647171515,997.2,717.0
2250,2868,152.44694002022442,844.8528402204931,399.41474647171515,997.2,717.0
2251,2869,152.44694002022442,844.8528402204931,399.41474647171515,997.2,717.0
2252,2870,152.44694002022442,844.8528402204931,399.41474647171515,997.2,717.0
2253,2871,152.44694002022442,844.8528402204931,399.41474647171515,997.2,717.0
2254,2872,152.44694002022442,844.8528402204931,399.41474647171515,997.2,717.0
2255,2873,152.44694002022442,844.8528402204931,399.41474647171515,997.2,717.0
2256,2874,152.44694002022442,844.8528402204931,399.41474647171515,997.2,717.0
2257,2875,152.44694002022442,844.8528402204931,399.41474647171515,997.2,717.0
2258,2876,152.44694002022442,844.8528402204931,399.41474647171515,997.2,717.0
2259,2877,152.44694002022442,844.8528402204931,399.41474647171515,997.2,717.0
2260,2878,152.44694002022442,844.8528402204931,399.41474647171515,997.2,717.0
2261,2879,152.44694002022442,844.8528402204931,399.41474647171515,997.2,717.0
2262,2880,152.44694002022442,844.8528402204931,399.41474647171515,997.2,717.0
2263,2881,152.44694002022442,844.8528402204931,399.41474647171515,997.2,717.0
2264,2882,152.44694002022442,844.8528402204931,399.41474647171515,997.2,717.0
2265,2883,152.44694002022442,844.8528402204931,399.41474647171515,997.2,717.0
2266,2884,152.44694002022442,844.8528402204931,399.41474647171515,997.2,717.0
2267,2885,152.44694002022442,844.8528402204931,399.41474647171515,997.2,717.0
2268,2886,152.44694002022442,844.8528402204931,399.41474647171515,997.2,717.0
2269,2887,152.44694002022442,844.8528402204931,399.41474647171515,997.2,717.0
2270,2888,152.44694002022442,844.8528402204931,399.41474647171515,997.2,717.0
2271,2889,152.44694002022442,844.8528402204931,399.41474647171515,997.2,717.0
2272,2890,152.44694002022442,844.8528402204931,399.41474647171515,997.2,717.0
2273,2891,152.44694002022442,844.8528402204931,399.41474647171515,997.2,717.0
2274,2892,152.44694002022442,844.8528402204931,399.41474647171515,997.2,717.0
2275,2893,152.44694002022442,844.8528402204931,399.41474647171515,997.2,717.0
2276,2894,152.44694002022442,844.8528402204931,399.41474647171515,997.2,717.0
2277,2895,152.44694002022442,844.8528402204931,399.41474647171515,997.2,717.0
2278,2896,152.44694002022442,844.8528402204931,399.41474647171515,997.2,717.0
2279,2897,152.44694002022442,844.8528402204931,399.41474647171515,997.2,717.0
2280,2898,152.44694002022442,844.8528402204931,399.41474647171515,997.2,717.0
2281,2899,152.44694002022442,844.8528402204931,399.41474647171515,997.2,717.0
2282,2900,152.44694002022442,844.8528402204931,399.41474647171515,997.2,717.0
2283,2901,152.44694002022442,844.8528402204931,399.41474647171515,997.2,717.0
2284,2902,152.44694002022442,844.8528402204931,399.41474647171515,997.2,717.0
2285,2903,152.44694002022442,844.8528402204931,399.41474647171515,997.2,717.0
2286,2904,152.44694002022442,844.8528402204931,399.41474647171515,997.2,717.0
2287,2905,152.44694002022442,844.8528402204931,399.41474647171515,997.2,717.0
2288,2906,152.44694002022442,844.8528402204931,399.41474647171515,997.2,717.0
2289,2907,152.44694002022442,844.8528402204931,399.41474647171515,997.2,717.0
2290,2908,152.44694002022442,844.8528402204931,399.41474647171515,997.2,717.0
2291,2909,152.44694002022442,844.8528402204931,399.41474647171515,997.2,717.0
2292,2910,152.44694002022442,844.8528402204931,399.41474647171515,997.2,717.0
2293,2911,152.44694002022442,844.8528402204931,399.41474647171515,997.2,717.0
2294,2912,152.44694002022442,844.8528402204931,399.41474647171515,997.2,717.0
2295,2913,152.44694002022442,844.8528402204931,399.41474647171515,997.2,717.0
2296,2914,152.44694002022442,844.8528402204931,399.41474647171515,997.2,717.0
2297,2915,152.44694002022442,844.8528402204931,399.41474647171515,997.2,717.0
2298,2916,152.44694002022442,844.8528402204931,399.41474647171515,997.2,717.0
2299,2917,152.44694002022442,844.8528402204931,399.41474647171515,997.2,717.0
2300,2918,152.44694002022442,844.8528402204931,399.41474647171515,997.2,717.0
2301,2919,152.44694002022442,844.8528402204931,399.41474647171515,997.2,717.0
2302,2920,152.44694002022442,844.8528402204931,399.41474647171515,997.2,717.0
2303,2921,152.44694002022442,844.8528402204931,399.41474647171515,997.2,717.0
2304,2922,152.44694002022442,844.8528402204931,399.41474647171515,997.2,717.0
2305,2923,152.44694002022442,844.8528402204931,399.41474647171515,997.2,717.0
2306,2924,152.44694002022442,844.8528402204931,399.41474647171515,997.2,717.0
2307,2925,152.44694002022442,844.8528402204931,399.41474647171515,997.2,717.0
2308,2926,151.3589341350864,844.8528402204931,399.41474647171515,997.2,717.0
2309,2927,150.44029509469937,844.8528402204931,399.41474647171515,997.2,717.0
2310,2928,149.69414102944197,844.8528402204931,399.41474647171515,997.2,717.0
2311,2929,149.1230611059069,844.8528402204931,399.41474647171515,997.2,717.0
2312,2930,148.72907205163665,844.8528402204931,399.41474647171515,997.2,717.0
2313,2931,148.5135832770095,844.8528402204931,399.41474647171515,997.2,717.0
2314,2932,148.47737196928324,844.8528402204931,399.41474647171515,997.2,717.0
2315,2933,148.6205691710399,844.8528402204931,399.41474647171515,997.2,717.0
2316,2934,386.9599519700719,844.8528402204931,399.41474647171515,997.2,717.0
2317,2935,386.9599519700719,844.8528402204931,399.41474647171515,987.5774193548388,701.4064516129032
2318,2936,386.9599519700719,844.8528402204931,399.41474647171515,977.9548387096775,685.8129032258065
2319,2937,386.9599519700719,844.8528402204931,399.41474647171515,968.3322580645162,670.2193548387097
2320,2938,386.9599519700719,844.8528402204931,399.41474647171515,958.7096774193549,654.6258064516129
2321,2939,386.9599519700719,844.8528402204931,399.41474647171515,949.0870967741936,639.0322580645161
2322,2940,386.9599519700719,844.8528402204931,399.41474647171515,939.4645161290323,623.4387096774194
2323,2941,386.9599519700719,844.8528402204931,399.41474647171515,929.841935483871,607.8451612903226
2324,2942,386.9599519700719,844.8528402204931,399.41474647171515,920.2193548387097,592.2516129032258
2325,2943,386.9599519700719,844.8528402204931,399.41474647171515,910.5967741935484,576.6580645161291
2326,2944,386.9599519700719,844.8528402204931,399.41474647171515,900.9741935483871,561.0645161290323
2327,2945,386.9599519700719,844.8528402204931,399.41474647171515,891.3516129032258,545.4709677419355
2328,2946,386.9599519700719,844.8528402204931,399.41474647171515,881.7290322580645,529.8774193548387
2329,2947,386.9599519700719,844.8528402204931,399.41474647171515,872.1064516129032,514.2838709677419
2330,2948,386.9599519700719,844.8528402204931,399.41474647171515,862.483870967742,498.6903225806452
2331,2949,386.9599519700719,844.8528402204931,399.41474647171515,852.8612903225807,483.0967741935484
2332,2950,386.9599519700719,844.8528402204931,399.41474647171515,843.2387096774194,467.5032258064516
2333,2951,386.9599519700719,844.8528402204931,399.41474647171515,833.6161290322581,451.90967741935486
2334,2952,386.9599519700719,844.8528402204931,399.41474647171515,823.9935483870968,436.3161290322581
2335,2953,386.9599519700719,844.8528402204931,399.41474647171515,814.3709677419355,420.7225806451613
2336,2954,386.9599519700719,844.8528402204931,399.41474647171515,804.7483870967742,405.12903225806457
2337,2955,386.9599519700719,844.8528402204931,399.41474647171515,795.1258064516129,389.53548387096777
2338,2956,386.9599519700719,844.8528402204931,399.41474647171515,785.5032258064516,373.941935483871
2339,2957,386.9599519700719,844.8528402204931,399.41474647171515,775.8806451612903,358.3483870967742
2340,2958,386.9599519700719,844.8528402204931,399.41474647171515,766.258064516129,342.7548387096775
2341,2959,386.9599519700719,844.8528402204931,399.41474647171515,756.6354838709677,327.16129032258067
2342,2960,386.9599519700719,844.8528402204931,399.41474647171515,747.0129032258064,311.5677419354839
2343,2961,386.9599519700719,844.8528402204931,399.41474647171515,737.3903225806451,295.9741935483871
2344,2962,386.9599519700719,844.8528402204931,399.41474647171515,727.7677419354839,280.3806451612904
2345,2963,386.9599519700719,844.8528402204931,399.41474647171515,718.1451612903226,264.78709677419357
2346,2964,386.9599519700719,844.8528402204931,399.41474647171515,708.5225806451613,249.19354838709683
2347,2965,386.9599519700719,844.8528402204931,399.41474647171515,698.9,233.6
2348,2966,386.9599519700719,844.8528402204931,399.41474647171515,698.9,233.6
2349,2967,386.9599519700719,844.8528402204931,399.41474647171515,698.9,233.6
2350,2968,386.9599519700719,844.8528402204931,399.41474647171515,698.9,233.6
2351,2969,386.9599519700719,844.8528402204931,399.41474647171515,698.9,233.6
2352,2970,386.9599519700719,844.8528402204931,399.41474647171515,698.9,233.6
2353,2971,386.9599519700719,844.8528402204931,399.41474647171515,698.9,233.6
2354,2972,386.9599519700719,844.8528402204931,399.41474647171515,698.9,233.6
2355,2973,386.9599519700719,844.8528402204931,399.41474647171515,698.9,233.6
2356,2974,386.9599519700719,844.8528402204931,399.41474647171515,698.9,233.6
2357,2975,386.9599519700719,844.8528402204931,399.41474647171515,698.9,233.6
2358,2976,386.9599519700719,844.8528402204931,399.41474647171515,698.9,233.6
2359,2977,386.9599519700719,844.8528402204931,399.41474647171515,698.9,233.6
2360,2978,386.9599519700719,844.8528402204931,399.41474647171515,698.9,233.6
2361,2979,386.9599519700719,844.8528402204931,399.41474647171515,698.9,233.6
2362,2980,386.9599519700719,844.8528402204931,399.41474647171515,698.9,233.6
2363,2981,386.9599519700719,844.8528402204931,399.41474647171515,698.9,233.6
2364,2982,386.9599519700719,844.8528402204931,399.41474647171515,698.9,233.6
2365,2983,386.9599519700719,844.8528402204931,399.41474647171515,698.9,233.6
2366,2984,386.9599519700719,844.8528402204931,399.41474647171515,698.9,233.6
2367,2985,386.9599519700719,844.8528402204931,399.41474647171515,698.9,233.6
2368,2986,386.9599519700719,844.8528402204931,399.41474647171515,698.9,233.6
2369,2987,386.9599519700719,844.8528402204931,399.41474647171515,698.9,233.6
2370,2988,386.9599519700719,844.8528402204931,399.41474647171515,698.9,233.6
2371,2989,386.9599519700719,844.8528402204931,399.41474647171515,698.9,233.6
2372,2990,386.9599519700719,844.8528402204931,399.41474647171515,698.9,233.6
2373,2991,386.9599519700719,844.8528402204931,399.41474647171515,698.9,233.6
2374,2992,386.9599519700719,844.8528402204931,399.41474647171515,698.9,233.6
2375,2993,386.9599519700719,844.8528402204931,399.41474647171515,698.9,233.6
2376,2994,386.9599519700719,844.8528402204931,399.41474647171515,698.9,233.6
2377,2995,386.9599519700719,844.8528402204931,399.41474647171515,698.9,233.6
2378,2996,385.4921473567079,844.8528402204931,399.41474647171515,698.9,233.6
2379,2997,384.75262504616626,844.8528402204931,399.41474647171515,698.9,233.6
2380,2998,384.7455845716364,844.8528402204931,399.41474647171515,698.9,233.6
2381,2999,385.4710660685821,844.8528402204931,399.41474647171515,698.9,233.6
2382,3000,386.92494913865744,844.8528402204931,399.41474647171515,698.9,233.6
2383,3001,263.67775080120276,844.8528402204931,399.41474647171515,698.9,233.6
2384,3002,255.83105367173613,844.8528402204931,399.41474647171515,698.9,233.6
2385,3003,248.8720461185321,844.8528402204931,399.41474647171515,698.9,233.6
2386,3004,242.87704341267678,844.8528402204931,399.41474647171515,698.9,233.6
2387,3005,237.91892874625654,844.8528402204931,399.41474647171515,698.9,233.6
2388,3006,234.06360386842258,844.8528402204931,399.41474647171515,698.9,233.6
2389,3007,231.3662037057397,844.8528402204931,399.41474647171515,698.9,233.6
2390,3008,229.86749517877104,844.8528402204931,399.41474647171515,698.9,233.6
2391,3009,229.5909537058098,844.8528402204931,399.41474647171515,698.9,233.6
2392,3009,229.5909537058098,844.8528402204931,399.41474647171515,698.9,233.6
2393,3009,229.5909537058098,844.8528402204931,399.41474647171515,698.9,233.6
2394,3009,229.5909537058098,844.8528402204931,399.41474647171515,698.9,233.6
2395,3009,229.5909537058098,844.8528402204931,399.41474647171515,698.9,233.6
2396,3009,229.5909537058098,844.8528402204931,399.41474647171515,698.9,233.6
2397,3009,229.5909537058098,844.8528402204931,399.41474647171515,698.9,233.6
2398,3009,229.5909537058098,844.8528402204931,399.41474647171515,698.9,233.6
2399,3009,229.5909537058098,844.8528402204931,399.41474647171515,698.9,233.6
2400,3009,229.5909537058098,844.8528402204931,399.41474647171515,698.9,233.6
2401,3009,229.5909537058098,844.8528402204931,399.41474647171515,698.9,233.6
2402,3009,229.5909537058098,844.8528402204931,399.41474647171515,698.9,233.6
2403,3009,229.5909537058098,844.8528402204931,399.41474647171515,698.9,233.6
2404,3009,229.5909537058098,844.8528402204931,399.41474647171515,698.9,233.6
2405,3009,229.5909537058098,844.8528402204931,399.41474647171515,698.9,233.6
2406,3009,229.5909537058098,844.8528402204931,399.41474647171515,698.9,233.6
2407,3009,229.5909537058098,844.8528402204931,399.41474647171515,698.9,233.6
2408,3010,230.54097741735362,844.8528402204931,399.41474647171515,698.9,233.6
2409,3011,232.70254419489854,844.8528402204931,399.41474647171515,698.9,233.6
2410,3012,236.04237213312604,844.8528402204931,399.41474647171515,698.9,233.6
2411,3013,240.51138095922224,844.8528402204931,399.41474647171515,698.9,233.6
2412,3014,246.0480499024846,844.8528402204931,399.41474647171515,698.9,233.6
2413,3015,252.58217853194526,844.8528402204931,399.41474647171515,698.9,233.6
2414,3016,260.0385866064801,844.8528402204931,399.41474647171515,698.9,233.6
2415,3017,268.3404026565376,844.8528402204931,399.41474647171515,698.9,233.6
2416,3018,277.4117380946129,844.8528402204931,399.41474647171515,698.9,233.6
2417,3019,76.09052668124473,844.8528402204931,399.41474647171515,698.9,233.6
2418,3020,74.43834529821802,844.8528402204931,399.41474647171515,698.9,233.6
2419,3021,76.52817658920624,844.8528402204931,399.41474647171515,698.9,233.6
2420,3022,82.07467291817385,844.8528402204931,399.41474647171515,698.9,233.6
2421,3023,90.44411323246081,844.8528402204931,399.41474647171515,698.9,233.6
2422,3024,90.44411323246081,844.8528402204931,399.41474647171515,698.9,233.6
2423,3025,90.44411323246081,844.8528402204931,399.41474647171515,698.9,233.6
2424,3026,90.44411323246081,844.8528402204931,399.41474647171515,698.9,233.6
2425,3027,90.44411323246081,844.8528402204931,399.41474647171515,698.9,233.6
2426,3028,90.44411323246081,844.8528402204931,399.41474647171515,698.9,233.6
2427,3029,90.44411323246081,844.8528402204931,399.41474647171515,698.9,233.6
2428,3030,90.44411323246081,844.8528402204931,399.41474647171515,698.9,233.6
2429,3031,90.44411323246081,844.8528402204931,399.41474647171515,698.9,233.6
2430,3032,90.44411323246081,844.8528402204931,399.41474647171515,698.9,233.6
2431,3033,90.44411323246081,844.8528402204931,399.41474647171515,698.9,233.6
2432,3034,90.44411323246081,844.8528402204931,399.41474647171515,698.9,233.6
2433,3035,90.44411323246081,844.8528402204931,399.41474647171515,698.9,233.6
2434,3036,90.44411323246081,844.8528402204931,399.41474647171515,698.9,233.6
2435,3037,90.44411323246081,844.8528402204931,399.41474647171515,698.9,233.6
2436,3038,90.44411323246081,844.8528402204931,399.41474647171515,698.9,233.6
2437,3039,90.44411323246081,844.8528402204931,399.41474647171515,698.9,233.6
2438,3040,90.44411323246081,844.8528402204931,399.41474647171515,698.9,233.6
2439,3041,90.44411323246081,844.8528402204931,399.41474647171515,698.9,233.6
2440,3042,90.44411323246081,844.8528402204931,399.41474647171515,698.9,233.6
2441,3043,90.44411323246081,844.8528402204931,399.41474647171515,698.9,233.6
2442,3044,90.44411323246081,844.8528402204931,399.41474647171515,698.9,233.6
2443,3045,90.44411323246081,844.8528402204931,399.41474647171515,698.9,233.6
2444,3046,90.44411323246081,844.8528402204931,399.41474647171515,698.9,233.6
2445,3047,90.44411323246081,844.8528402204931,399.41474647171515,698.9,233.6
2446,3048,90.44411323246081,844.8528402204931,399.41474647171515,698.9,233.6
2447,3049,90.44411323246081,844.8528402204931,399.41474647171515,698.9,233.6
2448,3050,90.44411323246081,844.8528402204931,399.41474647171515,698.9,233.6
2449,3051,90.44411323246081,844.8528402204931,399.41474647171515,698.9,233.6
2450,3052,90.44411323246081,844.8528402204931,399.41474647171515,698.9,233.6
2451,3053,90.44411323246081,844.8528402204931,399.41474647171515,698.9,233.6
2452,3054,90.44411323246081,844.8528402204931,399.41474647171515,698.9,233.6
2453,3055,90.44411323246081,844.8528402204931,399.41474647171515,698.9,233.6
2454,3056,90.44411323246081,844.8528402204931,399.41474647171515,698.9,233.6
2455,3057,90.44411323246081,844.8528402204931,399.41474647171515,698.9,233.6
2456,3058,90.44411323246081,844.8528402204931,399.41474647171515,698.9,233.6
2457,3059,90.44411323246081,844.8528402204931,399.41474647171515,698.9,233.6
2458,3060,90.44411323246081,844.8528402204931,399.41474647171515,698.9,233.6
2459,3061,90.44411323246081,844.8528402204931,399.41474647171515,698.9,233.6
2460,3062,90.44411323246081,844.8528402204931,399.41474647171515,698.9,233.6
2461,3063,90.44411323246081,844.8528402204931,399.41474647171515,698.9,233.6
2462,3064,90.44411323246081,844.8528402204931,399.41474647171515,698.9,233.6
2463,3065,90.44411323246081,844.8528402204931,399.41474647171515,698.9,233.6
2464,3066,90.44411323246081,844.8528402204931,399.41474647171515,698.9,233.6
2465,3067,90.44411323246081,844.8528402204931,399.41474647171515,698.9,233.6
2466,3068,90.44411323246081,844.8528402204931,399.41474647171515,698.9,233.6
2467,3069,90.44411323246081,844.8528402204931,399.41474647171515,698.9,233.6
2468,3070,90.44411323246081,844.8528402204931,399.41474647171515,698.9,233.6
2469,3071,90.44411323246081,844.8528402204931,399.41474647171515,698.9,233.6
2470,3072,90.44411323246081,844.8528402204931,399.41474647171515,698.9,233.6
2471,3073,90.44411323246081,844.8528402204931,399.41474647171515,698.9,233.6
2472,3074,90.44411323246081,844.8528402204931,399.41474647171515,698.9,233.6
2473,3075,90.44411323246081,844.8528402204931,399.41474647171515,698.9,233.6
2474,3076,90.44411323246081,844.8528402204931,399.41474647171515,698.9,233.6
2475,3077,90.44411323246081,844.8528402204931,399.41474647171515,698.9,233.6
2476,3078,90.44411323246081,844.8528402204931,399.41474647171515,698.9,233.6
2477,3079,90.44411323246081,844.8528402204931,399.41474647171515,698.9,233.6
2478,3080,90.44411323246081,844.8528402204931,399.41474647171515,698.9,233.6
2479,3081,90.44411323246081,844.8528402204931,399.41474647171515,698.9,233.6
2480,3082,90.44411323246081,844.8528402204931,399.41474647171515,698.9,233.6
2481,3083,90.44411323246081,844.8528402204931,399.41474647171515,698.9,233.6
2482,3084,90.44411323246081,844.8528402204931,399.41474647171515,698.9,233.6
2483,3085,90.44411323246081,844.8528402204931,399.41474647171515,698.9,233.6
2484,3086,90.44411323246081,844.8528402204931,399.41474647171515,698.9,233.6
2485,3087,90.44411323246081,844.8528402204931,399.41474647171515,698.9,233.6
2486,3088,90.44411323246081,844.8528402204931,399.41474647171515,698.9,233.6
2487,3089,90.44411323246081,844.8528402204931,399.41474647171515,698.9,233.6
2488,3090,90.44411323246081,844.8528402204931,399.41474647171515,698.9,233.6
2489,3091,90.44411323246081,844.8528402204931,399.41474647171515,698.9,233.6
2490,3092,90.44411323246081,844.8528402204931,399.41474647171515,698.9,233.6
2491,3093,90.44411323246081,844.8528402204931,399.41474647171515,698.9,233.6
2492,3094,90.44411323246081,844.8528402204931,399.41474647171515,698.9,233.6
2493,3095,90.44411323246081,844.8528402204931,399.41474647171515,698.9,233.6
2494,3096,90.44411323246081,844.8528402204931,399.41474647171515,698.9,233.6
2495,3097,90.44411323246081,721.8528402204931,335.41474647171515,698.9,233.6
2496,3098,90.44411323246081,721.8528402204931,335.41474647171515,698.9,233.6
2497,3099,90.44411323246081,721.8528402204931,335.41474647171515,698.9,233.6
2498,3100,90.44411323246081,721.8528402204931,335.41474647171515,698.9,233.6
2499,3101,90.44411323246081,721.8528402204931,335.41474647171515,698.9,233.6
2500,3102,90.44411323246081,721.8528402204931,335.41474647171515,698.9,233.6
2501,3103,90.44411323246081,721.8528402204931,335.41474647171515,698.9,233.6
2502,3104,90.44411323246081,721.8528402204931,335.41474647171515,698.9,233.6
2503,3105,73.54767263083055,721.8528402204931,335.41474647171515,698.9,233.6
2504,3106,57.53162868861075,721.8528402204931,335.41474647171515,698.9,233.6
2505,3107,43.382278281151315,721.8528402204931,335.41474647171515,698.9,233.6
2506,3108,33.55087863691576,721.8528402204931,335.41474647171515,698.9,233.6
2507,3109,32.26153227764565,721.8528402204931,335.41474647171515,698.9,233.6
2508,3109,32.26153227764565,721.8528402204931,335.41474647171515,698.9,233.6
2509,3109,32.26153227764565,721.8528402204931,335.41474647171515,698.9,233.6
2510,3109,32.26153227764565,721.8528402204931,335.41474647171515,698.9,233.6
2511,3109,32.26153227764565,721.8528402204931,335.41474647171515,698.9,233.6
2512,3109,32.26153227764565,721.8528402204931,335.41474647171515,698.9,233.6
2513,3109,32.26153227764565,721.8528402204931,335.41474647171515,698.9,233.6
2514,3109,32.26153227764565,721.8528402204931,335.41474647171515,698.9,233.6
2515,3109,32.26153227764565,721.8528402204931,335.41474647171515,698.9,233.6
2516,3109,32.26153227764565,721.8528402204931,335.41474647171515,698.9,233.6
2517,3109,32.26153227764565,721.8528402204931,335.41474647171515,698.9,233.6
2518,3109,32.26153227764565,721.8528402204931,335.41474647171515,698.9,233.6
2519,3109,32.26153227764565,721.8528402204931,335.41474647171515,698.9,233.6
2520,3109,32.26153227764565,721.8528402204931,335.41474647171515,698.9,233.6
2521,3109,32.26153227764565,721.8528402204931,335.41474647171515,698.9,233.6
2522,3109,32.26153227764565,721.8528402204931,335.41474647171515,698.9,233.6
2523,3109,32.26153227764565,721.8528402204931,335.41474647171515,698.9,233.6
2524,3109,32.26153227764565,721.8528402204931,335.41474647171515,698.9,233.6
2525,3109,32.26153227764565,721.8528402204931,335.41474647171515,698.9,233.6
2526,3109,32.26153227764565,721.8528402204931,335.41474647171515,698.9,233.6
2527,3109,32.26153227764565,721.8528402204931,335.41474647171515,698.9,233.6
2528,3109,32.26153227764565,599.8528402204931,272.41474647171515,698.9,233.6
2529,3109,32.26153227764565,599.8528402204931,272.41474647171515,698.9,233.6
2530,3109,32.26153227764565,599.8528402204931,272.41474647171515,698.9,233.6
2531,3109,32.26153227764565,599.8528402204931,272.41474647171515,698.9,233.6
2532,3109,32.26153227764565,599.8528402204931,272.41474647171515,698.9,233.6
2533,3109,32.26153227764565,599.8528402204931,272.41474647171515,698.9,233.6
2534,3109,32.26153227764565,599.8528402204931,272.41474647171515,698.9,233.6
2535,3109,32.26153227764565,599.8528402204931,272.41474647171515,698.9,233.6
2536,3109,32.26153227764565,599.8528402204931,272.41474647171515,698.9,233.6
2537,3109,32.26153227764565,599.8528402204931,272.41474647171515,698.9,233.6
2538,3109,32.26153227764565,599.8528402204931,272.41474647171515,698.9,233.6
2539,3109,32.26153227764565,599.8528402204931,272.41474647171515,698.9,233.6
2540,3109,32.26153227764565,599.8528402204931,272.41474647171515,698.9,233.6
2541,3109,32.26153227764565,599.8528402204931,272.41474647171515,698.9,233.6
2542,3109,32.26153227764565,599.8528402204931,272.41474647171515,698.9,233.6
2543,3109,32.26153227764565,599.8528402204931,272.41474647171515,698.9,233.6
2544,3109,32.26153227764565,599.8528402204931,272.41474647171515,698.9,233.6
2545,3110,40.34175370061159,599.8528402204931,272.41474647171515,698.9,233.6
2546,3111,53.71790518557825,599.8528402204931,272.41474647171515,698.9,233.6
2547,3112,69.39218401635348,599.8528402204931,272.41474647171515,698.9,233.6
2548,3113,86.11877081530402,599.8528402204931,272.41474647171515,698.9,233.6
2549,3114,103.38818012744491,599.8528402204931,272.41474647171515,698.9,233.6
2550,3115,147.8145664244631,599.8528402204931,272.41474647171515,698.9,233.6
2551,3116,132.03600951341426,599.8528402204931,272.41474647171515,698.9,233.6
2552,3117,117.00160335802049,599.8528402204931,272.41474647171515,698.9,233.6
2553,3118,103.0376056962477,599.8528402204931,272.41474647171515,698.9,233.6
2554,3119,90.64009491406104,599.8528402204931,272.41474647171515,711.091304347826,233.12173913043478
2555,3120,80.53577493009735,599.8528402204931,272.41474647171515,723.2826086956521,232.64347826086956
2556,3121,73.67428927583435,599.8528402204931,272.41474647171515,735.4739130434782,232.16521739130434
2557,3122,71.00208712533784,599.8528402204931,272.41474647171515,747.6652173913043,231.68695652173912
2558,3122,71.00208712533784,599.8528402204931,272.41474647171515,759.8565217391304,231.2086956521739
2559,3122,71.00208712533784,599.8528402204931,272.41474647171515,772.0478260869565,230.73043478260868
2560,3122,71.00208712533784,599.8528402204931,272.41474647171515,784.2391304347826,230.25217391304346
2561,3122,71.00208712533784,599.8528402204931,272.41474647171515,796.4304347826087,229.77391304347825
2562,3122,71.00208712533784,599.8528402204931,272.41474647171515,808.6217391304348,229.29565217391303
2563,3122,71.00208712533784,599.8528402204931,272.41474647171515,820.8130434782609,228.8173913043478
2564,3122,71.00208712533784,599.8528402204931,272.41474647171515,833.0043478260869,228.3391304347826
2565,3122,71.00208712533784,599.8528402204931,272.41474647171515,845.195652173913,227.8608695652174
2566,3122,71.00208712533784,599.8528402204931,272.41474647171515,857.3869565217391,227.38260869565218
2567,3122,71.00208712533784,599.8528402204931,272.41474647171515,869.5782608695652,226.90434782608696
2568,3122,71.00208712533784,599.8528402204931,272.41474647171515,881.7695652173913,226.42608695652174
2569,3122,71.00208712533784,599.8528402204931,272.41474647171515,893.9608695652173,225.94782608695652
2570,3122,71.00208712533784,599.8528402204931,272.41474647171515,906.1521739130435,225.4695652173913
2571,3122,71.00208712533784,599.8528402204931,272.41474647171515,918.3434782608696,224.9913043478261
2572,3122,71.00208712533784,599.8528402204931,272.41474647171515,930.5347826086957,224.51304347826087
2573,3122,71.00208712533784,599.8528402204931,272.41474647171515,942.7260869565217,224.03478260869565
2574,3122,71.00208712533784,599.8528402204931,272.41474647171515,954.9173913043478,223.55652173913043
2575,3122,71.00208712533784,599.8528402204931,272.41474647171515,967.1086956521739,223.0782608695652
2576,3122,71.00208712533784,599.8528402204931,272.41474647171515,979.3,222.6
2577,3123,72.9808020725693,599.8528402204931,272.41474647171515,979.3,222.6
2578,3124,79.26288024859886,599.8528402204931,272.41474647171515,979.3,222.6
2579,3125,88.9410845368924,599.8528402204931,272.41474647171515,979.3,222.6
2580,3126,101.04422037425135,599.8528402204931,272.41474647171515,979.3,222.6
2581,3127,114.8079180310689,599.8528402204931,272.41474647171515,979.3,222.6
2582,3128,129.70461531250038,599.8528402204931,272.41474647171515,979.3,222.6
2583,3129,164.0049262184831,599.8528402204931,272.41474647171515,979.3,222.6
2584,3130,151.00099805712853,599.8528402204931,272.41474647171515,979.3,222.6
2585,3131,139.1994706301518,599.8528402204931,272.41474647171515,979.3,222.6
2586,3132,128.93094838837877,599.8528402204931,272.41474647171515,979.3,222.6
2587,3133,120.5876938169306,599.8528402204931,272.41474647171515,979.3,222.6
2588,3134,114.59101171990557,599.8528402204931,272.41474647171515,979.3,222.6
2589,3135,111.32076918995844,599.8528402204931,272.41474647171515,979.3,222.6
2590,3136,111.32076918995844,599.8528402204931,272.41474647171515,979.3,222.6
2591,3137,111.32076918995844,599.8528402204931,272.41474647171515,979.3,222.6
2592,3138,111.32076918995844,599.8528402204931,272.41474647171515,979.3,222.6
2593,3139,111.32076918995844,599.8528402204931,272.41474647171515,979.3,222.6
2594,3140,111.32076918995844,599.8528402204931,272.41474647171515,979.3,222.6
2595,3141,111.32076918995844,599.8528402204931,272.41474647171515,979.3,222.6
2596,3142,111.32076918995844,599.8528402204931,272.41474647171515,979.3,222.6
2597,3143,111.32076918995844,599.8528402204931,272.41474647171515,979.3,222.6
2598,3144,111.32076918995844,599.8528402204931,272.41474647171515,979.3,222.6
2599,3145,111.32076918995844,599.8528402204931,272.41474647171515,979.3,222.6
2600,3146,111.32076918995844,599.8528402204931,272.41474647171515,979.3,222.6
2601,3147,111.32076918995844,599.8528402204931,272.41474647171515,979.3,222.6
2602,3148,111.32076918995844,599.8528402204931,272.41474647171515,979.3,222.6
2603,3149,111.32076918995844,599.8528402204931,272.41474647171515,979.3,222.6
2604,3150,111.32076918995844,599.8528402204931,272.41474647171515,979.3,222.6
2605,3151,111.32076918995844,599.8528402204931,272.41474647171515,979.3,222.6
2606,3152,111.32076918995844,599.8528402204931,272.41474647171515,979.3,222.6
2607,3153,111.32076918995844,599.8528402204931,272.41474647171515,979.3,222.6
2608,3154,111.32076918995844,599.8528402204931,272.41474647171515,979.3,222.6
2609,3155,111.32076918995844,599.8528402204931,272.41474647171515,979.3,222.6
2610,3156,111.32076918995844,599.8528402204931,272.41474647171515,979.3,222.6
2611,3157,111.32076918995844,599.8528402204931,272.41474647171515,979.3,222.6
2612,3158,111.32076918995844,599.8528402204931,272.41474647171515,979.3,222.6
2613,3159,111.32076918995844,599.8528402204931,272.41474647171515,979.3,222.6
2614,3160,111.32076918995844,599.8528402204931,272.41474647171515,979.3,222.6
2615,3161,111.32076918995844,599.8528402204931,272.41474647171515,979.3,222.6
2616,3162,111.32076918995844,599.8528402204931,272.41474647171515,979.3,222.6
2617,3163,111.32076918995844,599.8528402204931,272.41474647171515,979.3,222.6
2618,3164,111.32076918995844,599.8528402204931,272.41474647171515,979.3,222.6
2619,3165,111.32076918995844,599.8528402204931,272.41474647171515,979.3,222.6
2620,3166,111.32076918995844,599.8528402204931,272.41474647171515,979.3,222.6
2621,3167,111.32076918995844,599.8528402204931,272.41474647171515,979.3,222.6
2622,3168,111.32076918995844,599.8528402204931,272.41474647171515,979.3,222.6
2623,3169,111.32076918995844,599.8528402204931,272.41474647171515,979.3,222.6
2624,3170,111.32076918995844,599.8528402204931,272.41474647171515,979.3,222.6
2625,3171,111.32076918995844,599.8528402204931,272.41474647171515,979.3,222.6
2626,3172,111.32076918995844,599.8528402204931,272.41474647171515,979.3,222.6
2627,3173,111.32076918995844,599.8528402204931,272.41474647171515,979.3,222.6
2628,3174,111.32076918995844,599.8528402204931,272.41474647171515,979.3,222.6
2629,3175,111.32076918995844,599.8528402204931,272.41474647171515,979.3,222.6
2630,3176,111.32076918995844,599.8528402204931,272.41474647171515,979.3,222.6
2631,3177,111.32076918995844,599.8528402204931,272.41474647171515,979.3,222.6
2632,3178,111.32076918995844,599.8528402204931,272.41474647171515,979.3,222.6
2633,3179,111.32076918995844,599.8528402204931,272.41474647171515,979.3,222.6
2634,3180,111.32076918995844,599.8528402204931,272.41474647171515,979.3,222.6
2635,3181,111.32076918995844,599.8528402204931,272.41474647171515,979.3,222.6
2636,3182,111.32076918995844,599.8528402204931,272.41474647171515,979.3,222.6
2637,3183,111.32076918995844,599.8528402204931,272.41474647171515,979.3,222.6
2638,3184,111.32076918995844,599.8528402204931,272.41474647171515,979.3,222.6
2639,3185,111.32076918995844,599.8528402204931,272.41474647171515,979.3,222.6
2640,3186,111.32076918995844,599.8528402204931,272.41474647171515,979.3,222.6
2641,3187,111.32076918995844,599.8528402204931,272.41474647171515,979.3,222.6
2642,3188,111.32076918995844,599.8528402204931,272.41474647171515,979.3,222.6
2643,3189,111.32076918995844,599.8528402204931,272.41474647171515,979.3,222.6
2644,3190,111.32076918995844,599.8528402204931,272.41474647171515,979.3,222.6
2645,3191,111.32076918995844,599.8528402204931,272.41474647171515,979.3,222.6
2646,3192,111.32076918995844,599.8528402204931,272.41474647171515,979.3,222.6
2647,3193,111.32076918995844,599.8528402204931,272.41474647171515,979.3,222.6
2648,3194,111.32076918995844,599.8528402204931,272.41474647171515,979.3,222.6
2649,3195,111.32076918995844,599.8528402204931,272.41474647171515,979.3,222.6
2650,3196,111.32076918995844,599.8528402204931,272.41474647171515,979.3,222.6
2651,3197,111.32076918995844,599.8528402204931,272.41474647171515,979.3,222.6
2652,3198,111.32076918995844,599.8528402204931,272.41474647171515,979.3,222.6
2653,3199,111.32076918995844,599.8528402204931,272.41474647171515,979.3,222.6
2654,3200,111.32076918995844,599.8528402204931,272.41474647171515,979.3,222.6
2655,3201,111.32076918995844,599.8528402204931,272.41474647171515,979.3,222.6
2656,3202,111.32076918995844,599.8528402204931,272.41474647171515,979.3,222.6
2657,3203,111.32076918995844,599.8528402204931,272.41474647171515,979.3,222.6
2658,3204,111.32076918995844,599.8528402204931,272.41474647171515,979.3,222.6
2659,3205,111.32076918995844,599.8528402204931,272.41474647171515,979.3,222.6
2660,3206,111.32076918995844,599.8528402204931,272.41474647171515,979.3,222.6
2661,3207,111.32076918995844,599.8528402204931,272.41474647171515,979.3,222.6
2662,3208,111.32076918995844,599.8528402204931,272.41474647171515,979.3,222.6
2663,3209,111.32076918995844,599.8528402204931,272.41474647171515,979.3,222.6
2664,3210,111.32076918995844,599.8528402204931,272.41474647171515,979.3,222.6
2665,3211,111.32076918995844,599.8528402204931,272.41474647171515,979.3,222.6
2666,3212,111.32076918995844,599.8528402204931,272.41474647171515,979.3,222.6
2667,3213,111.32076918995844,599.8528402204931,272.41474647171515,979.3,222.6
2668,3214,111.32076918995844,599.8528402204931,272.41474647171515,979.3,222.6
2669,3215,111.32076918995844,599.8528402204931,272.41474647171515,979.3,222.6
2670,3216,111.32076918995844,599.8528402204931,272.41474647171515,979.3,222.6
2671,3217,111.32076918995844,599.8528402204931,272.41474647171515,979.3,222.6
2672,3218,111.32076918995844,599.8528402204931,272.41474647171515,979.3,222.6
2673,3219,111.32076918995844,599.8528402204931,272.41474647171515,979.3,222.6
2674,3220,111.32076918995844,599.8528402204931,272.41474647171515,979.3,222.6
2675,3221,111.32076918995844,599.8528402204931,272.41474647171515,979.3,222.6
2676,3222,111.32076918995844,599.8528402204931,272.41474647171515,979.3,222.6
2677,3223,111.32076918995844,599.8528402204931,272.41474647171515,979.3,222.6
2678,3224,111.32076918995844,599.8528402204931,272.41474647171515,979.3,222.6
2679,3225,111.32076918995844,599.8528402204931,272.41474647171515,979.3,222.6
2680,3226,111.32076918995844,599.8528402204931,272.41474647171515,979.3,222.6
2681,3227,111.32076918995844,599.8528402204931,272.41474647171515,979.3,222.6
2682,3228,111.32076918995844,599.8528402204931,272.41474647171515,979.3,222.6
2683,3229,111.32076918995844,599.8528402204931,272.41474647171515,979.3,222.6
2684,3230,111.32076918995844,599.8528402204931,272.41474647171515,979.3,222.6
2685,3231,111.32076918995844,599.8528402204931,272.41474647171515,979.3,222.6
2686,3232,111.32076918995844,599.8528402204931,272.41474647171515,979.3,222.6
2687,3233,111.32076918995844,599.8528402204931,272.41474647171515,979.3,222.6
2688,3234,111.32076918995844,599.8528402204931,272.41474647171515,979.3,222.6
2689,3235,111.32076918995844,599.8528402204931,272.41474647171515,979.3,222.6
2690,3236,111.32076918995844,599.8528402204931,272.41474647171515,980.6222222222221,238.9
2691,3237,111.32076918995844,599.8528402204931,272.41474647171515,981.9444444444445,255.2
2692,3238,111.32076918995844,599.8528402204931,272.41474647171515,983.2666666666667,271.5
2693,3239,111.32076918995844,599.8528402204931,272.41474647171515,984.5888888888888,287.8
2694,3240,111.32076918995844,599.8528402204931,272.41474647171515,985.911111111111,304.1
2695,3241,111.32076918995844,599.8528402204931,272.41474647171515,987.2333333333333,320.4
2696,3242,111.32076918995844,599.8528402204931,272.41474647171515,988.5555555555555,336.7
2697,3243,111.32076918995844,599.8528402204931,272.41474647171515,989.8777777777777,353.0
2698,3244,111.32076918995844,599.8528402204931,272.41474647171515,991.1999999999999,369.3
2699,3245,111.32076918995844,599.8528402204931,272.41474647171515,992.5222222222222,385.6
2700,3246,111.32076918995844,599.8528402204931,272.41474647171515,993.8444444444444,401.9
2701,3247,111.32076918995844,599.8528402204931,272.41474647171515,995.1666666666666,418.20000000000005
2702,3248,111.32076918995844,599.8528402204931,272.41474647171515,996.4888888888888,434.5
2703,3249,111.32076918995844,599.8528402204931,272.41474647171515,997.8111111111111,450.8
2704,3250,111.32076918995844,599.8528402204931,272.41474647171515,999.1333333333333,467.1
2705,3251,111.32076918995844,599.8528402204931,272.41474647171515,1000.4555555555555,483.4
2706,3252,111.32076918995844,599.8528402204931,272.41474647171515,1001.7777777777777,499.70000000000005
2707,3253,111.32076918995844,599.8528402204931,272.41474647171515,1003.1,516.0
2708,3254,111.32076918995844,599.8528402204931,272.41474647171515,1004.4222222222222,532.3
2709,3255,111.32076918995844,599.8528402204931,272.41474647171515,1005.7444444444444,548.6
2710,3256,111.32076918995844,599.8528402204931,272.41474647171515,1007.0666666666666,564.9
2711,3257,111.32076918995844,599.8528402204931,272.41474647171515,1008.3888888888889,581.2
2712,3258,111.32076918995844,599.8528402204931,272.41474647171515,1009.7111111111111,597.5
2713,3259,111.32076918995844,599.8528402204931,272.41474647171515,1011.0333333333333,613.8000000000001
2714,3260,111.32076918995844,599.8528402204931,272.41474647171515,1012.3555555555556,630.1
2715,3261,111.32076918995844,599.8528402204931,272.41474647171515,1013.6777777777778,646.4
2716,3262,111.32076918995844,599.8528402204931,272.41474647171515,1015.0,662.7
2717,3263,111.32076918995844,599.8528402204931,272.41474647171515,1015.0,662.7
2718,3264,111.32076918995844,599.8528402204931,272.41474647171515,1015.0,662.7
2719,3265,111.32076918995844,599.8528402204931,272.41474647171515,1015.0,662.7
2720,3266,111.32076918995844,599.8528402204931,272.41474647171515,1015.0,662.7
2721,3267,111.32076918995844,599.8528402204931,272.41474647171515,1015.0,662.7
2722,3268,111.32076918995844,599.8528402204931,272.41474647171515,1015.0,662.7
2723,3269,111.32076918995844,599.8528402204931,272.41474647171515,1015.0,662.7
2724,3270,111.32076918995844,599.8528402204931,272.41474647171515,1015.0,662.7
2725,3271,111.32076918995844,599.8528402204931,272.41474647171515,1015.0,662.7
2726,3272,111.32076918995844,599.8528402204931,272.41474647171515,1015.0,662.7
2727,3273,111.32076918995844,599.8528402204931,272.41474647171515,1015.0,662.7
2728,3274,111.32076918995844,599.8528402204931,272.41474647171515,1015.0,662.7
2729,3275,111.32076918995844,599.8528402204931,272.41474647171515,1015.0,662.7
2730,3276,111.32076918995844,599.8528402204931,272.41474647171515,1015.0,662.7
2731,3277,111.32076918995844,599.8528402204931,272.41474647171515,1015.0,662.7
2732,3278,111.32076918995844,599.8528402204931,272.41474647171515,1015.0,662.7
2733,3279,111.32076918995844,599.8528402204931,272.41474647171515,1015.0,662.7
2734,3280,111.32076918995844,599.8528402204931,272.41474647171515,1015.0,662.7
2735,3281,111.32076918995844,599.8528402204931,272.41474647171515,1015.0,662.7
2736,3282,111.32076918995844,599.8528402204931,272.41474647171515,1015.0,662.7
2737,3283,111.32076918995844,770.8528402204931,230.41474647171515,1015.0,662.7
2738,3284,111.32076918995844,770.8528402204931,230.41474647171515,1015.0,662.7
2739,3285,111.32076918995844,770.8528402204931,230.41474647171515,1015.0,662.7
2740,3286,111.32076918995844,770.8528402204931,230.41474647171515,1015.0,662.7
2741,3287,111.32076918995844,770.8528402204931,230.41474647171515,1015.0,662.7
2742,3288,111.32076918995844,770.8528402204931,230.41474647171515,1015.0,662.7
2743,3289,111.32076918995844,770.8528402204931,230.41474647171515,1015.0,662.7
2744,3290,111.32076918995844,770.8528402204931,230.41474647171515,1015.0,662.7
2745,3291,111.32076918995844,770.8528402204931,230.41474647171515,1015.0,662.7
2746,3292,111.32076918995844,770.8528402204931,230.41474647171515,1015.0,662.7
2747,3293,111.32076918995844,770.8528402204931,230.41474647171515,1015.0,662.7
2748,3294,111.32076918995844,770.8528402204931,230.41474647171515,1015.0,662.7
2749,3295,111.32076918995844,770.8528402204931,230.41474647171515,1015.0,662.7
2750,3296,111.32076918995844,770.8528402204931,230.41474647171515,1015.0,662.7
2751,3297,111.32076918995844,770.8528402204931,230.41474647171515,1015.0,662.7
2752,3298,111.32076918995844,770.8528402204931,230.41474647171515,1015.0,662.7
2753,3299,111.32076918995844,770.8528402204931,230.41474647171515,1015.0,662.7
2754,3300,111.32076918995844,770.8528402204931,230.41474647171515,1015.0,662.7
2755,3301,111.32076918995844,770.8528402204931,230.41474647171515,1015.0,662.7
2756,3302,111.32076918995844,770.8528402204931,230.41474647171515,1015.0,662.7
2757,3303,111.32076918995844,770.8528402204931,230.41474647171515,1015.0,662.7
2758,3304,111.32076918995844,770.8528402204931,230.41474647171515,1015.0,662.7
2759,3305,111.32076918995844,770.8528402204931,230.41474647171515,1015.0,662.7
2760,3306,111.32076918995844,770.8528402204931,230.41474647171515,1015.0,662.7
2761,3307,111.32076918995844,941.8528402204931,189.41474647171515,1015.0,662.7
2762,3308,111.32076918995844,941.8528402204931,189.41474647171515,1015.0,662.7
2763,3309,111.32076918995844,941.8528402204931,189.41474647171515,1015.0,662.7
2764,3310,111.32076918995844,941.8528402204931,189.41474647171515,1015.0,662.7
2765,3311,111.32076918995844,941.8528402204931,189.41474647171515,1015.0,662.7
2766,3312,111.32076918995844,941.8528402204931,189.41474647171515,1015.0,662.7
2767,3313,111.32076918995844,941.8528402204931,189.41474647171515,1015.0,662.7
2768,3314,111.32076918995844,941.8528402204931,189.41474647171515,1015.0,662.7
2769,3315,111.32076918995844,941.8528402204931,189.41474647171515,1015.0,662.7
2770,3316,111.32076918995844,941.8528402204931,189.41474647171515,1015.0,662.7
2771,3317,111.32076918995844,941.8528402204931,189.41474647171515,1015.0,662.7
2772,3318,111.32076918995844,941.8528402204931,189.41474647171515,1015.0,662.7
2773,3319,111.32076918995844,941.8528402204931,189.41474647171515,1015.0,662.7
2774,3320,111.32076918995844,941.8528402204931,189.41474647171515,1015.0,662.7
2775,3321,111.32076918995844,941.8528402204931,189.41474647171515,1015.0,662.7
2776,3322,111.32076918995844,941.8528402204931,189.41474647171515,1015.0,662.7
2777,3323,111.32076918995844,941.8528402204931,189.41474647171515,1015.0,662.7
2778,3324,111.32076918995844,941.8528402204931,189.41474647171515,1015.0,662.7
2779,3325,111.32076918995844,941.8528402204931,189.41474647171515,1015.0,662.7
2780,3326,111.32076918995844,941.8528402204931,189.41474647171515,1015.0,662.7
2781,3327,111.32076918995844,941.8528402204931,189.41474647171515,1015.0,662.7
2782,3328,111.32076918995844,941.8528402204931,189.41474647171515,1015.0,662.7
2783,3329,111.32076918995844,941.8528402204931,189.41474647171515,1015.0,662.7
2784,3330,111.32076918995844,941.8528402204931,189.41474647171515,1015.0,662.7
2785,3331,111.32076918995844,941.8528402204931,189.41474647171515,1015.0,662.7
2786,3332,111.32076918995844,941.8528402204931,189.41474647171515,1015.0,662.7
2787,3333,111.32076918995844,941.8528402204931,189.41474647171515,1015.0,662.7
2788,3334,111.32076918995844,941.8528402204931,189.41474647171515,1015.0,662.7
2789,3335,111.32076918995844,941.8528402204931,189.41474647171515,1015.0,662.7
2790,3336,111.32076918995844,941.8528402204931,189.41474647171515,1015.0,662.7
2791,3337,111.32076918995844,941.8528402204931,189.41474647171515,1015.0,662.7
2792,3338,111.32076918995844,941.8528402204931,189.41474647171515,1015.0,662.7
2793,3339,111.32076918995844,941.8528402204931,189.41474647171515,1015.0,662.7
2794,3340,111.32076918995844,941.8528402204931,189.41474647171515,1015.0,662.7
2795,3341,111.32076918995844,941.8528402204931,189.41474647171515,1015.0,662.7
2796,3341,111.32076918995844,941.8528402204931,189.41474647171515,1015.0,662.7
2797,3341,111.32076918995844,941.8528402204931,189.41474647171515,1015.0,662.7
2798,3341,111.32076918995844,941.8528402204931,189.41474647171515,1015.0,662.7
2799,3341,111.32076918995844,941.8528402204931,189.41474647171515,1015.0,662.7
2800,3341,111.32076918995844,941.8528402204931,189.41474647171515,1015.0,662.7
2801,3341,111.32076918995844,941.8528402204931,189.41474647171515,1015.0,662.7
2802,3341,111.32076918995844,941.8528402204931,189.41474647171515,1015.0,662.7
2803,3341,111.32076918995844,941.8528402204931,189.41474647171515,1015.0,662.7
2804,3341,111.32076918995844,941.8528402204931,189.41474647171515,1015.0,662.7
2805,3341,111.32076918995844,941.8528402204931,189.41474647171515,1015.0,662.7
2806,3341,111.32076918995844,941.8528402204931,189.41474647171515,1015.0,662.7
2807,3341,111.32076918995844,941.8528402204931,189.41474647171515,1015.0,662.7
2808,3341,111.32076918995844,941.8528402204931,189.41474647171515,1015.0,662.7
2809,3341,111.32076918995844,941.8528402204931,189.41474647171515,1015.0,662.7
2810,3341,111.32076918995844,941.8528402204931,189.41474647171515,1015.0,662.7
2811,3341,111.32076918995844,941.8528402204931,189.41474647171515,1015.0,662.7
2812,3341,111.32076918995844,941.8528402204931,189.41474647171515,1015.0,662.7
2813,3341,111.32076918995844,941.8528402204931,189.41474647171515,1015.0,662.7
2814,3341,111.32076918995844,941.8528402204931,189.41474647171515,1015.0,662.7
2815,3341,111.32076918995844,941.8528402204931,189.41474647171515,1015.0,662.7
2816,3341,111.32076918995844,941.8528402204931,189.41474647171515,1015.0,662.7
2817,3341,111.32076918995844,941.8528402204931,189.41474647171515,1015.0,662.7
2818,3341,111.32076918995844,941.8528402204931,189.41474647171515,1015.0,662.7
2819,3341,111.32076918995844,941.8528402204931,189.41474647171515,1015.0,662.7
2820,3341,111.32076918995844,941.8528402204931,189.41474647171515,1015.0,662.7
2821,3341,111.32076918995844,941.8528402204931,189.41474647171515,1015.0,662.7
2822,3341,111.32076918995844,941.8528402204931,189.41474647171515,1015.0,662.7
2823,3341,111.32076918995844,941.8528402204931,189.41474647171515,1015.0,662.7
2824,3341,111.32076918995844,941.8528402204931,189.41474647171515,1015.0,662.7
2825,3341,111.32076918995844,941.8528402204931,189.41474647171515,1015.0,662.7
2826,3341,111.32076918995844,941.8528402204931,189.41474647171515,1015.0,662.7
2827,3341,111.32076918995844,941.8528402204931,189.41474647171515,1015.0,662.7
2828,3341,111.32076918995844,941.8528402204931,189.41474647171515,1015.0,662.7
2829,3341,111.32076918995844,941.8528402204931,189.41474647171515,1015.0,662.7
2830,3341,111.32076918995844,941.8528402204931,189.41474647171515,1015.0,662.7
2831,3341,111.32076918995844,941.8528402204931,189.41474647171515,1015.0,662.7
2832,3341,111.32076918995844,941.8528402204931,189.41474647171515,1015.0,662.7
2833,3341,111.32076918995844,941.8528402204931,189.41474647171515,1015.0,662.7
2834,3341,111.32076918995844,941.8528402204931,189.41474647171515,1015.0,662.7
2835,3341,111.32076918995844,941.8528402204931,189.41474647171515,1015.0,662.7
2836,3341,111.32076918995844,941.8528402204931,189.41474647171515,1015.0,662.7
2837,3341,111.32076918995844,941.8528402204931,189.41474647171515,1015.0,662.7
2838,3341,111.32076918995844,941.8528402204931,189.41474647171515,1015.0,662.7
2839,3341,111.32076918995844,941.8528402204931,189.41474647171515,1015.0,662.7
2840,3341,111.32076918995844,941.8528402204931,189.41474647171515,1017.3733333333333,662.2133333333334
2841,3341,111.32076918995844,941.8528402204931,189.41474647171515,1019.7466666666667,661.7266666666667
2842,3341,111.32076918995844,941.8528402204931,189.41474647171515,1022.12,661.24
2843,3341,111.32076918995844,941.8528402204931,189.41474647171515,1024.4933333333333,660.7533333333333
2844,3341,111.32076918995844,941.8528402204931,189.41474647171515,1026.8666666666666,660.2666666666667
2845,3341,111.32076918995844,941.8528402204931,189.41474647171515,1029.24,659.78
2846,3341,111.32076918995844,941.8528402204931,189.41474647171515,1031.6133333333332,659.2933333333333
2847,3341,111.32076918995844,941.8528402204931,189.41474647171515,1033.9866666666667,658.8066666666667
2848,3341,111.32076918995844,941.8528402204931,189.41474647171515,1036.36,658.32
2849,3341,111.32076918995844,941.8528402204931,189.41474647171515,1038.7333333333333,657.8333333333334
2850,3341,111.32076918995844,941.8528402204931,189.41474647171515,1041.1066666666666,657.3466666666667
2851,3341,111.32076918995844,941.8528402204931,189.41474647171515,1043.48,656.86
2852,3341,111.32076918995844,941.8528402204931,189.41474647171515,1045.8533333333332,656.3733333333333
2853,3341,111.32076918995844,941.8528402204931,189.41474647171515,1048.2266666666667,655.8866666666667
2854,3341,111.32076918995844,941.8528402204931,189.41474647171515,1050.6,655.4
2855,3341,111.32076918995844,941.8528402204931,189.41474647171515,1050.6,655.4
2856,3341,111.32076918995844,941.8528402204931,189.41474647171515,1050.6,655.4
2857,3341,111.32076918995844,941.8528402204931,189.41474647171515,1050.6,655.4
2858,3341,111.32076918995844,941.8528402204931,189.41474647171515,1050.6,655.4
2859,3341,111.32076918995844,941.8528402204931,189.41474647171515,1050.6,655.4
2860,3341,111.32076918995844,941.8528402204931,189.41474647171515,1050.6,655.4
2861,3341,111.32076918995844,941.8528402204931,189.41474647171515,1050.6,655.4
2862,3341,111.32076918995844,941.8528402204931,189.41474647171515,1050.6,655.4
2863,3341,111.32076918995844,941.8528402204931,189.41474647171515,1050.6,655.4
2864,3341,111.32076918995844,941.8528402204931,189.41474647171515,1050.6,655.4
2865,3341,111.32076918995844,941.8528402204931,189.41474647171515,1050.6,655.4
2866,3341,111.32076918995844,941.8528402204931,189.41474647171515,1050.6,655.4
2867,3341,111.32076918995844,941.8528402204931,189.41474647171515,1050.6,655.4
2868,3341,111.32076918995844,941.8528402204931,189.41474647171515,1050.6,655.4
2869,3341,111.32076918995844,941.8528402204931,189.41474647171515,1050.6,655.4
2870,3341,111.32076918995844,941.8528402204931,189.41474647171515,1050.6,655.4
2871,3341,111.32076918995844,941.8528402204931,189.41474647171515,1050.6,655.4
2872,3341,111.32076918995844,941.8528402204931,189.41474647171515,1050.6,655.4
2873,3341,111.32076918995844,941.8528402204931,189.41474647171515,1050.6,655.4
2874,3341,111.32076918995844,941.8528402204931,189.41474647171515,1050.6,655.4
2875,3341,111.32076918995844,941.8528402204931,189.41474647171515,1050.6,655.4
2876,3341,111.32076918995844,941.8528402204931,189.41474647171515,1050.6,655.4
2877,3341,111.32076918995844,941.8528402204931,189.41474647171515,1050.6,655.4
2878,3341,111.32076918995844,941.8528402204931,189.41474647171515,1050.6,655.4
2879,3341,111.32076918995844,941.8528402204931,189.41474647171515,1050.6,655.4
2880,3341,111.32076918995844,941.8528402204931,189.41474647171515,1050.6,655.4
2881,3341,111.32076918995844,941.8528402204931,189.41474647171515,1050.6,655.4
2882,3341,111.32076918995844,941.8528402204931,189.41474647171515,1050.6,655.4
2883,3341,111.32076918995844,941.8528402204931,189.41474647171515,1050.6,655.4
2884,3341,111.32076918995844,941.8528402204931,189.41474647171515,1050.6,655.4
2885,3341,111.32076918995844,941.8528402204931,189.41474647171515,1050.6,655.4
2886,3341,111.32076918995844,941.8528402204931,189.41474647171515,1050.6,655.4
2887,3341,111.32076918995844,941.8528402204931,189.41474647171515,1050.6,655.4
2888,3341,111.32076918995844,941.8528402204931,189.41474647171515,1050.6,655.4
2889,3341,111.32076918995844,941.8528402204931,189.41474647171515,1050.6,655.4
2890,3341,111.32076918995844,941.8528402204931,189.41474647171515,1050.6,655.4
2891,3341,111.32076918995844,941.8528402204931,189.41474647171515,1050.6,655.4
2892,3341,111.32076918995844,941.8528402204931,189.41474647171515,1050.6,655.4
2893,3341,111.32076918995844,941.8528402204931,189.41474647171515,1050.6,655.4
2894,3341,111.32076918995844,941.8528402204931,189.41474647171515,1050.6,655.4
2895,3341,111.32076918995844,941.8528402204931,189.41474647171515,1050.6,655.4
2896,3341,111.32076918995844,941.8528402204931,189.41474647171515,1050.6,655.4
2897,3341,111.32076918995844,941.8528402204931,189.41474647171515,1050.6,655.4
2898,3341,111.32076918995844,941.8528402204931,189.41474647171515,1050.6,655.4
2899,3341,111.32076918995844,941.8528402204931,189.41474647171515,1050.6,655.4
2900,3341,111.32076918995844,941.8528402204931,189.41474647171515,1050.6,655.4
2901,3341,111.32076918995844,941.8528402204931,189.41474647171515,1050.6,655.4
2902,3341,111.32076918995844,941.8528402204931,189.41474647171515,1050.6,655.4
2903,3341,111.32076918995844,941.8528402204931,189.41474647171515,1050.6,655.4
2904,3341,111.32076918995844,941.8528402204931,189.41474647171515,1050.6,655.4
2905,3341,111.32076918995844,941.8528402204931,189.41474647171515,1050.6,655.4
2906,3341,111.32076918995844,941.8528402204931,189.41474647171515,1050.6,655.4
2907,3341,111.32076918995844,941.8528402204931,189.41474647171515,1050.6,655.4
2908,3341,111.32076918995844,941.8528402204931,189.41474647171515,1050.6,655.4
2909,3341,111.32076918995844,941.8528402204931,189.41474647171515,1050.6,655.4
2910,3341,111.32076918995844,941.8528402204931,189.41474647171515,1050.6,655.4
2911,3341,111.32076918995844,941.8528402204931,189.41474647171515,1050.6,655.4
2912,3341,111.32076918995844,941.8528402204931,189.41474647171515,1050.6,655.4
2913,3341,111.32076918995844,941.8528402204931,189.41474647171515,1050.6,655.4
2914,3341,111.32076918995844,941.8528402204931,189.41474647171515,1050.6,655.4
2915,3341,111.32076918995844,941.8528402204931,189.41474647171515,1050.6,655.4
2916,3341,111.32076918995844,941.8528402204931,189.41474647171515,1050.6,655.4
2917,3341,111.32076918995844,941.8528402204931,189.41474647171515,1050.6,655.4
2918,3341,111.32076918995844,941.8528402204931,189.41474647171515,1045.2875,639.0749999999999
2919,3341,111.32076918995844,941.8528402204931,189.41474647171515,1039.975,622.75
2920,3341,111.32076918995844,941.8528402204931,189.41474647171515,1034.6625,606.425
2921,3341,111.32076918995844,941.8528402204931,189.41474647171515,1029.35,590.1
2922,3341,111.32076918995844,941.8528402204931,189.41474647171515,1024.0375,573.775
2923,3341,111.32076918995844,941.8528402204931,189.41474647171515,1018.7249999999999,557.45
2924,3341,111.32076918995844,941.8528402204931,189.41474647171515,1013.4124999999999,541.125
2925,3341,111.32076918995844,941.8528402204931,189.41474647171515,1008.0999999999999,524.8
2926,3341,111.32076918995844,941.8528402204931,189.41474647171515,1002.7875,508.475
2927,3341,111.32076918995844,941.8528402204931,189.41474647171515,997.475,492.15
2928,3341,111.32076918995844,941.8528402204931,189.41474647171515,992.1625,475.825
2929,3341,111.32076918995844,941.8528402204931,189.41474647171515,986.85,459.5
2930,3341,111.32076918995844,941.8528402204931,189.41474647171515,981.5375,443.17499999999995
2931,3341,111.32076918995844,941.8528402204931,189.41474647171515,976.225,426.85
2932,3341,111.32076918995844,941.8528402204931,189.41474647171515,970.9125,410.525
2933,3341,111.32076918995844,941.8528402204931,189.41474647171515,965.6,394.2
2934,3341,111.32076918995844,941.8528402204931,189.41474647171515,965.6,394.2
2935,3341,111.32076918995844,941.8528402204931,189.41474647171515,965.6,394.2
2936,3341,111.32076918995844,941.8528402204931,189.41474647171515,965.6,394.2
2937,3341,111.32076918995844,941.8528402204931,189.41474647171515,965.6,394.2
2938,3341,111.32076918995844,941.8528402204931,189.41474647171515,965.6,394.2
2939,3341,111.32076918995844,941.8528402204931,189.41474647171515,965.6,394.2
2940,3342,122.58577977241129,941.8528402204931,189.41474647171515,965.6,394.2
2941,3343,134.01472464657607,941.8528402204931,189.41474647171515,965.6,394.2
2942,3344,145.56899639726325,941.8528402204931,189.41474647171515,965.6,394.2
2943,3345,157.22096638946297,941.8528402204931,189.41474647171515,965.6,394.2
2944,3346,168.95042202696092,941.8528402204931,189.41474647171515,965.6,394.2
2945,3347,180.74227840785113,941.8528402204931,189.41474647171515,965.6,394.2
2946,3348,192.58507360477202,941.8528402204931,189.41474647171515,965.6,394.2
2947,3349,204.4699567588625,941.8528402204931,189.41474647171515,965.6,394.2
2948,3350,216.38999313486775,941.8528402204931,189.41474647171515,965.6,394.2
2949,3351,228.3396774788965,941.8528402204931,189.41474647171515,965.6,394.2
2950,3352,171.48543137665158,941.8528402204931,189.41474647171515,965.6,394.2
2951,3353,171.55421942256388,941.8528402204931,189.41474647171515,965.6,394.2
2952,3354,172.48814596735474,941.8528402204931,189.41474647171515,965.6,394.2
2953,3355,174.273302795199,941.8528402204931,189.41474647171515,965.6,394.2
2954,3356,176.88391929556548,941.8528402204931,189.41474647171515,965.6,394.2
2955,3357,180.28413966262943,941.8528402204931,189.41474647171515,965.6,394.2
2956,3358,184.43029684070405,941.8528402204931,189.41474647171515,965.6,394.2
2957,3359,189.27337647415524,941.8528402204931,189.41474647171515,965.6,394.2
2958,3360,194.76139494629254,941.8528402204931,189.41474647171515,965.6,394.2
2959,3361,200.84149011408365,941.8528402204931,189.41474647171515,965.6,394.2
2960,3362,207.4616123801864,941.8528402204931,189.41474647171515,965.6,394.2
2961,3363,214.57178365723965,941.8528402204931,189.41474647171515,965.6,394.2
2962,3364,222.1249498427251,941.8528402204931,189.41474647171515,965.6,394.2
2963,3365,222.1249498427251,941.8528402204931,189.41474647171515,965.6,394.2
2964,3366,222.1249498427251,941.8528402204931,189.41474647171515,965.6,394.2
2965,3367,222.1249498427251,941.8528402204931,189.41474647171515,965.6,394.2
2966,3368,222.1249498427251,941.8528402204931,189.41474647171515,965.6,394.2
2967,3369,222.1249498427251,941.8528402204931,189.41474647171515,965.6,394.2
2968,3370,222.1249498427251,941.8528402204931,189.41474647171515,965.6,394.2
2969,3371,222.1249498427251,941.8528402204931,189.41474647171515,965.6,394.2
2970,3372,222.1249498427251,941.8528402204931,189.41474647171515,965.6,394.2
2971,3373,222.1249498427251,941.8528402204931,189.41474647171515,965.6,394.2
2972,3374,222.1249498427251,941.8528402204931,189.41474647171515,965.6,394.2
2973,3375,222.1249498427251,941.8528402204931,189.41474647171515,965.6,394.2
2974,3376,222.1249498427251,941.8528402204931,189.41474647171515,965.6,394.2
2975,3377,222.1249498427251,941.8528402204931,189.41474647171515,965.6,394.2
2976,3378,222.1249498427251,941.8528402204931,189.41474647171515,965.6,394.2
2977,3379,222.1249498427251,941.8528402204931,189.41474647171515,965.6,394.2
2978,3380,222.1249498427251,941.8528402204931,189.41474647171515,965.6,394.2
2979,3381,222.1249498427251,941.8528402204931,189.41474647171515,965.6,394.2
2980,3382,222.1249498427251,941.8528402204931,189.41474647171515,965.6,394.2
2981,3383,222.1249498427251,941.8528402204931,189.41474647171515,965.6,394.2
2982,3384,222.1249498427251,941.8528402204931,189.41474647171515,965.6,394.2
2983,3385,222.1249498427251,941.8528402204931,189.41474647171515,965.6,394.2
2984,3386,222.1249498427251,941.8528402204931,189.41474647171515,965.6,394.2
2985,3387,222.1249498427251,941.8528402204931,189.41474647171515,965.6,394.2
2986,3388,222.1249498427251,941.8528402204931,189.41474647171515,965.6,394.2
2987,3389,222.1249498427251,941.8528402204931,189.41474647171515,965.6,394.2
2988,3390,222.1249498427251,941.8528402204931,189.41474647171515,965.6,394.2
2989,3391,222.1249498427251,941.8528402204931,189.41474647171515,965.6,394.2
2990,3392,222.1249498427251,941.8528402204931,189.41474647171515,965.6,394.2
2991,3393,222.1249498427251,941.8528402204931,189.41474647171515,965.6,394.2
2992,3394,222.1249498427251,941.8528402204931,189.41474647171515,965.6,394.2
2993,3395,222.1249498427251,941.8528402204931,189.41474647171515,965.6,394.2
2994,3396,222.1249498427251,941.8528402204931,189.41474647171515,965.6,394.2
2995,3397,222.1249498427251,941.8528402204931,189.41474647171515,965.6,394.2
2996,3398,222.1249498427251,941.8528402204931,189.41474647171515,965.6,394.2
2997,3399,222.1249498427251,941.8528402204931,189.41474647171515,965.6,394.2
2998,3400,222.1249498427251,941.8528402204931,189.41474647171515,965.6,394.2
2999,3401,222.1249498427251,941.8528402204931,189.41474647171515,965.6,394.2
3000,3402,222.1249498427251,941.8528402204931,189.41474647171515,965.6,394.2
3001,3403,222.1249498427251,941.8528402204931,189.41474647171515,965.6,394.2
3002,3404,222.1249498427251,941.8528402204931,189.41474647171515,965.6,394.2
3003,3405,222.1249498427251,941.8528402204931,189.41474647171515,965.6,394.2
3004,3406,222.1249498427251,941.8528402204931,189.41474647171515,965.6,394.2
3005,3407,222.1249498427251,941.8528402204931,189.41474647171515,965.6,394.2
3006,3408,222.1249498427251,941.8528402204931,189.41474647171515,965.6,394.2
3007,3409,222.1249498427251,941.8528402204931,189.41474647171515,965.6,394.2
3008,3410,222.1249498427251,941.8528402204931,189.41474647171515,965.6,394.2
3009,3411,222.1249498427251,941.8528402204931,189.41474647171515,965.6,394.2
3010,3412,222.1249498427251,941.8528402204931,189.41474647171515,965.6,394.2
3011,3413,222.1249498427251,941.8528402204931,189.41474647171515,965.6,394.2
3012,3414,222.1249498427251,941.8528402204931,189.41474647171515,965.6,394.2
3013,3415,222.1249498427251,941.8528402204931,189.41474647171515,965.6,394.2
3014,3416,222.1249498427251,941.8528402204931,189.41474647171515,965.6,394.2
3015,3417,222.1249498427251,941.8528402204931,189.41474647171515,965.6,394.2
3016,3418,222.1249498427251,941.8528402204931,189.41474647171515,965.6,394.2
3017,3419,222.1249498427251,941.8528402204931,189.41474647171515,965.6,394.2
3018,3420,222.1249498427251,941.8528402204931,189.41474647171515,965.6,394.2
3019,3421,222.1249498427251,941.8528402204931,189.41474647171515,965.6,394.2
3020,3422,222.1249498427251,941.8528402204931,189.41474647171515,965.6,394.2
3021,3423,222.1249498427251,941.8528402204931,189.41474647171515,966.3000000000001,382.81538461538463
3022,3424,222.1249498427251,941.8528402204931,189.41474647171515,967.0,371.4307692307692
3023,3425,222.1249498427251,941.8528402204931,189.41474647171515,967.7,360.04615384615386
3024,3426,222.1249498427251,941.8528402204931,189.41474647171515,968.4,348.66153846153844
3025,3427,222.1249498427251,941.8528402204931,189.41474647171515,969.1,337.2769230769231
3026,3428,222.1249498427251,941.8528402204931,189.41474647171515,969.8000000000001,325.89230769230767
3027,3429,222.1249498427251,941.8528402204931,189.41474647171515,970.5,314.5076923076923
3028,3430,222.1249498427251,941.8528402204931,189.41474647171515,971.2,303.1230769230769
3029,3431,222.1249498427251,941.8528402204931,189.41474647171515,971.9000000000001,291.73846153846154
3030,3432,222.1249498427251,941.8528402204931,189.41474647171515,972.6,280.3538461538461
3031,3433,222.1249498427251,941.8528402204931,189.41474647171515,973.3000000000001,268.96923076923076
3032,3434,222.1249498427251,941.8528402204931,189.41474647171515,974.0,257.5846153846154
3033,3435,222.1249498427251,941.8528402204931,189.41474647171515,974.7,246.2
3034,3436,222.1249498427251,941.8528402204931,189.41474647171515,974.7,246.2
3035,3437,222.1249498427251,941.8528402204931,189.41474647171515,974.7,246.2
3036,3438,222.1249498427251,941.8528402204931,189.41474647171515,974.7,246.2
3037,3439,222.1249498427251,941.8528402204931,189.41474647171515,974.7,246.2
3038,3440,222.1249498427251,941.8528402204931,189.41474647171515,974.7,246.2
3039,3441,222.1249498427251,941.8528402204931,189.41474647171515,974.7,246.2
3040,3442,222.1249498427251,941.8528402204931,189.41474647171515,974.7,246.2
3041,3443,222.1249498427251,941.8528402204931,189.41474647171515,974.7,246.2
3042,3444,222.1249498427251,941.8528402204931,189.41474647171515,974.7,246.2
3043,3445,222.1249498427251,941.8528402204931,189.41474647171515,974.7,246.2
3044,3446,222.1249498427251,941.8528402204931,189.41474647171515,974.7,246.2
3045,3447,222.1249498427251,941.8528402204931,189.41474647171515,974.7,246.2
3046,3448,222.1249498427251,941.8528402204931,189.41474647171515,974.7,246.2
3047,3449,222.1249498427251,941.8528402204931,189.41474647171515,974.7,246.2
3048,3450,222.1249498427251,941.8528402204931,189.41474647171515,974.7,246.2
3049,3451,222.1249498427251,941.8528402204931,189.41474647171515,974.7,246.2
3050,3452,222.1249498427251,941.8528402204931,189.41474647171515,974.7,246.2
3051,3453,222.1249498427251,941.8528402204931,189.41474647171515,974.7,246.2
3052,3454,222.1249498427251,941.8528402204931,189.41474647171515,974.7,246.2
3053,3455,222.1249498427251,941.8528402204931,189.41474647171515,974.7,246.2
3054,3456,222.1249498427251,941.8528402204931,189.41474647171515,974.7,246.2
3055,3457,222.1249498427251,941.8528402204931,189.41474647171515,974.7,246.2
3056,3458,222.1249498427251,941.8528402204931,189.41474647171515,974.7,246.2
3057,3459,222.1249498427251,941.8528402204931,189.41474647171515,974.7,246.2
3058,3460,222.1249498427251,941.8528402204931,189.41474647171515,974.7,246.2
3059,3461,222.1249498427251,941.8528402204931,189.41474647171515,974.7,246.2
3060,3462,222.1249498427251,941.8528402204931,189.41474647171515,974.7,246.2
3061,3463,222.1249498427251,941.8528402204931,189.41474647171515,974.7,246.2
3062,3464,222.1249498427251,941.8528402204931,189.41474647171515,974.7,246.2
3063,3465,222.1249498427251,941.8528402204931,189.41474647171515,974.7,246.2
3064,3466,222.1249498427251,941.8528402204931,189.41474647171515,974.7,246.2
3065,3467,222.1249498427251,941.8528402204931,189.41474647171515,974.7,246.2
3066,3468,222.1249498427251,941.8528402204931,189.41474647171515,974.7,246.2
3067,3469,222.1249498427251,941.8528402204931,189.41474647171515,974.7,246.2
3068,3470,222.1249498427251,941.8528402204931,189.41474647171515,974.7,246.2
3069,3471,222.1249498427251,941.8528402204931,189.41474647171515,974.7,246.2
3070,3472,222.1249498427251,941.8528402204931,189.41474647171515,974.7,246.2
3071,3473,222.1249498427251,941.8528402204931,189.41474647171515,974.7,246.2
3072,3474,222.1249498427251,941.8528402204931,189.41474647171515,974.7,246.2
3073,3475,222.1249498427251,941.8528402204931,189.41474647171515,974.7,246.2
3074,3476,222.1249498427251,941.8528402204931,189.41474647171515,974.7,246.2
3075,3477,222.1249498427251,941.8528402204931,189.41474647171515,974.7,246.2
3076,3478,210.23393856371146,941.8528402204931,189.41474647171515,974.7,246.2
3077,3479,198.97738828469326,941.8528402204931,189.41474647171515,974.7,246.2
3078,3480,188.4690152688091,941.8528402204931,189.41474647171515,974.7,246.2
3079,3481,178.84075298265074,941.8528402204931,189.41474647171515,974.7,246.2
3080,3482,170.24199447145313,941.8528402204931,189.41474647171515,974.7,246.2
3081,3483,162.83591427889908,941.8528402204931,189.41474647171515,974.7,246.2
3082,3484,156.79161272109388,941.8528402204931,189.41474647171515,974.7,246.2
3083,3485,152.27134071626182,941.8528402204931,189.41474647171515,974.7,246.2
3084,3486,149.4134837642981,941.8528402204931,189.41474647171515,974.7,246.2
3085,3487,148.31417194877352,941.8528402204931,189.41474647171515,974.7,246.2
3086,3488,149.01233041036033,941.8528402204931,189.41474647171515,974.7,246.2
3087,3489,151.48310853363256,941.8528402204931,189.41474647171515,974.7,246.2
3088,3490,155.64210956842012,941.8528402204931,189.41474647171515,974.7,246.2
3089,3491,161.3588451681958,941.8528402204931,189.41474647171515,974.7,246.2
3090,3492,168.4748174070218,941.8528402204931,189.41474647171515,974.7,246.2
3091,3493,176.8211747213968,941.8528402204931,189.41474647171515,974.7,246.2
3092,3494,186.23256455998785,941.8528402204931,189.41474647171515,974.7,246.2
3093,3495,196.55606049810635,941.8528402204931,189.41474647171515,974.7,246.2
3094,3496,207.65567239468868,941.8528402204931,189.41474647171515,974.7,246.2
3095,3497,219.41364629406078,941.8528402204931,189.41474647171515,974.7,246.2
3096,3498,231.72978795491528,941.8528402204931,189.41474647171515,974.7,246.2
3097,3499,244.51976937338773,941.8528402204931,189.41474647171515,974.7,246.2
3098,3500,257.71305195199034,941.8528402204931,189.41474647171515,974.7,246.2
3099,3501,271.2507939557297,941.8528402204931,189.41474647171515,974.7,246.2
3100,3502,285.0839277125739,941.8528402204931,189.41474647171515,974.7,246.2
3101,3503,299.1714809296705,941.8528402204931,189.41474647171515,974.7,246.2
3102,3504,313.47915513872096,941.8528402204931,189.41474647171515,974.7,246.2
3103,3505,313.47915513872096,941.8528402204931,189.41474647171515,974.7,246.2
3104,3506,313.47915513872096,941.8528402204931,189.41474647171515,974.7,246.2
3105,3507,313.47915513872096,941.8528402204931,189.41474647171515,974.7,246.2
3106,3508,313.47915513872096,941.8528402204931,189.41474647171515,974.7,246.2
3107,3509,313.47915513872096,941.8528402204931,189.41474647171515,974.7,246.2
3108,3510,313.47915513872096,941.8528402204931,189.41474647171515,974.7,246.2
3109,3511,313.47915513872096,941.8528402204931,189.41474647171515,974.7,246.2
3110,3512,313.47915513872096,941.8528402204931,189.41474647171515,974.7,246.2
3111,3513,313.47915513872096,941.8528402204931,189.41474647171515,974.7,246.2
3112,3514,313.47915513872096,941.8528402204931,189.41474647171515,974.7,246.2
3113,3515,313.47915513872096,941.8528402204931,189.41474647171515,974.7,246.2
3114,3516,313.47915513872096,941.8528402204931,189.41474647171515,974.7,246.2
3115,3517,313.47915513872096,941.8528402204931,189.41474647171515,974.7,246.2
3116,3518,313.47915513872096,941.8528402204931,189.41474647171515,974.7,246.2
3117,3519,313.47915513872096,941.8528402204931,189.41474647171515,974.7,246.2
3118,3520,313.47915513872096,941.8528402204931,189.41474647171515,974.7,246.2
3119,3521,313.47915513872096,941.8528402204931,189.41474647171515,974.7,246.2
3120,3522,313.47915513872096,941.8528402204931,189.41474647171515,974.7,246.2
3121,3523,313.47915513872096,941.8528402204931,189.41474647171515,974.7,246.2
3122,3524,313.47915513872096,941.8528402204931,189.41474647171515,974.7,246.2
3123,3525,313.47915513872096,941.8528402204931,189.41474647171515,974.7,246.2
3124,3526,313.47915513872096,941.8528402204931,189.41474647171515,974.7,246.2
3125,3527,313.47915513872096,941.8528402204931,189.41474647171515,974.7,246.2
3126,3528,313.47915513872096,941.8528402204931,189.41474647171515,974.7,246.2
3127,3529,313.47915513872096,941.8528402204931,189.41474647171515,974.7,246.2
3128,3530,313.47915513872096,919.8528402204931,212.41474647171515,974.7,246.2
3129,3531,313.47915513872096,919.8528402204931,212.41474647171515,974.7,246.2
3130,3532,313.47915513872096,919.8528402204931,212.41474647171515,974.7,246.2
3131,3533,313.47915513872096,919.8528402204931,212.41474647171515,974.7,246.2
3132,3534,313.47915513872096,919.8528402204931,212.41474647171515,974.7,246.2
3133,3535,313.47915513872096,919.8528402204931,212.41474647171515,974.7,246.2
3134,3536,313.47915513872096,919.8528402204931,212.41474647171515,974.7,246.2
3135,3537,313.47915513872096,919.8528402204931,212.41474647171515,974.7,246.2
3136,3538,313.47915513872096,919.8528402204931,212.41474647171515,974.7,246.2
3137,3539,313.47915513872096,919.8528402204931,212.41474647171515,974.7,246.2
3138,3540,313.47915513872096,919.8528402204931,212.41474647171515,974.7,246.2
3139,3541,313.47915513872096,919.8528402204931,212.41474647171515,974.7,246.2
3140,3542,313.47915513872096,919.8528402204931,212.41474647171515,974.7,246.2
3141,3543,313.47915513872096,919.8528402204931,212.41474647171515,974.7,246.2
3142,3544,313.47915513872096,919.8528402204931,212.41474647171515,974.7,246.2
3143,3545,313.47915513872096,919.8528402204931,212.41474647171515,974.7,246.2
3144,3546,313.47915513872096,919.8528402204931,212.41474647171515,974.7,246.2
3145,3547,313.47915513872096,919.8528402204931,212.41474647171515,974.7,246.2
3146,3548,313.47915513872096,919.8528402204931,212.41474647171515,974.7,246.2
3147,3549,313.47915513872096,919.8528402204931,212.41474647171515,974.7,246.2
3148,3550,313.47915513872096,919.8528402204931,212.41474647171515,974.7,246.2
3149,3551,313.47915513872096,919.8528402204931,212.41474647171515,974.7,246.2
3150,3552,313.47915513872096,919.8528402204931,212.41474647171515,974.7,246.2
3151,3553,313.47915513872096,919.8528402204931,212.41474647171515,974.7,246.2
3152,3554,313.47915513872096,919.8528402204931,212.41474647171515,974.7,246.2
3153,3555,313.47915513872096,919.8528402204931,212.41474647171515,974.7,246.2
3154,3556,313.47915513872096,919.8528402204931,212.41474647171515,974.7,246.2
3155,3557,313.47915513872096,919.8528402204931,212.41474647171515,974.7,246.2
3156,3558,313.47915513872096,919.8528402204931,212.41474647171515,974.7,246.2
3157,3559,313.47915513872096,919.8528402204931,212.41474647171515,974.7,246.2
3158,3560,313.47915513872096,919.8528402204931,212.41474647171515,974.7,246.2
3159,3561,313.47915513872096,919.8528402204931,212.41474647171515,974.7,246.2
3160,3562,313.47915513872096,919.8528402204931,212.41474647171515,974.7,246.2
3161,3563,313.47915513872096,897.8528402204931,235.41474647171515,974.7,246.2
3162,3564,313.47915513872096,897.8528402204931,235.41474647171515,974.7,246.2
3163,3565,313.47915513872096,897.8528402204931,235.41474647171515,974.7,246.2
3164,3566,313.47915513872096,897.8528402204931,235.41474647171515,974.7,246.2
3165,3567,313.47915513872096,897.8528402204931,235.41474647171515,974.7,246.2
3166,3568,313.47915513872096,897.8528402204931,235.41474647171515,974.7,246.2
3167,3569,313.47915513872096,897.8528402204931,235.41474647171515,974.7,246.2
3168,3570,313.47915513872096,897.8528402204931,235.41474647171515,974.7,246.2
3169,3571,313.47915513872096,897.8528402204931,235.41474647171515,974.7,246.2
3170,3572,313.47915513872096,897.8528402204931,235.41474647171515,974.7,246.2
3171,3573,313.47915513872096,897.8528402204931,235.41474647171515,974.7,246.2
3172,3574,313.47915513872096,897.8528402204931,235.41474647171515,974.7,246.2
3173,3575,313.47915513872096,897.8528402204931,235.41474647171515,974.7,246.2
3174,3576,313.47915513872096,897.8528402204931,235.41474647171515,974.7,246.2
3175,3577,313.47915513872096,897.8528402204931,235.41474647171515,974.7,246.2
3176,3578,313.47915513872096,897.8528402204931,235.41474647171515,974.7,246.2
3177,3579,313.47915513872096,897.8528402204931,235.41474647171515,974.7,246.2
3178,3580,313.47915513872096,897.8528402204931,235.41474647171515,974.7,246.2
3179,3581,313.47915513872096,897.8528402204931,235.41474647171515,974.7,246.2
3180,3582,313.47915513872096,897.8528402204931,235.41474647171515,974.7,246.2
3181,3583,313.47915513872096,897.8528402204931,235.41474647171515,974.7,246.2
3182,3584,313.47915513872096,897.8528402204931,235.41474647171515,974.7,246.2
3183,3585,313.47915513872096,897.8528402204931,235.41474647171515,974.7,246.2
3184,3586,313.47915513872096,897.8528402204931,235.41474647171515,974.7,246.2
3185,3587,313.47915513872096,897.8528402204931,235.41474647171515,974.7,246.2
3186,3588,313.47915513872096,897.8528402204931,235.41474647171515,974.7,246.2
3187,3589,313.47915513872096,897.8528402204931,235.41474647171515,974.7,246.2
3188,3590,313.47915513872096,897.8528402204931,235.41474647171515,974.7,246.2
3189,3591,313.47915513872096,897.8528402204931,235.41474647171515,974.7,246.2
3190,3592,313.47915513872096,897.8528402204931,235.41474647171515,974.7,246.2
3191,3593,313.47915513872096,897.8528402204931,235.41474647171515,974.7,246.2
3192,3594,313.47915513872096,897.8528402204931,235.41474647171515,974.7,246.2
3193,3595,313.47915513872096,897.8528402204931,235.41474647171515,974.7,246.2
3194,3596,313.47915513872096,897.8528402204931,235.41474647171515,974.7,246.2
3195,3597,313.47915513872096,897.8528402204931,235.41474647171515,974.7,246.2
3196,3598,313.47915513872096,897.8528402204931,235.41474647171515,974.7,246.2
3197,3599,313.47915513872096,897.8528402204931,235.41474647171515,974.7,246.2
3198,3600,313.47915513872096,897.8528402204931,235.41474647171515,974.7,246.2
3199,3601,313.47915513872096,897.8528402204931,235.41474647171515,974.7,246.2
3200,3602,313.47915513872096,897.8528402204931,235.41474647171515,974.7,246.2
3201,3603,313.47915513872096,897.8528402204931,235.41474647171515,974.7,246.2
3202,3604,313.47915513872096,897.8528402204931,235.41474647171515,974.7,246.2
3203,3605,313.47915513872096,897.8528402204931,235.41474647171515,974.7,246.2
3204,3606,313.47915513872096,897.8528402204931,235.41474647171515,974.7,246.2
3205,3607,313.47915513872096,897.8528402204931,235.41474647171515,974.7,246.2
3206,3608,313.47915513872096,897.8528402204931,235.41474647171515,974.7,246.2
3207,3609,313.47915513872096,897.8528402204931,235.41474647171515,974.7,246.2
3208,3610,313.47915513872096,897.8528402204931,235.41474647171515,974.7,246.2
3209,3611,313.47915513872096,897.8528402204931,235.41474647171515,974.7,246.2
3210,3612,313.47915513872096,897.8528402204931,235.41474647171515,974.7,246.2
3211,3613,313.47915513872096,897.8528402204931,235.41474647171515,974.7,246.2
3212,3614,313.47915513872096,897.8528402204931,235.41474647171515,974.7,246.2
3213,3615,313.47915513872096,897.8528402204931,235.41474647171515,974.7,246.2
3214,3616,313.47915513872096,897.8528402204931,235.41474647171515,974.7,246.2
3215,3617,313.47915513872096,897.8528402204931,235.41474647171515,974.7,246.2
3216,3618,313.47915513872096,897.8528402204931,235.41474647171515,974.7,246.2
3217,3619,313.47915513872096,897.8528402204931,235.41474647171515,974.7,246.2
3218,3620,313.47915513872096,897.8528402204931,235.41474647171515,974.7,246.2
3219,3621,313.47915513872096,897.8528402204931,235.41474647171515,974.7,246.2
3220,3622,313.47915513872096,897.8528402204931,235.41474647171515,974.7,246.2
3221,3623,313.47915513872096,897.8528402204931,235.41474647171515,974.7,246.2
3222,3624,313.47915513872096,897.8528402204931,235.41474647171515,974.7,246.2
3223,3625,313.47915513872096,897.8528402204931,235.41474647171515,974.7,246.2
3224,3626,313.47915513872096,897.8528402204931,235.41474647171515,974.7,246.2
3225,3627,313.47915513872096,897.8528402204931,235.41474647171515,974.7,246.2
3226,3628,314.36669321090784,897.8528402204931,235.41474647171515,974.7,246.2
3227,3629,315.2703506601071,897.8528402204931,235.41474647171515,974.7,246.2
3228,3630,316.1899892808813,938.8528402204931,427.41474647171515,974.7,246.2
3229,3631,317.1254700408845,938.8528402204931,427.41474647171515,974.7,246.2
3230,3632,318.07665316236444,938.8528402204931,427.41474647171515,974.7,246.2
3231,3633,319.0433982021904,938.8528402204931,427.41474647171515,974.7,246.2
3232,3634,320.0255641303407,938.8528402204931,427.41474647171515,974.7,246.2
3233,3635,321.0230094067954,938.8528402204931,427.41474647171515,974.7,246.2
3234,3636,322.0355920567772,938.8528402204931,427.41474647171515,974.7,246.2
3235,3637,323.0631697442991,938.8528402204931,427.41474647171515,974.7,246.2
3236,3638,324.10559984397,938.8528402204931,427.41474647171515,974.7,246.2
3237,3639,325.16273951102795,938.8528402204931,427.41474647171515,974.7,246.2
3238,3640,326.2344457495631,938.8528402204931,427.41474647171515,974.7,246.2
3239,3641,327.3205754789086,938.8528402204931,427.41474647171515,974.7,246.2
3240,3642,328.42098559817117,938.8528402204931,427.41474647171515,974.7,246.2
3241,3643,328.42098559817117,938.8528402204931,427.41474647171515,974.7,246.2
3242,3644,328.42098559817117,938.8528402204931,427.41474647171515,974.7,246.2
3243,3645,328.42098559817117,938.8528402204931,427.41474647171515,974.7,246.2
3244,3646,328.42098559817117,938.8528402204931,427.41474647171515,974.7,246.2
3245,3647,328.42098559817117,938.8528402204931,427.41474647171515,974.7,246.2
3246,3648,328.42098559817117,938.8528402204931,427.41474647171515,974.7,246.2
3247,3649,328.42098559817117,938.8528402204931,427.41474647171515,974.7,246.2
3248,3650,328.42098559817117,938.8528402204931,427.41474647171515,974.7,246.2
3249,3651,328.42098559817117,938.8528402204931,427.41474647171515,974.7,246.2
3250,3652,328.42098559817117,938.8528402204931,427.41474647171515,974.7,246.2
3251,3653,328.42098559817117,938.8528402204931,427.41474647171515,974.7,246.2
3252,3654,328.42098559817117,938.8528402204931,427.41474647171515,974.7,246.2
3253,3655,328.42098559817117,938.8528402204931,427.41474647171515,974.7,246.2
3254,3656,328.42098559817117,938.8528402204931,427.41474647171515,974.7,246.2
3255,3657,328.42098559817117,938.8528402204931,427.41474647171515,974.7,246.2
3256,3658,328.42098559817117,938.8528402204931,427.41474647171515,974.7,246.2
3257,3659,328.42098559817117,938.8528402204931,427.41474647171515,974.7,246.2
3258,3660,328.42098559817117,938.8528402204931,427.41474647171515,974.7,246.2
3259,3661,328.42098559817117,938.8528402204931,427.41474647171515,974.7,246.2
3260,3662,328.42098559817117,938.8528402204931,427.41474647171515,974.7,246.2
3261,3663,328.42098559817117,938.8528402204931,427.41474647171515,974.7,246.2
3262,3664,328.42098559817117,980.8528402204931,618.4147464717151,974.7,246.2
3263,3665,328.42098559817117,980.8528402204931,618.4147464717151,974.7,246.2
3264,3666,328.42098559817117,980.8528402204931,618.4147464717151,974.7,246.2
3265,3667,328.42098559817117,980.8528402204931,618.4147464717151,974.7,246.2
3266,3668,328.42098559817117,980.8528402204931,618.4147464717151,974.7,246.2
3267,3669,328.42098559817117,980.8528402204931,618.4147464717151,974.7,246.2
3268,3670,328.42098559817117,980.8528402204931,618.4147464717151,974.7,246.2
3269,3671,328.42098559817117,980.8528402204931,618.4147464717151,974.7,246.2
3270,3672,328.42098559817117,980.8528402204931,618.4147464717151,974.7,246.2
3271,3673,328.42098559817117,980.8528402204931,618.4147464717151,974.7,246.2
3272,3674,328.42098559817117,980.8528402204931,618.4147464717151,974.7,246.2
3273,3675,328.42098559817117,980.8528402204931,618.4147464717151,974.7,246.2
3274,3676,328.42098559817117,980.8528402204931,618.4147464717151,974.7,246.2
3275,3677,328.42098559817117,980.8528402204931,618.4147464717151,974.7,246.2
3276,3678,328.42098559817117,980.8528402204931,618.4147464717151,974.7,246.2
3277,3679,328.42098559817117,980.8528402204931,618.4147464717151,974.7,246.2
3278,3680,328.42098559817117,980.8528402204931,618.4147464717151,974.7,246.2
3279,3681,328.42098559817117,980.8528402204931,618.4147464717151,974.7,246.2
3280,3682,328.42098559817117,980.8528402204931,618.4147464717151,974.7,246.2
3281,3683,328.42098559817117,980.8528402204931,618.4147464717151,974.7,246.2
3282,3684,328.42098559817117,980.8528402204931,618.4147464717151,974.7,246.2
3283,3685,458.7649262298212,980.8528402204931,618.4147464717151,974.7,246.2
3284,3686,458.7649262298212,980.8528402204931,618.4147464717151,974.7,246.2
3285,3687,458.7649262298212,980.8528402204931,618.4147464717151,974.7,246.2
3286,3688,458.7649262298212,980.8528402204931,618.4147464717151,974.7,246.2
3287,3689,458.7649262298212,980.8528402204931,618.4147464717151,974.7,246.2
3288,3690,458.7649262298212,980.8528402204931,618.4147464717151,974.7,246.2
3289,3691,458.7649262298212,980.8528402204931,618.4147464717151,974.7,246.2
3290,3692,458.7649262298212,980.8528402204931,618.4147464717151,974.7,246.2
3291,3693,458.7649262298212,980.8528402204931,618.4147464717151,974.7,246.2
3292,3694,458.7649262298212,980.8528402204931,618.4147464717151,974.7,246.2
3293,3695,458.7649262298212,980.8528402204931,618.4147464717151,974.7,246.2
3294,3696,458.7649262298212,980.8528402204931,618.4147464717151,974.7,246.2
3295,3697,458.7649262298212,980.8528402204931,618.4147464717151,974.7,246.2
3296,3698,458.7649262298212,980.8528402204931,618.4147464717151,974.7,246.2
3297,3699,458.7649262298212,980.8528402204931,618.4147464717151,974.7,246.2
3298,3700,458.7649262298212,980.8528402204931,618.4147464717151,974.7,246.2
3299,3701,458.7649262298212,980.8528402204931,618.4147464717151,974.7,246.2
3300,3702,458.7649262298212,980.8528402204931,618.4147464717151,974.7,246.2
3301,3703,458.7649262298212,980.8528402204931,618.4147464717151,974.7,246.2
3302,3704,458.7649262298212,980.8528402204931,618.4147464717151,974.7,246.2
3303,3705,458.7649262298212,980.8528402204931,618.4147464717151,974.7,246.2
3304,3706,443.6434702771444,980.8528402204931,618.4147464717151,974.7,246.2
3305,3707,428.6761673605634,980.8528402204931,618.4147464717151,974.7,246.2
3306,3708,413.87974191646055,980.8528402204931,618.4147464717151,974.7,246.2
3307,3709,399.2731917337179,980.8528402204931,618.4147464717151,974.7,246.2
3308,3710,384.8781353469231,980.8528402204931,618.4147464717151,974.7,246.2
3309,3711,370.71921053746155,980.8528402204931,618.4147464717151,974.7,246.2
3310,3712,356.8245277687802,980.8528402204931,618.4147464717151,974.7,246.2
3311,3713,343.2261801433673,980.8528402204931,618.4147464717151,974.7,246.2
3312,3714,329.96080739491094,980.8528402204931,618.4147464717151,974.7,246.2
3313,3715,317.07020462366967,980.8528402204931,618.4147464717151,974.7,246.2
3314,3716,304.6019557816233,980.8528402204931,618.4147464717151,974.7,246.2
3315,3717,292.61005593517154,980.8528402204931,618.4147464717151,974.7,246.2
3316,3718,418.1414159062004,980.8528402204931,618.4147464717151,974.7,246.2
3317,3719,406.8245938846818,980.8528402204931,618.4147464717151,974.7,246.2
3318,3720,395.9289244868711,980.8528402204931,618.4147464717151,974.7,246.2
3319,3721,385.49012031921745,980.8528402204931,618.4147464717151,974.7,246.2
3320,3722,385.49012031921745,980.8528402204931,618.4147464717151,974.7,246.2
3321,3723,385.49012031921745,980.8528402204931,618.4147464717151,974.7,246.2
3322,3724,385.49012031921745,980.8528402204931,618.4147464717151,974.7,246.2
3323,3725,385.49012031921745,980.8528402204931,618.4147464717151,974.7,246.2
3324,3726,385.49012031921745,980.8528402204931,618.4147464717151,974.7,246.2
3325,3727,385.49012031921745,980.8528402204931,618.4147464717151,974.7,246.2
3326,3728,385.49012031921745,980.8528402204931,618.4147464717151,974.7,246.2
3327,3729,385.49012031921745,980.8528402204931,618.4147464717151,974.7,246.2
3328,3730,385.49012031921745,980.8528402204931,618.4147464717151,974.7,246.2
3329,3731,385.49012031921745,980.8528402204931,618.4147464717151,974.7,246.2
3330,3732,385.49012031921745,980.8528402204931,618.4147464717151,974.7,246.2
3331,3733,385.49012031921745,980.8528402204931,618.4147464717151,974.7,246.2
3332,3734,385.49012031921745,980.8528402204931,618.4147464717151,974.7,246.2
3333,3735,385.49012031921745,980.8528402204931,618.4147464717151,974.7,246.2
3334,3736,385.49012031921745,980.8528402204931,618.4147464717151,974.7,246.2
3335,3737,385.49012031921745,980.8528402204931,618.4147464717151,974.7,246.2
3336,3738,385.49012031921745,980.8528402204931,618.4147464717151,974.7,246.2
3337,3739,385.49012031921745,980.8528402204931,618.4147464717151,974.7,246.2
3338,3740,385.49012031921745,980.8528402204931,618.4147464717151,974.7,246.2
3339,3741,385.49012031921745,980.8528402204931,618.4147464717151,974.7,246.2
3340,3742,385.49012031921745,980.8528402204931,618.4147464717151,974.7,246.2
3341,3743,385.49012031921745,980.8528402204931,618.4147464717151,974.7,246.2
3342,3744,385.49012031921745,980.8528402204931,618.4147464717151,974.7,246.2
3343,3745,385.49012031921745,980.8528402204931,618.4147464717151,974.7,246.2
3344,3746,385.49012031921745,980.8528402204931,618.4147464717151,974.7,246.2
3345,3747,385.49012031921745,980.8528402204931,618.4147464717151,974.7,246.2
3346,3748,385.49012031921745,980.8528402204931,618.4147464717151,974.7,246.2
3347,3749,385.49012031921745,980.8528402204931,618.4147464717151,974.7,246.2
3348,3750,385.49012031921745,980.8528402204931,618.4147464717151,974.7,246.2
3349,3751,385.49012031921745,980.8528402204931,618.4147464717151,974.7,246.2
3350,3752,385.49012031921745,980.8528402204931,618.4147464717151,974.7,246.2
3351,3753,385.49012031921745,980.8528402204931,618.4147464717151,974.7,246.2
3352,3754,385.49012031921745,980.8528402204931,618.4147464717151,974.7,246.2
3353,3755,385.49012031921745,980.8528402204931,618.4147464717151,974.7,246.2
3354,3756,385.49012031921745,980.8528402204931,618.4147464717151,974.7,246.2
3355,3757,385.49012031921745,980.8528402204931,618.4147464717151,974.7,246.2
3356,3758,385.49012031921745,980.8528402204931,618.4147464717151,974.7,246.2
3357,3759,385.49012031921745,980.8528402204931,618.4147464717151,974.7,246.2
3358,3760,385.49012031921745,980.8528402204931,618.4147464717151,974.7,246.2
3359,3761,385.49012031921745,980.8528402204931,618.4147464717151,974.7,246.2
3360,3762,385.49012031921745,980.8528402204931,618.4147464717151,974.7,246.2
3361,3763,385.49012031921745,980.8528402204931,618.4147464717151,974.7,246.2
3362,3764,385.49012031921745,980.8528402204931,618.4147464717151,974.7,246.2
3363,3765,385.49012031921745,980.8528402204931,618.4147464717151,974.7,246.2
3364,3766,385.49012031921745,980.8528402204931,618.4147464717151,974.7,246.2
3365,3767,385.49012031921745,980.8528402204931,618.4147464717151,974.7,246.2
3366,3768,385.49012031921745,980.8528402204931,618.4147464717151,974.7,246.2
3367,3769,385.49012031921745,980.8528402204931,618.4147464717151,974.7,246.2
3368,3770,385.49012031921745,980.8528402204931,618.4147464717151,974.7,246.2
3369,3771,385.49012031921745,980.8528402204931,618.4147464717151,974.7,246.2
3370,3772,385.49012031921745,980.8528402204931,618.4147464717151,974.7,246.2
3371,3773,385.49012031921745,980.8528402204931,618.4147464717151,974.7,246.2
3372,3774,385.49012031921745,980.8528402204931,618.4147464717151,974.7,246.2
3373,3775,385.49012031921745,980.8528402204931,618.4147464717151,974.7,246.2
3374,3776,385.49012031921745,980.8528402204931,618.4147464717151,974.7,246.2
3375,3777,385.49012031921745,980.8528402204931,618.4147464717151,974.7,246.2
3376,3778,385.49012031921745,980.8528402204931,618.4147464717151,974.7,246.2
3377,3779,385.49012031921745,980.8528402204931,618.4147464717151,974.7,246.2
3378,3780,385.49012031921745,980.8528402204931,618.4147464717151,974.7,246.2
3379,3781,385.49012031921745,980.8528402204931,618.4147464717151,979.1,245.575
3380,3782,385.49012031921745,980.8528402204931,618.4147464717151,983.5,244.95
3381,3783,385.49012031921745,980.8528402204931,618.4147464717151,987.9000000000001,244.325
3382,3784,385.49012031921745,980.8528402204931,618.4147464717151,992.3000000000001,243.7
3383,3785,385.49012031921745,980.8528402204931,618.4147464717151,996.7,243.075
3384,3786,385.49012031921745,980.8528402204931,618.4147464717151,1001.1,242.45
3385,3787,385.49012031921745,980.8528402204931,618.4147464717151,1005.5,241.825
3386,3788,385.49012031921745,980.8528402204931,618.4147464717151,1009.9,241.2
3387,3789,385.49012031921745,980.8528402204931,618.4147464717151,1014.3,240.575
3388,3790,385.49012031921745,980.8528402204931,618.4147464717151,1018.7,239.95
3389,3791,385.49012031921745,980.8528402204931,618.4147464717151,1023.1,239.325
3390,3792,385.49012031921745,980.8528402204931,618.4147464717151,1027.5,238.7
3391,3793,385.49012031921745,980.8528402204931,618.4147464717151,1027.5,238.7
3392,3794,385.49012031921745,980.8528402204931,618.4147464717151,1027.5,238.7
3393,3795,385.49012031921745,980.8528402204931,618.4147464717151,1027.5,238.7
3394,3796,385.49012031921745,980.8528402204931,618.4147464717151,1027.5,238.7
3395,3797,385.49012031921745,980.8528402204931,618.4147464717151,1027.5,238.7
3396,3798,385.49012031921745,980.8528402204931,618.4147464717151,1027.5,238.7
3397,3799,385.49012031921745,980.8528402204931,618.4147464717151,1027.5,238.7
3398,3800,385.49012031921745,980.8528402204931,618.4147464717151,1027.5,238.7
3399,3801,385.49012031921745,980.8528402204931,618.4147464717151,1027.5,238.7
3400,3802,385.49012031921745,980.8528402204931,618.4147464717151,1027.5,238.7
3401,3803,385.49012031921745,980.8528402204931,618.4147464717151,1027.5,238.7
3402,3804,385.49012031921745,980.8528402204931,618.4147464717151,1027.5,238.7
3403,3805,385.49012031921745,980.8528402204931,618.4147464717151,1027.5,238.7
3404,3806,385.49012031921745,980.8528402204931,618.4147464717151,1027.5,238.7
3405,3807,385.49012031921745,980.8528402204931,618.4147464717151,1027.5,238.7
3406,3808,385.49012031921745,980.8528402204931,618.4147464717151,1027.5,238.7
3407,3809,382.71637254368534,980.8528402204931,618.4147464717151,1027.5,238.7
3408,3810,380.264657438974,980.8528402204931,618.4147464717151,1027.5,238.7
3409,3811,378.1412388463799,980.8528402204931,618.4147464717151,1027.5,238.7
3410,3812,376.3516736647795,980.8528402204931,618.4147464717151,1027.5,238.7
3411,3813,374.9007428096107,980.8528402204931,618.4147464717151,1027.5,238.7
3412,3814,373.79238968045655,980.8528402204931,618.4147464717151,1027.5,238.7
3413,3815,373.0296679109663,980.8528402204931,618.4147464717151,1027.5,238.7
3414,3816,372.6146999722591,980.8528402204931,618.4147464717151,1027.5,238.7
3415,3817,372.5486479159182,980.8528402204931,618.4147464717151,1027.5,238.7
3416,3818,372.8316971871518,980.8528402204931,618.4147464717151,1027.5,238.7
3417,3819,373.46305403056493,980.8528402204931,618.4147464717151,1027.5,238.7
3418,3820,374.4409565727718,980.8528402204931,618.4147464717151,1027.5,238.7
3419,3821,375.7626992229797,980.8528402204931,618.4147464717151,1027.5,238.7
3420,3822,375.7626992229797,980.8528402204931,618.4147464717151,1027.5,238.7
3421,3823,375.7626992229797,980.8528402204931,618.4147464717151,1027.5,238.7
3422,3824,375.7626992229797,980.8528402204931,618.4147464717151,1027.5,238.7
3423,3825,375.7626992229797,980.8528402204931,618.4147464717151,1027.5,238.7
3424,3826,375.7626992229797,980.8528402204931,618.4147464717151,1027.5,238.7
3425,3827,375.7626992229797,980.8528402204931,618.4147464717151,1027.5,238.7
3426,3828,375.7626992229797,980.8528402204931,618.4147464717151,1027.5,238.7
3427,3829,375.7626992229797,980.8528402204931,618.4147464717151,1027.5,238.7
3428,3830,375.7626992229797,980.8528402204931,618.4147464717151,1027.5,238.7
3429,3831,375.7626992229797,980.8528402204931,618.4147464717151,1027.5,238.7
3430,3832,375.7626992229797,980.8528402204931,618.4147464717151,1027.5,238.7
3431,3833,375.7626992229797,980.8528402204931,618.4147464717151,1027.5,238.7
3432,3834,375.7626992229797,980.8528402204931,618.4147464717151,1027.5,238.7
3433,3835,375.7626992229797,980.8528402204931,618.4147464717151,1027.5,238.7
3434,3836,375.7626992229797,980.8528402204931,618.4147464717151,1027.5,238.7
3435,3837,375.7626992229797,980.8528402204931,618.4147464717151,1027.5,238.7
3436,3838,375.7626992229797,980.8528402204931,618.4147464717151,1027.5,238.7
3437,3839,375.7626992229797,980.8528402204931,618.4147464717151,1027.5,238.7
3438,3840,375.7626992229797,980.8528402204931,618.4147464717151,1027.5,238.7
3439,3841,375.7626992229797,980.8528402204931,618.4147464717151,1027.5,238.7
3440,3842,375.7626992229797,980.8528402204931,618.4147464717151,1027.5,238.7
3441,3843,375.7626992229797,980.8528402204931,618.4147464717151,1027.5,238.7
3442,3844,375.7626992229797,980.8528402204931,618.4147464717151,1027.5,238.7
3443,3845,375.7626992229797,980.8528402204931,618.4147464717151,1027.5,238.7
3444,3846,375.7626992229797,980.8528402204931,618.4147464717151,1027.5,238.7
3445,3847,375.7626992229797,980.8528402204931,618.4147464717151,1027.5,238.7
3446,3848,375.7626992229797,980.8528402204931,618.4147464717151,1027.5,238.7
3447,3849,375.7626992229797,980.8528402204931,618.4147464717151,1027.5,238.7
3448,3850,375.7626992229797,980.8528402204931,618.4147464717151,1027.5,238.7
3449,3851,375.7626992229797,980.8528402204931,618.4147464717151,1027.5,238.7
3450,3852,375.7626992229797,980.8528402204931,618.4147464717151,1027.5,238.7
3451,3853,375.7626992229797,980.8528402204931,618.4147464717151,1027.5,238.7
3452,3854,375.7626992229797,980.8528402204931,618.4147464717151,1027.5,238.7
3453,3855,375.7626992229797,980.8528402204931,618.4147464717151,1027.5,238.7
3454,3856,375.7626992229797,980.8528402204931,618.4147464717151,1027.5,238.7
3455,3857,375.7626992229797,980.8528402204931,618.4147464717151,1027.5,238.7
3456,3858,375.7626992229797,980.8528402204931,618.4147464717151,1027.5,238.7
3457,3859,375.7626992229797,980.8528402204931,618.4147464717151,1027.5,238.7
3458,3860,375.7626992229797,980.8528402204931,618.4147464717151,1027.5,238.7
3459,3861,375.7626992229797,980.8528402204931,618.4147464717151,1027.5,238.7
3460,3862,375.7626992229797,980.8528402204931,618.4147464717151,1027.5,238.7
3461,3863,375.7626992229797,980.8528402204931,618.4147464717151,1027.5,238.7
3462,3864,375.7626992229797,980.8528402204931,618.4147464717151,1027.5,238.7
3463,3865,375.7626992229797,980.8528402204931,618.4147464717151,1027.5,238.7
3464,3866,375.7626992229797,980.8528402204931,618.4147464717151,1027.5,238.7
3465,3867,375.7626992229797,980.8528402204931,618.4147464717151,1027.5,238.7
3466,3868,375.7626992229797,980.8528402204931,618.4147464717151,1027.5,238.7
3467,3869,375.7626992229797,980.8528402204931,618.4147464717151,1027.5,238.7
3468,3870,375.7626992229797,980.8528402204931,618.4147464717151,1027.5,238.7
3469,3871,375.7626992229797,980.8528402204931,618.4147464717151,1027.5,238.7
3470,3872,375.7626992229797,980.8528402204931,618.4147464717151,1027.5,238.7
3471,3873,375.7626992229797,980.8528402204931,618.4147464717151,1027.5,238.7
3472,3874,375.7626992229797,980.8528402204931,618.4147464717151,1027.5,238.7
3473,3875,375.7626992229797,980.8528402204931,618.4147464717151,1027.5,238.7
3474,3876,375.7626992229797,980.8528402204931,618.4147464717151,1027.5,238.7
3475,3877,375.7626992229797,980.8528402204931,618.4147464717151,1027.5,238.7
3476,3878,375.7626992229797,980.8528402204931,618.4147464717151,1027.5,238.7
3477,3879,375.7626992229797,980.8528402204931,618.4147464717151,1027.5,238.7
3478,3880,375.7626992229797,980.8528402204931,618.4147464717151,1027.5,238.7
3479,3881,375.7626992229797,980.8528402204931,618.4147464717151,1027.5,238.7
3480,3882,375.7626992229797,980.8528402204931,618.4147464717151,1027.5,238.7
3481,3883,375.7626992229797,980.8528402204931,618.4147464717151,1027.5,238.7
3482,3884,375.7626992229797,980.8528402204931,618.4147464717151,1027.5,238.7
3483,3885,375.7626992229797,980.8528402204931,618.4147464717151,1027.5,238.7
3484,3886,375.7626992229797,980.8528402204931,618.4147464717151,1027.5,238.7
3485,3887,375.7626992229797,980.8528402204931,618.4147464717151,1027.5,238.7
3486,3888,375.7626992229797,980.8528402204931,618.4147464717151,1027.5,238.7
3487,3889,375.7626992229797,980.8528402204931,618.4147464717151,1027.5,238.7
3488,3890,375.7626992229797,980.8528402204931,618.4147464717151,1027.5,238.7
3489,3891,375.7626992229797,980.8528402204931,618.4147464717151,1027.5,238.7
3490,3892,375.7626992229797,980.8528402204931,618.4147464717151,1027.5,238.7
3491,3893,375.7626992229797,980.8528402204931,618.4147464717151,1027.5,238.7
3492,3894,375.7626992229797,980.8528402204931,618.4147464717151,1027.5,238.7
3493,3895,375.7626992229797,980.8528402204931,618.4147464717151,1027.5,238.7
3494,3896,375.7626992229797,980.8528402204931,618.4147464717151,1027.5,238.7
3495,3897,375.7626992229797,938.8528402204931,438.41474647171515,1027.5,238.7
3496,3898,375.7626992229797,938.8528402204931,438.41474647171515,1027.5,238.7
3497,3899,375.7626992229797,938.8528402204931,438.41474647171515,1027.5,238.7
3498,3900,375.7626992229797,938.8528402204931,438.41474647171515,1027.5,238.7
3499,3901,375.7626992229797,938.8528402204931,438.41474647171515,1027.5,238.7
3500,3902,375.7626992229797,938.8528402204931,438.41474647171515,1027.5,238.7
3501,3903,375.7626992229797,938.8528402204931,438.41474647171515,1027.5,238.7
3502,3904,375.7626992229797,938.8528402204931,438.41474647171515,1027.5,238.7
3503,3905,375.7626992229797,938.8528402204931,438.41474647171515,1027.5,238.7
3504,3906,375.7626992229797,938.8528402204931,438.41474647171515,1027.5,238.7
3505,3907,375.7626992229797,938.8528402204931,438.41474647171515,1027.5,238.7
3506,3908,375.7626992229797,938.8528402204931,438.41474647171515,1027.5,238.7
3507,3909,375.7626992229797,938.8528402204931,438.41474647171515,1027.5,238.7
3508,3910,375.7626992229797,938.8528402204931,438.41474647171515,1027.5,238.7
3509,3911,375.7626992229797,938.8528402204931,438.41474647171515,1027.5,238.7
3510,3912,375.7626992229797,938.8528402204931,438.41474647171515,1027.5,238.7
3511,3913,375.7626992229797,938.8528402204931,438.41474647171515,1027.5,238.7
3512,3914,375.7626992229797,938.8528402204931,438.41474647171515,1027.5,238.7
3513,3915,375.7626992229797,938.8528402204931,438.41474647171515,1027.5,238.7
3514,3916,375.7626992229797,938.8528402204931,438.41474647171515,1027.5,238.7
3515,3917,375.7626992229797,938.8528402204931,438.41474647171515,1027.5,238.7
3516,3918,375.7626992229797,938.8528402204931,438.41474647171515,1027.5,238.7
3517,3919,375.7626992229797,938.8528402204931,438.41474647171515,1027.5,238.7
3518,3920,375.7626992229797,938.8528402204931,438.41474647171515,1027.5,238.7
3519,3921,375.7626992229797,938.8528402204931,438.41474647171515,1027.5,238.7
3520,3922,375.7626992229797,938.8528402204931,438.41474647171515,1027.5,238.7
3521,3923,375.7626992229797,938.8528402204931,438.41474647171515,1027.5,238.7
3522,3924,375.7626992229797,938.8528402204931,438.41474647171515,1027.5,238.7
3523,3925,375.7626992229797,938.8528402204931,438.41474647171515,1027.5,238.7
3524,3926,375.7626992229797,938.8528402204931,438.41474647171515,1027.5,238.7
3525,3927,204.45742534602175,938.8528402204931,438.41474647171515,1027.5,238.7
3526,3928,204.45742534602175,938.8528402204931,438.41474647171515,1027.5,238.7
3527,3929,204.45742534602175,938.8528402204931,438.41474647171515,1027.5,238.7
3528,3930,204.45742534602175,938.8528402204931,438.41474647171515,1027.5,238.7
3529,3931,204.45742534602175,897.8528402204931,258.41474647171515,1027.5,238.7
3530,3932,204.45742534602175,897.8528402204931,258.41474647171515,1027.5,238.7
3531,3933,204.45742534602175,897.8528402204931,258.41474647171515,1027.5,238.7
3532,3934,204.45742534602175,897.8528402204931,258.41474647171515,1027.5,238.7
3533,3935,204.45742534602175,897.8528402204931,258.41474647171515,1027.5,238.7
3534,3936,204.45742534602175,897.8528402204931,258.41474647171515,1027.5,238.7
3535,3937,204.45742534602175,897.8528402204931,258.41474647171515,1027.5,238.7
3536,3938,204.45742534602175,897.8528402204931,258.41474647171515,1027.5,238.7
3537,3939,204.45742534602175,897.8528402204931,258.41474647171515,1027.5,238.7
3538,3940,204.45742534602175,897.8528402204931,258.41474647171515,1027.5,238.7
3539,3941,204.45742534602175,897.8528402204931,258.41474647171515,1027.5,238.7
3540,3942,204.45742534602175,897.8528402204931,258.41474647171515,1027.5,238.7
3541,3943,204.45742534602175,897.8528402204931,258.41474647171515,1027.5,238.7
3542,3944,204.45742534602175,897.8528402204931,258.41474647171515,1027.5,238.7
3543,3945,204.45742534602175,897.8528402204931,258.41474647171515,1027.5,238.7
3544,3946,204.45742534602175,897.8528402204931,258.41474647171515,1027.5,238.7
3545,3947,204.45742534602175,897.8528402204931,258.41474647171515,1027.5,238.7
3546,3948,204.45742534602175,897.8528402204931,258.41474647171515,1027.5,238.7
3547,3949,204.45742534602175,897.8528402204931,258.41474647171515,1027.5,238.7
3548,3950,204.45742534602175,897.8528402204931,258.41474647171515,1027.5,238.7
3549,3951,65.60107410593245,897.8528402204931,258.41474647171515,1027.5,238.7
3550,3952,65.60107410593245,897.8528402204931,258.41474647171515,1027.5,238.7
3551,3953,65.60107410593245,897.8528402204931,258.41474647171515,1027.5,238.7
3552,3954,65.60107410593245,897.8528402204931,258.41474647171515,1027.5,238.7
3553,3955,65.60107410593245,897.8528402204931,258.41474647171515,1027.5,238.7
3554,3956,65.60107410593245,897.8528402204931,258.41474647171515,1027.5,238.7
3555,3957,65.60107410593245,897.8528402204931,258.41474647171515,1027.5,238.7
3556,3958,65.60107410593245,897.8528402204931,258.41474647171515,1027.5,238.7
3557,3959,65.60107410593245,897.8528402204931,258.41474647171515,1027.5,238.7
3558,3960,65.60107410593245,897.8528402204931,258.41474647171515,1027.5,238.7
3559,3961,65.60107410593245,897.8528402204931,258.41474647171515,1027.5,238.7
3560,3962,65.60107410593245,897.8528402204931,258.41474647171515,1027.5,238.7
3561,3963,65.60107410593245,897.8528402204931,258.41474647171515,1027.5,238.7
3562,3964,65.60107410593245,897.8528402204931,258.41474647171515,1027.5,238.7
3563,3965,65.60107410593245,897.8528402204931,258.41474647171515,1027.5,238.7
3564,3966,65.60107410593245,897.8528402204931,258.41474647171515,1027.5,238.7
3565,3967,65.60107410593245,897.8528402204931,258.41474647171515,1027.5,238.7
3566,3968,65.60107410593245,897.8528402204931,258.41474647171515,1027.5,238.7
3567,3969,65.60107410593245,897.8528402204931,258.41474647171515,1027.5,238.7
3568,3970,65.60107410593245,897.8528402204931,258.41474647171515,1027.5,238.7
3569,3971,65.60107410593245,897.8528402204931,258.41474647171515,1027.5,238.7
3570,3972,65.60107410593245,897.8528402204931,258.41474647171515,1027.5,238.7
3571,3973,65.60107410593245,897.8528402204931,258.41474647171515,1027.5,238.7
3572,3974,65.60107410593245,897.8528402204931,258.41474647171515,1027.5,238.7
3573,3975,65.60107410593245,897.8528402204931,258.41474647171515,1027.5,238.7
3574,3976,65.60107410593245,897.8528402204931,258.41474647171515,1027.5,238.7
3575,3977,65.60107410593245,897.8528402204931,258.41474647171515,1027.5,238.7
3576,3978,65.60107410593245,897.8528402204931,258.41474647171515,1027.5,238.7
3577,3979,65.60107410593245,897.8528402204931,258.41474647171515,1027.5,238.7
3578,3980,65.60107410593245,897.8528402204931,258.41474647171515,1027.5,238.7
3579,3981,65.60107410593245,897.8528402204931,258.41474647171515,1027.5,238.7
3580,3982,65.60107410593245,897.8528402204931,258.41474647171515,1027.5,238.7
3581,3983,65.60107410593245,897.8528402204931,258.41474647171515,1027.5,238.7
3582,3984,65.60107410593245,897.8528402204931,258.41474647171515,1027.5,238.7
3583,3985,65.60107410593245,897.8528402204931,258.41474647171515,1027.5,238.7
3584,3986,65.60107410593245,897.8528402204931,258.41474647171515,1027.5,238.7
3585,3987,65.60107410593245,897.8528402204931,258.41474647171515,1027.5,238.7
3586,3988,65.60107410593245,897.8528402204931,258.41474647171515,1027.5,238.7
3587,3989,65.60107410593245,897.8528402204931,258.41474647171515,1027.5,238.7
3588,3990,65.60107410593245,897.8528402204931,258.41474647171515,1027.5,238.7
3589,3991,65.60107410593245,897.8528402204931,258.41474647171515,1027.5,238.7
3590,3992,65.60107410593245,897.8528402204931,258.41474647171515,1027.5,238.7
3591,3993,65.60107410593245,897.8528402204931,258.41474647171515,1027.5,238.7
3592,3994,65.60107410593245,897.8528402204931,258.41474647171515,1027.5,238.7
3593,3995,65.60107410593245,897.8528402204931,258.41474647171515,1027.5,238.7
3594,3996,65.60107410593245,897.8528402204931,258.41474647171515,1027.5,238.7
3595,3997,65.60107410593245,897.8528402204931,258.41474647171515,1027.5,238.7
3596,3998,65.60107410593245,897.8528402204931,258.41474647171515,1027.5,238.7
3597,3999,65.60107410593245,897.8528402204931,258.41474647171515,1027.5,238.7
3598,4000,65.60107410593245,897.8528402204931,258.41474647171515,1027.5,238.7
3599,4001,65.60107410593245,897.8528402204931,258.41474647171515,1027.5,238.7
3600,4002,65.60107410593245,897.8528402204931,258.41474647171515,1027.5,238.7
3601,4003,65.60107410593245,897.8528402204931,258.41474647171515,1027.5,238.7
3602,4004,65.60107410593245,897.8528402204931,258.41474647171515,1027.5,238.7
3603,4005,65.60107410593245,897.8528402204931,258.41474647171515,1027.5,238.7
3604,4006,65.60107410593245,897.8528402204931,258.41474647171515,1027.5,238.7
3605,4007,65.60107410593245,897.8528402204931,258.41474647171515,1027.5,238.7
3606,4008,65.60107410593245,897.8528402204931,258.41474647171515,1027.5,238.7
3607,4009,65.60107410593245,897.8528402204931,258.41474647171515,1027.5,238.7
3608,4010,65.60107410593245,897.8528402204931,258.41474647171515,1027.5,238.7
3609,4011,65.60107410593245,897.8528402204931,258.41474647171515,1027.5,238.7
3610,4012,65.60107410593245,897.8528402204931,258.41474647171515,1027.5,238.7
3611,4013,65.60107410593245,897.8528402204931,258.41474647171515,1027.5,238.7
3612,4014,65.60107410593245,897.8528402204931,258.41474647171515,1027.5,238.7
3613,4015,65.60107410593245,897.8528402204931,258.41474647171515,1027.5,238.7
3614,4016,65.60107410593245,897.8528402204931,258.41474647171515,1027.5,238.7
3615,4017,65.60107410593245,897.8528402204931,258.41474647171515,1027.5,238.7
3616,4018,65.60107410593245,897.8528402204931,258.41474647171515,1027.5,238.7
3617,4019,65.60107410593245,897.8528402204931,258.41474647171515,1027.5,238.7
3618,4020,65.60107410593245,897.8528402204931,258.41474647171515,1027.5,238.7
3619,4021,65.60107410593245,897.8528402204931,258.41474647171515,1027.5,238.7
3620,4022,65.60107410593245,897.8528402204931,258.41474647171515,1027.5,238.7
3621,4023,65.60107410593245,897.8528402204931,258.41474647171515,1027.5,238.7
3622,4024,65.60107410593245,897.8528402204931,258.41474647171515,1027.5,238.7
3623,4025,65.60107410593245,897.8528402204931,258.41474647171515,1027.5,238.7
3624,4026,65.60107410593245,897.8528402204931,258.41474647171515,1027.5,238.7
3625,4027,65.60107410593245,897.8528402204931,258.41474647171515,1027.5,238.7
3626,4028,65.60107410593245,897.8528402204931,258.41474647171515,1027.5,238.7
3627,4029,65.60107410593245,897.8528402204931,258.41474647171515,1027.5,238.7
3628,4030,65.60107410593245,897.8528402204931,258.41474647171515,1027.5,238.7
3629,4031,65.60107410593245,897.8528402204931,258.41474647171515,1027.5,238.7
3630,4032,65.60107410593245,897.8528402204931,258.41474647171515,1027.5,238.7
3631,4033,65.60107410593245,897.8528402204931,258.41474647171515,1027.5,238.7
3632,4034,65.60107410593245,897.8528402204931,258.41474647171515,1027.5,238.7
3633,4035,65.60107410593245,897.8528402204931,258.41474647171515,1027.5,238.7
3634,4036,65.60107410593245,897.8528402204931,258.41474647171515,1027.5,238.7
3635,4037,65.60107410593245,897.8528402204931,258.41474647171515,1027.5,238.7
3636,4038,65.60107410593245,897.8528402204931,258.41474647171515,1027.5,238.7
3637,4039,65.60107410593245,897.8528402204931,258.41474647171515,1027.5,238.7
3638,4040,65.60107410593245,897.8528402204931,258.41474647171515,1027.5,238.7
3639,4041,65.60107410593245,897.8528402204931,258.41474647171515,1027.5,238.7
3640,4042,65.60107410593245,897.8528402204931,258.41474647171515,1027.5,238.7
3641,4043,65.60107410593245,897.8528402204931,258.41474647171515,1027.5,238.7
3642,4044,65.60107410593245,897.8528402204931,258.41474647171515,1027.5,238.7
3643,4045,65.60107410593245,897.8528402204931,258.41474647171515,1027.5,238.7
3644,4046,65.60107410593245,897.8528402204931,258.41474647171515,1027.5,238.7
3645,4047,65.60107410593245,897.8528402204931,258.41474647171515,1027.5,238.7
3646,4048,65.60107410593245,897.8528402204931,258.41474647171515,1027.5,238.7
3647,4049,65.60107410593245,897.8528402204931,258.41474647171515,1027.5,238.7
3648,4050,65.60107410593245,897.8528402204931,258.41474647171515,1027.5,238.7
3649,4051,65.60107410593245,897.8528402204931,258.41474647171515,1027.5,238.7
3650,4052,65.60107410593245,897.8528402204931,258.41474647171515,1027.5,238.7
3651,4053,65.60107410593245,897.8528402204931,258.41474647171515,1027.5,238.7
3652,4054,65.60107410593245,897.8528402204931,258.41474647171515,1027.5,238.7
3653,4055,65.60107410593245,897.8528402204931,258.41474647171515,1027.5,238.7
3654,4056,65.60107410593245,897.8528402204931,258.41474647171515,1027.5,238.7
3655,4057,65.60107410593245,897.8528402204931,258.41474647171515,1027.5,238.7
3656,4058,65.60107410593245,897.8528402204931,258.41474647171515,1027.5,238.7
3657,4059,65.60107410593245,897.8528402204931,258.41474647171515,1027.5,238.7
3658,4060,65.60107410593245,897.8528402204931,258.41474647171515,1027.5,238.7
3659,4061,65.60107410593245,897.8528402204931,258.41474647171515,1027.5,238.7
3660,4062,65.60107410593245,897.8528402204931,258.41474647171515,1027.5,238.7
3661,4063,65.60107410593245,897.8528402204931,258.41474647171515,1027.5,238.7
3662,4064,65.60107410593245,897.8528402204931,258.41474647171515,1027.5,238.7
3663,4065,65.60107410593245,897.8528402204931,258.41474647171515,1027.5,238.7
3664,4066,65.60107410593245,897.8528402204931,258.41474647171515,1027.5,238.7
3665,4067,65.60107410593245,897.8528402204931,258.41474647171515,1027.5,238.7
3666,4068,65.60107410593245,897.8528402204931,258.41474647171515,1027.5,238.7
3667,4069,65.60107410593245,897.8528402204931,258.41474647171515,1027.5,238.7
3668,4070,65.60107410593245,897.8528402204931,258.41474647171515,1027.5,238.7
3669,4071,65.60107410593245,897.8528402204931,258.41474647171515,1027.5,238.7
3670,4072,65.60107410593245,897.8528402204931,258.41474647171515,1027.5,238.7
3671,4073,65.60107410593245,897.8528402204931,258.41474647171515,1027.5,238.7
3672,4074,65.60107410593245,897.8528402204931,258.41474647171515,1027.5,238.7
3673,4075,65.60107410593245,897.8528402204931,258.41474647171515,1027.5,238.7
3674,4076,65.60107410593245,897.8528402204931,258.41474647171515,1027.5,238.7
3675,4077,65.60107410593245,897.8528402204931,258.41474647171515,1027.5,238.7
3676,4078,65.60107410593245,897.8528402204931,258.41474647171515,1027.5,238.7
3677,4079,65.60107410593245,897.8528402204931,258.41474647171515,1027.5,238.7
3678,4080,65.60107410593245,897.8528402204931,258.41474647171515,1027.5,238.7
3679,4081,65.60107410593245,897.8528402204931,258.41474647171515,1027.5,238.7
3680,4082,65.60107410593245,897.8528402204931,258.41474647171515,1027.5,238.7
3681,4083,65.60107410593245,897.8528402204931,258.41474647171515,1027.5,238.7
3682,4084,65.60107410593245,897.8528402204931,258.41474647171515,1027.5,238.7
3683,4085,65.60107410593245,897.8528402204931,258.41474647171515,1027.5,238.7
3684,4086,65.60107410593245,897.8528402204931,258.41474647171515,1027.5,238.7
3685,4087,65.60107410593245,897.8528402204931,258.41474647171515,1027.5,238.7
3686,4088,65.60107410593245,897.8528402204931,258.41474647171515,1027.5,238.7
3687,4089,65.60107410593245,897.8528402204931,258.41474647171515,1027.5,238.7
3688,4090,65.60107410593245,897.8528402204931,258.41474647171515,1027.5,238.7
3689,4091,65.60107410593245,897.8528402204931,258.41474647171515,1027.5,238.7
3690,4092,65.60107410593245,897.8528402204931,258.41474647171515,1027.5,238.7
3691,4093,65.60107410593245,897.8528402204931,258.41474647171515,1027.5,238.7
3692,4094,65.60107410593245,897.8528402204931,258.41474647171515,1027.5,238.7
3693,4095,65.60107410593245,897.8528402204931,258.41474647171515,1027.5,238.7
3694,4096,65.60107410593245,897.8528402204931,258.41474647171515,1027.5,238.7
3695,4097,65.60107410593245,897.8528402204931,258.41474647171515,1027.5,238.7
3696,4098,65.60107410593245,897.8528402204931,258.41474647171515,1027.5,238.7
3697,4099,65.60107410593245,897.8528402204931,258.41474647171515,1027.5,238.7
3698,4100,65.60107410593245,897.8528402204931,258.41474647171515,1027.5,238.7
3699,4101,65.60107410593245,897.8528402204931,258.41474647171515,1027.5,238.7
3700,4102,65.60107410593245,897.8528402204931,258.41474647171515,1027.5,238.7
3701,4103,65.60107410593245,897.8528402204931,258.41474647171515,1027.5,238.7
3702,4104,65.60107410593245,897.8528402204931,258.41474647171515,1027.5,238.7
3703,4105,65.60107410593245,897.8528402204931,258.41474647171515,1027.5,238.7
3704,4106,65.60107410593245,897.8528402204931,258.41474647171515,1027.5,238.7
3705,4107,65.60107410593245,897.8528402204931,258.41474647171515,1027.5,238.7
3706,4108,65.60107410593245,897.8528402204931,258.41474647171515,1027.5,238.7
3707,4109,65.60107410593245,897.8528402204931,258.41474647171515,1027.5,238.7
3708,4110,65.60107410593245,897.8528402204931,258.41474647171515,1027.5,238.7
3709,4111,65.60107410593245,897.8528402204931,258.41474647171515,1027.5,238.7
3710,4112,65.60107410593245,897.8528402204931,258.41474647171515,1027.5,238.7
3711,4113,65.60107410593245,897.8528402204931,258.41474647171515,1027.5,238.7
3712,4114,65.60107410593245,897.8528402204931,258.41474647171515,1027.5,238.7
3713,4115,65.60107410593245,897.8528402204931,258.41474647171515,1027.5,238.7
3714,4116,65.60107410593245,897.8528402204931,258.41474647171515,1027.5,238.7
3715,4117,65.60107410593245,897.8528402204931,258.41474647171515,1027.5,238.7
3716,4118,65.60107410593245,897.8528402204931,258.41474647171515,1027.5,238.7
3717,4119,65.60107410593245,897.8528402204931,258.41474647171515,1027.5,238.7
3718,4120,65.60107410593245,897.8528402204931,258.41474647171515,1027.5,238.7
3719,4121,65.60107410593245,897.8528402204931,258.41474647171515,1027.5,238.7
3720,4122,65.60107410593245,897.8528402204931,258.41474647171515,1027.5,238.7
3721,4123,65.60107410593245,897.8528402204931,258.41474647171515,1027.5,238.7
3722,4124,65.60107410593245,897.8528402204931,258.41474647171515,1027.5,238.7
3723,4125,65.60107410593245,897.8528402204931,258.41474647171515,1027.5,238.7
3724,4126,65.60107410593245,897.8528402204931,258.41474647171515,1027.5,238.7
3725,4127,65.60107410593245,897.8528402204931,258.41474647171515,1027.5,238.7
3726,4128,65.60107410593245,897.8528402204931,258.41474647171515,1027.5,238.7
3727,4129,65.60107410593245,897.8528402204931,258.41474647171515,1027.5,238.7
3728,4130,65.60107410593245,897.8528402204931,258.41474647171515,1027.5,238.7
3729,4131,65.60107410593245,904.8528402204931,418.41474647171515,1027.5,238.7
3730,4132,65.60107410593245,904.8528402204931,418.41474647171515,1027.5,238.7
3731,4133,65.60107410593245,904.8528402204931,418.41474647171515,1027.5,238.7
3732,4134,65.60107410593245,904.8528402204931,418.41474647171515,1027.5,238.7
3733,4135,65.60107410593245,904.8528402204931,418.41474647171515,1027.5,238.7
3734,4136,65.60107410593245,904.8528402204931,418.41474647171515,1027.5,238.7
3735,4137,65.60107410593245,904.8528402204931,418.41474647171515,1027.5,238.7
3736,4138,65.60107410593245,904.8528402204931,418.41474647171515,1027.5,238.7
3737,4139,65.60107410593245,904.8528402204931,418.41474647171515,1027.5,238.7
3738,4140,65.60107410593245,904.8528402204931,418.41474647171515,1027.5,238.7
3739,4141,65.60107410593245,904.8528402204931,418.41474647171515,1027.5,238.7
3740,4142,65.60107410593245,904.8528402204931,418.41474647171515,1027.5,238.7
3741,4143,65.60107410593245,904.8528402204931,418.41474647171515,1027.5,238.7
3742,4144,65.60107410593245,904.8528402204931,418.41474647171515,1027.5,238.7
3743,4145,65.60107410593245,904.8528402204931,418.41474647171515,1027.5,238.7
3744,4146,65.60107410593245,904.8528402204931,418.41474647171515,1027.5,238.7
3745,4147,65.60107410593245,904.8528402204931,418.41474647171515,1027.5,238.7
3746,4148,65.60107410593245,904.8528402204931,418.41474647171515,1027.5,238.7
3747,4149,65.60107410593245,904.8528402204931,418.41474647171515,1027.5,238.7
3748,4150,65.60107410593245,904.8528402204931,418.41474647171515,1027.5,238.7
3749,4151,65.60107410593245,904.8528402204931,418.41474647171515,1027.5,238.7
3750,4152,65.60107410593245,904.8528402204931,418.41474647171515,1027.5,238.7
3751,4153,65.60107410593245,904.8528402204931,418.41474647171515,1027.5,238.7
3752,4154,65.60107410593245,904.8528402204931,418.41474647171515,1027.5,238.7
3753,4155,65.60107410593245,904.8528402204931,418.41474647171515,1027.5,238.7
3754,4156,65.60107410593245,904.8528402204931,418.41474647171515,1027.5,238.7
3755,4157,65.60107410593245,904.8528402204931,418.41474647171515,1027.5,238.7
3756,4158,65.60107410593245,904.8528402204931,418.41474647171515,1027.5,238.7
3757,4159,65.60107410593245,904.8528402204931,418.41474647171515,1027.5,238.7
3758,4160,65.60107410593245,904.8528402204931,418.41474647171515,1027.5,238.7
3759,4161,65.60107410593245,904.8528402204931,418.41474647171515,1027.5,238.7
3760,4162,65.60107410593245,904.8528402204931,418.41474647171515,1027.5,238.7
3761,4163,65.60107410593245,904.8528402204931,418.41474647171515,1027.5,238.7
3762,4164,65.60107410593245,912.8528402204931,579.4147464717151,1027.5,238.7
3763,4165,65.60107410593245,912.8528402204931,579.4147464717151,1027.5,238.7
3764,4166,65.60107410593245,912.8528402204931,579.4147464717151,1027.5,238.7
3765,4167,67.38935366956227,912.8528402204931,579.4147464717151,1027.5,238.7
3766,4168,69.41649877479163,912.8528402204931,579.4147464717151,1027.5,238.7
3767,4169,71.66224156625273,912.8528402204931,579.4147464717151,1027.5,238.7
3768,4170,74.1067114399854,912.8528402204931,579.4147464717151,1027.5,238.7
3769,4171,76.73091778806355,912.8528402204931,579.4147464717151,1027.5,238.7
3770,4172,79.51706771975353,912.8528402204931,579.4147464717151,1027.5,238.7
3771,4173,82.44874542949195,912.8528402204931,579.4147464717151,1027.5,238.7
3772,4174,85.51098430638295,912.8528402204931,579.4147464717151,1027.5,238.7
3773,4175,88.69026159165263,912.8528402204931,579.4147464717151,1027.5,238.7
3774,4176,91.97444109830235,912.8528402204931,579.4147464717151,1027.5,238.7
3775,4177,95.35268417561402,912.8528402204931,579.4147464717151,1027.5,238.7
3776,4178,98.81534391805602,912.8528402204931,579.4147464717151,1027.5,238.7
3777,4179,98.81534391805602,912.8528402204931,579.4147464717151,1027.5,238.7
3778,4180,98.81534391805602,912.8528402204931,579.4147464717151,1027.5,238.7
3779,4181,98.81534391805602,912.8528402204931,579.4147464717151,1027.5,238.7
3780,4182,98.81534391805602,912.8528402204931,579.4147464717151,1027.5,238.7
3781,4183,98.81534391805602,912.8528402204931,579.4147464717151,1027.5,238.7
3782,4184,98.81534391805602,912.8528402204931,579.4147464717151,1027.5,238.7
3783,4185,98.81534391805602,912.8528402204931,579.4147464717151,1027.5,238.7
3784,4186,98.81534391805602,912.8528402204931,579.4147464717151,1027.5,238.7
3785,4187,98.81534391805602,912.8528402204931,579.4147464717151,1027.5,238.7
3786,4188,98.81534391805602,912.8528402204931,579.4147464717151,1027.5,238.7
3787,4189,98.81534391805602,912.8528402204931,579.4147464717151,1027.5,238.7
3788,4190,98.81534391805602,912.8528402204931,579.4147464717151,1027.5,238.7
3789,4191,98.81534391805602,912.8528402204931,579.4147464717151,1027.5,238.7
3790,4192,98.81534391805602,912.8528402204931,579.4147464717151,1027.5,238.7
3791,4193,98.81534391805602,912.8528402204931,579.4147464717151,1027.5,238.7
3792,4194,98.81534391805602,912.8528402204931,579.4147464717151,1027.5,238.7
3793,4195,98.81534391805602,912.8528402204931,579.4147464717151,1027.5,238.7
3794,4196,98.81534391805602,912.8528402204931,579.4147464717151,1027.5,238.7
3795,4197,98.81534391805602,912.8528402204931,579.4147464717151,1027.5,238.7
3796,4198,98.81534391805602,912.8528402204931,579.4147464717151,1027.5,238.7
3797,4199,98.81534391805602,912.8528402204931,579.4147464717151,1027.5,238.7
3798,4200,98.81534391805602,912.8528402204931,579.4147464717151,1027.5,238.7
3799,4201,98.81534391805602,912.8528402204931,579.4147464717151,1027.5,238.7
3800,4202,98.81534391805602,912.8528402204931,579.4147464717151,1027.5,238.7
3801,4203,98.81534391805602,912.8528402204931,579.4147464717151,1027.5,238.7
3802,4204,98.81534391805602,912.8528402204931,579.4147464717151,1027.5,238.7
3803,4205,98.81534391805602,912.8528402204931,579.4147464717151,1027.5,238.7
3804,4206,98.81534391805602,912.8528402204931,579.4147464717151,1027.5,238.7
3805,4207,98.81534391805602,912.8528402204931,579.4147464717151,1027.5,238.7
3806,4208,98.81534391805602,912.8528402204931,579.4147464717151,1027.5,238.7
3807,4209,98.81534391805602,912.8528402204931,579.4147464717151,1027.5,238.7
3808,4210,98.81534391805602,912.8528402204931,579.4147464717151,1027.5,238.7
3809,4211,98.81534391805602,912.8528402204931,579.4147464717151,1027.5,238.7
3810,4212,98.81534391805602,912.8528402204931,579.4147464717151,1027.5,238.7
3811,4213,98.81534391805602,912.8528402204931,579.4147464717151,1027.5,238.7
3812,4214,98.81534391805602,912.8528402204931,579.4147464717151,1027.5,238.7
3813,4215,98.81534391805602,912.8528402204931,579.4147464717151,1027.5,238.7
3814,4216,98.81534391805602,912.8528402204931,579.4147464717151,1027.5,238.7
3815,4217,98.81534391805602,912.8528402204931,579.4147464717151,1027.5,238.7
3816,4218,98.81534391805602,912.8528402204931,579.4147464717151,1027.5,238.7
3817,4219,98.81534391805602,912.8528402204931,579.4147464717151,1027.5,238.7
3818,4220,98.81534391805602,912.8528402204931,579.4147464717151,1027.5,238.7
3819,4221,98.81534391805602,912.8528402204931,579.4147464717151,1027.5,238.7
3820,4222,98.81534391805602,912.8528402204931,579.4147464717151,1027.5,238.7
3821,4223,98.81534391805602,912.8528402204931,579.4147464717151,1027.5,238.7
3822,4224,98.81534391805602,912.8528402204931,579.4147464717151,1027.5,238.7
3823,4225,98.81534391805602,912.8528402204931,579.4147464717151,1027.5,238.7
3824,4226,98.81534391805602,912.8528402204931,579.4147464717151,1027.5,238.7
3825,4227,98.81534391805602,912.8528402204931,579.4147464717151,1027.5,238.7
3826,4228,98.81534391805602,912.8528402204931,579.4147464717151,1027.5,238.7
3827,4229,98.81534391805602,912.8528402204931,579.4147464717151,1027.5,238.7
3828,4230,98.81534391805602,912.8528402204931,579.4147464717151,1027.5,238.7
3829,4231,98.81534391805602,912.8528402204931,579.4147464717151,1027.5,238.7
3830,4232,98.81534391805602,912.8528402204931,579.4147464717151,1027.5,238.7
3831,4233,98.81534391805602,912.8528402204931,579.4147464717151,1027.5,238.7
3832,4234,98.81534391805602,912.8528402204931,579.4147464717151,1027.5,238.7
3833,4235,98.81534391805602,912.8528402204931,579.4147464717151,1027.5,238.7
3834,4236,98.81534391805602,912.8528402204931,579.4147464717151,1027.5,238.7
3835,4237,98.81534391805602,912.8528402204931,579.4147464717151,1027.5,238.7
3836,4238,98.81534391805602,912.8528402204931,579.4147464717151,1027.5,238.7
3837,4239,98.81534391805602,912.8528402204931,579.4147464717151,1027.5,238.7
3838,4240,98.81534391805602,912.8528402204931,579.4147464717151,1027.5,238.7
3839,4241,98.81534391805602,912.8528402204931,579.4147464717151,1027.5,238.7
3840,4242,98.81534391805602,912.8528402204931,579.4147464717151,1027.5,238.7
3841,4243,98.81534391805602,912.8528402204931,579.4147464717151,1027.5,238.7
3842,4244,98.81534391805602,912.8528402204931,579.4147464717151,1027.5,238.7
3843,4245,98.81534391805602,912.8528402204931,579.4147464717151,1027.5,238.7
3844,4246,98.81534391805602,912.8528402204931,579.4147464717151,1027.5,238.7
3845,4247,98.81534391805602,912.8528402204931,579.4147464717151,1027.5,238.7
3846,4248,98.81534391805602,912.8528402204931,579.4147464717151,1027.5,238.7
3847,4249,98.81534391805602,912.8528402204931,579.4147464717151,1027.5,238.7
3848,4250,98.81534391805602,912.8528402204931,579.4147464717151,1027.5,238.7
3849,4251,98.81534391805602,912.8528402204931,579.4147464717151,1027.5,238.7
3850,4252,98.81534391805602,912.8528402204931,579.4147464717151,1027.5,238.7
3851,4253,98.81534391805602,912.8528402204931,579.4147464717151,1027.5,238.7
3852,4254,98.81534391805602,912.8528402204931,579.4147464717151,1027.5,238.7
3853,4255,98.81534391805602,912.8528402204931,579.4147464717151,1027.5,238.7
3854,4256,98.81534391805602,912.8528402204931,579.4147464717151,1027.5,238.7
3855,4257,98.81534391805602,912.8528402204931,579.4147464717151,1027.5,238.7
3856,4258,98.81534391805602,912.8528402204931,579.4147464717151,1027.5,238.7
3857,4259,98.81534391805602,912.8528402204931,579.4147464717151,1027.5,238.7
3858,4260,98.81534391805602,912.8528402204931,579.4147464717151,1027.5,238.7
3859,4261,98.81534391805602,912.8528402204931,579.4147464717151,1027.5,238.7
3860,4262,98.81534391805602,912.8528402204931,579.4147464717151,1027.5,238.7
3861,4263,98.81534391805602,912.8528402204931,579.4147464717151,1027.5,238.7
3862,4264,98.81534391805602,912.8528402204931,579.4147464717151,1027.5,238.7
3863,4265,98.81534391805602,912.8528402204931,579.4147464717151,1027.5,238.7
3864,4266,98.81534391805602,912.8528402204931,579.4147464717151,1027.5,238.7
3865,4267,98.81534391805602,912.8528402204931,579.4147464717151,1027.5,238.7
3866,4268,98.81534391805602,912.8528402204931,579.4147464717151,1027.5,238.7
3867,4269,98.81534391805602,912.8528402204931,579.4147464717151,1027.5,238.7
3868,4270,98.81534391805602,912.8528402204931,579.4147464717151,1027.5,238.7
3869,4271,98.81534391805602,912.8528402204931,579.4147464717151,1027.5,238.7
3870,4272,98.81534391805602,912.8528402204931,579.4147464717151,1027.5,238.7
3871,4273,98.81534391805602,912.8528402204931,579.4147464717151,1027.5,238.7
3872,4274,98.81534391805602,912.8528402204931,579.4147464717151,1027.5,238.7
3873,4275,98.81534391805602,912.8528402204931,579.4147464717151,1027.5,238.7
3874,4276,98.81534391805602,912.8528402204931,579.4147464717151,1027.5,238.7
3875,4277,98.81534391805602,912.8528402204931,579.4147464717151,1027.5,238.7
3876,4278,98.81534391805602,912.8528402204931,579.4147464717151,1027.5,238.7
3877,4279,98.81534391805602,912.8528402204931,579.4147464717151,1027.5,238.7
3878,4280,98.81534391805602,912.8528402204931,579.4147464717151,1027.5,238.7
3879,4281,98.81534391805602,912.8528402204931,579.4147464717151,1027.5,238.7
3880,4282,98.81534391805602,912.8528402204931,579.4147464717151,1027.5,238.7
3881,4283,98.81534391805602,912.8528402204931,579.4147464717151,1027.5,238.7
3882,4284,98.81534391805602,912.8528402204931,579.4147464717151,1027.5,238.7
3883,4285,98.81534391805602,912.8528402204931,579.4147464717151,1027.5,238.7
3884,4286,98.81534391805602,912.8528402204931,579.4147464717151,1027.5,238.7
3885,4287,98.81534391805602,912.8528402204931,579.4147464717151,1027.5,238.7
3886,4288,98.81534391805602,912.8528402204931,579.4147464717151,1027.5,238.7
3887,4289,98.81534391805602,912.8528402204931,579.4147464717151,1027.5,238.7
3888,4290,98.81534391805602,912.8528402204931,579.4147464717151,1027.5,238.7
3889,4291,98.81534391805602,912.8528402204931,579.4147464717151,1027.5,238.7
3890,4292,98.81534391805602,912.8528402204931,579.4147464717151,1027.5,238.7
3891,4293,98.81534391805602,912.8528402204931,579.4147464717151,1027.5,238.7
3892,4294,98.81534391805602,912.8528402204931,579.4147464717151,1027.5,238.7
3893,4295,98.81534391805602,912.8528402204931,579.4147464717151,1027.5,238.7
3894,4296,98.81534391805602,912.8528402204931,579.4147464717151,1027.5,238.7
3895,4297,98.81534391805602,912.8528402204931,579.4147464717151,1027.5,238.7
3896,4298,98.81534391805602,912.8528402204931,579.4147464717151,1027.5,238.7
3897,4299,98.81534391805602,912.8528402204931,579.4147464717151,1027.5,238.7
3898,4300,98.81534391805602,912.8528402204931,579.4147464717151,1027.5,238.7
3899,4301,98.81534391805602,912.8528402204931,579.4147464717151,1027.5,238.7
3900,4302,98.81534391805602,912.8528402204931,579.4147464717151,1027.5,238.7
3901,4303,98.81534391805602,912.8528402204931,579.4147464717151,1027.5,238.7
3902,4304,98.81534391805602,912.8528402204931,579.4147464717151,1027.5,238.7
3903,4305,98.81534391805602,912.8528402204931,579.4147464717151,1027.5,238.7
3904,4306,98.81534391805602,912.8528402204931,579.4147464717151,1027.5,238.7
3905,4307,98.81534391805602,912.8528402204931,579.4147464717151,1027.5,238.7
3906,4308,98.81534391805602,912.8528402204931,579.4147464717151,1027.5,238.7
3907,4309,98.81534391805602,912.8528402204931,579.4147464717151,1027.5,238.7
3908,4310,98.81534391805602,912.8528402204931,579.4147464717151,1027.5,238.7
3909,4311,98.81534391805602,912.8528402204931,579.4147464717151,1027.5,238.7
3910,4312,98.81534391805602,912.8528402204931,579.4147464717151,1027.5,238.7
3911,4313,98.81534391805602,912.8528402204931,579.4147464717151,1027.5,238.7
3912,4314,98.81534391805602,912.8528402204931,579.4147464717151,1027.5,238.7
3913,4315,98.81534391805602,912.8528402204931,579.4147464717151,1027.5,238.7
3914,4316,98.81534391805602,912.8528402204931,579.4147464717151,1027.5,238.7
3915,4317,98.81534391805602,912.8528402204931,579.4147464717151,1027.5,238.7
3915,4318,98.81534391805602,912.8528402204931,579.4147464717151,1027.5,238.7
3915,4319,98.81534391805602,912.8528402204931,579.4147464717151,1027.5,238.7
3915,4320,98.81534391805602,912.8528402204931,579.4147464717151,1027.5,238.7
3915,4321,98.81534391805602,912.8528402204931,579.4147464717151,1027.5,238.7
3915,4322,98.81534391805602,912.8528402204931,579.4147464717151,1027.5,238.7
3915,4323,98.81534391805602,912.8528402204931,579.4147464717151,1027.5,238.7
3915,4324,98.81534391805602,912.8528402204931,579.4147464717151,1027.5,238.7
3915,4325,98.81534391805602,912.8528402204931,579.4147464717151,1027.5,238.7
3915,4326,98.81534391805602,912.8528402204931,579.4147464717151,1027.5,238.7
3915,4327,98.81534391805602,912.8528402204931,579.4147464717151,1027.5,238.7
3915,4328,98.81534391805602,912.8528402204931,579.4147464717151,1027.5,238.7
3915,4329,98.81534391805602,912.8528402204931,579.4147464717151,1027.5,238.7
3915,4330,98.81534391805602,912.8528402204931,579.4147464717151,1027.5,238.7
3915,4331,98.81534391805602,912.8528402204931,579.4147464717151,1027.5,238.7
3915,4332,98.81534391805602,912.8528402204931,579.4147464717151,1027.5,238.7
3915,4333,98.81534391805602,912.8528402204931,579.4147464717151,1027.5,238.7
3915,4334,98.81534391805602,912.8528402204931,579.4147464717151,1027.5,238.7
3915,4335,98.81534391805602,912.8528402204931,579.4147464717151,1027.5,238.7
3915,4336,98.81534391805602,912.8528402204931,579.4147464717151,1027.5,238.7
3915,4337,98.81534391805602,912.8528402204931,579.4147464717151,1027.5,238.7
3915,4338,98.81534391805602,912.8528402204931,579.4147464717151,1027.5,238.7
3915,4339,98.81534391805602,912.8528402204931,579.4147464717151,1027.5,238.7
3915,4340,98.81534391805602,912.8528402204931,579.4147464717151,1027.5,238.7
3915,4341,98.81534391805602,912.8528402204931,579.4147464717151,1027.5,238.7
3915,4342,98.81534391805602,912.8528402204931,579.4147464717151,1027.5,238.7
3915,4343,98.81534391805602,912.8528402204931,579.4147464717151,1027.5,238.7
3915,4344,98.81534391805602,912.8528402204931,579.4147464717151,1027.5,238.7
3915,4345,98.81534391805602,912.8528402204931,579.4147464717151,1027.5,238.7
3915,4346,98.81534391805602,912.8528402204931,579.4147464717151,1027.5,238.7
3915,4347,98.81534391805602,912.8528402204931,579.4147464717151,1027.5,238.7
3915,4348,98.81534391805602,912.8528402204931,579.4147464717151,1027.5,238.7
3915,4349,98.81534391805602,912.8528402204931,579.4147464717151,1027.5,238.7
3915,4350,98.81534391805602,912.8528402204931,579.4147464717151,1027.5,238.7
3915,4351,98.81534391805602,912.8528402204931,579.4147464717151,1027.5,238.7
3915,4352,98.81534391805602,912.8528402204931,579.4147464717151,1027.5,238.7
3915,4353,98.81534391805602,912.8528402204931,579.4147464717151,1027.5,238.7
3915,4354,98.81534391805602,912.8528402204931,579.4147464717151,1027.5,238.7
3915,4355,98.81534391805602,912.8528402204931,579.4147464717151,1027.5,238.7
3915,4356,98.81534391805602,912.8528402204931,579.4147464717151,1027.5,238.7
3915,4357,98.81534391805602,912.8528402204931,579.4147464717151,1027.5,238.7
3915,4358,98.81534391805602,912.8528402204931,579.4147464717151,1027.5,238.7
3915,4359,98.81534391805602,912.8528402204931,579.4147464717151,1027.5,238.7
3915,4360,98.81534391805602,912.8528402204931,579.4147464717151,1027.5,238.7
3915,4361,98.81534391805602,912.8528402204931,579.4147464717151,1027.5,238.7
3915,4362,98.81534391805602,912.8528402204931,579.4147464717151,1027.5,238.7
3915,4363,98.81534391805602,912.8528402204931,579.4147464717151,1027.5,238.7
3915,4364,98.81534391805602,912.8528402204931,579.4147464717151,1027.5,238.7
3915,4365,98.81534391805602,912.8528402204931,579.4147464717151,1027.5,238.7
3915,4366,98.81534391805602,912.8528402204931,579.4147464717151,1027.5,238.7
3915,4367,98.81534391805602,912.8528402204931,579.4147464717151,1027.5,238.7
3915,4368,98.81534391805602,912.8528402204931,579.4147464717151,1027.5,238.7
3915,4369,98.81534391805602,912.8528402204931,579.4147464717151,1027.5,238.7
3915,4370,98.81534391805602,912.8528402204931,579.4147464717151,1027.5,238.7
3915,4371,98.81534391805602,912.8528402204931,579.4147464717151,1027.5,238.7
3915,4372,98.81534391805602,912.8528402204931,579.4147464717151,1027.5,238.7
3915,4373,98.81534391805602,912.8528402204931,579.4147464717151,1027.5,238.7
3915,4374,98.81534391805602,912.8528402204931,579.4147464717151,1027.5,238.7
3915,4375,98.81534391805602,912.8528402204931,579.4147464717151,1027.5,238.7
3915,4376,98.81534391805602,912.8528402204931,579.4147464717151,1027.5,238.7
3915,4377,98.81534391805602,912.8528402204931,579.4147464717151,1027.5,238.7
3915,4378,98.81534391805602,912.8528402204931,579.4147464717151,1027.5,238.7
3915,4379,98.81534391805602,912.8528402204931,579.4147464717151,1027.5,238.7
3915,4380,98.81534391805602,912.8528402204931,579.4147464717151,1027.5,238.7
3915,4381,98.81534391805602,912.8528402204931,579.4147464717151,1027.5,238.7
3915,4382,98.81534391805602,912.8528402204931,579.4147464717151,1027.5,238.7
3915,4383,98.81534391805602,912.8528402204931,579.4147464717151,1027.5,238.7
3915,4384,98.81534391805602,912.8528402204931,579.4147464717151,1027.5,238.7
3915,4385,98.81534391805602,912.8528402204931,579.4147464717151,1027.5,238.7
3915,4386,98.81534391805602,912.8528402204931,579.4147464717151,1027.5,238.7
3915,4387,98.81534391805602,912.8528402204931,579.4147464717151,1027.5,238.7
3915,4388,98.81534391805602,912.8528402204931,579.4147464717151,1027.5,238.7
3915,4389,98.81534391805602,912.8528402204931,579.4147464717151,1027.5,238.7
3915,4390,98.81534391805602,912.8528402204931,579.4147464717151,1027.5,238.7
3915,4391,98.81534391805602,912.8528402204931,579.4147464717151,1027.5,238.7
3915,4392,98.81534391805602,912.8528402204931,579.4147464717151,1027.5,238.7
3915,4393,98.81534391805602,912.8528402204931,579.4147464717151,1027.5,238.7
3915,4394,98.81534391805602,912.8528402204931,579.4147464717151,1027.5,238.7
3915,4395,98.81534391805602,912.8528402204931,579.4147464717151,1027.5,238.7
3915,4396,98.81534391805602,912.8528402204931,579.4147464717151,1027.5,238.7
3915,4397,98.81534391805602,912.8528402204931,579.4147464717151,1027.5,238.7
3915,4398,98.81534391805602,912.8528402204931,579.4147464717151,1027.5,238.7
3915,4399,98.81534391805602,912.8528402204931,579.4147464717151,1027.5,238.7
3915,4400,98.81534391805602,912.8528402204931,579.4147464717151,1027.5,238.7
3915,4401,98.81534391805602,912.8528402204931,579.4147464717151,1027.5,238.7
3915,4402,98.81534391805602,912.8528402204931,579.4147464717151,1027.5,238.7
3915,4403,98.81534391805602,912.8528402204931,579.4147464717151,1027.5,238.7
3915,4404,98.81534391805602,912.8528402204931,579.4147464717151,1027.5,238.7
3915,4405,98.81534391805602,912.8528402204931,579.4147464717151,1027.5,238.7
3915,4406,98.81534391805602,912.8528402204931,579.4147464717151,1027.5,238.7
3915,4407,98.81534391805602,912.8528402204931,579.4147464717151,1027.5,238.7
3915,4408,98.81534391805602,912.8528402204931,579.4147464717151,1027.5,238.7
3915,4409,98.81534391805602,912.8528402204931,579.4147464717151,1027.5,238.7
3915,4410,98.81534391805602,912.8528402204931,579.4147464717151,1027.5,238.7
3915,4411,98.81534391805602,912.8528402204931,579.4147464717151,1027.5,238.7
3915,4412,98.81534391805602,912.8528402204931,579.4147464717151,1027.5,238.7
3915,4413,98.81534391805602,912.8528402204931,579.4147464717151,1027.5,238.7
3915,4414,98.81534391805602,912.8528402204931,579.4147464717151,1027.5,238.7
3915,4415,98.81534391805602,912.8528402204931,579.4147464717151,1027.5,238.7
3915,4416,98.81534391805602,912.8528402204931,579.4147464717151,1027.5,238.7
3915,4417,98.81534391805602,912.8528402204931,579.4147464717151,1027.5,238.7
3915,4418,98.81534391805602,912.8528402204931,579.4147464717151,1027.5,238.7
3915,4419,98.81534391805602,912.8528402204931,579.4147464717151,1027.5,238.7
3915,4420,98.81534391805602,912.8528402204931,579.4147464717151,1027.5,238.7
3915,4421,98.81534391805602,912.8528402204931,579.4147464717151,1027.5,238.7
3915,4422,98.81534391805602,912.8528402204931,579.4147464717151,1027.5,238.7
3915,4423,98.81534391805602,912.8528402204931,579.4147464717151,1027.5,238.7
3915,4424,98.81534391805602,912.8528402204931,579.4147464717151,1027.5,238.7
3915,4425,98.81534391805602,912.8528402204931,579.4147464717151,1027.5,238.7
3915,4426,98.81534391805602,912.8528402204931,579.4147464717151,1027.5,238.7
3915,4427,98.81534391805602,912.8528402204931,579.4147464717151,1027.5,238.7
3915,4428,98.81534391805602,912.8528402204931,579.4147464717151,1027.5,238.7
3915,4429,98.81534391805602,912.8528402204931,579.4147464717151,1027.5,238.7
3915,4430,98.81534391805602,912.8528402204931,579.4147464717151,1027.5,238.7
3915,4431,98.81534391805602,912.8528402204931,579.4147464717151,1027.5,238.7
3915,4432,98.81534391805602,912.8528402204931,579.4147464717151,1027.5,238.7
3915,4433,98.81534391805602,912.8528402204931,579.4147464717151,1027.5,238.7
3915,4434,98.81534391805602,912.8528402204931,579.4147464717151,1027.5,238.7
3915,4435,98.81534391805602,912.8528402204931,579.4147464717151,1027.5,238.7
3915,4436,98.81534391805602,912.8528402204931,579.4147464717151,1027.5,238.7
3915,4437,98.81534391805602,912.8528402204931,579.4147464717151,1027.5,238.7
3915,4438,98.81534391805602,912.8528402204931,579.4147464717151,1027.5,238.7
3915,4439,98.81534391805602,912.8528402204931,579.4147464717151,1027.5,238.7
3915,4440,98.81534391805602,912.8528402204931,579.4147464717151,1027.5,238.7
3915,4441,98.81534391805602,912.8528402204931,579.4147464717151,1027.5,238.7
3915,4442,98.81534391805602,912.8528402204931,579.4147464717151,1027.5,238.7
3915,4443,98.81534391805602,912.8528402204931,579.4147464717151,1027.5,238.7
3915,4444,98.81534391805602,912.8528402204931,579.4147464717151,1027.5,238.7
3915,4445,98.81534391805602,912.8528402204931,579.4147464717151,1027.5,238.7
3915,4446,98.81534391805602,912.8528402204931,579.4147464717151,1027.5,238.7
3915,4447,98.81534391805602,912.8528402204931,579.4147464717151,1027.5,238.7
3915,4448,98.81534391805602,912.8528402204931,579.4147464717151,1027.5,238.7
3915,4449,98.81534391805602,912.8528402204931,579.4147464717151,1027.5,238.7
3915,4450,98.81534391805602,912.8528402204931,579.4147464717151,1027.5,238.7
3915,4451,98.81534391805602,912.8528402204931,579.4147464717151,1027.5,238.7
3915,4452,98.81534391805602,912.8528402204931,579.4147464717151,1027.5,238.7
3915,4453,98.81534391805602,912.8528402204931,579.4147464717151,1027.5,238.7
3915,4454,98.81534391805602,912.8528402204931,579.4147464717151,1027.5,238.7
3915,4455,98.81534391805602,912.8528402204931,579.4147464717151,1027.5,238.7
3915,4456,98.81534391805602,912.8528402204931,579.4147464717151,1027.5,238.7
3915,4457,98.81534391805602,912.8528402204931,579.4147464717151,1027.5,238.7
3915,4458,98.81534391805602,912.8528402204931,579.4147464717151,1027.5,238.7
3915,4459,98.81534391805602,912.8528402204931,579.4147464717151,1027.5,238.7
3915,4460,98.81534391805602,912.8528402204931,579.4147464717151,1027.5,238.7
3915,4461,98.81534391805602,912.8528402204931,579.4147464717151,1027.5,238.7
3915,4462,98.81534391805602,912.8528402204931,579.4147464717151,1027.5,238.7
3915,4463,98.81534391805602,912.8528402204931,579.4147464717151,1027.5,238.7
3915,4464,98.81534391805602,912.8528402204931,579.4147464717151,1027.5,238.7
3915,4465,98.81534391805602,912.8528402204931,579.4147464717151,1027.5,238.7
3915,4466,98.81534391805602,912.8528402204931,579.4147464717151,1027.5,238.7
3915,4467,98.81534391805602,912.8528402204931,579.4147464717151,1027.5,238.7
3915,4468,98.81534391805602,912.8528402204931,579.4147464717151,1027.5,238.7
3915,4469,98.81534391805602,912.8528402204931,579.4147464717151,1027.5,238.7
3915,4470,98.81534391805602,912.8528402204931,579.4147464717151,1027.5,238.7
3915,4471,98.81534391805602,912.8528402204931,579.4147464717151,1027.5,238.7
3915,4472,98.81534391805602,912.8528402204931,579.4147464717151,1027.5,238.7
3915,4473,98.81534391805602,912.8528402204931,579.4147464717151,1027.5,238.7
3915,4474,98.81534391805602,912.8528402204931,579.4147464717151,1027.5,238.7
3915,4475,98.81534391805602,912.8528402204931,579.4147464717151,1027.5,238.7
3915,4476,98.81534391805602,912.8528402204931,579.4147464717151,1027.5,238.7
3915,4477,98.81534391805602,912.8528402204931,579.4147464717151,1027.5,238.7
3915,4478,98.81534391805602,912.8528402204931,579.4147464717151,1027.5,238.7
3915,4479,98.81534391805602,912.8528402204931,579.4147464717151,1027.5,238.7
3915,4480,98.81534391805602,912.8528402204931,579.4147464717151,1027.5,238.7
3915,4481,98.81534391805602,912.8528402204931,579.4147464717151,1027.5,238.7
3915,4482,98.81534391805602,912.8528402204931,579.4147464717151,1027.5,238.7
3915,4483,98.81534391805602,912.8528402204931,579.4147464717151,1027.5,238.7
3915,4484,98.81534391805602,912.8528402204931,579.4147464717151,1027.5,238.7
3915,4485,98.81534391805602,912.8528402204931,579.4147464717151,1027.5,238.7
3915,4486,98.81534391805602,912.8528402204931,579.4147464717151,1027.5,238.7
3915,4487,98.81534391805602,912.8528402204931,579.4147464717151,1027.5,238.7
3915,4488,98.81534391805602,912.8528402204931,579.4147464717151,1027.5,238.7
3915,4489,98.81534391805602,912.8528402204931,579.4147464717151,1027.5,238.7
3915,4490,98.81534391805602,912.8528402204931,579.4147464717151,1027.5,238.7
3915,4491,98.81534391805602,912.8528402204931,579.4147464717151,1027.5,238.7
3915,4492,98.81534391805602,912.8528402204931,579.4147464717151,1027.5,238.7
3915,4493,98.81534391805602,912.8528402204931,579.4147464717151,1027.5,238.7
3915,4494,98.81534391805602,912.8528402204931,579.4147464717151,1027.5,238.7
3915,4495,98.81534391805602,912.8528402204931,579.4147464717151,1027.5,238.7
3915,4496,98.81534391805602,912.8528402204931,579.4147464717151,1027.5,238.7
3915,4497,98.81534391805602,928.8528402204931,383.41474647171515,1027.5,238.7
3915,4498,98.81534391805602,928.8528402204931,383.41474647171515,1027.5,238.7
3915,4499,98.81534391805602,928.8528402204931,383.41474647171515,1027.5,238.7
3915,4500,98.81534391805602,928.8528402204931,383.41474647171515,1027.5,238.7
3915,4501,98.81534391805602,928.8528402204931,383.41474647171515,1027.5,238.7
3915,4502,98.81534391805602,928.8528402204931,383.41474647171515,1027.5,238.7
3915,4503,98.81534391805602,928.8528402204931,383.41474647171515,1027.5,238.7
3915,4504,98.81534391805602,928.8528402204931,383.41474647171515,1027.5,238.7
3915,4505,98.81534391805602,928.8528402204931,383.41474647171515,1027.5,238.7
3915,4506,98.81534391805602,928.8528402204931,383.41474647171515,1027.5,238.7
3915,4507,98.81534391805602,928.8528402204931,383.41474647171515,1027.5,238.7
3915,4508,98.81534391805602,928.8528402204931,383.41474647171515,1027.5,238.7
3915,4509,98.81534391805602,928.8528402204931,383.41474647171515,1027.5,238.7
3915,4510,98.81534391805602,928.8528402204931,383.41474647171515,1027.5,238.7
3915,4511,98.81534391805602,928.8528402204931,383.41474647171515,1027.5,238.7
3915,4512,98.81534391805602,928.8528402204931,383.41474647171515,1027.5,238.7
3915,4513,98.81534391805602,928.8528402204931,383.41474647171515,1027.5,238.7
3915,4514,98.81534391805602,928.8528402204931,383.41474647171515,1027.5,238.7
3915,4515,98.81534391805602,928.8528402204931,383.41474647171515,1027.5,238.7
3915,4516,98.81534391805602,928.8528402204931,383.41474647171515,1027.5,238.7
3915,4517,98.81534391805602,928.8528402204931,383.41474647171515,1027.5,238.7
3915,4518,98.81534391805602,928.8528402204931,383.41474647171515,1027.5,238.7
3915,4519,98.81534391805602,928.8528402204931,383.41474647171515,1027.5,238.7
3915,4520,98.81534391805602,928.8528402204931,383.41474647171515,1027.5,238.7
3915,4521,98.81534391805602,928.8528402204931,383.41474647171515,1027.5,238.7
3915,4522,98.81534391805602,928.8528402204931,383.41474647171515,1027.5,238.7
3915,4523,98.81534391805602,928.8528402204931,383.41474647171515,1027.5,238.7
3915,4524,98.81534391805602,928.8528402204931,383.41474647171515,1027.5,238.7
3915,4525,98.81534391805602,928.8528402204931,383.41474647171515,1027.5,238.7
3915,4526,98.81534391805602,928.8528402204931,383.41474647171515,1027.5,238.7
3915,4527,98.81534391805602,928.8528402204931,383.41474647171515,1027.5,238.7
3915,4528,98.81534391805602,928.8528402204931,383.41474647171515,1027.5,238.7
3915,4529,98.81534391805602,928.8528402204931,383.41474647171515,1027.5,238.7
3915,4530,98.81534391805602,928.8528402204931,383.41474647171515,1027.5,238.7
3915,4531,98.81534391805602,928.8528402204931,383.41474647171515,1027.5,238.7
3915,4532,98.81534391805602,928.8528402204931,383.41474647171515,1027.5,238.7
3915,4533,98.81534391805602,928.8528402204931,383.41474647171515,1027.5,238.7
3915,4534,98.81534391805602,928.8528402204931,383.41474647171515,1027.5,238.7
3915,4535,98.81534391805602,928.8528402204931,383.41474647171515,1027.5,238.7
3915,4536,98.81534391805602,928.8528402204931,383.41474647171515,1027.5,238.7
3915,4537,98.81534391805602,928.8528402204931,383.41474647171515,1027.5,238.7
3915,4538,98.81534391805602,928.8528402204931,383.41474647171515,1027.5,238.7
3915,4539,98.81534391805602,928.8528402204931,383.41474647171515,1027.5,238.7
3915,4540,98.81534391805602,928.8528402204931,383.41474647171515,1027.5,238.7
3915,4541,98.81534391805602,928.8528402204931,383.41474647171515,1027.5,238.7
3915,4542,98.81534391805602,928.8528402204931,383.41474647171515,1027.5,238.7
3915,4543,98.81534391805602,928.8528402204931,383.41474647171515,1027.5,238.7
3915,4544,98.81534391805602,928.8528402204931,383.41474647171515,1027.5,238.7
3915,4545,98.81534391805602,928.8528402204931,383.41474647171515,1027.5,238.7
3915,4546,98.81534391805602,928.8528402204931,383.41474647171515,1027.5,238.7
3915,4547,98.81534391805602,928.8528402204931,383.41474647171515,1027.5,238.7
3915,4548,98.81534391805602,928.8528402204931,383.41474647171515,1027.5,238.7
3915,4549,98.81534391805602,928.8528402204931,383.41474647171515,1027.5,238.7
3915,4550,98.81534391805602,928.8528402204931,383.41474647171515,1027.5,238.7
3915,4551,98.81534391805602,928.8528402204931,383.41474647171515,1027.5,238.7
3915,4552,98.81534391805602,928.8528402204931,383.41474647171515,1027.5,238.7
3915,4553,98.81534391805602,928.8528402204931,383.41474647171515,1027.5,238.7
3915,4554,98.81534391805602,928.8528402204931,383.41474647171515,1027.5,238.7
3915,4555,98.81534391805602,928.8528402204931,383.41474647171515,1027.5,238.7
3915,4556,98.81534391805602,928.8528402204931,383.41474647171515,1027.5,238.7
3915,4557,98.81534391805602,928.8528402204931,383.41474647171515,1027.5,238.7
3915,4558,98.81534391805602,928.8528402204931,383.41474647171515,1027.5,238.7
3915,4559,98.81534391805602,928.8528402204931,383.41474647171515,1027.5,238.7
3915,4560,98.81534391805602,928.8528402204931,383.41474647171515,1027.5,238.7
3915,4561,98.81534391805602,928.8528402204931,383.41474647171515,1027.5,238.7
3915,4562,98.81534391805602,928.8528402204931,383.41474647171515,1027.4466666666667,252.85999999999999
3915,4563,98.81534391805602,928.8528402204931,383.41474647171515,1027.3933333333334,267.02
3915,4564,98.81534391805602,928.8528402204931,383.41474647171515,1027.34,281.18
3915,4565,98.81534391805602,928.8528402204931,383.41474647171515,1027.2866666666666,295.34
3915,4566,98.81534391805602,928.8528402204931,383.41474647171515,1027.2333333333333,309.5
3915,4567,98.81534391805602,928.8528402204931,383.41474647171515,1027.18,323.65999999999997
3915,4568,98.81534391805602,928.8528402204931,383.41474647171515,1027.1266666666668,337.82
3915,4569,98.81534391805602,928.8528402204931,383.41474647171515,1027.0733333333333,351.98
3915,4570,98.81534391805602,928.8528402204931,383.41474647171515,1027.02,366.14
3915,4571,98.81534391805602,928.8528402204931,383.41474647171515,1026.9666666666667,380.29999999999995
3915,4572,98.81534391805602,928.8528402204931,383.41474647171515,1026.9133333333334,394.46
3915,4573,98.81534391805602,928.8528402204931,383.41474647171515,1026.8600000000001,408.62
3915,4574,98.81534391805602,928.8528402204931,383.41474647171515,1026.8066666666666,422.78
3915,4575,98.81534391805602,928.8528402204931,383.41474647171515,1026.7533333333333,436.94
3915,4576,98.81534391805602,928.8528402204931,383.41474647171515,1026.7,451.1
3915,4577,98.81534391805602,928.8528402204931,383.41474647171515,1026.6466666666668,465.26
3915,4578,98.81534391805602,928.8528402204931,383.41474647171515,1026.5933333333335,479.41999999999996
3915,4579,98.81534391805602,928.8528402204931,383.41474647171515,1026.54,493.58
3915,4580,98.81534391805602,928.8528402204931,383.41474647171515,1026.4866666666667,507.74
3915,4581,98.81534391805602,928.8528402204931,383.41474647171515,1026.4333333333334,521.9
3915,4582,98.81534391805602,928.8528402204931,383.41474647171515,1026.38,536.06
3915,4583,98.81534391805602,928.8528402204931,383.41474647171515,1026.3266666666668,550.22
3915,4584,98.81534391805602,928.8528402204931,383.41474647171515,1026.2733333333333,564.38
3915,4585,98.81534391805602,928.8528402204931,383.41474647171515,1026.22,578.54
3915,4586,98.81534391805602,928.8528402204931,383.41474647171515,1026.1666666666667,592.7
3915,4587,98.81534391805602,928.8528402204931,383.41474647171515,1026.1133333333335,606.86
3915,4588,98.81534391805602,928.8528402204931,383.41474647171515,1026.0600000000002,621.02
3915,4589,98.81534391805602,928.8528402204931,383.41474647171515,1026.0066666666667,635.1800000000001
3915,4590,98.81534391805602,928.8528402204931,383.41474647171515,1025.9533333333334,649.3399999999999
3915,4591,98.81534391805602,928.8528402204931,383.41474647171515,1025.9,663.5
3915,4592,98.81534391805602,928.8528402204931,383.41474647171515,1025.9,663.5
3915,4593,98.81534391805602,928.8528402204931,383.41474647171515,1025.9,663.5
3915,4594,98.81534391805602,928.8528402204931,383.41474647171515,1025.9,663.5
3915,4595,98.81534391805602,928.8528402204931,383.41474647171515,1025.9,663.5
3915,4596,98.81534391805602,928.8528402204931,383.41474647171515,1025.9,663.5
3915,4597,98.81534391805602,928.8528402204931,383.41474647171515,1025.9,663.5
3915,4598,98.81534391805602,928.8528402204931,383.41474647171515,1025.9,663.5
3915,4599,98.81534391805602,928.8528402204931,383.41474647171515,1025.9,663.5
3915,4600,98.81534391805602,928.8528402204931,383.41474647171515,1025.9,663.5
3915,4601,98.81534391805602,928.8528402204931,383.41474647171515,1025.9,663.5
3915,4602,98.81534391805602,928.8528402204931,383.41474647171515,1025.9,663.5
3915,4603,98.81534391805602,928.8528402204931,383.41474647171515,1025.9,663.5
3915,4604,98.81534391805602,928.8528402204931,383.41474647171515,1025.9,663.5
3915,4605,98.81534391805602,928.8528402204931,383.41474647171515,1025.9,663.5
3915,4606,98.81534391805602,928.8528402204931,383.41474647171515,1025.9,663.5
3915,4607,98.81534391805602,928.8528402204931,383.41474647171515,1025.9,663.5
3915,4608,98.81534391805602,928.8528402204931,383.41474647171515,1025.9,663.5
3915,4609,98.81534391805602,928.8528402204931,383.41474647171515,1025.9,663.5
3915,4610,98.81534391805602,928.8528402204931,383.41474647171515,1025.9,663.5
3915,4611,98.81534391805602,928.8528402204931,383.41474647171515,1025.9,663.5
3915,4612,98.81534391805602,928.8528402204931,383.41474647171515,1025.9,663.5
3915,4613,98.81534391805602,928.8528402204931,383.41474647171515,1025.9,663.5
3915,4614,98.81534391805602,928.8528402204931,383.41474647171515,1025.9,663.5
3915,4615,98.81534391805602,928.8528402204931,383.41474647171515,1025.9,663.5
3915,4616,98.81534391805602,928.8528402204931,383.41474647171515,1025.9,663.5
3915,4617,98.81534391805602,928.8528402204931,383.41474647171515,1025.9,663.5
3915,4618,98.81534391805602,928.8528402204931,383.41474647171515,1025.9,663.5
3915,4619,98.81534391805602,928.8528402204931,383.41474647171515,1025.9,663.5
3915,4620,98.81534391805602,928.8528402204931,383.41474647171515,1025.9,663.5
3915,4621,98.81534391805602,928.8528402204931,383.41474647171515,1025.9,663.5
3915,4622,98.81534391805602,928.8528402204931,383.41474647171515,1025.9,663.5
3915,4623,98.81534391805602,928.8528402204931,383.41474647171515,1025.9,663.5
3915,4624,98.81534391805602,928.8528402204931,383.41474647171515,1025.9,663.5
3915,4625,98.81534391805602,928.8528402204931,383.41474647171515,1025.9,663.5
3915,4626,98.81534391805602,928.8528402204931,383.41474647171515,1025.9,663.5
3915,4627,98.81534391805602,928.8528402204931,383.41474647171515,1025.9,663.5
3915,4628,98.81534391805602,928.8528402204931,383.41474647171515,1025.9,663.5
3915,4629,98.81534391805602,928.8528402204931,383.41474647171515,1025.9,663.5
3915,4630,98.81534391805602,928.8528402204931,383.41474647171515,1025.9,663.5
3915,4631,98.81534391805602,928.8528402204931,383.41474647171515,1025.9,663.5
3915,4632,98.81534391805602,928.8528402204931,383.41474647171515,1025.9,663.5
3915,4633,98.81534391805602,928.8528402204931,383.41474647171515,1025.9,663.5
3915,4634,98.81534391805602,928.8528402204931,383.41474647171515,1025.9,663.5
3915,4635,98.81534391805602,928.8528402204931,383.41474647171515,1025.9,663.5
3915,4636,98.81534391805602,928.8528402204931,383.41474647171515,1025.9,663.5
3915,4637,98.81534391805602,928.8528402204931,383.41474647171515,1025.9,663.5
3915,4638,98.81534391805602,928.8528402204931,383.41474647171515,1025.9,663.5
3915,4639,98.81534391805602,928.8528402204931,383.41474647171515,1025.9,663.5
3915,4640,98.81534391805602,928.8528402204931,383.41474647171515,1025.9,663.5
3915,4641,98.81534391805602,928.8528402204931,383.41474647171515,1025.9,663.5
3915,4642,98.81534391805602,928.8528402204931,383.41474647171515,1025.9,663.5
3915,4643,98.81534391805602,928.8528402204931,383.41474647171515,1025.9,663.5
3915,4644,98.81534391805602,928.8528402204931,383.41474647171515,1025.9,663.5
3915,4645,98.81534391805602,928.8528402204931,383.41474647171515,1025.9,663.5
3915,4646,98.81534391805602,928.8528402204931,383.41474647171515,1025.9,663.5
3915,4647,98.81534391805602,928.8528402204931,383.41474647171515,1025.9,663.5
3915,4648,98.81534391805602,928.8528402204931,383.41474647171515,1025.9,663.5
3915,4649,98.81534391805602,928.8528402204931,383.41474647171515,1025.9,663.5
3915,4650,98.81534391805602,928.8528402204931,383.41474647171515,1025.9,663.5
3915,4651,98.81534391805602,928.8528402204931,383.41474647171515,1025.9,663.5
3915,4652,98.81534391805602,928.8528402204931,383.41474647171515,1025.9,663.5
3915,4653,98.81534391805602,928.8528402204931,383.41474647171515,1025.9,663.5
3915,4654,98.81534391805602,928.8528402204931,383.41474647171515,1025.9,663.5
3915,4655,98.81534391805602,928.8528402204931,383.41474647171515,1025.9,663.5
3915,4656,98.81534391805602,928.8528402204931,383.41474647171515,1025.9,663.5
3915,4657,98.81534391805602,928.8528402204931,383.41474647171515,1025.9,663.5
3915,4658,98.81534391805602,928.8528402204931,383.41474647171515,1025.9,663.5
3915,4659,98.81534391805602,928.8528402204931,383.41474647171515,1025.9,663.5
3915,4660,98.81534391805602,928.8528402204931,383.41474647171515,1025.9,663.5
3915,4661,98.81534391805602,928.8528402204931,383.41474647171515,1025.9,663.5
3915,4662,98.81534391805602,928.8528402204931,383.41474647171515,1025.9,663.5
3915,4663,98.81534391805602,928.8528402204931,383.41474647171515,1025.9,663.5
3915,4664,98.81534391805602,928.8528402204931,383.41474647171515,1025.9,663.5
3915,4665,98.81534391805602,928.8528402204931,383.41474647171515,1025.9,663.5
3915,4666,98.81534391805602,928.8528402204931,383.41474647171515,1025.9,663.5
3915,4667,98.81534391805602,928.8528402204931,383.41474647171515,1025.9,663.5
3915,4668,98.81534391805602,928.8528402204931,383.41474647171515,1025.9,663.5
3915,4669,98.81534391805602,928.8528402204931,383.41474647171515,1025.9,663.5
3915,4670,98.81534391805602,928.8528402204931,383.41474647171515,1025.9,663.5
3915,4671,98.81534391805602,928.8528402204931,383.41474647171515,1025.9,663.5
3915,4672,98.81534391805602,928.8528402204931,383.41474647171515,1025.9,663.5
3915,4673,98.81534391805602,928.8528402204931,383.41474647171515,1025.9,663.5
3915,4674,98.81534391805602,928.8528402204931,383.41474647171515,1025.9,663.5
3915,4675,98.81534391805602,928.8528402204931,383.41474647171515,1025.9,663.5
3915,4676,98.81534391805602,928.8528402204931,383.41474647171515,1025.9,663.5
3915,4677,98.81534391805602,928.8528402204931,383.41474647171515,1025.9,663.5
3915,4678,98.81534391805602,928.8528402204931,383.41474647171515,1025.9,663.5
3915,4679,98.81534391805602,928.8528402204931,383.41474647171515,1025.9,663.5
3915,4680,98.81534391805602,928.8528402204931,383.41474647171515,1025.9,663.5
3915,4681,98.81534391805602,928.8528402204931,383.41474647171515,1025.9,663.5
3915,4682,98.81534391805602,928.8528402204931,383.41474647171515,1025.9,663.5
3915,4683,98.81534391805602,928.8528402204931,383.41474647171515,1025.9,663.5
3915,4684,98.81534391805602,928.8528402204931,383.41474647171515,1025.9,663.5
3915,4685,98.81534391805602,928.8528402204931,383.41474647171515,1025.9,663.5
3915,4686,98.81534391805602,928.8528402204931,383.41474647171515,1025.9,663.5
3915,4687,98.81534391805602,928.8528402204931,383.41474647171515,1025.9,663.5
3915,4688,98.81534391805602,928.8528402204931,383.41474647171515,1025.9,663.5
3915,4689,98.81534391805602,928.8528402204931,383.41474647171515,1025.9,663.5
3915,4690,98.81534391805602,928.8528402204931,383.41474647171515,1025.9,663.5
3915,4691,98.81534391805602,928.8528402204931,383.41474647171515,1025.9,663.5
3915,4692,98.81534391805602,928.8528402204931,383.41474647171515,1025.9,663.5
3915,4693,98.81534391805602,928.8528402204931,383.41474647171515,1025.9,663.5
3915,4694,98.81534391805602,928.8528402204931,383.41474647171515,1025.9,663.5
3915,4695,98.81534391805602,928.8528402204931,383.41474647171515,1025.9,663.5
3915,4696,98.81534391805602,928.8528402204931,383.41474647171515,1025.9,663.5
3915,4697,98.81534391805602,941.8528402204931,581.4147464717151,1025.9,663.5
3915,4698,98.81534391805602,941.8528402204931,581.4147464717151,1025.9,663.5
3915,4699,98.81534391805602,941.8528402204931,581.4147464717151,1025.9,663.5
3915,4700,98.81534391805602,941.8528402204931,581.4147464717151,1025.9,663.5
3915,4701,98.81534391805602,941.8528402204931,581.4147464717151,1025.9,663.5
3915,4702,98.81534391805602,941.8528402204931,581.4147464717151,1025.9,663.5
3915,4703,98.81534391805602,941.8528402204931,581.4147464717151,1025.9,663.5
3915,4704,98.81534391805602,941.8528402204931,581.4147464717151,1025.9,663.5
3915,4705,98.81534391805602,941.8528402204931,581.4147464717151,1025.9,663.5
3915,4706,98.81534391805602,941.8528402204931,581.4147464717151,1025.9,663.5
3915,4707,98.81534391805602,941.8528402204931,581.4147464717151,1025.9,663.5
3915,4708,98.81534391805602,941.8528402204931,581.4147464717151,1025.9,663.5
3915,4709,98.81534391805602,941.8528402204931,581.4147464717151,1025.9,663.5
3915,4710,98.81534391805602,941.8528402204931,581.4147464717151,1025.9,663.5
3915,4711,98.81534391805602,941.8528402204931,581.4147464717151,1025.9,663.5
3915,4712,98.81534391805602,941.8528402204931,581.4147464717151,1025.9,663.5
3915,4713,98.81534391805602,941.8528402204931,581.4147464717151,1025.9,663.5
3915,4714,98.81534391805602,941.8528402204931,581.4147464717151,1025.9,663.5
3915,4715,98.81534391805602,941.8528402204931,581.4147464717151,1025.9,663.5
3915,4716,98.81534391805602,941.8528402204931,581.4147464717151,1025.9,663.5
3915,4717,98.81534391805602,941.8528402204931,581.4147464717151,1025.9,663.5
3915,4718,98.81534391805602,941.8528402204931,581.4147464717151,1025.9,663.5
3915,4719,98.81534391805602,941.8528402204931,581.4147464717151,1025.9,663.5
3915,4720,98.81534391805602,941.8528402204931,581.4147464717151,1025.9,663.5
3915,4721,98.81534391805602,941.8528402204931,581.4147464717151,1025.9,663.5
3915,4722,98.81534391805602,941.8528402204931,581.4147464717151,1025.9,663.5
3915,4723,98.81534391805602,941.8528402204931,581.4147464717151,1025.9,663.5
3915,4724,98.81534391805602,941.8528402204931,581.4147464717151,1025.9,663.5
3915,4725,98.81534391805602,941.8528402204931,581.4147464717151,1025.9,663.5
3915,4726,98.81534391805602,941.8528402204931,581.4147464717151,1025.9,663.5
3915,4727,98.81534391805602,941.8528402204931,581.4147464717151,1025.9,663.5
3915,4728,98.81534391805602,941.8528402204931,581.4147464717151,1025.9,663.5
3915,4729,98.81534391805602,941.8528402204931,581.4147464717151,1025.9,663.5
3915,4730,98.81534391805602,941.8528402204931,581.4147464717151,1025.9,663.5
3915,4731,98.81534391805602,941.8528402204931,581.4147464717151,1025.9,663.5
3915,4732,98.81534391805602,941.8528402204931,581.4147464717151,1025.9,663.5
3915,4733,98.81534391805602,941.8528402204931,581.4147464717151,1025.9,663.5
3915,4734,98.81534391805602,941.8528402204931,581.4147464717151,1025.9,663.5
3915,4735,98.81534391805602,941.8528402204931,581.4147464717151,1025.9,663.5
3915,4736,98.81534391805602,941.8528402204931,581.4147464717151,1025.9,663.5
3915,4737,98.81534391805602,941.8528402204931,581.4147464717151,1025.9,663.5
3915,4738,98.81534391805602,941.8528402204931,581.4147464717151,1025.9,663.5
3915,4739,98.81534391805602,941.8528402204931,581.4147464717151,1025.9,663.5
3915,4740,98.81534391805602,941.8528402204931,581.4147464717151,1025.9,663.5
3915,4741,98.81534391805602,941.8528402204931,581.4147464717151,1025.9,663.5
3915,4742,98.81534391805602,941.8528402204931,581.4147464717151,1025.9,663.5
3915,4743,98.81534391805602,941.8528402204931,581.4147464717151,1025.9,663.5
3915,4744,98.81534391805602,941.8528402204931,581.4147464717151,1025.9,663.5
3915,4745,98.81534391805602,941.8528402204931,581.4147464717151,1025.9,663.5
3915,4746,98.81534391805602,941.8528402204931,581.4147464717151,1025.9,663.5
3915,4747,98.81534391805602,941.8528402204931,581.4147464717151,1025.9,663.5
3915,4748,98.81534391805602,941.8528402204931,581.4147464717151,1025.9,663.5
3915,4749,98.81534391805602,941.8528402204931,581.4147464717151,1025.9,663.5
3915,4750,98.81534391805602,941.8528402204931,581.4147464717151,1025.9,663.5
3915,4751,98.81534391805602,941.8528402204931,581.4147464717151,1025.9,663.5
3915,4752,98.81534391805602,941.8528402204931,581.4147464717151,1025.9,663.5
3915,4753,98.81534391805602,941.8528402204931,581.4147464717151,1025.9,663.5
3915,4754,98.81534391805602,941.8528402204931,581.4147464717151,1025.9,663.5
3915,4755,98.81534391805602,941.8528402204931,581.4147464717151,1025.9,663.5
3915,4756,98.81534391805602,941.8528402204931,581.4147464717151,1025.9,663.5
3915,4757,98.81534391805602,941.8528402204931,581.4147464717151,1025.9,663.5
3915,4758,98.81534391805602,941.8528402204931,581.4147464717151,1025.9,663.5
3915,4759,98.81534391805602,941.8528402204931,581.4147464717151,1025.9,663.5
3915,4760,98.81534391805602,941.8528402204931,581.4147464717151,1025.9,663.5
3915,4761,98.81534391805602,941.8528402204931,581.4147464717151,1025.9,663.5
3915,4762,98.81534391805602,941.8528402204931,581.4147464717151,1025.9,663.5
3915,4763,98.81534391805602,941.8528402204931,581.4147464717151,1025.9,663.5
3915,4764,98.81534391805602,941.8528402204931,581.4147464717151,1025.9,663.5
3915,4765,98.81534391805602,941.8528402204931,581.4147464717151,1025.9,663.5
3915,4766,98.81534391805602,941.8528402204931,581.4147464717151,1025.9,663.5
3915,4767,98.81534391805602,941.8528402204931,581.4147464717151,1025.9,663.5
3915,4768,98.81534391805602,941.8528402204931,581.4147464717151,1025.9,663.5
3915,4769,98.81534391805602,941.8528402204931,581.4147464717151,1025.9,663.5
3915,4770,98.81534391805602,941.8528402204931,581.4147464717151,1031.68,662.02
3915,4771,98.81534391805602,941.8528402204931,581.4147464717151,1037.46,660.54
3915,4772,98.81534391805602,941.8528402204931,581.4147464717151,1043.24,659.0600000000001
3915,4773,98.81534391805602,941.8528402204931,581.4147464717151,1049.02,657.58
3915,4774,98.81534391805602,941.8528402204931,581.4147464717151,1054.8,656.1
3915,4775,98.81534391805602,941.8528402204931,581.4147464717151,1054.8,656.1
3915,4776,98.81534391805602,941.8528402204931,581.4147464717151,1054.8,656.1
3915,4777,98.81534391805602,941.8528402204931,581.4147464717151,1054.8,656.1
3915,4778,98.81534391805602,941.8528402204931,581.4147464717151,1054.8,656.1
3915,4779,98.81534391805602,941.8528402204931,581.4147464717151,1054.8,656.1
3915,4780,98.81534391805602,941.8528402204931,581.4147464717151,1054.8,656.1
3915,4781,98.81534391805602,941.8528402204931,581.4147464717151,1054.8,656.1
3915,4782,98.81534391805602,941.8528402204931,581.4147464717151,1054.8,656.1
3915,4783,98.81534391805602,941.8528402204931,581.4147464717151,1054.8,656.1
3915,4784,98.81534391805602,941.8528402204931,581.4147464717151,1054.8,656.1
3915,4785,98.81534391805602,941.8528402204931,581.4147464717151,1054.8,656.1
3915,4786,98.81534391805602,941.8528402204931,581.4147464717151,1054.8,656.1
3915,4787,98.81534391805602,941.8528402204931,581.4147464717151,1054.8,656.1
3915,4788,98.81534391805602,941.8528402204931,581.4147464717151,1054.8,656.1
3915,4789,98.81534391805602,941.8528402204931,581.4147464717151,1054.8,656.1
3915,4790,98.81534391805602,941.8528402204931,581.4147464717151,1054.8,656.1
3915,4791,98.81534391805602,941.8528402204931,581.4147464717151,1054.8,656.1
3915,4792,98.81534391805602,941.8528402204931,581.4147464717151,1054.8,656.1
3915,4793,98.81534391805602,941.8528402204931,581.4147464717151,1054.8,656.1
3915,4794,98.81534391805602,941.8528402204931,581.4147464717151,1054.8,656.1
3915,4795,98.81534391805602,941.8528402204931,581.4147464717151,1054.8,656.1
3915,4796,98.81534391805602,941.8528402204931,581.4147464717151,1054.8,656.1
3915,4797,98.81534391805602,941.8528402204931,581.4147464717151,1054.8,656.1
3915,4798,98.81534391805602,941.8528402204931,581.4147464717151,1054.8,656.1
3915,4799,98.81534391805602,941.8528402204931,581.4147464717151,1054.8,656.1
3915,4800,98.81534391805602,941.8528402204931,581.4147464717151,1054.8,656.1
3915,4801,98.81534391805602,941.8528402204931,581.4147464717151,1054.8,656.1
3915,4802,98.81534391805602,941.8528402204931,581.4147464717151,1054.8,656.1
3915,4803,98.81534391805602,941.8528402204931,581.4147464717151,1054.8,656.1
3915,4804,98.81534391805602,941.8528402204931,581.4147464717151,1054.8,656.1
3915,4805,98.81534391805602,941.8528402204931,581.4147464717151,1054.8,656.1
3915,4806,98.81534391805602,941.8528402204931,581.4147464717151,1054.8,656.1
3915,4807,98.81534391805602,941.8528402204931,581.4147464717151,1054.8,656.1
3915,4808,98.81534391805602,941.8528402204931,581.4147464717151,1054.8,656.1
3915,4809,98.81534391805602,941.8528402204931,581.4147464717151,1054.8,656.1
3915,4810,98.81534391805602,941.8528402204931,581.4147464717151,1054.8,656.1
3915,4811,98.81534391805602,941.8528402204931,581.4147464717151,1054.8,656.1
3915,4812,98.81534391805602,941.8528402204931,581.4147464717151,1054.8,656.1
3915,4813,98.81534391805602,941.8528402204931,581.4147464717151,1054.8,656.1
3915,4814,98.81534391805602,941.8528402204931,581.4147464717151,1054.8,656.1
3915,4815,98.81534391805602,941.8528402204931,581.4147464717151,1054.8,656.1
3915,4816,98.81534391805602,941.8528402204931,581.4147464717151,1054.8,656.1
3915,4817,98.81534391805602,941.8528402204931,581.4147464717151,1054.8,656.1
3915,4818,98.81534391805602,941.8528402204931,581.4147464717151,1054.8,656.1
3915,4819,98.81534391805602,941.8528402204931,581.4147464717151,1054.8,656.1
3915,4820,98.81534391805602,941.8528402204931,581.4147464717151,1054.8,656.1
3915,4821,98.81534391805602,941.8528402204931,581.4147464717151,1054.8,656.1
3915,4822,98.81534391805602,941.8528402204931,581.4147464717151,1054.8,656.1
3915,4823,98.81534391805602,941.8528402204931,581.4147464717151,1054.8,656.1
3915,4824,98.81534391805602,941.8528402204931,581.4147464717151,1054.8,656.1
3915,4825,98.81534391805602,941.8528402204931,581.4147464717151,1054.8,656.1
3915,4826,98.81534391805602,941.8528402204931,581.4147464717151,1054.8,656.1
3915,4827,98.81534391805602,941.8528402204931,581.4147464717151,1054.8,656.1
3915,4828,98.81534391805602,941.8528402204931,581.4147464717151,1054.8,656.1
3915,4829,98.81534391805602,941.8528402204931,581.4147464717151,1054.8,656.1
3915,4830,98.81534391805602,941.8528402204931,581.4147464717151,1054.8,656.1
3915,4831,98.81534391805602,941.8528402204931,581.4147464717151,1054.8,656.1
3915,4832,98.81534391805602,941.8528402204931,581.4147464717151,1054.8,656.1
3915,4833,98.81534391805602,941.8528402204931,581.4147464717151,1054.8,656.1
3915,4834,98.81534391805602,941.8528402204931,581.4147464717151,1054.8,656.1
3915,4835,98.81534391805602,941.8528402204931,581.4147464717151,1054.8,656.1
3915,4836,98.81534391805602,941.8528402204931,581.4147464717151,1054.8,656.1
3915,4837,98.81534391805602,941.8528402204931,581.4147464717151,1054.8,656.1
3915,4838,98.81534391805602,941.8528402204931,581.4147464717151,1054.8,656.1
3915,4839,98.81534391805602,941.8528402204931,581.4147464717151,1054.8,656.1
3915,4840,98.81534391805602,941.8528402204931,581.4147464717151,1054.8,656.1
3915,4841,98.81534391805602,941.8528402204931,581.4147464717151,1054.8,656.1
3915,4842,98.81534391805602,941.8528402204931,581.4147464717151,1054.8,656.1
3915,4843,98.81534391805602,941.8528402204931,581.4147464717151,1054.8,656.1
3915,4844,98.81534391805602,941.8528402204931,581.4147464717151,1054.8,656.1
3915,4845,98.81534391805602,941.8528402204931,581.4147464717151,1054.8,656.1
3915,4846,98.81534391805602,941.8528402204931,581.4147464717151,1054.8,656.1
3915,4847,98.81534391805602,941.8528402204931,581.4147464717151,1054.8,656.1
3915,4848,98.81534391805602,941.8528402204931,581.4147464717151,1054.8,656.1
3916,4849,110.80986220387105,941.8528402204931,581.4147464717151,1054.8,656.1
3917,4850,110.80986220387105,941.8528402204931,581.4147464717151,1054.8,656.1
3918,4851,110.80986220387105,941.8528402204931,581.4147464717151,1054.8,656.1
3919,4852,110.80986220387105,941.8528402204931,581.4147464717151,1054.8,656.1
3920,4853,110.80986220387105,941.8528402204931,581.4147464717151,1054.8,656.1
3921,4854,110.80986220387105,941.8528402204931,581.4147464717151,1054.8,656.1
3922,4855,110.80986220387105,941.8528402204931,581.4147464717151,1054.8,656.1
3923,4856,110.80986220387105,941.8528402204931,581.4147464717151,1054.8,656.1
3924,4857,110.80986220387105,941.8528402204931,581.4147464717151,1054.8,656.1
3925,4858,110.80986220387105,941.8528402204931,581.4147464717151,1054.8,656.1
3926,4859,110.80986220387105,941.8528402204931,581.4147464717151,1054.8,656.1
3927,4860,110.80986220387105,941.8528402204931,581.4147464717151,1054.8,656.1
3928,4861,110.80986220387105,941.8528402204931,581.4147464717151,1054.8,656.1
3929,4862,110.80986220387105,941.8528402204931,581.4147464717151,1054.8,656.1
3930,4863,110.80986220387105,941.8528402204931,581.4147464717151,1054.8,656.1
3931,4864,110.80986220387105,941.8528402204931,581.4147464717151,1054.8,656.1
3932,4865,110.80986220387105,941.8528402204931,581.4147464717151,1054.8,656.1
3933,4866,110.80986220387105,941.8528402204931,581.4147464717151,1054.8,656.1
3934,4867,110.80986220387105,941.8528402204931,581.4147464717151,1054.8,656.1
3935,4868,110.80986220387105,941.8528402204931,581.4147464717151,1054.8,656.1
3936,4869,110.80986220387105,941.8528402204931,581.4147464717151,1054.8,656.1
3937,4870,110.80986220387105,941.8528402204931,581.4147464717151,1054.8,656.1
3938,4871,110.80986220387105,941.8528402204931,581.4147464717151,1054.8,656.1
3939,4872,110.80986220387105,941.8528402204931,581.4147464717151,1054.8,656.1
3940,4873,110.80986220387105,941.8528402204931,581.4147464717151,1054.8,656.1
3941,4874,110.80986220387105,941.8528402204931,581.4147464717151,1054.8,656.1
3942,4875,110.80986220387105,941.8528402204931,581.4147464717151,1054.8,656.1
3943,4876,110.80986220387105,941.8528402204931,581.4147464717151,1054.8,656.1
3944,4877,110.80986220387105,941.8528402204931,581.4147464717151,1054.8,656.1
3945,4878,110.80986220387105,941.8528402204931,581.4147464717151,1054.8,656.1
3946,4879,110.80986220387105,941.8528402204931,581.4147464717151,1054.8,656.1
3947,4880,110.80986220387105,941.8528402204931,581.4147464717151,1054.8,656.1
3948,4881,110.80986220387105,941.8528402204931,581.4147464717151,1054.8,656.1
3949,4882,129.68877719231565,941.8528402204931,581.4147464717151,1054.8,656.1
3950,4883,129.68877719231565,941.8528402204931,581.4147464717151,1054.8,656.1
3951,4884,129.68877719231565,941.8528402204931,581.4147464717151,1054.8,656.1
3952,4885,129.68877719231565,941.8528402204931,581.4147464717151,1054.8,656.1
3953,4886,129.68877719231565,941.8528402204931,581.4147464717151,1054.8,656.1
3954,4887,129.68877719231565,941.8528402204931,581.4147464717151,1054.8,656.1
3955,4888,129.68877719231565,941.8528402204931,581.4147464717151,1054.8,656.1
3956,4889,129.68877719231565,941.8528402204931,581.4147464717151,1054.8,656.1
3957,4890,129.68877719231565,941.8528402204931,581.4147464717151,1054.8,656.1
3958,4891,129.68877719231565,941.8528402204931,581.4147464717151,1054.8,656.1
3959,4892,129.68877719231565,941.8528402204931,581.4147464717151,1054.8,656.1
3960,4893,129.68877719231565,941.8528402204931,581.4147464717151,1054.8,656.1
3961,4894,129.68877719231565,941.8528402204931,581.4147464717151,1054.8,656.1
3962,4895,129.68877719231565,941.8528402204931,581.4147464717151,1054.8,656.1
3963,4896,129.68877719231565,941.8528402204931,581.4147464717151,1054.8,656.1
3964,4897,129.68877719231565,941.8528402204931,581.4147464717151,1054.8,656.1
3965,4898,129.68877719231565,941.8528402204931,581.4147464717151,1054.8,656.1
3966,4899,129.68877719231565,941.8528402204931,581.4147464717151,1054.8,656.1
3967,4900,129.68877719231565,941.8528402204931,581.4147464717151,1054.8,656.1
3968,4901,129.68877719231565,941.8528402204931,581.4147464717151,1054.8,656.1
3969,4902,129.68877719231565,941.8528402204931,581.4147464717151,1054.8,656.1
3970,4903,129.68877719231565,941.8528402204931,581.4147464717151,1054.8,656.1
3971,4904,129.68877719231565,941.8528402204931,581.4147464717151,1054.8,656.1
3972,4905,129.68877719231565,941.8528402204931,581.4147464717151,1054.8,656.1
3973,4906,129.68877719231565,941.8528402204931,581.4147464717151,1054.8,656.1
3974,4907,129.68877719231565,941.8528402204931,581.4147464717151,1054.8,656.1
3975,4908,129.68877719231565,941.8528402204931,581.4147464717151,1054.8,656.1
3976,4909,129.68877719231565,941.8528402204931,581.4147464717151,1054.8,656.1
3977,4910,129.68877719231565,941.8528402204931,581.4147464717151,1054.8,656.1
3978,4911,129.68877719231565,941.8528402204931,581.4147464717151,1054.8,656.1
3979,4912,129.68877719231565,941.8528402204931,581.4147464717151,1054.8,656.1
3980,4913,129.68877719231565,941.8528402204931,581.4147464717151,1054.8,656.1
3981,4914,129.68877719231565,941.8528402204931,581.4147464717151,1054.8,656.1
3982,4915,129.68877719231565,941.8528402204931,581.4147464717151,1054.8,656.1
3983,4916,129.68877719231565,941.8528402204931,581.4147464717151,1054.8,656.1
3984,4917,129.68877719231565,941.8528402204931,581.4147464717151,1054.8,656.1
3985,4918,129.68877719231565,941.8528402204931,581.4147464717151,1054.8,656.1
3986,4919,129.68877719231565,941.8528402204931,581.4147464717151,1054.8,656.1
3987,4920,129.68877719231565,941.8528402204931,581.4147464717151,1054.8,656.1
3988,4921,129.68877719231565,941.8528402204931,581.4147464717151,1054.8,656.1
3989,4922,129.68877719231565,941.8528402204931,581.4147464717151,1054.8,656.1
3990,4923,129.68877719231565,941.8528402204931,581.4147464717151,1054.8,656.1
3991,4924,129.68877719231565,941.8528402204931,581.4147464717151,1054.8,656.1
3992,4925,129.68877719231565,941.8528402204931,581.4147464717151,1054.8,656.1
3993,4926,129.68877719231565,941.8528402204931,581.4147464717151,1054.8,656.1
3994,4927,129.68877719231565,941.8528402204931,581.4147464717151,1054.8,656.1
3995,4928,129.68877719231565,941.8528402204931,581.4147464717151,1054.8,656.1
3996,4929,129.68877719231565,941.8528402204931,581.4147464717151,1062.654054054054,656.9891891891892
3997,4930,129.68877719231565,941.8528402204931,581.4147464717151,1070.508108108108,657.8783783783784
3998,4931,129.68877719231565,941.8528402204931,581.4147464717151,1078.3621621621621,658.7675675675675
3999,4932,129.68877719231565,941.8528402204931,581.4147464717151,1086.2162162162163,659.6567567567567
4000,4933,129.68877719231565,941.8528402204931,581.4147464717151,1094.0702702702702,660.545945945946
4001,4934,129.68877719231565,941.8528402204931,581.4147464717151,1101.9243243243243,661.4351351351352
4002,4935,129.68877719231565,941.8528402204931,581.4147464717151,1109.7783783783784,662.3243243243244
4003,4936,129.68877719231565,941.8528402204931,581.4147464717151,1117.6324324324323,663.2135135135135
4004,4937,129.68877719231565,941.8528402204931,581.4147464717151,1125.4864864864865,664.1027027027027
4005,4938,129.68877719231565,941.8528402204931,581.4147464717151,1133.3405405405406,664.9918918918919
4006,4939,129.68877719231565,941.8528402204931,581.4147464717151,1141.1945945945945,665.8810810810811
4007,4940,129.68877719231565,941.8528402204931,581.4147464717151,1149.0486486486486,666.7702702702703
4008,4941,129.68877719231565,941.8528402204931,581.4147464717151,1156.9027027027028,667.6594594594595
4009,4942,129.68877719231565,941.8528402204931,581.4147464717151,1164.7567567567567,668.5486486486486
4010,4943,129.68877719231565,941.8528402204931,581.4147464717151,1172.6108108108108,669.4378378378378
4011,4944,129.68877719231565,941.8528402204931,581.4147464717151,1180.464864864865,670.327027027027
4012,4945,129.68877719231565,941.8528402204931,581.4147464717151,1188.3189189189188,671.2162162162163
4013,4946,129.68877719231565,941.8528402204931,581.4147464717151,1196.172972972973,672.1054054054055
4014,4947,129.68877719231565,941.8528402204931,581.4147464717151,1204.027027027027,672.9945945945946
4015,4948,130.76274975552897,941.8528402204931,581.4147464717151,1211.881081081081,673.8837837837838
4016,4949,183.2099713890887,941.8528402204931,581.4147464717151,1219.7351351351351,674.772972972973
4017,4950,170.92272675536967,941.8528402204931,581.4147464717151,1227.5891891891893,675.6621621621622
4018,4951,158.94741367974433,941.8528402204931,581.4147464717151,1235.4432432432432,676.5513513513514
4019,4952,147.360099750094,941.8528402204931,581.4147464717151,1243.2972972972973,677.4405405405405
4020,4953,136.259805409095,941.8528402204931,581.4147464717151,1251.1513513513514,678.3297297297297
4021,4954,125.77554225993264,941.8528402204931,581.4147464717151,1259.0054054054056,679.2189189189189
4022,4955,116.0743571178605,941.8528402204931,581.4147464717151,1266.8594594594595,680.1081081081081
4023,4956,107.36872272108884,941.8528402204931,581.4147464717151,1274.7135135135136,680.9972972972973
4024,4957,99.9191960840378,941.8528402204931,581.4147464717151,1282.5675675675677,681.8864864864865
4025,4958,94.02481460918503,941.8528402204931,581.4147464717151,1290.4216216216216,682.7756756756756
4026,4959,89.99168110104246,941.8528402204931,581.4147464717151,1298.2756756756758,683.6648648648649
4027,4960,88.07585629093073,941.8528402204931,581.4147464717151,1306.12972972973,684.5540540540541
4028,4960,88.07585629093073,941.8528402204931,581.4147464717151,1313.9837837837838,685.4432432432433
4029,4960,88.07585629093073,941.8528402204931,581.4147464717151,1321.837837837838,686.3324324324325
4030,4960,88.07585629093073,941.8528402204931,581.4147464717151,1329.691891891892,687.2216216216216
4031,4960,88.07585629093073,941.8528402204931,581.4147464717151,1337.545945945946,688.1108108108108
4032,4960,88.07585629093073,941.8528402204931,581.4147464717151,1345.4,689.0
4033,4960,88.07585629093073,941.8528402204931,581.4147464717151,1345.4,689.0
4034,4960,88.07585629093073,941.8528402204931,581.4147464717151,1345.4,689.0
4035,4960,88.07585629093073,941.8528402204931,581.4147464717151,1345.4,689.0
4036,4960,88.07585629093073,941.8528402204931,581.4147464717151,1345.4,689.0
4037,4960,88.07585629093073,941.8528402204931,581.4147464717151,1345.4,689.0
4038,4960,88.07585629093073,941.8528402204931,581.4147464717151,1345.4,689.0
4039,4960,88.07585629093073,941.8528402204931,581.4147464717151,1345.4,689.0
4040,4960,88.07585629093073,941.8528402204931,581.4147464717151,1345.4,689.0
4041,4961,88.41508437059012,941.8528402204931,581.4147464717151,1345.4,689.0
4042,4962,90.98414541020512,941.8528402204931,581.4147464717151,1345.4,689.0
4043,4963,95.60344751462162,941.8528402204931,581.4147464717151,1345.4,689.0
4044,4964,101.99480636888117,941.8528402204931,581.4147464717151,1345.4,689.0
4045,4965,109.84934576345445,941.8528402204931,581.4147464717151,1345.4,689.0
4046,4966,118.87739016306384,941.8528402204931,581.4147464717151,1345.4,689.0
4047,4967,128.8324722583267,941.8528402204931,581.4147464717151,1345.4,689.0
4048,4968,139.5162887024043,941.8528402204931,581.4147464717151,1345.4,689.0
4049,4969,150.77400507806922,941.8528402204931,581.4147464717151,1345.4,689.0
4050,4970,70.58877404287523,941.8528402204931,581.4147464717151,1345.4,689.0
4051,4971,60.40012079990296,941.8528402204931,581.4147464717151,1345.4,689.0
4052,4972,52.10173752667494,941.8528402204931,581.4147464717151,1345.4,689.0
4053,4973,46.7121440617221,941.8528402204931,581.4147464717151,1345.4,689.0
4054,4974,45.28216692337635,941.8528402204931,581.4147464717151,1345.4,689.0
4055,4975,48.165773829544456,941.8528402204931,581.4147464717151,1345.4,689.0
4056,4976,54.68478567947432,941.8528402204931,581.4147464717151,1345.4,689.0
4057,4977,63.73324634686477,941.8528402204931,581.4147464717151,1345.4,689.0
4058,4978,63.73324634686477,941.8528402204931,581.4147464717151,1345.4,689.0
4059,4979,63.73324634686477,941.8528402204931,581.4147464717151,1345.4,689.0
4060,4980,63.73324634686477,941.8528402204931,581.4147464717151,1345.4,689.0
4061,4981,63.73324634686477,941.8528402204931,581.4147464717151,1345.4,689.0
4062,4982,63.73324634686477,941.8528402204931,581.4147464717151,1345.4,689.0
4063,4983,63.73324634686477,941.8528402204931,581.4147464717151,1345.4,689.0
4064,4984,63.73324634686477,941.8528402204931,581.4147464717151,1345.4,689.0
4065,4985,63.73324634686477,941.8528402204931,581.4147464717151,1345.4,689.0
4066,4986,63.73324634686477,941.8528402204931,581.4147464717151,1345.4,689.0
4067,4987,63.73324634686477,941.8528402204931,581.4147464717151,1345.4,689.0
4068,4988,63.73324634686477,941.8528402204931,581.4147464717151,1345.4,689.0
4069,4989,63.73324634686477,941.8528402204931,581.4147464717151,1345.4,689.0
4070,4990,63.73324634686477,941.8528402204931,581.4147464717151,1345.4,689.0
4071,4991,63.73324634686477,941.8528402204931,581.4147464717151,1345.4,689.0
4072,4992,63.73324634686477,941.8528402204931,581.4147464717151,1345.4,689.0
4073,4993,63.73324634686477,941.8528402204931,581.4147464717151,1345.4,689.0
4074,4994,63.73324634686477,941.8528402204931,581.4147464717151,1345.4,689.0
4075,4995,63.73324634686477,941.8528402204931,581.4147464717151,1345.4,689.0
4076,4996,63.73324634686477,941.8528402204931,581.4147464717151,1345.4,689.0
4077,4997,63.73324634686477,941.8528402204931,581.4147464717151,1345.4,689.0
4078,4998,63.73324634686477,941.8528402204931,581.4147464717151,1345.4,689.0
4079,4999,63.73324634686477,941.8528402204931,581.4147464717151,1345.4,689.0
4080,5000,63.73324634686477,941.8528402204931,581.4147464717151,1345.4,689.0
4081,5001,63.73324634686477,941.8528402204931,581.4147464717151,1345.4,689.0
4082,5002,63.73324634686477,941.8528402204931,581.4147464717151,1345.4,689.0
4083,5003,63.73324634686477,941.8528402204931,581.4147464717151,1345.4,689.0
4084,5004,63.73324634686477,941.8528402204931,581.4147464717151,1345.4,689.0
4085,5005,63.73324634686477,941.8528402204931,581.4147464717151,1345.4,689.0
4086,5006,63.73324634686477,941.8528402204931,581.4147464717151,1345.4,689.0
4087,5007,63.73324634686477,941.8528402204931,581.4147464717151,1345.4,689.0
4088,5008,63.73324634686477,941.8528402204931,581.4147464717151,1345.4,689.0
4089,5009,63.73324634686477,941.8528402204931,581.4147464717151,1345.4,689.0
4090,5010,63.73324634686477,941.8528402204931,581.4147464717151,1345.4,689.0
4091,5011,63.73324634686477,941.8528402204931,581.4147464717151,1345.4,689.0
4092,5012,63.73324634686477,941.8528402204931,581.4147464717151,1345.4,689.0
4093,5013,63.73324634686477,941.8528402204931,581.4147464717151,1345.4,689.0
4094,5014,63.73324634686477,941.8528402204931,581.4147464717151,1345.4,689.0
4095,5015,63.73324634686477,941.8528402204931,581.4147464717151,1345.4,689.0
4096,5016,63.73324634686477,941.8528402204931,581.4147464717151,1345.4,689.0
4097,5017,63.73324634686477,941.8528402204931,581.4147464717151,1345.4,689.0
4098,5018,63.73324634686477,941.8528402204931,581.4147464717151,1345.4,689.0
4099,5019,63.73324634686477,941.8528402204931,581.4147464717151,1345.4,689.0
4100,5020,63.73324634686477,941.8528402204931,581.4147464717151,1345.4,689.0
4101,5021,63.73324634686477,941.8528402204931,581.4147464717151,1345.4,689.0
4102,5022,63.73324634686477,941.8528402204931,581.4147464717151,1345.4,689.0
4103,5023,63.73324634686477,941.8528402204931,581.4147464717151,1345.4,689.0
4104,5024,63.73324634686477,941.8528402204931,581.4147464717151,1345.4,689.0
4105,5025,63.73324634686477,941.8528402204931,581.4147464717151,1345.4,689.0
4106,5026,63.73324634686477,941.8528402204931,581.4147464717151,1345.4,689.0
4107,5027,63.73324634686477,941.8528402204931,581.4147464717151,1345.4,689.0
4108,5028,63.73324634686477,941.8528402204931,581.4147464717151,1345.4,689.0
4109,5029,63.73324634686477,941.8528402204931,581.4147464717151,1345.4,689.0
4110,5030,63.73324634686477,941.8528402204931,581.4147464717151,1345.4,689.0
4111,5031,63.73324634686477,941.8528402204931,581.4147464717151,1345.4,689.0
4112,5032,63.73324634686477,941.8528402204931,581.4147464717151,1345.4,689.0
4113,5033,63.73324634686477,941.8528402204931,581.4147464717151,1345.4,689.0
4114,5034,63.73324634686477,941.8528402204931,581.4147464717151,1345.4,689.0
4115,5035,63.73324634686477,941.8528402204931,581.4147464717151,1345.4,689.0
4116,5036,63.73324634686477,941.8528402204931,581.4147464717151,1345.4,689.0
4117,5037,63.73324634686477,941.8528402204931,581.4147464717151,1345.4,689.0
4118,5038,63.73324634686477,941.8528402204931,581.4147464717151,1345.4,689.0
4119,5039,63.73324634686477,941.8528402204931,581.4147464717151,1345.4,689.0
4120,5040,63.73324634686477,941.8528402204931,581.4147464717151,1345.4,689.0
4121,5041,63.73324634686477,941.8528402204931,581.4147464717151,1345.4,689.0
4122,5042,63.73324634686477,941.8528402204931,581.4147464717151,1345.4,689.0
4123,5043,63.73324634686477,941.8528402204931,581.4147464717151,1345.4,689.0
4124,5044,63.73324634686477,941.8528402204931,581.4147464717151,1345.4,689.0
4125,5045,63.73324634686477,941.8528402204931,581.4147464717151,1345.4,689.0
4126,5046,63.73324634686477,941.8528402204931,581.4147464717151,1345.4,689.0
4127,5047,63.73324634686477,941.8528402204931,581.4147464717151,1345.4,689.0
4128,5048,63.73324634686477,941.8528402204931,581.4147464717151,1345.4,689.0
4129,5049,63.73324634686477,941.8528402204931,581.4147464717151,1345.4,689.0
4130,5050,63.73324634686477,941.8528402204931,581.4147464717151,1345.4,689.0
4131,5051,63.73324634686477,941.8528402204931,581.4147464717151,1345.4,689.0
4132,5052,63.73324634686477,941.8528402204931,581.4147464717151,1345.4,689.0
4133,5053,63.73324634686477,941.8528402204931,581.4147464717151,1345.4,689.0
4134,5054,63.73324634686477,941.8528402204931,581.4147464717151,1345.4,689.0
4135,5055,63.73324634686477,941.8528402204931,581.4147464717151,1345.4,689.0
4136,5056,63.73324634686477,941.8528402204931,581.4147464717151,1345.4,689.0
4137,5057,63.73324634686477,941.8528402204931,581.4147464717151,1345.4,689.0
4138,5058,63.73324634686477,941.8528402204931,581.4147464717151,1345.4,689.0
4139,5059,63.73324634686477,941.8528402204931,581.4147464717151,1345.4,689.0
4140,5060,63.73324634686477,941.8528402204931,581.4147464717151,1345.4,689.0
4141,5061,63.73324634686477,941.8528402204931,581.4147464717151,1348.5125,689.05
4142,5062,63.73324634686477,941.8528402204931,581.4147464717151,1351.625,689.1
4143,5063,63.73324634686477,941.8528402204931,581.4147464717151,1354.7375,689.15
4144,5064,63.73324634686477,941.8528402204931,581.4147464717151,1357.85,689.2
4145,5065,63.73324634686477,941.8528402204931,581.4147464717151,1360.9625,689.25
4146,5066,63.73324634686477,941.8528402204931,581.4147464717151,1364.075,689.3
4147,5067,63.73324634686477,941.8528402204931,581.4147464717151,1367.1875,689.35
4148,5068,63.73324634686477,941.8528402204931,581.4147464717151,1370.3,689.4
4149,5069,63.73324634686477,941.8528402204931,581.4147464717151,1370.3,689.4
4150,5070,63.73324634686477,941.8528402204931,581.4147464717151,1370.3,689.4
4151,5071,63.73324634686477,941.8528402204931,581.4147464717151,1370.3,689.4
4152,5072,63.73324634686477,941.8528402204931,581.4147464717151,1370.3,689.4
4153,5073,63.73324634686477,941.8528402204931,581.4147464717151,1370.3,689.4
4154,5074,63.73324634686477,941.8528402204931,581.4147464717151,1370.3,689.4
4155,5075,63.73324634686477,941.8528402204931,581.4147464717151,1370.3,689.4
4156,5076,63.73324634686477,941.8528402204931,581.4147464717151,1370.3,689.4
4157,5077,63.73324634686477,941.8528402204931,581.4147464717151,1370.3,689.4
4158,5078,63.73324634686477,941.8528402204931,581.4147464717151,1370.3,689.4
4159,5079,63.73324634686477,941.8528402204931,581.4147464717151,1370.3,689.4
4160,5080,63.73324634686477,941.8528402204931,581.4147464717151,1370.3,689.4
4161,5081,63.73324634686477,941.8528402204931,581.4147464717151,1370.3,689.4
4162,5082,63.73324634686477,941.8528402204931,581.4147464717151,1370.3,689.4
4163,5083,63.73324634686477,941.8528402204931,581.4147464717151,1370.3,689.4
4164,5084,63.73324634686477,941.8528402204931,581.4147464717151,1370.3,689.4
4165,5085,63.73324634686477,941.8528402204931,581.4147464717151,1370.3,689.4
4166,5086,63.73324634686477,941.8528402204931,581.4147464717151,1370.3,689.4
4167,5087,63.73324634686477,941.8528402204931,581.4147464717151,1370.3,689.4
4168,5088,63.73324634686477,941.8528402204931,581.4147464717151,1370.3,689.4
4169,5089,63.73324634686477,941.8528402204931,581.4147464717151,1370.3,689.4
4170,5090,63.73324634686477,941.8528402204931,581.4147464717151,1370.3,689.4
4171,5091,63.73324634686477,941.8528402204931,581.4147464717151,1370.3,689.4
4172,5092,63.73324634686477,941.8528402204931,581.4147464717151,1370.3,689.4
4173,5093,63.73324634686477,941.8528402204931,581.4147464717151,1370.3,689.4
4174,5094,63.73324634686477,941.8528402204931,581.4147464717151,1370.3,689.4
4175,5095,63.73324634686477,941.8528402204931,581.4147464717151,1370.3,689.4
4176,5096,63.73324634686477,941.8528402204931,581.4147464717151,1370.3,689.4
4177,5097,63.73324634686477,941.8528402204931,581.4147464717151,1370.3,689.4
4178,5098,63.73324634686477,941.8528402204931,581.4147464717151,1370.3,689.4
4179,5099,63.73324634686477,941.8528402204931,581.4147464717151,1370.3,689.4
4180,5100,63.73324634686477,941.8528402204931,581.4147464717151,1370.3,689.4
4181,5101,63.73324634686477,941.8528402204931,581.4147464717151,1370.3,689.4
4182,5102,63.73324634686477,941.8528402204931,581.4147464717151,1370.3,689.4
4183,5103,63.73324634686477,941.8528402204931,581.4147464717151,1370.3,689.4
4184,5104,63.73324634686477,941.8528402204931,581.4147464717151,1370.3,689.4
4185,5105,63.73324634686477,941.8528402204931,581.4147464717151,1370.3,689.4
4186,5106,63.73324634686477,941.8528402204931,581.4147464717151,1370.3,689.4
4187,5107,63.73324634686477,941.8528402204931,581.4147464717151,1370.3,689.4
4188,5108,63.73324634686477,941.8528402204931,581.4147464717151,1370.3,689.4
4189,5109,63.73324634686477,941.8528402204931,581.4147464717151,1370.3,689.4
4190,5110,63.73324634686477,941.8528402204931,581.4147464717151,1370.3,689.4
4191,5111,63.73324634686477,941.8528402204931,581.4147464717151,1370.3,689.4
4192,5112,63.73324634686477,941.8528402204931,581.4147464717151,1370.3,689.4
4193,5113,63.73324634686477,941.8528402204931,581.4147464717151,1370.3,689.4
4194,5114,63.73324634686477,941.8528402204931,581.4147464717151,1370.3,689.4
4195,5115,63.73324634686477,941.8528402204931,581.4147464717151,1370.3,689.4
4196,5116,63.73324634686477,941.8528402204931,581.4147464717151,1370.3,689.4
4197,5117,63.73324634686477,941.8528402204931,581.4147464717151,1370.3,689.4
4198,5118,63.73324634686477,941.8528402204931,581.4147464717151,1370.3,689.4
4199,5119,63.73324634686477,941.8528402204931,581.4147464717151,1370.3,689.4
4200,5120,63.73324634686477,941.8528402204931,581.4147464717151,1370.3,689.4
4201,5121,63.73324634686477,941.8528402204931,581.4147464717151,1370.3,689.4
4202,5122,63.73324634686477,941.8528402204931,581.4147464717151,1370.3,689.4
4203,5123,63.73324634686477,941.8528402204931,581.4147464717151,1370.3,689.4
4204,5124,63.73324634686477,941.8528402204931,581.4147464717151,1366.283116883117,688.574025974026
4205,5125,63.73324634686477,941.8528402204931,581.4147464717151,1362.2662337662337,687.748051948052
4206,5126,63.73324634686477,941.8528402204931,581.4147464717151,1358.2493506493506,686.9220779220778
4207,5127,63.73324634686477,941.8528402204931,581.4147464717151,1354.2324675324676,686.0961038961038
4208,5128,63.73324634686477,941.8528402204931,581.4147464717151,1350.2155844155843,685.2701298701298
4209,5129,63.73324634686477,941.8528402204931,581.4147464717151,1346.1987012987013,684.4441558441558
4210,5130,63.73324634686477,941.8528402204931,581.4147464717151,1342.1818181818182,683.6181818181818
4211,5131,63.73324634686477,941.8528402204931,581.4147464717151,1338.164935064935,682.7922077922078
4212,5132,63.73324634686477,941.8528402204931,581.4147464717151,1334.148051948052,681.9662337662337
4213,5133,63.73324634686477,941.8528402204931,581.4147464717151,1330.131168831169,681.1402597402597
4214,5134,63.73324634686477,941.8528402204931,581.4147464717151,1326.1142857142856,680.3142857142857
4215,5135,63.73324634686477,941.8528402204931,581.4147464717151,1322.0974025974026,679.4883116883117
4216,5136,63.73324634686477,941.8528402204931,581.4147464717151,1318.0805194805193,678.6623376623377
4217,5137,63.73324634686477,941.8528402204931,581.4147464717151,1314.0636363636363,677.8363636363636
4218,5138,63.73324634686477,941.8528402204931,581.4147464717151,1310.0467532467533,677.0103896103896
4219,5139,63.73324634686477,941.8528402204931,581.4147464717151,1306.02987012987,676.1844155844155
4220,5140,63.73324634686477,941.8528402204931,581.4147464717151,1302.012987012987,675.3584415584415
4221,5141,63.73324634686477,941.8528402204931,581.4147464717151,1297.996103896104,674.5324675324675
4222,5142,63.73324634686477,941.8528402204931,581.4147464717151,1293.9792207792207,673.7064935064935
4223,5143,63.73324634686477,941.8528402204931,581.4147464717151,1289.9623376623376,672.8805194805194
4224,5144,63.73324634686477,941.8528402204931,581.4147464717151,1285.9454545454546,672.0545454545454
4225,5145,63.73324634686477,941.8528402204931,581.4147464717151,1281.9285714285713,671.2285714285714
4226,5146,63.73324634686477,941.8528402204931,581.4147464717151,1277.9116883116883,670.4025974025974
4227,5147,63.73324634686477,941.8528402204931,581.4147464717151,1273.8948051948053,669.5766233766234
4228,5148,63.73324634686477,941.8528402204931,581.4147464717151,1269.877922077922,668.7506493506493
4229,5149,63.73324634686477,941.8528402204931,581.4147464717151,1265.861038961039,667.9246753246753
4230,5150,63.73324634686477,941.8528402204931,581.4147464717151,1261.844155844156,667.0987012987013
4231,5151,63.73324634686477,941.8528402204931,581.4147464717151,1257.8272727272727,666.2727272727273
4232,5152,63.73324634686477,941.8528402204931,581.4147464717151,1253.8103896103896,665.4467532467532
4233,5153,63.73324634686477,941.8528402204931,581.4147464717151,1249.7935064935064,664.6207792207792
4234,5154,63.73324634686477,941.8528402204931,581.4147464717151,1245.7766233766233,663.7948051948051
4235,5155,63.73324634686477,941.8528402204931,581.4147464717151,1241.7597402597403,662.9688311688311
4236,5156,66.96878606125038,941.8528402204931,581.4147464717151,1237.742857142857,662.1428571428571
4237,5157,70.56137415842251,941.8528402204931,581.4147464717151,1233.725974025974,661.3168831168831
4238,5158,74.45934689300114,941.8528402204931,581.4147464717151,1229.709090909091,660.4909090909091
4239,5159,78.61729298532002,941.8528402204931,581.4147464717151,1225.6922077922077,659.664935064935
4240,5160,82.99614914528877,941.8528402204931,581.4147464717151,1221.6753246753246,658.838961038961
4241,5161,82.99614914528877,941.8528402204931,581.4147464717151,1217.6584415584416,658.012987012987
4242,5162,82.99614914528877,941.8528402204931,581.4147464717151,1213.6415584415583,657.187012987013
4243,5163,82.99614914528877,941.8528402204931,581.4147464717151,1209.6246753246753,656.361038961039
4244,5164,82.99614914528877,941.8528402204931,581.4147464717151,1205.6077922077923,655.535064935065
4245,5165,82.99614914528877,941.8528402204931,581.4147464717151,1201.590909090909,654.7090909090908
4246,5166,82.99614914528877,941.8528402204931,581.4147464717151,1197.574025974026,653.8831168831168
4247,5167,82.99614914528877,941.8528402204931,581.4147464717151,1193.557142857143,653.0571428571428
4248,5168,82.99614914528877,941.8528402204931,581.4147464717151,1189.5402597402597,652.2311688311688
4249,5169,82.99614914528877,941.8528402204931,581.4147464717151,1185.5233766233766,651.4051948051948
4250,5170,82.99614914528877,941.8528402204931,581.4147464717151,1181.5064935064934,650.5792207792207
4251,5171,82.99614914528877,941.8528402204931,581.4147464717151,1177.4896103896103,649.7532467532467
4252,5172,82.99614914528877,941.8528402204931,581.4147464717151,1173.4727272727273,648.9272727272727
4253,5173,82.99614914528877,941.8528402204931,581.4147464717151,1169.455844155844,648.1012987012987
4254,5174,82.99614914528877,941.8528402204931,581.4147464717151,1165.438961038961,647.2753246753247
4255,5175,82.99614914528877,941.8528402204931,581.4147464717151,1161.422077922078,646.4493506493507
4256,5176,82.99614914528877,941.8528402204931,581.4147464717151,1157.4051948051947,645.6233766233765
4257,5177,82.99614914528877,941.8528402204931,581.4147464717151,1153.3883116883117,644.7974025974025
4258,5178,82.99614914528877,941.8528402204931,581.4147464717151,1149.3714285714286,643.9714285714285
4259,5179,82.99614914528877,941.8528402204931,581.4147464717151,1145.3545454545454,643.1454545454545
4260,5180,82.99614914528877,941.8528402204931,581.4147464717151,1141.3376623376623,642.3194805194805
4261,5181,82.99614914528877,941.8528402204931,581.4147464717151,1137.3207792207793,641.4935064935064
4262,5182,82.99614914528877,941.8528402204931,581.4147464717151,1133.303896103896,640.6675324675324
4263,5183,82.99614914528877,941.8528402204931,581.4147464717151,1129.287012987013,639.8415584415584
4264,5184,82.99614914528877,936.8528402204931,624.4147464717151,1125.27012987013,639.0155844155844
4265,5185,82.99614914528877,936.8528402204931,624.4147464717151,1121.2532467532467,638.1896103896104
4266,5186,82.99614914528877,936.8528402204931,624.4147464717151,1117.2363636363636,637.3636363636364
4267,5187,82.99614914528877,936.8528402204931,624.4147464717151,1113.2194805194804,636.5376623376623
4268,5188,82.99614914528877,936.8528402204931,624.4147464717151,1109.2025974025973,635.7116883116882
4269,5189,82.99614914528877,936.8528402204931,624.4147464717151,1105.1857142857143,634.8857142857142
4270,5190,82.99614914528877,936.8528402204931,624.4147464717151,1101.1688311688313,634.0597402597402
4271,5191,82.99614914528877,936.8528402204931,624.4147464717151,1097.151948051948,633.2337662337662
4272,5192,82.99614914528877,936.8528402204931,624.4147464717151,1093.135064935065,632.4077922077921
4273,5193,82.99614914528877,936.8528402204931,624.4147464717151,1089.1181818181817,631.5818181818181
4274,5194,82.99614914528877,936.8528402204931,624.4147464717151,1085.1012987012987,630.7558441558441
4275,5195,82.99614914528877,936.8528402204931,624.4147464717151,1081.0844155844156,629.9298701298701
4276,5196,82.99614914528877,936.8528402204931,624.4147464717151,1077.0675324675324,629.1038961038961
4277,5197,82.99614914528877,936.8528402204931,624.4147464717151,1073.0506493506493,628.2779220779221
4278,5198,82.99614914528877,936.8528402204931,624.4147464717151,1069.0337662337663,627.451948051948
4279,5199,82.99614914528877,936.8528402204931,624.4147464717151,1065.016883116883,626.625974025974
4280,5200,82.99614914528877,936.8528402204931,624.4147464717151,1061.0,625.8
4281,5201,82.99614914528877,936.8528402204931,624.4147464717151,1061.0,625.8
4282,5202,82.99614914528877,936.8528402204931,624.4147464717151,1061.0,625.8
4282,5203,82.99614914528877,936.8528402204931,624.4147464717151,1061.0,625.8
4282,5204,82.99614914528877,936.8528402204931,624.4147464717151,1061.0,625.8
4282,5205,82.99614914528877,936.8528402204931,624.4147464717151,1061.0,625.8
4282,5206,82.99614914528877,936.8528402204931,624.4147464717151,1061.0,625.8
4282,5207,82.99614914528877,936.8528402204931,624.4147464717151,1061.0,625.8
4282,5208,82.99614914528877,936.8528402204931,624.4147464717151,1061.0,625.8
4282,5209,82.99614914528877,936.8528402204931,624.4147464717151,1061.0,625.8
4282,5210,82.99614914528877,936.8528402204931,624.4147464717151,1061.0,625.8
4282,5211,82.99614914528877,936.8528402204931,624.4147464717151,1061.0,625.8
4282,5212,82.99614914528877,936.8528402204931,624.4147464717151,1061.0,625.8
4282,5213,82.99614914528877,936.8528402204931,624.4147464717151,1061.0,625.8
4282,5214,82.99614914528877,936.8528402204931,624.4147464717151,1061.0,625.8
4282,5215,82.99614914528877,936.8528402204931,624.4147464717151,1061.0,625.8
4282,5216,82.99614914528877,936.8528402204931,624.4147464717151,1061.0,625.8
4282,5217,82.99614914528877,936.8528402204931,624.4147464717151,1061.0,625.8
4282,5218,82.99614914528877,936.8528402204931,624.4147464717151,1061.0,625.8
4282,5219,82.99614914528877,936.8528402204931,624.4147464717151,1061.0,625.8
4282,5220,82.99614914528877,936.8528402204931,624.4147464717151,1061.0,625.8
4282,5221,82.99614914528877,936.8528402204931,624.4147464717151,1061.0,625.8
4282,5222,82.99614914528877,936.8528402204931,624.4147464717151,1061.0,625.8
4282,5223,82.99614914528877,936.8528402204931,624.4147464717151,1061.0,625.8
4282,5224,82.99614914528877,936.8528402204931,624.4147464717151,1061.0,625.8
4282,5225,82.99614914528877,936.8528402204931,624.4147464717151,1061.0,625.8
4282,5226,82.99614914528877,936.8528402204931,624.4147464717151,1061.0,625.8
4282,5227,82.99614914528877,936.8528402204931,624.4147464717151,1061.0,625.8
4282,5228,82.99614914528877,936.8528402204931,624.4147464717151,1061.0,625.8
4282,5229,82.99614914528877,936.8528402204931,624.4147464717151,1061.0,625.8
4282,5230,82.99614914528877,936.8528402204931,624.4147464717151,1061.0,625.8
4282,5231,82.99614914528877,936.8528402204931,624.4147464717151,1061.0,625.8
4282,5232,82.99614914528877,936.8528402204931,624.4147464717151,1061.0,625.8
4282,5233,82.99614914528877,936.8528402204931,624.4147464717151,1061.0,625.8
4282,5234,82.99614914528877,936.8528402204931,624.4147464717151,1061.0,625.8
4282,5235,82.99614914528877,936.8528402204931,624.4147464717151,1061.0,625.8
4282,5236,82.99614914528877,936.8528402204931,624.4147464717151,1061.0,625.8
4282,5237,82.99614914528877,936.8528402204931,624.4147464717151,1061.0,625.8
4282,5238,82.99614914528877,936.8528402204931,624.4147464717151,1061.0,625.8
4282,5239,82.99614914528877,936.8528402204931,624.4147464717151,1061.0,625.8
4282,5240,82.99614914528877,936.8528402204931,624.4147464717151,1061.0,625.8
4282,5241,82.99614914528877,936.8528402204931,624.4147464717151,1061.0,625.8
4282,5242,82.99614914528877,936.8528402204931,624.4147464717151,1061.0,625.8
4282,5243,82.99614914528877,936.8528402204931,624.4147464717151,1061.0,625.8
4282,5244,82.99614914528877,936.8528402204931,624.4147464717151,1061.0,625.8
4282,5245,82.99614914528877,936.8528402204931,624.4147464717151,1061.0,625.8
4282,5246,82.99614914528877,936.8528402204931,624.4147464717151,1061.0,625.8
4282,5247,82.99614914528877,936.8528402204931,624.4147464717151,1061.0,625.8
4282,5248,82.99614914528877,936.8528402204931,624.4147464717151,1061.0,625.8
4282,5249,82.99614914528877,936.8528402204931,624.4147464717151,1061.0,625.8
4282,5250,82.99614914528877,936.8528402204931,624.4147464717151,1061.0,625.8
4282,5251,82.99614914528877,936.8528402204931,624.4147464717151,1061.0,625.8
4282,5252,82.99614914528877,936.8528402204931,624.4147464717151,1061.0,625.8
4282,5253,82.99614914528877,936.8528402204931,624.4147464717151,1061.0,625.8
4282,5254,82.99614914528877,936.8528402204931,624.4147464717151,1061.0,625.8
4282,5255,82.99614914528877,936.8528402204931,624.4147464717151,1061.0,625.8
4282,5256,82.99614914528877,936.8528402204931,624.4147464717151,1061.0,625.8
4282,5257,82.99614914528877,936.8528402204931,624.4147464717151,1061.0,625.8
4282,5258,82.99614914528877,936.8528402204931,624.4147464717151,1061.0,625.8
4282,5259,82.99614914528877,936.8528402204931,624.4147464717151,1061.0,625.8
4282,5260,82.99614914528877,936.8528402204931,624.4147464717151,1061.0,625.8
4282,5261,82.99614914528877,936.8528402204931,624.4147464717151,1061.0,625.8
4282,5262,82.99614914528877,936.8528402204931,624.4147464717151,1061.0,625.8
4282,5263,82.99614914528877,936.8528402204931,624.4147464717151,1061.0,625.8
4282,5264,82.99614914528877,936.8528402204931,624.4147464717151,1061.0,625.8
4282,5265,82.99614914528877,936.8528402204931,624.4147464717151,1061.0,625.8
4282,5266,82.99614914528877,936.8528402204931,624.4147464717151,1061.0,625.8
4282,5267,82.99614914528877,936.8528402204931,624.4147464717151,1061.0,625.8
4282,5268,82.99614914528877,936.8528402204931,624.4147464717151,1061.0,625.8
4282,5269,82.99614914528877,936.8528402204931,624.4147464717151,1061.0,625.8
4282,5270,82.99614914528877,936.8528402204931,624.4147464717151,1061.0,625.8
4282,5271,82.99614914528877,936.8528402204931,624.4147464717151,1061.0,625.8
4282,5272,82.99614914528877,936.8528402204931,624.4147464717151,1061.0,625.8
4282,5273,82.99614914528877,936.8528402204931,624.4147464717151,1061.0,625.8
4282,5274,82.99614914528877,936.8528402204931,624.4147464717151,1061.0,625.8
4282,5275,82.99614914528877,936.8528402204931,624.4147464717151,1061.0,625.8
4282,5276,82.99614914528877,936.8528402204931,624.4147464717151,1061.0,625.8
4282,5277,82.99614914528877,936.8528402204931,624.4147464717151,1061.0,625.8
4282,5278,82.99614914528877,936.8528402204931,624.4147464717151,1061.0,625.8
4282,5279,82.99614914528877,936.8528402204931,624.4147464717151,1061.0,625.8
4282,5280,82.99614914528877,936.8528402204931,624.4147464717151,1061.0,625.8
4282,5281,82.99614914528877,936.8528402204931,624.4147464717151,1061.0,625.8
4282,5282,82.99614914528877,936.8528402204931,624.4147464717151,1061.0,625.8
4282,5283,82.99614914528877,936.8528402204931,624.4147464717151,1061.0,625.8
4282,5284,82.99614914528877,936.8528402204931,624.4147464717151,1061.0,625.8
4282,5285,82.99614914528877,936.8528402204931,624.4147464717151,1061.0,625.8
4282,5286,82.99614914528877,936.8528402204931,624.4147464717151,1061.0,625.8
4282,5287,82.99614914528877,936.8528402204931,624.4147464717151,1061.0,625.8
4282,5288,82.99614914528877,936.8528402204931,624.4147464717151,1061.0,625.8
4282,5289,82.99614914528877,936.8528402204931,624.4147464717151,1061.0,625.8
4282,5290,82.99614914528877,936.8528402204931,624.4147464717151,1061.0,625.8
4282,5291,82.99614914528877,936.8528402204931,624.4147464717151,1061.0,625.8
4282,5292,82.99614914528877,936.8528402204931,624.4147464717151,1061.0,625.8
4282,5293,82.99614914528877,936.8528402204931,624.4147464717151,1061.0,625.8
4282,5294,82.99614914528877,936.8528402204931,624.4147464717151,1061.0,625.8
4282,5295,82.99614914528877,936.8528402204931,624.4147464717151,1061.0,625.8
4282,5296,82.99614914528877,936.8528402204931,624.4147464717151,1061.0,625.8
4282,5297,82.99614914528877,936.8528402204931,624.4147464717151,1061.0,625.8
4282,5298,82.99614914528877,936.8528402204931,624.4147464717151,1061.0,625.8
4282,5299,82.99614914528877,936.8528402204931,624.4147464717151,1061.0,625.8
4282,5300,82.99614914528877,936.8528402204931,624.4147464717151,1061.0,625.8
4282,5301,82.99614914528877,936.8528402204931,624.4147464717151,1061.0,625.8
4282,5302,82.99614914528877,936.8528402204931,624.4147464717151,1061.0,625.8
4282,5303,82.99614914528877,936.8528402204931,624.4147464717151,1061.0,625.8
4282,5304,82.99614914528877,936.8528402204931,624.4147464717151,1061.0,625.8
4282,5305,82.99614914528877,936.8528402204931,624.4147464717151,1061.0,625.8
4282,5306,82.99614914528877,936.8528402204931,624.4147464717151,1061.0,625.8
4282,5307,82.99614914528877,936.8528402204931,624.4147464717151,1061.0,625.8
4282,5308,82.99614914528877,936.8528402204931,624.4147464717151,1061.0,625.8
4282,5309,82.99614914528877,936.8528402204931,624.4147464717151,1061.0,625.8
4282,5310,82.99614914528877,936.8528402204931,624.4147464717151,1061.0,625.8
4282,5311,82.99614914528877,936.8528402204931,624.4147464717151,1061.0,625.8
4282,5312,82.99614914528877,936.8528402204931,624.4147464717151,1061.0,625.8
4282,5313,82.99614914528877,936.8528402204931,624.4147464717151,1061.0,625.8
4282,5314,82.99614914528877,936.8528402204931,624.4147464717151,1061.0,625.8
4282,5315,90.44018031609431,936.8528402204931,624.4147464717151,1061.0,625.8
4282,5316,97.95634386431844,936.8528402204931,624.4147464717151,1061.0,625.8
4282,5317,105.52922834891723,936.8528402204931,624.4147464717151,1061.0,625.8
4282,5318,113.1474454575427,936.8528402204931,624.4147464717151,1061.0,625.8
4282,5319,120.8024189998428,936.8528402204931,624.4147464717151,1061.0,625.8
4282,5320,128.48757957038478,936.8528402204931,624.4147464717151,1061.0,625.8
4282,5321,136.19781722367907,936.8528402204931,624.4147464717151,1061.0,625.8
4282,5322,143.92910190135174,936.8528402204931,624.4147464717151,1061.0,625.8
4282,5323,151.67821523462462,936.8528402204931,624.4147464717151,1061.0,625.8
4282,5324,159.44255775792388,936.8528402204931,624.4147464717151,1061.0,625.8
4282,5325,167.22000812406674,936.8528402204931,624.4147464717151,1061.0,625.8
4282,5326,175.00881879103525,936.8528402204931,624.4147464717151,1061.0,625.8
4282,5327,182.8075376926516,936.8528402204931,624.4147464717151,1061.0,625.8
4282,5328,190.61494869202497,936.8528402204931,624.4147464717151,1061.0,625.8
4282,5329,198.43002579618042,936.8528402204931,624.4147464717151,1061.0,625.8
4282,5330,206.25189757934035,936.8528402204931,624.4147464717151,1061.0,625.8
4282,5331,214.07981926767604,936.8528402204931,624.4147464717151,1061.0,625.8
4282,5332,221.91315063618782,936.8528402204931,624.4147464717151,1061.0,625.8
4282,5333,229.75133835926678,936.8528402204931,624.4147464717151,1061.0,625.8
4282,5334,237.5939018061395,936.8528402204931,624.4147464717151,1061.0,625.8
4282,5335,245.440421524355,936.8528402204931,624.4147464717151,1061.0,625.8
4282,5336,253.29052983804394,936.8528402204931,624.4147464717151,1061.0,625.8
4282,5337,261.1439031228132,936.8528402204931,624.4147464717151,1061.0,625.8
4282,5338,269.00025541956995,936.8528402204931,624.4147464717151,1061.0,625.8
4282,5339,276.8593331249046,936.8528402204931,624.4147464717151,1061.0,625.8
4282,5340,284.72091055266077,936.8528402204931,624.4147464717151,1061.0,625.8
4282,5341,292.58478620478854,936.8528402204931,624.4147464717151,1061.0,625.8
4282,5342,300.4507796229923,936.8528402204931,624.4147464717151,1061.0,625.8
4282,5343,308.31872871854915,936.8528402204931,624.4147464717151,1061.0,625.8
4282,5344,316.18848749784814,936.8528402204931,624.4147464717151,1061.0,625.8
4282,5345,324.0599241170188,936.8528402204931,624.4147464717151,1061.0,625.8
4282,5346,331.9329192115109,936.8528402204931,624.4147464717151,1061.0,625.8
4282,5347,339.8073644564213,936.8528402204931,624.4147464717151,1061.0,625.8
4282,5348,347.68316132128007,936.8528402204931,624.4147464717151,1061.0,625.8
4282,5349,355.5602199893792,936.8528402204931,624.4147464717151,1061.0,625.8
4282,5350,363.4384584168665,936.8528402204931,624.4147464717151,1061.0,625.8
4282,5351,371.31780151099355,936.8528402204931,624.4147464717151,1061.0,625.8
4282,5352,371.31780151099355,936.8528402204931,624.4147464717151,1061.0,625.8
4282,5353,371.31780151099355,936.8528402204931,624.4147464717151,1061.0,625.8
4282,5354,371.31780151099355,936.8528402204931,624.4147464717151,1061.0,625.8
4282,5355,371.31780151099355,936.8528402204931,624.4147464717151,1061.0,625.8
4282,5356,371.31780151099355,936.8528402204931,624.4147464717151,1061.0,625.8
4282,5357,371.31780151099355,936.8528402204931,624.4147464717151,1061.0,625.8
4282,5358,371.31780151099355,936.8528402204931,624.4147464717151,1061.0,625.8
4282,5359,371.31780151099355,936.8528402204931,624.4147464717151,1061.0,625.8
4282,5360,371.31780151099355,936.8528402204931,624.4147464717151,1061.0,625.8
4282,5361,371.31780151099355,936.8528402204931,624.4147464717151,1061.0,625.8
4282,5362,371.31780151099355,936.8528402204931,624.4147464717151,1053.6434782608696,615.8739130434782
4282,5363,371.31780151099355,936.8528402204931,624.4147464717151,1046.286956521739,605.9478260869565
4282,5364,371.31780151099355,936.8528402204931,624.4147464717151,1038.9304347826087,596.0217391304348
4282,5365,371.31780151099355,936.8528402204931,624.4147464717151,1031.5739130434783,586.095652173913
4282,5366,371.31780151099355,936.8528402204931,624.4147464717151,1024.2173913043478,576.1695652173912
4282,5367,371.31780151099355,936.8528402204931,624.4147464717151,1016.8608695652174,566.2434782608696
4282,5368,371.31780151099355,936.8528402204931,624.4147464717151,1009.5043478260869,556.3173913043478
4282,5369,371.31780151099355,936.8528402204931,624.4147464717151,1002.1478260869565,546.391304347826
4282,5370,371.31780151099355,936.8528402204931,624.4147464717151,994.7913043478261,536.4652173913043
4282,5371,371.31780151099355,936.8528402204931,624.4147464717151,987.4347826086956,526.5391304347826
4282,5372,371.31780151099355,936.8528402204931,624.4147464717151,980.0782608695652,516.6130434782608
4282,5373,371.31780151099355,936.8528402204931,624.4147464717151,972.7217391304348,506.6869565217391
4282,5374,371.31780151099355,936.8528402204931,624.4147464717151,965.3652173913043,496.7608695652174
4282,5375,371.31780151099355,936.8528402204931,624.4147464717151,958.0086956521739,486.8347826086956
4282,5376,371.31780151099355,936.8528402204931,624.4147464717151,950.6521739130435,476.9086956521739
4282,5377,371.31780151099355,936.8528402204931,624.4147464717151,943.295652173913,466.9826086956522
4282,5378,371.31780151099355,936.8528402204931,624.4147464717151,935.9391304347826,457.0565217391304
4282,5379,371.31780151099355,936.8528402204931,624.4147464717151,928.5826086956522,447.13043478260863
4282,5380,371.31780151099355,936.8528402204931,624.4147464717151,921.2260869565217,437.204347826087
4282,5381,371.31780151099355,936.8528402204931,624.4147464717151,913.8695652173913,427.2782608695652
4282,5382,371.31780151099355,936.8528402204931,624.4147464717151,906.5130434782609,417.35217391304343
4282,5383,371.31780151099355,936.8528402204931,624.4147464717151,899.1565217391304,407.4260869565217
4282,5384,371.31780151099355,789.8528402204931,452.41474647171515,891.8,397.5
4282,5385,371.31780151099355,789.8528402204931,452.41474647171515,891.8,397.5
4282,5386,371.31780151099355,789.8528402204931,452.41474647171515,891.8,397.5
4282,5387,371.31780151099355,789.8528402204931,452.41474647171515,891.8,397.5
4282,5388,371.31780151099355,789.8528402204931,452.41474647171515,891.8,397.5
4282,5389,371.31780151099355,789.8528402204931,452.41474647171515,891.8,397.5
4282,5390,371.31780151099355,789.8528402204931,452.41474647171515,891.8,397.5
4282,5391,371.31780151099355,789.8528402204931,452.41474647171515,891.8,397.5
4282,5392,371.31780151099355,789.8528402204931,452.41474647171515,891.8,397.5
4282,5393,371.31780151099355,789.8528402204931,452.41474647171515,891.8,397.5
4282,5394,371.31780151099355,789.8528402204931,452.41474647171515,891.8,397.5
4282,5395,371.31780151099355,789.8528402204931,452.41474647171515,891.8,397.5
4282,5396,371.31780151099355,789.8528402204931,452.41474647171515,891.8,397.5
4282,5397,371.31780151099355,789.8528402204931,452.41474647171515,891.8,397.5
4282,5398,371.31780151099355,789.8528402204931,452.41474647171515,891.8,397.5
4282,5399,371.31780151099355,789.8528402204931,452.41474647171515,891.8,397.5
4282,5400,371.31780151099355,789.8528402204931,452.41474647171515,891.8,397.5
4282,5401,371.31780151099355,789.8528402204931,452.41474647171515,891.8,397.5
4282,5402,371.31780151099355,789.8528402204931,452.41474647171515,891.8,397.5
4282,5403,371.31780151099355,789.8528402204931,452.41474647171515,891.8,397.5
4282,5404,371.31780151099355,789.8528402204931,452.41474647171515,891.8,397.5
4282,5405,371.31780151099355,789.8528402204931,452.41474647171515,891.8,397.5
4282,5406,371.31780151099355,789.8528402204931,452.41474647171515,891.8,397.5
4282,5407,371.31780151099355,789.8528402204931,452.41474647171515,891.8,397.5
4282,5408,371.31780151099355,789.8528402204931,452.41474647171515,891.8,397.5
4282,5409,371.31780151099355,789.8528402204931,452.41474647171515,891.8,397.5
4282,5410,371.31780151099355,789.8528402204931,452.41474647171515,891.8,397.5
4282,5411,371.31780151099355,789.8528402204931,452.41474647171515,891.8,397.5
4282,5412,371.31780151099355,789.8528402204931,452.41474647171515,891.8,397.5
4282,5413,371.31780151099355,789.8528402204931,452.41474647171515,891.8,397.5
4282,5414,371.31780151099355,789.8528402204931,452.41474647171515,891.8,397.5
4282,5415,371.31780151099355,789.8528402204931,452.41474647171515,891.8,397.5
4282,5416,371.31780151099355,789.8528402204931,452.41474647171515,891.8,397.5
4282,5417,371.31780151099355,642.8528402204931,280.41474647171515,891.8,397.5
4282,5418,371.31780151099355,642.8528402204931,280.41474647171515,891.8,397.5
4282,5419,371.31780151099355,642.8528402204931,280.41474647171515,891.8,397.5
4282,5420,371.31780151099355,642.8528402204931,280.41474647171515,891.8,397.5
4282,5421,371.31780151099355,642.8528402204931,280.41474647171515,891.8,397.5
4282,5422,371.31780151099355,642.8528402204931,280.41474647171515,891.8,397.5
4282,5423,371.31780151099355,642.8528402204931,280.41474647171515,891.8,397.5
4282,5424,371.31780151099355,642.8528402204931,280.41474647171515,891.8,397.5
4282,5425,371.31780151099355,642.8528402204931,280.41474647171515,891.8,397.5
4282,5426,371.31780151099355,642.8528402204931,280.41474647171515,891.8,397.5
4282,5427,371.31780151099355,642.8528402204931,280.41474647171515,891.8,397.5
4282,5428,371.31780151099355,642.8528402204931,280.41474647171515,891.8,397.5
4282,5429,371.31780151099355,642.8528402204931,280.41474647171515,891.8,397.5
4282,5430,371.31780151099355,642.8528402204931,280.41474647171515,891.8,397.5
4282,5431,371.31780151099355,642.8528402204931,280.41474647171515,891.8,397.5
4282,5432,371.31780151099355,642.8528402204931,280.41474647171515,891.8,397.5
4282,5433,371.31780151099355,642.8528402204931,280.41474647171515,891.8,397.5
4282,5434,371.31780151099355,642.8528402204931,280.41474647171515,891.8,397.5
4282,5435,371.31780151099355,642.8528402204931,280.41474647171515,891.8,397.5
4282,5436,371.31780151099355,642.8528402204931,280.41474647171515,891.8,397.5
4282,5437,371.31780151099355,642.8528402204931,280.41474647171515,891.8,397.5
4282,5438,371.31780151099355,642.8528402204931,280.41474647171515,891.8,397.5
4282,5439,371.31780151099355,642.8528402204931,280.41474647171515,891.8,397.5
4282,5440,371.31780151099355,642.8528402204931,280.41474647171515,891.8,397.5
4282,5441,371.31780151099355,642.8528402204931,280.41474647171515,891.8,397.5
4282,5442,371.31780151099355,642.8528402204931,280.41474647171515,891.8,397.5
4282,5443,371.31780151099355,642.8528402204931,280.41474647171515,891.8,397.5
4282,5444,371.31780151099355,642.8528402204931,280.41474647171515,891.8,397.5
4282,5445,371.31780151099355,642.8528402204931,280.41474647171515,891.8,397.5
4282,5446,371.31780151099355,642.8528402204931,280.41474647171515,891.8,397.5
4282,5447,371.31780151099355,642.8528402204931,280.41474647171515,891.8,397.5
4282,5448,371.31780151099355,642.8528402204931,280.41474647171515,891.8,397.5
4282,5449,371.31780151099355,642.8528402204931,280.41474647171515,891.8,397.5
4282,5450,371.31780151099355,642.8528402204931,280.41474647171515,891.8,397.5
4282,5451,371.31780151099355,642.8528402204931,280.41474647171515,891.8,397.5
4282,5452,371.31780151099355,642.8528402204931,280.41474647171515,891.8,397.5
4282,5453,371.31780151099355,642.8528402204931,280.41474647171515,891.8,397.5
4282,5454,371.31780151099355,642.8528402204931,280.41474647171515,891.8,397.5
4282,5455,371.31780151099355,642.8528402204931,280.41474647171515,891.8,397.5
4282,5456,371.31780151099355,642.8528402204931,280.41474647171515,891.8,397.5
4282,5457,371.31780151099355,642.8528402204931,280.41474647171515,891.8,397.5
4282,5458,371.31780151099355,642.8528402204931,280.41474647171515,891.8,397.5
4282,5459,371.31780151099355,642.8528402204931,280.41474647171515,891.8,397.5
4282,5460,374.3834457747669,642.8528402204931,280.41474647171515,891.8,397.5
4282,5461,377.44986360299305,642.8528402204931,280.41474647171515,891.8,397.5
4282,5462,380.5170362942352,642.8528402204931,280.41474647171515,891.8,397.5
4282,5463,383.58494574067754,642.8528402204931,280.41474647171515,891.8,397.5
4282,5464,386.6535744049302,642.8528402204931,280.41474647171515,891.8,397.5
4282,5465,389.7229052979041,642.8528402204931,280.41474647171515,891.8,397.5
4282,5466,392.792921957702,642.8528402204931,280.41474647171515,891.8,397.5
4282,5467,395.8636084294685,642.8528402204931,280.41474647171515,891.8,397.5
4282,5468,395.8636084294685,642.8528402204931,280.41474647171515,891.8,397.5
4282,5469,395.8636084294685,642.8528402204931,280.41474647171515,891.8,397.5
4282,5470,395.8636084294685,642.8528402204931,280.41474647171515,891.8,397.5
4282,5471,395.8636084294685,642.8528402204931,280.41474647171515,891.8,397.5
4282,5472,395.8636084294685,642.8528402204931,280.41474647171515,891.8,397.5
4282,5473,395.8636084294685,642.8528402204931,280.41474647171515,891.8,397.5
4282,5474,395.8636084294685,642.8528402204931,280.41474647171515,891.8,397.5
4282,5475,395.8636084294685,642.8528402204931,280.41474647171515,891.8,397.5
4282,5476,395.8636084294685,642.8528402204931,280.41474647171515,891.8,397.5
4282,5477,395.8636084294685,642.8528402204931,280.41474647171515,891.8,397.5
4282,5478,395.8636084294685,642.8528402204931,280.41474647171515,891.8,397.5
4282,5479,395.8636084294685,642.8528402204931,280.41474647171515,891.8,397.5
4282,5480,395.8636084294685,642.8528402204931,280.41474647171515,891.8,397.5
4282,5481,395.8636084294685,642.8528402204931,280.41474647171515,891.8,397.5
4282,5482,395.8636084294685,642.8528402204931,280.41474647171515,891.8,397.5
4282,5483,395.8636084294685,642.8528402204931,280.41474647171515,891.8,397.5
4282,5484,395.8636084294685,642.8528402204931,280.41474647171515,891.8,397.5
4282,5485,395.8636084294685,642.8528402204931,280.41474647171515,891.8,397.5
4282,5486,395.8636084294685,642.8528402204931,280.41474647171515,891.8,397.5
4282,5487,395.8636084294685,642.8528402204931,280.41474647171515,891.8,397.5
4282,5488,395.8636084294685,642.8528402204931,280.41474647171515,891.8,397.5
4282,5489,395.8636084294685,642.8528402204931,280.41474647171515,891.8,397.5
4282,5490,395.8636084294685,642.8528402204931,280.41474647171515,891.8,397.5
4282,5491,395.8636084294685,642.8528402204931,280.41474647171515,891.8,397.5
4282,5492,395.8636084294685,642.8528402204931,280.41474647171515,891.8,397.5
4282,5493,395.8636084294685,642.8528402204931,280.41474647171515,891.8,397.5
4282,5494,395.8636084294685,642.8528402204931,280.41474647171515,891.8,397.5
4282,5495,395.8636084294685,642.8528402204931,280.41474647171515,891.8,397.5
4282,5496,395.8636084294685,642.8528402204931,280.41474647171515,891.8,397.5
4282,5497,395.8636084294685,642.8528402204931,280.41474647171515,891.8,397.5
4282,5498,395.8636084294685,642.8528402204931,280.41474647171515,891.8,397.5
4282,5499,395.8636084294685,642.8528402204931,280.41474647171515,891.8,397.5
4282,5500,395.8636084294685,642.8528402204931,280.41474647171515,891.8,397.5
4282,5501,395.8636084294685,642.8528402204931,280.41474647171515,891.8,397.5
4282,5502,395.8636084294685,642.8528402204931,280.41474647171515,891.8,397.5
4282,5503,395.8636084294685,642.8528402204931,280.41474647171515,891.8,397.5
4282,5504,395.8636084294685,642.8528402204931,280.41474647171515,891.8,397.5
4282,5505,395.8636084294685,642.8528402204931,280.41474647171515,891.8,397.5
4282,5506,395.8636084294685,642.8528402204931,280.41474647171515,891.8,397.5
4282,5507,395.8636084294685,642.8528402204931,280.41474647171515,891.8,397.5
4282,5508,395.8636084294685,642.8528402204931,280.41474647171515,891.8,397.5
4282,5509,395.8636084294685,642.8528402204931,280.41474647171515,891.8,397.5
4282,5510,395.8636084294685,642.8528402204931,280.41474647171515,891.8,397.5
4282,5511,395.8636084294685,642.8528402204931,280.41474647171515,891.8,397.5
4282,5512,395.8636084294685,642.8528402204931,280.41474647171515,891.8,397.5
4282,5513,395.8636084294685,642.8528402204931,280.41474647171515,891.8,397.5
4282,5514,395.8636084294685,642.8528402204931,280.41474647171515,891.8,397.5
4282,5515,395.8636084294685,642.8528402204931,280.41474647171515,891.8,397.5
4282,5516,395.8636084294685,642.8528402204931,280.41474647171515,891.8,397.5
4282,5517,395.8636084294685,642.8528402204931,280.41474647171515,891.8,397.5
4282,5518,395.8636084294685,642.8528402204931,280.41474647171515,891.8,397.5
4282,5519,395.8636084294685,642.8528402204931,280.41474647171515,891.8,397.5
4282,5520,395.8636084294685,642.8528402204931,280.41474647171515,891.8,397.5
4282,5521,395.8636084294685,642.8528402204931,280.41474647171515,891.8,397.5
4282,5522,395.8636084294685,642.8528402204931,280.41474647171515,901.23,396.89
4282,5523,391.763733222602,642.8528402204931,280.41474647171515,910.66,396.28
4282,5524,387.6638802162938,642.8528402204931,280.41474647171515,920.0899999999999,395.67
4282,5525,383.5640501224386,642.8528402204931,280.41474647171515,929.52,395.06
4282,5526,379.46424368369253,642.8528402204931,280.41474647171515,938.95,394.45
4282,5527,375.364461675153,642.8528402204931,280.41474647171515,948.38,393.84
4282,5528,371.2647049061501,642.8528402204931,280.41474647171515,957.81,393.22999999999996
4282,5529,367.1649742221562,642.8528402204931,280.41474647171515,967.24,392.62
4282,5530,363.06527050682627,642.8528402204931,280.41474647171515,976.6700000000001,392.01
4282,5531,358.96559468417854,642.8528402204931,280.41474647171515,986.1,391.4
4282,5532,354.865947720924,642.8528402204931,280.41474647171515,986.1,391.4
4282,5533,350.766330628961,642.8528402204931,280.41474647171515,986.1,391.4
4282,5534,346.6667444680472,642.8528402204931,280.41474647171515,986.1,391.4
4282,5535,342.56719034866063,642.8528402204931,280.41474647171515,986.1,391.4
4282,5536,338.46766943507225,642.8528402204931,280.41474647171515,986.1,391.4
4282,5537,334.36818294864094,642.8528402204931,280.41474647171515,986.1,391.4
4282,5538,330.2687321713557,642.8528402204931,280.41474647171515,986.1,391.4
4282,5539,326.1693184496455,642.8528402204931,280.41474647171515,986.1,391.4
4282,5540,322.06994319847735,642.8528402204931,280.41474647171515,986.1,391.4
4282,5541,317.97060790577325,642.8528402204931,280.41474647171515,986.1,391.4
4282,5542,313.87131413717356,642.8528402204931,280.41474647171515,986.1,391.4
4282,5543,309.7720635411756,642.8528402204931,280.41474647171515,986.1,391.4
4282,5544,305.6728578546882,642.8528402204931,280.41474647171515,986.1,391.4
4282,5545,301.57369890903846,642.8528402204931,280.41474647171515,986.1,391.4
4282,5546,297.4745886364732,642.8528402204931,280.41474647171515,986.1,391.4
4282,5547,293.3755290772067,642.8528402204931,280.41474647171515,986.1,391.4
4282,5548,289.27652238706764,642.8528402204931,280.41474647171515,986.1,391.4
4282,5549,285.17757084580285,642.8528402204931,280.41474647171515,986.1,391.4
4282,5550,281.07867686610916,642.8528402204931,280.41474647171515,986.1,391.4
4282,5551,276.9798430034666,642.8528402204931,280.41474647171515,986.1,391.4
4282,5552,272.8810719668549,642.8528402204931,280.41474647171515,986.1,391.4
4282,5553,268.7823666304532,642.8528402204931,280.41474647171515,986.1,391.4
4282,5554,264.68373004642257,642.8528402204931,280.41474647171515,986.1,391.4
4282,5555,260.5851654588957,642.8528402204931,280.41474647171515,986.1,391.4
4282,5556,256.4866763193076,642.8528402204931,280.41474647171515,986.1,391.4
4282,5557,252.38826630321603,642.8528402204931,280.41474647171515,986.1,391.4
4282,5558,248.28993932878825,642.8528402204931,280.41474647171515,986.1,391.4
4282,5559,244.1916995771484,642.8528402204931,280.41474647171515,986.1,391.4
4282,5560,240.09355151480392,642.8528402204931,280.41474647171515,986.1,391.4
4282,5561,235.995499918409,642.8528402204931,280.41474647171515,986.1,391.4
4282,5562,231.8975499021506,642.8528402204931,280.41474647171515,986.1,391.4
4282,5563,227.79970694808554,642.8528402204931,280.41474647171515,986.1,391.4
4282,5564,223.7019769398101,642.8528402204931,280.41474647171515,986.1,391.4
4282,5565,219.60436619989522,642.8528402204931,280.41474647171515,986.1,391.4
4282,5566,215.50688153158495,642.8528402204931,280.41474647171515,986.1,391.4
4282,5567,211.40953026534066,642.8528402204931,280.41474647171515,986.1,391.4
4282,5568,207.3123203108972,642.8528402204931,280.41474647171515,986.1,391.4
4282,5569,203.2152602156063,642.8528402204931,280.41474647171515,986.1,391.4
4282,5570,199.11835922997602,642.8528402204931,280.41474647171515,986.1,391.4
4282,5571,195.02162738145617,642.8528402204931,280.41474647171515,986.1,391.4
4282,5572,190.92507555771132,642.8528402204931,280.41474647171515,986.1,391.4
4282,5573,186.82871560083228,642.8528402204931,280.41474647171515,986.1,391.4
4282,5574,182.73256041419697,642.8528402204931,280.41474647171515,986.1,391.4
4282,5575,178.63662408401052,642.8528402204931,280.41474647171515,986.1,391.4
4282,5576,174.54092201792875,642.8528402204931,280.41474647171515,986.1,391.4
4282,5577,170.4454711036285,642.8528402204931,280.41474647171515,986.1,391.4
4282,5578,166.3502898907589,642.8528402204931,280.41474647171515,986.1,391.4
4282,5579,162.2553988003907,642.8528402204931,280.41474647171515,986.1,391.4
4282,5580,158.16082036693126,642.8528402204931,280.41474647171515,986.1,391.4
4282,5581,154.06657951853177,642.8528402204931,280.41474647171515,986.1,391.4
4282,5582,149.9727039033173,642.8528402204931,280.41474647171515,986.1,391.4
4282,5583,145.87922427041028,642.8528402204931,280.41474647171515,986.1,391.4
4282,5584,141.78617491678708,642.8528402204931,280.41474647171515,986.1,391.4
4282,5585,137.69359421361423,642.8528402204931,280.41474647171515,986.1,391.4
4282,5586,133.60152522903948,642.8528402204931,280.41474647171515,986.1,391.4
4282,5587,129.51001646869065,642.8528402204931,280.41474647171515,986.1,391.4
4282,5588,125.41912276063783,642.8528402204931,280.41474647171515,986.1,391.4
4282,5589,121.32890631876614,642.8528402204931,280.41474647171515,986.1,391.4
4282,5590,117.23943802791119,642.8528402204931,280.41474647171515,986.1,391.4
4282,5591,113.15079900657153,642.8528402204931,280.41474647171515,986.1,391.4
4282,5592,109.06308251962801,788.8528402204931,451.41474647171515,986.1,391.4
4282,5593,104.9763963359071,788.8528402204931,451.41474647171515,986.1,391.4
4282,5594,100.8908656558971,788.8528402204931,451.41474647171515,986.1,391.4
4282,5595,96.80663677688439,788.8528402204931,451.41474647171515,986.1,391.4
4282,5596,92.72388172115957,788.8528402204931,451.41474647171515,986.1,391.4
4282,5597,88.64280413524901,788.8528402204931,451.41474647171515,986.1,391.4
4282,5598,84.56364688572259,788.8528402204931,451.41474647171515,986.1,391.4
4282,5599,80.48670194758166,788.8528402204931,451.41474647171515,986.1,391.4
4282,5600,80.48670194758166,788.8528402204931,451.41474647171515,986.1,391.4
4282,5601,80.48670194758166,788.8528402204931,451.41474647171515,986.1,391.4
4282,5602,80.48670194758166,788.8528402204931,451.41474647171515,986.1,391.4
4282,5603,80.48670194758166,788.8528402204931,451.41474647171515,986.1,391.4
4282,5604,80.48670194758166,788.8528402204931,451.41474647171515,986.1,391.4
4282,5605,80.48670194758166,788.8528402204931,451.41474647171515,986.1,391.4
4282,5606,80.48670194758166,788.8528402204931,451.41474647171515,986.1,391.4
4282,5607,80.48670194758166,788.8528402204931,451.41474647171515,986.1,391.4
4282,5608,80.48670194758166,788.8528402204931,451.41474647171515,986.1,391.4
4282,5609,80.48670194758166,788.8528402204931,451.41474647171515,986.1,391.4
4282,5610,80.48670194758166,788.8528402204931,451.41474647171515,986.1,391.4
4282,5611,80.48670194758166,788.8528402204931,451.41474647171515,986.1,391.4
4282,5612,80.48670194758166,788.8528402204931,451.41474647171515,986.1,391.4
4282,5613,80.48670194758166,788.8528402204931,451.41474647171515,986.1,391.4
4282,5614,80.48670194758166,788.8528402204931,451.41474647171515,986.1,391.4
4282,5615,80.48670194758166,788.8528402204931,451.41474647171515,986.1,391.4
4282,5616,80.48670194758166,788.8528402204931,451.41474647171515,986.1,391.4
4282,5617,80.48670194758166,935.8528402204931,621.4147464717151,986.1,391.4
4282,5618,80.48670194758166,935.8528402204931,621.4147464717151,986.1,391.4
4282,5619,80.48670194758166,935.8528402204931,621.4147464717151,986.1,391.4
4282,5620,80.48670194758166,935.8528402204931,621.4147464717151,986.1,391.4
4282,5621,80.48670194758166,935.8528402204931,621.4147464717151,986.1,391.4
4282,5622,80.48670194758166,935.8528402204931,621.4147464717151,986.1,391.4
4282,5623,80.48670194758166,935.8528402204931,621.4147464717151,986.1,391.4
4282,5624,80.48670194758166,935.8528402204931,621.4147464717151,986.1,391.4
4282,5625,80.48670194758166,935.8528402204931,621.4147464717151,986.1,391.4
4282,5626,80.48670194758166,935.8528402204931,621.4147464717151,986.1,391.4
4282,5627,80.48670194758166,935.8528402204931,621.4147464717151,986.1,391.4
4282,5628,80.48670194758166,935.8528402204931,621.4147464717151,986.1,391.4
4282,5629,80.48670194758166,935.8528402204931,621.4147464717151,986.1,391.4
4282,5630,80.48670194758166,935.8528402204931,621.4147464717151,986.1,391.4
4282,5631,80.48670194758166,935.8528402204931,621.4147464717151,986.1,391.4
4282,5632,80.48670194758166,935.8528402204931,621.4147464717151,986.1,391.4
4282,5633,80.48670194758166,935.8528402204931,621.4147464717151,986.1,391.4
4282,5634,80.48670194758166,935.8528402204931,621.4147464717151,986.1,391.4
4282,5635,80.48670194758166,935.8528402204931,621.4147464717151,986.1,391.4
4282,5636,80.48670194758166,935.8528402204931,621.4147464717151,986.1,391.4
4282,5637,80.48670194758166,935.8528402204931,621.4147464717151,986.1,391.4
4282,5638,80.48670194758166,935.8528402204931,621.4147464717151,986.1,391.4
4282,5639,80.48670194758166,935.8528402204931,621.4147464717151,986.1,391.4
4282,5640,80.48670194758166,935.8528402204931,621.4147464717151,986.1,391.4
4282,5641,80.48670194758166,935.8528402204931,621.4147464717151,986.1,391.4
4282,5642,80.48670194758166,935.8528402204931,621.4147464717151,986.1,391.4
4282,5643,80.48670194758166,935.8528402204931,621.4147464717151,986.1,391.4
4282,5644,80.48670194758166,935.8528402204931,621.4147464717151,986.1,391.4
4282,5645,80.48670194758166,935.8528402204931,621.4147464717151,986.1,391.4
4282,5646,80.48670194758166,935.8528402204931,621.4147464717151,986.1,391.4
4282,5647,80.48670194758166,935.8528402204931,621.4147464717151,986.1,391.4
4282,5648,80.48670194758166,935.8528402204931,621.4147464717151,986.1,391.4
4282,5649,80.48670194758166,935.8528402204931,621.4147464717151,986.1,391.4
4282,5650,80.48670194758166,935.8528402204931,621.4147464717151,976.3214285714286,385.1714285714286
4282,5651,80.48670194758166,935.8528402204931,621.4147464717151,966.5428571428572,378.9428571428571
4282,5652,80.48670194758166,935.8528402204931,621.4147464717151,956.7642857142857,372.71428571428567
4282,5653,80.48670194758166,935.8528402204931,621.4147464717151,946.9857142857143,366.48571428571427
4282,5654,80.48670194758166,935.8528402204931,621.4147464717151,937.2071428571429,360.25714285714287
4282,5655,80.48670194758166,935.8528402204931,621.4147464717151,927.4285714285714,354.0285714285714
4282,5656,80.48670194758166,935.8528402204931,621.4147464717151,917.6500000000001,347.79999999999995
4282,5657,80.48670194758166,935.8528402204931,621.4147464717151,907.8714285714286,341.57142857142856
4282,5658,80.48670194758166,935.8528402204931,621.4147464717151,898.0928571428572,335.34285714285716
4282,5659,80.48670194758166,935.8528402204931,621.4147464717151,888.3142857142858,329.1142857142857
4282,5660,80.48670194758166,935.8528402204931,621.4147464717151,878.5357142857143,322.88571428571424
4282,5661,80.48670194758166,935.8528402204931,621.4147464717151,868.7571428571429,316.65714285714284
4282,5662,80.48670194758166,935.8528402204931,621.4147464717151,858.9785714285715,310.42857142857144
4282,5663,80.48670194758166,935.8528402204931,621.4147464717151,849.2,304.2
4282,5664,80.48670194758166,935.8528402204931,621.4147464717151,849.2,304.2
4282,5665,80.48670194758166,935.8528402204931,621.4147464717151,849.2,304.2
4282,5666,80.48670194758166,935.8528402204931,621.4147464717151,849.2,304.2
4282,5667,80.48670194758166,935.8528402204931,621.4147464717151,849.2,304.2
4282,5668,80.48670194758166,935.8528402204931,621.4147464717151,849.2,304.2
4282,5669,80.48670194758166,935.8528402204931,621.4147464717151,849.2,304.2
4282,5670,80.48670194758166,935.8528402204931,621.4147464717151,849.2,304.2
4282,5671,80.48670194758166,935.8528402204931,621.4147464717151,849.2,304.2
4282,5672,80.48670194758166,935.8528402204931,621.4147464717151,849.2,304.2
4282,5673,80.48670194758166,935.8528402204931,621.4147464717151,849.2,304.2
4282,5674,80.48670194758166,935.8528402204931,621.4147464717151,849.2,304.2
4282,5675,80.48670194758166,935.8528402204931,621.4147464717151,849.2,304.2
4282,5676,80.48670194758166,935.8528402204931,621.4147464717151,849.2,304.2
4282,5677,80.48670194758166,935.8528402204931,621.4147464717151,849.2,304.2
4282,5678,80.48670194758166,935.8528402204931,621.4147464717151,849.2,304.2
4282,5679,80.48670194758166,935.8528402204931,621.4147464717151,849.2,304.2
4282,5680,80.48670194758166,935.8528402204931,621.4147464717151,849.2,304.2
4282,5681,80.48670194758166,935.8528402204931,621.4147464717151,849.2,304.2
4282,5682,80.48670194758166,935.8528402204931,621.4147464717151,849.2,304.2
4282,5683,80.48670194758166,935.8528402204931,621.4147464717151,849.2,304.2
4282,5684,80.48670194758166,935.8528402204931,621.4147464717151,849.2,304.2
4282,5685,80.48670194758166,935.8528402204931,621.4147464717151,849.2,304.2
4282,5686,80.48670194758166,935.8528402204931,621.4147464717151,849.2,304.2
4282,5687,80.48670194758166,935.8528402204931,621.4147464717151,849.2,304.2
4282,5688,80.48670194758166,935.8528402204931,621.4147464717151,849.2,304.2
4282,5689,80.48670194758166,935.8528402204931,621.4147464717151,849.2,304.2
4282,5690,80.48670194758166,935.8528402204931,621.4147464717151,849.2,304.2
4282,5691,80.48670194758166,935.8528402204931,621.4147464717151,849.2,304.2
4282,5692,80.48670194758166,935.8528402204931,621.4147464717151,849.2,304.2
4282,5693,80.48670194758166,935.8528402204931,621.4147464717151,849.2,304.2
4282,5694,80.48670194758166,935.8528402204931,621.4147464717151,849.2,304.2
4282,5695,80.48670194758166,935.8528402204931,621.4147464717151,849.2,304.2
4282,5696,80.48670194758166,935.8528402204931,621.4147464717151,849.2,304.2
4282,5697,80.48670194758166,935.8528402204931,621.4147464717151,849.2,304.2
4282,5698,80.48670194758166,935.8528402204931,621.4147464717151,849.2,304.2
4282,5699,80.48670194758166,935.8528402204931,621.4147464717151,849.2,304.2
4282,5700,80.48670194758166,935.8528402204931,621.4147464717151,849.2,304.2
4282,5701,80.48670194758166,935.8528402204931,621.4147464717151,849.2,304.2
4282,5702,80.48670194758166,935.8528402204931,621.4147464717151,849.2,304.2
4282,5703,80.48670194758166,935.8528402204931,621.4147464717151,849.2,304.2
4282,5704,80.48670194758166,935.8528402204931,621.4147464717151,849.2,304.2
4282,5705,80.48670194758166,935.8528402204931,621.4147464717151,849.2,304.2
4282,5706,80.48670194758166,935.8528402204931,621.4147464717151,849.2,304.2
4282,5707,80.48670194758166,935.8528402204931,621.4147464717151,849.2,304.2
4282,5708,80.48670194758166,935.8528402204931,621.4147464717151,849.2,304.2
4282,5709,80.48670194758166,935.8528402204931,621.4147464717151,849.2,304.2
4282,5710,80.48670194758166,935.8528402204931,621.4147464717151,849.2,304.2
4282,5711,80.48670194758166,935.8528402204931,621.4147464717151,849.2,304.2
4282,5712,80.48670194758166,935.8528402204931,621.4147464717151,849.2,304.2
4282,5713,80.48670194758166,935.8528402204931,621.4147464717151,849.2,304.2
4282,5714,80.48670194758166,935.8528402204931,621.4147464717151,849.2,304.2
4282,5715,80.48670194758166,935.8528402204931,621.4147464717151,849.2,304.2
4282,5716,80.48670194758166,935.8528402204931,621.4147464717151,849.2,304.2
4282,5717,80.48670194758166,935.8528402204931,621.4147464717151,849.2,304.2
4282,5718,80.48670194758166,935.8528402204931,621.4147464717151,849.2,304.2
4282,5719,80.48670194758166,935.8528402204931,621.4147464717151,849.2,304.2
4282,5720,80.48670194758166,935.8528402204931,621.4147464717151,849.2,304.2
4282,5721,80.48670194758166,935.8528402204931,621.4147464717151,849.2,304.2
4282,5722,80.48670194758166,935.8528402204931,621.4147464717151,849.2,304.2
4282,5723,80.48670194758166,935.8528402204931,621.4147464717151,849.2,304.2
4282,5724,80.48670194758166,935.8528402204931,621.4147464717151,849.2,304.2
4282,5725,80.48670194758166,935.8528402204931,621.4147464717151,849.2,304.2
4282,5726,80.48670194758166,935.8528402204931,621.4147464717151,849.2,304.2
4282,5727,80.48670194758166,935.8528402204931,621.4147464717151,849.2,304.2
4282,5728,80.48670194758166,935.8528402204931,621.4147464717151,849.2,304.2
4282,5729,80.48670194758166,935.8528402204931,621.4147464717151,849.2,304.2
4282,5730,80.48670194758166,935.8528402204931,621.4147464717151,849.2,304.2
4282,5731,80.48670194758166,935.8528402204931,621.4147464717151,849.2,304.2
4282,5732,80.48670194758166,935.8528402204931,621.4147464717151,849.2,304.2
4282,5733,80.48670194758166,935.8528402204931,621.4147464717151,849.2,304.2
4282,5734,80.48670194758166,935.8528402204931,621.4147464717151,849.2,304.2
4282,5735,80.48670194758166,935.8528402204931,621.4147464717151,849.2,304.2
4282,5736,80.48670194758166,935.8528402204931,621.4147464717151,849.2,304.2
4282,5737,80.48670194758166,935.8528402204931,621.4147464717151,849.2,304.2
4282,5738,80.48670194758166,935.8528402204931,621.4147464717151,849.2,304.2
4282,5739,80.48670194758166,935.8528402204931,621.4147464717151,849.2,304.2
4282,5740,80.48670194758166,935.8528402204931,621.4147464717151,849.2,304.2
4282,5741,80.48670194758166,935.8528402204931,621.4147464717151,849.2,304.2
4282,5742,80.48670194758166,935.8528402204931,621.4147464717151,849.2,304.2
4282,5743,80.48670194758166,935.8528402204931,621.4147464717151,849.2,304.2
4282,5744,80.48670194758166,935.8528402204931,621.4147464717151,849.2,304.2
4282,5745,80.48670194758166,935.8528402204931,621.4147464717151,849.2,304.2
4282,5746,80.48670194758166,935.8528402204931,621.4147464717151,849.2,304.2
4282,5747,80.48670194758166,935.8528402204931,621.4147464717151,849.2,304.2
4282,5748,80.48670194758166,935.8528402204931,621.4147464717151,849.2,304.2
4282,5749,80.48670194758166,935.8528402204931,621.4147464717151,849.2,304.2
4282,5750,80.48670194758166,935.8528402204931,621.4147464717151,849.2,304.2
4282,5751,80.48670194758166,935.8528402204931,621.4147464717151,849.2,304.2
4282,5752,80.48670194758166,935.8528402204931,621.4147464717151,849.2,304.2
4282,5753,80.48670194758166,935.8528402204931,621.4147464717151,849.2,304.2
4282,5754,80.48670194758166,935.8528402204931,621.4147464717151,849.2,304.2
4282,5755,80.48670194758166,935.8528402204931,621.4147464717151,849.2,304.2
4282,5756,80.48670194758166,935.8528402204931,621.4147464717151,849.2,304.2
4282,5757,80.48670194758166,935.8528402204931,621.4147464717151,849.2,304.2
4282,5758,80.48670194758166,935.8528402204931,621.4147464717151,849.2,304.2
4282,5759,80.48670194758166,935.8528402204931,621.4147464717151,849.2,304.2
4282,5760,80.48670194758166,935.8528402204931,621.4147464717151,849.2,304.2
4282,5761,72.8349697661443,935.8528402204931,621.4147464717151,849.2,304.2
4282,5762,66.61116783246551,935.8528402204931,621.4147464717151,849.2,304.2
4282,5763,62.245110393573185,935.8528402204931,621.4147464717151,849.2,304.2
4282,5764,60.14275587753522,935.8528402204931,621.4147464717151,849.2,304.2
4282,5765,60.54039667787881,935.8528402204931,621.4147464717151,849.2,304.2
4282,5766,63.391004125337155,935.8528402204931,621.4147464717151,849.2,304.2
4282,5767,68.38852540342982,935.8528402204931,621.4147464717151,849.2,304.2
4282,5768,75.10560989983425,935.8528402204931,621.4147464717151,849.2,304.2
4282,5769,83.12644644594188,935.8528402204931,621.4147464717151,849.2,304.2
4282,5770,92.11107852895589,935.8528402204931,621.4147464717151,849.2,304.2
4283,5771,88.39971132541588,935.8528402204931,621.4147464717151,849.2,304.2
4284,5772,76.2115278582344,935.8528402204931,621.4147464717151,849.2,304.2
4285,5773,64.08725476480846,935.8528402204931,621.4147464717151,849.2,304.2
4286,5774,52.07155362408486,935.8528402204931,621.4147464717151,849.2,304.2
4287,5775,40.26174858467891,935.8528402204931,621.4147464717151,849.2,304.2
4288,5776,28.911266490752336,935.8528402204931,621.4147464717151,849.2,304.2
4289,5777,18.86810774391965,935.8528402204931,621.4147464717151,849.2,304.2
4290,5778,13.469999194746892,935.8528402204931,621.4147464717151,849.2,304.2
4291,5779,17.66826237948331,935.8528402204931,621.4147464717151,849.2,304.2
4292,5780,27.35297682972565,935.8528402204931,621.4147464717151,849.2,304.2
4293,5781,38.59396864949503,935.8528402204931,621.4147464717151,849.2,304.2
4294,5782,50.359653687474534,935.8528402204931,621.4147464717151,849.2,304.2
4295,5783,62.35371882782925,935.8528402204931,621.4147464717151,849.2,304.2
4296,5784,62.35371882782925,935.8528402204931,621.4147464717151,849.2,304.2
4297,5785,62.35371882782925,935.8528402204931,621.4147464717151,849.2,304.2
4298,5786,62.35371882782925,935.8528402204931,621.4147464717151,849.2,304.2
4299,5787,62.35371882782925,935.8528402204931,621.4147464717151,849.2,304.2
4300,5788,62.35371882782925,935.8528402204931,621.4147464717151,849.2,304.2
4301,5789,62.35371882782925,935.8528402204931,621.4147464717151,849.2,304.2
4302,5790,62.35371882782925,935.8528402204931,621.4147464717151,849.2,304.2
4303,5791,62.35371882782925,935.8528402204931,621.4147464717151,849.2,304.2
4304,5792,62.35371882782925,935.8528402204931,621.4147464717151,849.2,304.2
4305,5793,62.35371882782925,935.8528402204931,621.4147464717151,849.2,304.2
4306,5794,62.35371882782925,935.8528402204931,621.4147464717151,849.2,304.2
4307,5795,62.35371882782925,935.8528402204931,621.4147464717151,849.2,304.2
4308,5796,62.35371882782925,935.8528402204931,621.4147464717151,849.2,304.2
4309,5797,62.35371882782925,935.8528402204931,621.4147464717151,849.2,304.2
4310,5798,62.35371882782925,935.8528402204931,621.4147464717151,849.2,304.2
4311,5799,62.35371882782925,935.8528402204931,621.4147464717151,849.2,304.2
4312,5800,62.35371882782925,935.8528402204931,621.4147464717151,849.2,304.2
4313,5801,62.35371882782925,935.8528402204931,621.4147464717151,849.2,304.2
4314,5802,62.35371882782925,935.8528402204931,621.4147464717151,849.2,304.2
4315,5803,62.35371882782925,935.8528402204931,621.4147464717151,849.2,304.2
4316,5804,62.35371882782925,935.8528402204931,621.4147464717151,849.2,304.2
4316,5805,62.35371882782925,935.8528402204931,621.4147464717151,849.2,304.2
4316,5806,62.35371882782925,935.8528402204931,621.4147464717151,849.2,304.2
4316,5807,62.35371882782925,935.8528402204931,621.4147464717151,849.2,304.2
4316,5808,62.35371882782925,935.8528402204931,621.4147464717151,849.2,304.2
4316,5809,62.35371882782925,935.8528402204931,621.4147464717151,849.2,304.2
4316,5810,62.35371882782925,935.8528402204931,621.4147464717151,849.2,304.2
4316,5811,62.35371882782925,935.8528402204931,621.4147464717151,849.2,304.2
4316,5812,62.35371882782925,935.8528402204931,621.4147464717151,849.2,304.2
4316,5813,62.35371882782925,935.8528402204931,621.4147464717151,849.2,304.2
4316,5814,62.35371882782925,935.8528402204931,621.4147464717151,849.2,304.2
4316,5815,62.35371882782925,935.8528402204931,621.4147464717151,849.2,304.2
4316,5816,62.35371882782925,935.8528402204931,621.4147464717151,849.2,304.2
4316,5817,62.35371882782925,935.8528402204931,621.4147464717151,849.2,304.2
4316,5818,62.35371882782925,935.8528402204931,621.4147464717151,849.2,304.2
4316,5819,62.35371882782925,935.8528402204931,621.4147464717151,849.2,304.2
4316,5820,62.35371882782925,935.8528402204931,621.4147464717151,849.2,304.2
4316,5821,62.35371882782925,935.8528402204931,621.4147464717151,849.2,304.2
4316,5822,62.35371882782925,935.8528402204931,621.4147464717151,849.2,304.2
4316,5823,62.35371882782925,935.8528402204931,621.4147464717151,849.2,304.2
4316,5824,62.35371882782925,935.8528402204931,621.4147464717151,849.2,304.2
4316,5825,62.35371882782925,935.8528402204931,621.4147464717151,849.2,304.2
4316,5826,62.35371882782925,935.8528402204931,621.4147464717151,849.2,304.2
4316,5827,62.35371882782925,935.8528402204931,621.4147464717151,849.2,304.2
4316,5828,62.35371882782925,935.8528402204931,621.4147464717151,849.2,304.2
4316,5829,62.35371882782925,935.8528402204931,621.4147464717151,849.2,304.2
4316,5830,62.35371882782925,935.8528402204931,621.4147464717151,849.2,304.2
4316,5831,62.35371882782925,935.8528402204931,621.4147464717151,849.2,304.2
4316,5832,62.35371882782925,935.8528402204931,621.4147464717151,849.2,304.2
4316,5833,62.35371882782925,935.8528402204931,621.4147464717151,849.2,304.2
4316,5834,62.35371882782925,935.8528402204931,621.4147464717151,849.2,304.2
4316,5835,62.35371882782925,935.8528402204931,621.4147464717151,849.2,304.2
4316,5836,62.35371882782925,935.8528402204931,621.4147464717151,849.2,304.2
4316,5837,62.35371882782925,935.8528402204931,621.4147464717151,849.2,304.2
4316,5838,62.35371882782925,935.8528402204931,621.4147464717151,849.2,304.2
4316,5839,62.35371882782925,935.8528402204931,621.4147464717151,849.2,304.2
4316,5840,62.35371882782925,935.8528402204931,621.4147464717151,849.2,304.2
4316,5841,62.35371882782925,935.8528402204931,621.4147464717151,849.2,304.2
4316,5842,62.35371882782925,935.8528402204931,621.4147464717151,849.2,304.2
4316,5843,62.35371882782925,935.8528402204931,621.4147464717151,849.2,304.2
4316,5844,62.35371882782925,935.8528402204931,621.4147464717151,849.2,304.2
4316,5845,62.35371882782925,935.8528402204931,621.4147464717151,849.2,304.2
4316,5846,62.35371882782925,935.8528402204931,621.4147464717151,849.2,304.2
4316,5847,62.35371882782925,935.8528402204931,621.4147464717151,849.2,304.2
4316,5848,62.35371882782925,935.8528402204931,621.4147464717151,849.2,304.2
4316,5849,62.35371882782925,935.8528402204931,621.4147464717151,849.2,304.2
4316,5850,62.35371882782925,935.8528402204931,621.4147464717151,849.2,304.2
4316,5851,62.35371882782925,935.8528402204931,621.4147464717151,849.2,304.2
4316,5852,62.35371882782925,935.8528402204931,621.4147464717151,849.2,304.2
4316,5853,62.35371882782925,935.8528402204931,621.4147464717151,849.2,304.2
4316,5854,62.35371882782925,935.8528402204931,621.4147464717151,849.2,304.2
4316,5855,62.35371882782925,935.8528402204931,621.4147464717151,849.2,304.2
4316,5856,62.35371882782925,935.8528402204931,621.4147464717151,849.2,304.2
4316,5857,62.35371882782925,935.8528402204931,621.4147464717151,839.6153846153846,303.6307692307692
4316,5858,62.35371882782925,935.8528402204931,621.4147464717151,830.0307692307692,303.0615384615385
4316,5859,62.35371882782925,935.8528402204931,621.4147464717151,820.4461538461538,302.4923076923077
4316,5860,62.35371882782925,935.8528402204931,621.4147464717151,810.8615384615385,301.9230769230769
4316,5861,62.35371882782925,935.8528402204931,621.4147464717151,801.2769230769231,301.3538461538462
4316,5862,62.35371882782925,935.8528402204931,621.4147464717151,791.6923076923077,300.7846153846154
4316,5863,62.35371882782925,935.8528402204931,621.4147464717151,782.1076923076923,300.2153846153846
4316,5864,62.35371882782925,935.8528402204931,621.4147464717151,772.5230769230769,299.6461538461538
4316,5865,62.35371882782925,935.8528402204931,621.4147464717151,762.9384615384615,299.0769230769231
4316,5866,62.35371882782925,935.8528402204931,621.4147464717151,753.3538461538462,298.5076923076923
4316,5867,62.35371882782925,935.8528402204931,621.4147464717151,743.7692307692308,297.9384615384615
4316,5868,62.35371882782925,935.8528402204931,621.4147464717151,734.1846153846154,297.3692307692308
4316,5869,62.35371882782925,935.8528402204931,621.4147464717151,724.6,296.8
4316,5870,62.35371882782925,935.8528402204931,621.4147464717151,724.6,296.8
4316,5871,62.35371882782925,935.8528402204931,621.4147464717151,724.6,296.8
4316,5872,62.35371882782925,935.8528402204931,621.4147464717151,724.6,296.8
4316,5873,62.35371882782925,935.8528402204931,621.4147464717151,724.6,296.8
4316,5874,62.35371882782925,935.8528402204931,621.4147464717151,724.6,296.8
4316,5875,62.35371882782925,935.8528402204931,621.4147464717151,724.6,296.8
4316,5876,62.35371882782925,935.8528402204931,621.4147464717151,724.6,296.8
4316,5877,62.35371882782925,935.8528402204931,621.4147464717151,724.6,296.8
4316,5878,62.35371882782925,935.8528402204931,621.4147464717151,724.6,296.8
4316,5879,62.35371882782925,935.8528402204931,621.4147464717151,724.6,296.8
4316,5880,62.35371882782925,935.8528402204931,621.4147464717151,724.6,296.8
4316,5881,62.35371882782925,935.8528402204931,621.4147464717151,724.6,296.8
4316,5882,62.35371882782925,935.8528402204931,621.4147464717151,724.6,296.8
4316,5883,62.35371882782925,935.8528402204931,621.4147464717151,724.6,296.8
4316,5884,62.35371882782925,826.8528402204931,465.41474647171515,724.6,296.8
4316,5885,62.35371882782925,826.8528402204931,465.41474647171515,724.6,296.8
4316,5886,62.35371882782925,826.8528402204931,465.41474647171515,724.6,296.8
4316,5887,62.35371882782925,826.8528402204931,465.41474647171515,724.6,296.8
4316,5888,62.35371882782925,826.8528402204931,465.41474647171515,724.6,296.8
4316,5889,62.35371882782925,826.8528402204931,465.41474647171515,724.6,296.8
4316,5890,62.35371882782925,826.8528402204931,465.41474647171515,724.6,296.8
4316,5891,62.35371882782925,826.8528402204931,465.41474647171515,724.6,296.8
4316,5892,62.35371882782925,826.8528402204931,465.41474647171515,724.6,296.8
4316,5893,62.35371882782925,826.8528402204931,465.41474647171515,724.6,296.8
4316,5894,62.35371882782925,826.8528402204931,465.41474647171515,724.6,296.8
4316,5895,62.35371882782925,826.8528402204931,465.41474647171515,724.6,296.8
4316,5896,62.35371882782925,826.8528402204931,465.41474647171515,724.6,296.8
4316,5897,62.35371882782925,826.8528402204931,465.41474647171515,724.6,296.8
4316,5898,62.35371882782925,826.8528402204931,465.41474647171515,724.6,296.8
4316,5899,62.35371882782925,826.8528402204931,465.41474647171515,724.6,296.8
4316,5900,62.35371882782925,826.8528402204931,465.41474647171515,724.6,296.8
4316,5901,62.35371882782925,826.8528402204931,465.41474647171515,724.6,296.8
4316,5902,62.35371882782925,826.8528402204931,465.41474647171515,724.6,296.8
4316,5903,62.35371882782925,826.8528402204931,465.41474647171515,724.6,296.8
4316,5904,62.35371882782925,826.8528402204931,465.41474647171515,724.6,296.8
4316,5905,62.35371882782925,826.8528402204931,465.41474647171515,724.6,296.8
4316,5906,62.35371882782925,826.8528402204931,465.41474647171515,724.6,296.8
4316,5907,62.35371882782925,826.8528402204931,465.41474647171515,724.6,296.8
4316,5908,62.35371882782925,826.8528402204931,465.41474647171515,724.6,296.8
4316,5909,62.35371882782925,826.8528402204931,465.41474647171515,724.6,296.8
4316,5910,62.35371882782925,826.8528402204931,465.41474647171515,724.6,296.8
4316,5911,62.35371882782925,826.8528402204931,465.41474647171515,724.6,296.8
4316,5912,62.35371882782925,826.8528402204931,465.41474647171515,724.6,296.8
4316,5913,62.35371882782925,826.8528402204931,465.41474647171515,724.6,296.8
4316,5914,62.35371882782925,826.8528402204931,465.41474647171515,724.6,296.8
4316,5915,62.35371882782925,826.8528402204931,465.41474647171515,724.6,296.8
4316,5916,62.35371882782925,826.8528402204931,465.41474647171515,724.6,296.8
4316,5917,62.35371882782925,717.8528402204931,308.41474647171515,724.6,296.8
4316,5918,62.35371882782925,717.8528402204931,308.41474647171515,724.6,296.8
4316,5919,62.35371882782925,717.8528402204931,308.41474647171515,724.6,296.8
4316,5920,62.35371882782925,717.8528402204931,308.41474647171515,724.6,296.8
4316,5921,56.033763712577574,717.8528402204931,308.41474647171515,724.6,296.8
4316,5922,50.696874656471394,717.8528402204931,308.41474647171515,724.6,296.8
4316,5923,46.681447321938954,717.8528402204931,308.41474647171515,724.6,296.8
4316,5924,44.347896773217464,717.8528402204931,308.41474647171515,724.6,296.8
4316,5925,43.96485383058773,717.8528402204931,308.41474647171515,724.6,296.8
4316,5926,45.58151814586628,717.8528402204931,308.41474647171515,724.6,296.8
4316,5927,49.000359392752706,717.8528402204931,308.41474647171515,724.6,296.8
4316,5928,53.879399075675664,717.8528402204931,308.41474647171515,724.6,296.8
4316,5929,59.86266005527082,717.8528402204931,308.41474647171515,724.6,296.8
4316,5930,66.65343571812265,717.8528402204931,308.41474647171515,724.6,296.8
4316,5931,66.65343571812265,717.8528402204931,308.41474647171515,724.6,296.8
4316,5932,66.65343571812265,717.8528402204931,308.41474647171515,724.6,296.8
4316,5933,66.65343571812265,717.8528402204931,308.41474647171515,724.6,296.8
4316,5934,66.65343571812265,717.8528402204931,308.41474647171515,724.6,296.8
4316,5935,66.65343571812265,717.8528402204931,308.41474647171515,724.6,296.8
4316,5936,66.65343571812265,717.8528402204931,308.41474647171515,724.6,296.8
4316,5937,66.65343571812265,717.8528402204931,308.41474647171515,724.6,296.8
4316,5938,66.65343571812265,717.8528402204931,308.41474647171515,724.6,296.8
4316,5939,66.65343571812265,717.8528402204931,308.41474647171515,724.6,296.8
4316,5940,66.65343571812265,717.8528402204931,308.41474647171515,724.6,296.8
4316,5941,66.65343571812265,717.8528402204931,308.41474647171515,724.6,296.8
4316,5942,66.65343571812265,717.8528402204931,308.41474647171515,724.6,296.8
4316,5943,66.65343571812265,717.8528402204931,308.41474647171515,724.6,296.8
4316,5944,66.65343571812265,717.8528402204931,308.41474647171515,724.6,296.8
4316,5945,66.65343571812265,717.8528402204931,308.41474647171515,724.6,296.8
4316,5946,66.65343571812265,717.8528402204931,308.41474647171515,724.6,296.8
4316,5947,66.65343571812265,717.8528402204931,308.41474647171515,724.6,296.8
4316,5948,66.65343571812265,717.8528402204931,308.41474647171515,724.6,296.8
4316,5949,66.65343571812265,717.8528402204931,308.41474647171515,724.6,296.8
4316,5950,66.65343571812265,717.8528402204931,308.41474647171515,724.6,296.8
4316,5951,66.65343571812265,717.8528402204931,308.41474647171515,724.6,296.8
4316,5952,66.65343571812265,717.8528402204931,308.41474647171515,724.6,296.8
4316,5953,66.65343571812265,717.8528402204931,308.41474647171515,724.6,296.8
4316,5954,66.65343571812265,717.8528402204931,308.41474647171515,724.6,296.8
4316,5955,66.65343571812265,717.8528402204931,308.41474647171515,724.6,296.8
4316,5956,66.65343571812265,717.8528402204931,308.41474647171515,724.6,296.8
4316,5957,66.65343571812265,717.8528402204931,308.41474647171515,724.6,296.8
4316,5958,66.65343571812265,717.8528402204931,308.41474647171515,724.6,296.8
4316,5959,66.65343571812265,717.8528402204931,308.41474647171515,724.6,296.8
4316,5960,66.65343571812265,717.8528402204931,308.41474647171515,724.6,296.8
4316,5961,66.65343571812265,717.8528402204931,308.41474647171515,724.6,296.8
4316,5962,66.65343571812265,717.8528402204931,308.41474647171515,724.6,296.8
4316,5963,66.65343571812265,717.8528402204931,308.41474647171515,724.6,296.8
4316,5964,66.65343571812265,717.8528402204931,308.41474647171515,718.63,293.40000000000003
4316,5965,66.65343571812265,717.8528402204931,308.41474647171515,712.66,290.0
4316,5966,66.65343571812265,717.8528402204931,308.41474647171515,706.69,286.6
4316,5967,66.65343571812265,717.8528402204931,308.41474647171515,700.72,283.2
4316,5968,66.65343571812265,717.8528402204931,308.41474647171515,694.75,279.8
4316,5969,66.65343571812265,717.8528402204931,308.41474647171515,688.78,276.40000000000003
4316,5970,66.65343571812265,717.8528402204931,308.41474647171515,682.81,273.0
4316,5971,66.65343571812265,717.8528402204931,308.41474647171515,676.84,269.6
4316,5972,66.65343571812265,717.8528402204931,308.41474647171515,670.87,266.2
4316,5973,66.65343571812265,717.8528402204931,308.41474647171515,664.9,262.8
4316,5974,66.65343571812265,717.8528402204931,308.41474647171515,664.9,262.8
4316,5975,66.65343571812265,717.8528402204931,308.41474647171515,664.9,262.8
4316,5976,66.65343571812265,717.8528402204931,308.41474647171515,664.9,262.8
4316,5977,66.65343571812265,717.8528402204931,308.41474647171515,664.9,262.8
4316,5978,66.65343571812265,717.8528402204931,308.41474647171515,664.9,262.8
4316,5979,66.65343571812265,717.8528402204931,308.41474647171515,664.9,262.8
4316,5980,66.65343571812265,717.8528402204931,308.41474647171515,664.9,262.8
4316,5981,66.65343571812265,717.8528402204931,308.41474647171515,664.9,262.8
4316,5982,66.65343571812265,717.8528402204931,308.41474647171515,664.9,262.8
4316,5983,66.65343571812265,717.8528402204931,308.41474647171515,664.9,262.8
4316,5984,66.65343571812265,606.8528402204931,275.41474647171515,664.9,262.8
4316,5985,66.65343571812265,606.8528402204931,275.41474647171515,664.9,262.8
4316,5986,66.65343571812265,606.8528402204931,275.41474647171515,664.9,262.8
4316,5987,66.65343571812265,606.8528402204931,275.41474647171515,664.9,262.8
4316,5988,66.65343571812265,606.8528402204931,275.41474647171515,664.9,262.8
4316,5989,66.65343571812265,606.8528402204931,275.41474647171515,664.9,262.8
4316,5990,66.65343571812265,606.8528402204931,275.41474647171515,664.9,262.8
4316,5991,66.65343571812265,606.8528402204931,275.41474647171515,664.9,262.8
4316,5992,66.65343571812265,606.8528402204931,275.41474647171515,664.9,262.8
4316,5993,66.65343571812265,606.8528402204931,275.41474647171515,664.9,262.8
4316,5994,66.65343571812265,606.8528402204931,275.41474647171515,664.9,262.8
4316,5995,66.65343571812265,606.8528402204931,275.41474647171515,664.9,262.8
4316,5996,66.65343571812265,606.8528402204931,275.41474647171515,664.9,262.8
4316,5997,66.65343571812265,606.8528402204931,275.41474647171515,664.9,262.8
4316,5998,66.65343571812265,606.8528402204931,275.41474647171515,664.9,262.8
4316,5999,66.65343571812265,606.8528402204931,275.41474647171515,664.9,262.8
4316,6000,66.65343571812265,606.8528402204931,275.41474647171515,664.9,262.8
4316,6001,66.65343571812265,606.8528402204931,275.41474647171515,664.9,262.8
4316,6002,66.65343571812265,606.8528402204931,275.41474647171515,664.9,262.8
4316,6003,66.65343571812265,606.8528402204931,275.41474647171515,664.9,262.8
4316,6004,66.65343571812265,606.8528402204931,275.41474647171515,664.9,262.8
4316,6005,66.65343571812265,606.8528402204931,275.41474647171515,664.9,262.8
4316,6006,66.65343571812265,606.8528402204931,275.41474647171515,664.9,262.8
4316,6007,66.65343571812265,606.8528402204931,275.41474647171515,664.9,262.8
4316,6008,66.65343571812265,606.8528402204931,275.41474647171515,664.9,262.8
4316,6009,66.65343571812265,606.8528402204931,275.41474647171515,664.9,262.8
4316,6010,66.65343571812265,606.8528402204931,275.41474647171515,664.9,262.8
4316,6011,66.65343571812265,606.8528402204931,275.41474647171515,664.9,262.8
4316,6012,66.65343571812265,606.8528402204931,275.41474647171515,664.9,262.8
4316,6013,66.65343571812265,606.8528402204931,275.41474647171515,664.9,262.8
4316,6014,66.65343571812265,606.8528402204931,275.41474647171515,664.9,262.8
4316,6015,66.65343571812265,606.8528402204931,275.41474647171515,664.9,262.8
4316,6016,66.65343571812265,606.8528402204931,275.41474647171515,664.9,262.8
4316,6017,66.65343571812265,606.8528402204931,275.41474647171515,664.9,262.8
4316,6018,66.65343571812265,606.8528402204931,275.41474647171515,664.9,262.8
4316,6019,66.65343571812265,606.8528402204931,275.41474647171515,664.9,262.8
4316,6020,66.65343571812265,606.8528402204931,275.41474647171515,664.9,262.8
4316,6021,66.65343571812265,606.8528402204931,275.41474647171515,664.9,262.8
4316,6022,66.65343571812265,606.8528402204931,275.41474647171515,664.9,262.8
4316,6023,66.65343571812265,606.8528402204931,275.41474647171515,664.9,262.8
4316,6024,66.65343571812265,606.8528402204931,275.41474647171515,664.9,262.8
4316,6025,66.65343571812265,606.8528402204931,275.41474647171515,664.9,262.8
4316,6026,66.65343571812265,606.8528402204931,275.41474647171515,664.9,262.8
4316,6027,66.65343571812265,606.8528402204931,275.41474647171515,664.9,262.8
4316,6028,66.65343571812265,606.8528402204931,275.41474647171515,664.9,262.8
4316,6029,66.65343571812265,606.8528402204931,275.41474647171515,664.9,262.8
4316,6030,66.65343571812265,606.8528402204931,275.41474647171515,664.9,262.8
4316,6031,66.65343571812265,606.8528402204931,275.41474647171515,664.9,262.8
4316,6032,66.65343571812265,606.8528402204931,275.41474647171515,664.9,262.8
4316,6033,66.65343571812265,606.8528402204931,275.41474647171515,664.9,262.8
4316,6034,66.65343571812265,606.8528402204931,275.41474647171515,664.9,262.8
4316,6035,66.65343571812265,606.8528402204931,275.41474647171515,664.9,262.8
4316,6036,66.65343571812265,606.8528402204931,275.41474647171515,664.9,262.8
4316,6037,66.65343571812265,606.8528402204931,275.41474647171515,664.9,262.8
4316,6038,66.65343571812265,606.8528402204931,275.41474647171515,664.9,262.8
4316,6039,66.65343571812265,606.8528402204931,275.41474647171515,664.9,262.8
4316,6040,66.65343571812265,606.8528402204931,275.41474647171515,664.9,262.8
4316,6041,66.65343571812265,606.8528402204931,275.41474647171515,664.9,262.8
4316,6042,66.65343571812265,606.8528402204931,275.41474647171515,664.9,262.8
4316,6043,66.65343571812265,606.8528402204931,275.41474647171515,664.9,262.8
4316,6044,66.65343571812265,606.8528402204931,275.41474647171515,664.9,262.8
4316,6045,66.65343571812265,606.8528402204931,275.41474647171515,664.9,262.8
4316,6046,66.65343571812265,606.8528402204931,275.41474647171515,664.9,262.8
4316,6047,66.65343571812265,606.8528402204931,275.41474647171515,664.9,262.8
4316,6048,66.65343571812265,606.8528402204931,275.41474647171515,664.9,262.8
4316,6049,65.10565270422246,606.8528402204931,275.41474647171515,664.9,262.8
4316,6050,65.60215436633727,606.8528402204931,275.41474647171515,664.9,262.8
4316,6051,68.09824097152315,606.8528402204931,275.41474647171515,664.9,262.8
4316,6052,72.38735602144547,606.8528402204931,275.41474647171515,664.9,262.8
4316,6053,78.17492771077144,606.8528402204931,275.41474647171515,664.9,262.8
4316,6054,85.15597721735199,606.8528402204931,275.41474647171515,664.9,262.8
4317,6055,91.55135762866152,606.8528402204931,275.41474647171515,664.9,262.8
4318,6056,83.75801985707575,606.8528402204931,275.41474647171515,664.9,262.8
4319,6057,76.92848509852833,606.8528402204931,275.41474647171515,664.9,262.8
4319,6058,71.34009301353385,606.8528402204931,275.41474647171515,664.9,262.8
4319,6059,67.30272687829083,606.8528402204931,275.41474647171515,664.9,262.8
4320,6060,65.10557842287363,606.8528402204931,275.41474647171515,664.9,262.8
4321,6061,64.93571252207107,606.8528402204931,275.41474647171515,664.9,262.8
4322,6062,66.80859452323593,606.8528402204931,275.41474647171515,664.9,262.8
4323,6063,66.80859452323593,606.8528402204931,275.41474647171515,664.9,262.8
4324,6064,66.80859452323593,606.8528402204931,275.41474647171515,664.9,262.8
4325,6065,66.80859452323593,606.8528402204931,275.41474647171515,664.9,262.8
4326,6066,66.80859452323593,606.8528402204931,275.41474647171515,664.9,262.8
4327,6067,66.80859452323593,606.8528402204931,275.41474647171515,664.9,262.8
4328,6068,66.80859452323593,606.8528402204931,275.41474647171515,664.9,262.8
4329,6069,66.80859452323593,606.8528402204931,275.41474647171515,664.9,262.8
4330,6070,66.80859452323593,606.8528402204931,275.41474647171515,664.9,262.8
4331,6071,66.80859452323593,606.8528402204931,275.41474647171515,664.9,262.8
4332,6072,66.80859452323593,606.8528402204931,275.41474647171515,664.9,262.8
4333,6073,66.80859452323593,606.8528402204931,275.41474647171515,664.9,262.8
4334,6074,66.80859452323593,606.8528402204931,275.41474647171515,664.9,262.8
4335,6075,66.80859452323593,606.8528402204931,275.41474647171515,664.9,262.8
4336,6076,66.80859452323593,606.8528402204931,275.41474647171515,664.9,262.8
4337,6077,66.80859452323593,606.8528402204931,275.41474647171515,664.9,262.8
4338,6078,66.80859452323593,606.8528402204931,275.41474647171515,664.9,262.8
4339,6079,66.80859452323593,606.8528402204931,275.41474647171515,664.9,262.8
4340,6080,66.80859452323593,606.8528402204931,275.41474647171515,664.9,262.8
4341,6081,66.80859452323593,606.8528402204931,275.41474647171515,664.9,262.8
4342,6082,66.80859452323593,606.8528402204931,275.41474647171515,664.9,262.8
4343,6083,66.80859452323593,606.8528402204931,275.41474647171515,664.9,262.8
4344,6084,66.80859452323593,800.8528402204931,457.41474647171515,664.9,262.8
4345,6085,66.80859452323593,800.8528402204931,457.41474647171515,664.9,262.8
4346,6086,66.80859452323593,800.8528402204931,457.41474647171515,664.9,262.8
4347,6087,66.80859452323593,800.8528402204931,457.41474647171515,664.9,262.8
4348,6088,66.80859452323593,800.8528402204931,457.41474647171515,664.9,262.8
4349,6089,66.80859452323593,800.8528402204931,457.41474647171515,664.9,262.8
4350,6090,66.80859452323593,800.8528402204931,457.41474647171515,664.9,262.8
4351,6091,66.80859452323593,800.8528402204931,457.41474647171515,664.9,262.8
4352,6092,66.80859452323593,800.8528402204931,457.41474647171515,664.9,262.8
4353,6093,66.80859452323593,800.8528402204931,457.41474647171515,664.9,262.8
4354,6094,66.80859452323593,800.8528402204931,457.41474647171515,664.9,262.8
4355,6095,66.80859452323593,800.8528402204931,457.41474647171515,664.9,262.8
4356,6096,66.80859452323593,800.8528402204931,457.41474647171515,664.9,262.8
4357,6097,66.80859452323593,800.8528402204931,457.41474647171515,664.9,262.8
4358,6098,66.80859452323593,800.8528402204931,457.41474647171515,664.9,262.8
4359,6099,66.80859452323593,800.8528402204931,457.41474647171515,664.9,262.8
4360,6100,66.80859452323593,800.8528402204931,457.41474647171515,664.9,262.8
4361,6101,66.80859452323593,800.8528402204931,457.41474647171515,664.9,262.8
4362,6102,66.80859452323593,800.8528402204931,457.41474647171515,664.9,262.8
4363,6103,66.80859452323593,800.8528402204931,457.41474647171515,664.9,262.8
4364,6104,66.80859452323593,800.8528402204931,457.41474647171515,664.9,262.8
4365,6105,66.80859452323593,800.8528402204931,457.41474647171515,664.9,262.8
4366,6106,66.80859452323593,800.8528402204931,457.41474647171515,664.9,262.8
4367,6107,66.80859452323593,800.8528402204931,457.41474647171515,664.9,262.8
4368,6108,66.80859452323593,800.8528402204931,457.41474647171515,664.9,262.8
4369,6109,66.80859452323593,800.8528402204931,457.41474647171515,664.9,262.8
4370,6110,66.80859452323593,800.8528402204931,457.41474647171515,664.9,262.8
4371,6111,66.80859452323593,800.8528402204931,457.41474647171515,664.9,262.8
4372,6112,66.80859452323593,800.8528402204931,457.41474647171515,664.9,262.8
4373,6113,66.80859452323593,800.8528402204931,457.41474647171515,664.9,262.8
4374,6114,66.80859452323593,800.8528402204931,457.41474647171515,664.9,262.8
4375,6115,66.80859452323593,800.8528402204931,457.41474647171515,664.9,262.8
4376,6116,66.80859452323593,800.8528402204931,457.41474647171515,677.5375,272.52500000000003
4377,6117,66.80859452323593,993.8528402204931,639.4147464717151,690.175,282.25
4378,6118,66.80859452323593,993.8528402204931,639.4147464717151,702.8125,291.975
4379,6119,66.80859452323593,993.8528402204931,639.4147464717151,715.45,301.7
4380,6120,66.80859452323593,993.8528402204931,639.4147464717151,728.0875,311.425
4381,6121,66.80859452323593,993.8528402204931,639.4147464717151,740.725,321.15
4382,6122,66.80859452323593,993.8528402204931,639.4147464717151,753.3625,330.875
4383,6123,66.80859452323593,993.8528402204931,639.4147464717151,766.0,340.6
4384,6124,66.80859452323593,993.8528402204931,639.4147464717151,778.6375,350.325
4385,6125,66.80859452323593,993.8528402204931,639.4147464717151,791.275,360.05
4386,6126,66.80859452323593,993.8528402204931,639.4147464717151,803.9125,369.775
4387,6127,66.80859452323593,993.8528402204931,639.4147464717151,816.55,379.5
4388,6128,66.80859452323593,993.8528402204931,639.4147464717151,829.1875,389.225
4389,6129,66.80859452323593,993.8528402204931,639.4147464717151,841.825,398.95000000000005
4390,6130,66.80859452323593,993.8528402204931,639.4147464717151,854.4625000000001,408.675
4391,6131,66.80859452323593,993.8528402204931,639.4147464717151,867.1,418.4
4392,6132,66.80859452323593,993.8528402204931,639.4147464717151,879.7375,428.125
4393,6133,66.80859452323593,993.8528402204931,639.4147464717151,892.375,437.85
4394,6134,66.80859452323593,993.8528402204931,639.4147464717151,905.0125,447.57500000000005
4395,6135,66.80859452323593,993.8528402204931,639.4147464717151,917.6500000000001,457.3
4396,6136,66.80859452323593,993.8528402204931,639.4147464717151,930.2875,467.025
4397,6137,66.80859452323593,993.8528402204931,639.4147464717151,942.9250000000001,476.75
4398,6138,66.80859452323593,993.8528402204931,639.4147464717151,955.5625,486.475
4399,6139,66.80859452323593,993.8528402204931,639.4147464717151,968.2,496.2
4400,6140,66.80859452323593,993.8528402204931,639.4147464717151,968.2,496.2
4401,6141,66.80859452323593,993.8528402204931,639.4147464717151,968.2,496.2
4402,6142,66.80859452323593,993.8528402204931,639.4147464717151,968.2,496.2
4403,6143,66.80859452323593,993.8528402204931,639.4147464717151,968.2,496.2
4404,6144,66.80859452323593,993.8528402204931,639.4147464717151,968.2,496.2
4405,6145,66.80859452323593,993.8528402204931,639.4147464717151,968.2,496.2
4406,6146,66.80859452323593,993.8528402204931,639.4147464717151,968.2,496.2
4407,6147,66.80859452323593,993.8528402204931,639.4147464717151,968.2,496.2
4408,6148,66.80859452323593,993.8528402204931,639.4147464717151,968.2,496.2
4409,6149,66.80859452323593,993.8528402204931,639.4147464717151,968.2,496.2
4410,6150,66.80859452323593,993.8528402204931,639.4147464717151,968.2,496.2
4411,6151,66.80859452323593,993.8528402204931,639.4147464717151,968.2,496.2
4412,6152,66.80859452323593,993.8528402204931,639.4147464717151,968.2,496.2
4413,6153,66.80859452323593,993.8528402204931,639.4147464717151,968.2,496.2
4414,6154,66.80859452323593,993.8528402204931,639.4147464717151,968.2,496.2
4415,6155,66.80859452323593,993.8528402204931,639.4147464717151,968.2,496.2
4416,6156,66.80859452323593,993.8528402204931,639.4147464717151,968.2,496.2
4417,6157,66.80859452323593,993.8528402204931,639.4147464717151,968.2,496.2
4418,6158,66.80859452323593,993.8528402204931,639.4147464717151,968.2,496.2
4419,6159,66.80859452323593,993.8528402204931,639.4147464717151,968.2,496.2
4420,6160,66.80859452323593,993.8528402204931,639.4147464717151,968.2,496.2
4421,6161,66.80859452323593,993.8528402204931,639.4147464717151,968.2,496.2
4422,6162,66.80859452323593,993.8528402204931,639.4147464717151,968.2,496.2
4423,6163,66.80859452323593,993.8528402204931,639.4147464717151,968.2,496.2
4424,6164,66.80859452323593,993.8528402204931,639.4147464717151,968.2,496.2
4425,6165,66.80859452323593,993.8528402204931,639.4147464717151,968.2,496.2
4426,6166,66.80859452323593,993.8528402204931,639.4147464717151,968.2,496.2
4427,6167,66.80859452323593,993.8528402204931,639.4147464717151,968.2,496.2
4428,6168,66.80859452323593,993.8528402204931,639.4147464717151,968.2,496.2
4429,6169,66.80859452323593,993.8528402204931,639.4147464717151,968.2,496.2
4430,6170,66.80859452323593,993.8528402204931,639.4147464717151,968.2,496.2
4431,6171,66.80859452323593,993.8528402204931,639.4147464717151,968.2,496.2
4432,6172,66.80859452323593,993.8528402204931,639.4147464717151,968.2,496.2
4433,6173,66.80859452323593,993.8528402204931,639.4147464717151,968.2,496.2
4434,6174,66.80859452323593,993.8528402204931,639.4147464717151,968.2,496.2
4435,6175,66.80859452323593,993.8528402204931,639.4147464717151,968.2,496.2
4436,6176,66.80859452323593,993.8528402204931,639.4147464717151,968.2,496.2
4437,6177,66.80859452323593,993.8528402204931,639.4147464717151,968.2,496.2
4438,6178,66.80859452323593,993.8528402204931,639.4147464717151,968.2,496.2
4439,6179,66.80859452323593,993.8528402204931,639.4147464717151,968.2,496.2
4440,6180,66.80859452323593,993.8528402204931,639.4147464717151,968.2,496.2
4441,6181,66.80859452323593,993.8528402204931,639.4147464717151,968.2,496.2
4442,6182,66.80859452323593,993.8528402204931,639.4147464717151,968.2,496.2
4443,6183,66.80859452323593,993.8528402204931,639.4147464717151,968.2,496.2
4444,6184,66.80859452323593,993.8528402204931,639.4147464717151,968.2,496.2
4445,6185,66.80859452323593,993.8528402204931,639.4147464717151,968.2,496.2
4446,6186,66.80859452323593,993.8528402204931,639.4147464717151,968.2,496.2
4447,6187,66.80859452323593,993.8528402204931,639.4147464717151,968.2,496.2
4448,6188,66.80859452323593,993.8528402204931,639.4147464717151,968.2,496.2
4449,6189,66.80859452323593,993.8528402204931,639.4147464717151,968.2,496.2
4450,6190,66.80859452323593,993.8528402204931,639.4147464717151,968.2,496.2
4451,6191,66.80859452323593,993.8528402204931,639.4147464717151,968.2,496.2
4452,6192,66.80859452323593,993.8528402204931,639.4147464717151,968.2,496.2
4453,6193,66.80859452323593,993.8528402204931,639.4147464717151,968.2,496.2
4454,6194,66.80859452323593,993.8528402204931,639.4147464717151,968.2,496.2
4455,6195,66.80859452323593,993.8528402204931,639.4147464717151,968.2,496.2
4456,6196,66.80859452323593,993.8528402204931,639.4147464717151,968.2,496.2
4457,6197,66.80859452323593,993.8528402204931,639.4147464717151,968.2,496.2
4458,6198,66.80859452323593,993.8528402204931,639.4147464717151,968.2,496.2
4459,6199,66.80859452323593,993.8528402204931,639.4147464717151,968.2,496.2
4460,6200,66.80859452323593,993.8528402204931,639.4147464717151,968.2,496.2
4461,6201,66.80859452323593,993.8528402204931,639.4147464717151,968.2,496.2
4462,6202,66.80859452323593,993.8528402204931,639.4147464717151,968.2,496.2
4463,6203,66.80859452323593,993.8528402204931,639.4147464717151,968.2,496.2
4464,6204,66.80859452323593,993.8528402204931,639.4147464717151,968.2,496.2
4465,6205,66.80859452323593,993.8528402204931,639.4147464717151,968.2,496.2
4466,6206,66.80859452323593,993.8528402204931,639.4147464717151,968.2,496.2
4467,6207,66.80859452323593,993.8528402204931,639.4147464717151,968.2,496.2
4468,6208,66.80859452323593,993.8528402204931,639.4147464717151,968.2,496.2
4469,6209,66.80859452323593,993.8528402204931,639.4147464717151,968.2,496.2
4470,6210,66.80859452323593,993.8528402204931,639.4147464717151,968.2,496.2
4471,6211,66.80859452323593,993.8528402204931,639.4147464717151,968.2,496.2
4472,6212,66.80859452323593,993.8528402204931,639.4147464717151,968.2,496.2
4473,6213,66.80859452323593,993.8528402204931,639.4147464717151,968.2,496.2
4474,6214,66.80859452323593,993.8528402204931,639.4147464717151,968.2,496.2
4475,6215,66.80859452323593,993.8528402204931,639.4147464717151,968.2,496.2
4476,6216,66.80859452323593,993.8528402204931,639.4147464717151,968.2,496.2
4477,6217,66.80859452323593,993.8528402204931,639.4147464717151,968.2,496.2
4478,6218,66.80859452323593,993.8528402204931,639.4147464717151,968.2,496.2
4479,6219,66.80859452323593,993.8528402204931,639.4147464717151,968.2,496.2
4480,6220,66.80859452323593,993.8528402204931,639.4147464717151,968.2,496.2
4481,6221,66.80859452323593,993.8528402204931,639.4147464717151,968.2,496.2
4482,6222,66.80859452323593,993.8528402204931,639.4147464717151,968.2,496.2
4483,6223,66.80859452323593,993.8528402204931,639.4147464717151,968.2,496.2
4484,6224,66.80859452323593,993.8528402204931,639.4147464717151,968.2,496.2
4485,6225,66.80859452323593,993.8528402204931,639.4147464717151,968.2,496.2
4486,6226,66.80859452323593,993.8528402204931,639.4147464717151,968.2,496.2
4487,6227,66.80859452323593,993.8528402204931,639.4147464717151,968.2,496.2
4488,6228,66.80859452323593,993.8528402204931,639.4147464717151,968.2,496.2
4489,6229,66.80859452323593,993.8528402204931,639.4147464717151,968.2,496.2
4490,6230,66.80859452323593,993.8528402204931,639.4147464717151,968.2,496.2
4491,6231,66.80859452323593,993.8528402204931,639.4147464717151,968.2,496.2
4492,6232,66.80859452323593,993.8528402204931,639.4147464717151,968.2,496.2
4493,6233,66.80859452323593,993.8528402204931,639.4147464717151,968.2,496.2
4494,6234,66.80859452323593,993.8528402204931,639.4147464717151,968.2,496.2
4495,6235,66.80859452323593,993.8528402204931,639.4147464717151,968.2,496.2
4496,6236,66.80859452323593,993.8528402204931,639.4147464717151,968.2,496.2
4497,6237,66.80859452323593,993.8528402204931,639.4147464717151,968.2,496.2
4498,6238,66.80859452323593,993.8528402204931,639.4147464717151,968.2,496.2
4499,6239,66.80859452323593,993.8528402204931,639.4147464717151,968.2,496.2
4500,6240,66.80859452323593,993.8528402204931,639.4147464717151,968.2,496.2
4501,6241,66.80859452323593,993.8528402204931,639.4147464717151,968.2,496.2
4502,6242,66.80859452323593,993.8528402204931,639.4147464717151,968.2,496.2
4503,6243,66.80859452323593,993.8528402204931,639.4147464717151,968.2,496.2
4504,6244,66.80859452323593,993.8528402204931,639.4147464717151,968.2,496.2
4505,6245,66.80859452323593,993.8528402204931,639.4147464717151,968.2,496.2
4506,6246,66.80859452323593,993.8528402204931,639.4147464717151,968.2,496.2
4507,6247,66.80859452323593,993.8528402204931,639.4147464717151,968.2,496.2
4508,6248,66.80859452323593,993.8528402204931,639.4147464717151,968.2,496.2
4509,6249,66.80859452323593,993.8528402204931,639.4147464717151,968.2,496.2
4510,6250,66.80859452323593,993.8528402204931,639.4147464717151,968.2,496.2
4511,6251,66.80859452323593,993.8528402204931,639.4147464717151,968.2,496.2
4512,6252,66.80859452323593,993.8528402204931,639.4147464717151,968.2,496.2
4513,6253,66.80859452323593,993.8528402204931,639.4147464717151,968.2,496.2
4514,6254,66.80859452323593,993.8528402204931,639.4147464717151,968.2,496.2
4515,6255,66.80859452323593,993.8528402204931,639.4147464717151,968.2,496.2
4516,6256,73.72984436104743,993.8528402204931,639.4147464717151,968.2,496.2
4516,6257,81.1983334084986,993.8528402204931,639.4147464717151,968.2,496.2
4516,6258,89.07652046757556,993.8528402204931,639.4147464717151,968.2,496.2
4516,6259,97.2649032302114,993.8528402204931,639.4147464717151,968.2,496.2
4516,6260,105.69140955457867,993.8528402204931,639.4147464717151,968.2,496.2
4516,6261,114.30338778165878,993.8528402204931,639.4147464717151,968.2,496.2
4516,6262,123.06190561897752,993.8528402204931,639.4147464717151,968.2,496.2
4516,6263,131.93778276999842,993.8528402204931,639.4147464717151,968.2,496.2
4516,6264,140.90884351747317,993.8528402204931,639.4147464717151,968.2,496.2
4516,6265,149.95800609530474,993.8528402204931,639.4147464717151,968.2,496.2
4516,6266,159.07194207089597,993.8528402204931,639.4147464717151,968.2,496.2
4516,6267,168.2401250231728,993.8528402204931,639.4147464717151,968.2,496.2
4516,6268,177.45414712792265,993.8528402204931,639.4147464717151,968.2,496.2
4516,6269,177.45414712792265,993.8528402204931,639.4147464717151,968.2,496.2
4516,6270,177.45414712792265,993.8528402204931,639.4147464717151,968.2,496.2
4516,6271,177.45414712792265,993.8528402204931,639.4147464717151,968.2,496.2
4516,6272,177.45414712792265,993.8528402204931,639.4147464717151,968.2,496.2
4516,6273,177.45414712792265,993.8528402204931,639.4147464717151,968.2,496.2
4516,6274,177.45414712792265,993.8528402204931,639.4147464717151,968.2,496.2
4516,6275,177.45414712792265,993.8528402204931,639.4147464717151,968.2,496.2
4516,6276,177.45414712792265,993.8528402204931,639.4147464717151,968.2,496.2
4516,6277,177.45414712792265,993.8528402204931,639.4147464717151,968.2,496.2
4516,6278,177.45414712792265,993.8528402204931,639.4147464717151,968.2,496.2
4516,6279,177.45414712792265,993.8528402204931,639.4147464717151,968.2,496.2
4516,6280,177.45414712792265,993.8528402204931,639.4147464717151,968.2,496.2
4516,6281,177.45414712792265,993.8528402204931,639.4147464717151,968.2,496.2
4516,6282,177.45414712792265,993.8528402204931,639.4147464717151,968.2,496.2
4516,6283,177.45414712792265,993.8528402204931,639.4147464717151,968.2,496.2
4516,6284,177.45414712792265,993.8528402204931,639.4147464717151,968.2,496.2
4516,6285,177.45414712792265,993.8528402204931,639.4147464717151,968.2,496.2
4516,6286,177.45414712792265,993.8528402204931,639.4147464717151,968.2,496.2
4516,6287,177.45414712792265,993.8528402204931,639.4147464717151,968.2,496.2
4516,6288,177.45414712792265,993.8528402204931,639.4147464717151,968.2,496.2
4516,6289,177.45414712792265,993.8528402204931,639.4147464717151,968.2,496.2
4516,6290,177.45414712792265,993.8528402204931,639.4147464717151,968.2,496.2
4516,6291,177.45414712792265,993.8528402204931,639.4147464717151,968.2,496.2
4516,6292,177.45414712792265,993.8528402204931,639.4147464717151,968.2,496.2
4516,6293,177.45414712792265,993.8528402204931,639.4147464717151,968.2,496.2
4516,6294,177.45414712792265,993.8528402204931,639.4147464717151,968.2,496.2
4516,6295,177.45414712792265,993.8528402204931,639.4147464717151,968.2,496.2
4516,6296,177.45414712792265,993.8528402204931,639.4147464717151,968.2,496.2
4516,6297,177.45414712792265,993.8528402204931,639.4147464717151,968.2,496.2
4516,6298,177.45414712792265,993.8528402204931,639.4147464717151,968.2,496.2
4516,6299,177.45414712792265,993.8528402204931,639.4147464717151,968.2,496.2
4516,6300,177.45414712792265,993.8528402204931,639.4147464717151,968.2,496.2
4516,6301,177.45414712792265,993.8528402204931,639.4147464717151,968.2,496.2
4516,6302,177.45414712792265,993.8528402204931,639.4147464717151,968.2,496.2
4516,6303,177.45414712792265,993.8528402204931,639.4147464717151,968.2,496.2
4516,6304,177.45414712792265,993.8528402204931,639.4147464717151,968.2,496.2
4516,6305,177.45414712792265,993.8528402204931,639.4147464717151,968.2,496.2
4516,6306,177.45414712792265,993.8528402204931,639.4147464717151,968.2,496.2
4516,6307,177.45414712792265,993.8528402204931,639.4147464717151,968.2,496.2
4516,6308,177.45414712792265,993.8528402204931,639.4147464717151,968.2,496.2
4516,6309,177.45414712792265,993.8528402204931,639.4147464717151,968.2,496.2
4516,6310,177.45414712792265,993.8528402204931,639.4147464717151,967.5,484.27
4516,6311,177.45414712792265,993.8528402204931,639.4147464717151,966.8000000000001,472.34
4516,6312,177.45414712792265,993.8528402204931,639.4147464717151,966.1,460.40999999999997
4516,6313,177.45414712792265,993.8528402204931,639.4147464717151,965.4000000000001,448.47999999999996
4516,6314,177.45414712792265,993.8528402204931,639.4147464717151,964.7,436.54999999999995
4516,6315,177.45414712792265,993.8528402204931,639.4147464717151,964.0,424.62
4516,6316,177.45414712792265,993.8528402204931,639.4147464717151,963.3000000000001,412.69
4516,6317,177.45414712792265,993.8528402204931,639.4147464717151,962.6,400.76
4516,6318,177.45414712792265,993.8528402204931,639.4147464717151,961.9000000000001,388.83
4516,6319,177.45414712792265,993.8528402204931,639.4147464717151,961.2,376.9
4516,6320,177.45414712792265,993.8528402204931,639.4147464717151,961.2,376.9
4516,6321,177.45414712792265,993.8528402204931,639.4147464717151,961.2,376.9
4516,6322,177.45414712792265,993.8528402204931,639.4147464717151,961.2,376.9
4516,6323,177.45414712792265,993.8528402204931,639.4147464717151,961.2,376.9
4516,6324,177.45414712792265,993.8528402204931,639.4147464717151,961.2,376.9
4516,6325,177.45414712792265,993.8528402204931,639.4147464717151,961.2,376.9
4516,6326,177.45414712792265,993.8528402204931,639.4147464717151,961.2,376.9
4516,6327,177.45414712792265,993.8528402204931,639.4147464717151,961.2,376.9
4516,6328,177.45414712792265,993.8528402204931,639.4147464717151,961.2,376.9
4516,6329,177.45414712792265,993.8528402204931,639.4147464717151,961.2,376.9
4516,6330,177.45414712792265,993.8528402204931,639.4147464717151,961.2,376.9
4516,6331,177.45414712792265,993.8528402204931,639.4147464717151,961.2,376.9
4516,6332,177.45414712792265,993.8528402204931,639.4147464717151,961.2,376.9
4516,6333,177.45414712792265,993.8528402204931,639.4147464717151,961.2,376.9
4516,6334,177.45414712792265,993.8528402204931,639.4147464717151,961.2,376.9
4516,6335,177.45414712792265,993.8528402204931,639.4147464717151,961.2,376.9
4516,6336,177.45414712792265,993.8528402204931,639.4147464717151,961.2,376.9
4516,6337,177.45414712792265,993.8528402204931,639.4147464717151,961.2,376.9
4516,6338,177.45414712792265,993.8528402204931,639.4147464717151,961.2,376.9
4516,6339,177.45414712792265,993.8528402204931,639.4147464717151,961.2,376.9
4516,6340,177.45414712792265,993.8528402204931,639.4147464717151,961.2,376.9
4516,6341,177.45414712792265,993.8528402204931,639.4147464717151,961.2,376.9
4516,6342,177.45414712792265,993.8528402204931,639.4147464717151,961.2,376.9
4516,6343,177.45414712792265,993.8528402204931,639.4147464717151,961.2,376.9
4516,6344,177.45414712792265,993.8528402204931,639.4147464717151,961.2,376.9
4516,6345,177.45414712792265,993.8528402204931,639.4147464717151,961.2,376.9
4516,6346,177.45414712792265,993.8528402204931,639.4147464717151,961.2,376.9
4516,6347,177.45414712792265,993.8528402204931,639.4147464717151,961.2,376.9
4516,6348,177.45414712792265,993.8528402204931,639.4147464717151,961.2,376.9
4516,6349,177.45414712792265,993.8528402204931,639.4147464717151,961.2,376.9
4516,6350,177.45414712792265,949.8528402204931,532.4147464717151,961.2,376.9
4516,6351,177.45414712792265,949.8528402204931,532.4147464717151,961.2,376.9
4516,6352,177.45414712792265,949.8528402204931,532.4147464717151,961.2,376.9
4516,6353,177.45414712792265,949.8528402204931,532.4147464717151,961.2,376.9
4516,6354,177.45414712792265,949.8528402204931,532.4147464717151,961.2,376.9
4516,6355,177.45414712792265,949.8528402204931,532.4147464717151,961.2,376.9
4516,6356,177.45414712792265,949.8528402204931,532.4147464717151,961.2,376.9
4516,6357,177.45414712792265,949.8528402204931,532.4147464717151,961.2,376.9
4516,6358,177.45414712792265,949.8528402204931,532.4147464717151,961.2,376.9
4516,6359,177.45414712792265,949.8528402204931,532.4147464717151,961.2,376.9
4516,6360,177.45414712792265,949.8528402204931,532.4147464717151,961.2,376.9
4516,6361,177.45414712792265,949.8528402204931,532.4147464717151,961.2,376.9
4516,6362,177.45414712792265,949.8528402204931,532.4147464717151,961.2,376.9
4516,6363,182.60557061913195,949.8528402204931,532.4147464717151,961.2,376.9
4516,6364,187.86701761985563,949.8528402204931,532.4147464717151,961.2,376.9
4516,6365,193.22950084710013,949.8528402204931,532.4147464717151,961.2,376.9
4516,6366,198.68483959743838,949.8528402204931,532.4147464717151,961.2,376.9
4516,6367,204.22559284795867,949.8528402204931,532.4147464717151,961.2,376.9
4516,6368,209.84499484700737,949.8528402204931,532.4147464717151,961.2,376.9
4516,6369,215.53689417494377,949.8528402204931,532.4147464717151,961.2,376.9
4516,6370,221.29569683755992,949.8528402204931,532.4147464717151,961.2,376.9
4516,6371,227.11631365241374,949.8528402204931,532.4147464717151,961.2,376.9
4516,6372,232.99411197560755,949.8528402204931,532.4147464717151,961.2,376.9
4516,6373,232.99411197560755,949.8528402204931,532.4147464717151,961.2,376.9
4516,6374,232.99411197560755,949.8528402204931,532.4147464717151,961.2,376.9
4516,6375,232.99411197560755,949.8528402204931,532.4147464717151,961.2,376.9
4516,6376,232.99411197560755,949.8528402204931,532.4147464717151,961.2,376.9
4516,6377,232.99411197560755,949.8528402204931,532.4147464717151,961.2,376.9
4516,6378,232.99411197560755,949.8528402204931,532.4147464717151,961.2,376.9
4516,6379,232.99411197560755,949.8528402204931,532.4147464717151,961.2,376.9
4516,6380,232.99411197560755,949.8528402204931,532.4147464717151,961.2,376.9
4516,6381,232.99411197560755,949.8528402204931,532.4147464717151,961.2,376.9
4516,6382,232.99411197560755,949.8528402204931,532.4147464717151,961.2,376.9
4516,6383,232.99411197560755,949.8528402204931,532.4147464717151,961.2,376.9
4516,6384,232.99411197560755,905.8528402204931,425.41474647171515,961.2,376.9
4516,6385,232.99411197560755,905.8528402204931,425.41474647171515,961.2,376.9
4516,6386,232.99411197560755,905.8528402204931,425.41474647171515,961.2,376.9
4516,6387,232.99411197560755,905.8528402204931,425.41474647171515,961.2,376.9
4516,6388,232.99411197560755,905.8528402204931,425.41474647171515,961.2,376.9
4516,6389,232.99411197560755,905.8528402204931,425.41474647171515,961.2,376.9
4516,6390,232.99411197560755,905.8528402204931,425.41474647171515,961.2,376.9
4516,6391,232.99411197560755,905.8528402204931,425.41474647171515,961.2,376.9
4516,6392,232.99411197560755,905.8528402204931,425.41474647171515,961.2,376.9
4516,6393,232.99411197560755,905.8528402204931,425.41474647171515,961.2,376.9
4516,6394,232.99411197560755,905.8528402204931,425.41474647171515,961.2,376.9
4516,6395,232.99411197560755,905.8528402204931,425.41474647171515,961.2,376.9
4516,6396,232.99411197560755,905.8528402204931,425.41474647171515,961.2,376.9
4516,6397,232.99411197560755,905.8528402204931,425.41474647171515,961.2,376.9
4516,6398,232.99411197560755,905.8528402204931,425.41474647171515,961.2,376.9
4516,6399,232.99411197560755,905.8528402204931,425.41474647171515,961.2,376.9
4516,6400,232.99411197560755,905.8528402204931,425.41474647171515,961.2,376.9
4516,6401,232.99411197560755,905.8528402204931,425.41474647171515,961.2,376.9
4516,6402,232.99411197560755,905.8528402204931,425.41474647171515,961.2,376.9
4516,6403,232.99411197560755,905.8528402204931,425.41474647171515,961.2,376.9
4516,6404,232.99411197560755,905.8528402204931,425.41474647171515,961.2,376.9
4516,6405,232.99411197560755,905.8528402204931,425.41474647171515,961.2,376.9
4516,6406,232.99411197560755,905.8528402204931,425.41474647171515,961.2,376.9
4516,6407,232.99411197560755,905.8528402204931,425.41474647171515,961.2,376.9
4516,6408,232.99411197560755,905.8528402204931,425.41474647171515,961.2,376.9
4516,6409,232.99411197560755,905.8528402204931,425.41474647171515,961.2,376.9
4516,6410,232.99411197560755,905.8528402204931,425.41474647171515,961.2,376.9
4516,6411,232.99411197560755,905.8528402204931,425.41474647171515,961.2,376.9
4516,6412,232.99411197560755,905.8528402204931,425.41474647171515,961.2,376.9
4516,6413,232.99411197560755,905.8528402204931,425.41474647171515,961.2,376.9
4516,6414,232.99411197560755,905.8528402204931,425.41474647171515,961.2,376.9
4516,6415,232.99411197560755,905.8528402204931,425.41474647171515,961.2,376.9
4516,6416,232.99411197560755,905.8528402204931,425.41474647171515,961.2,376.9
4516,6417,232.99411197560755,905.8528402204931,425.41474647171515,961.2,376.9
4516,6418,232.99411197560755,905.8528402204931,425.41474647171515,961.2,376.9
4516,6419,232.99411197560755,905.8528402204931,425.41474647171515,961.2,376.9
4516,6420,232.99411197560755,905.8528402204931,425.41474647171515,961.2,376.9
4516,6421,232.99411197560755,905.8528402204931,425.41474647171515,961.2,376.9
4516,6422,232.99411197560755,905.8528402204931,425.41474647171515,961.2,376.9
4516,6423,232.99411197560755,905.8528402204931,425.41474647171515,961.2,376.9
4516,6424,232.99411197560755,905.8528402204931,425.41474647171515,961.2,376.9
4516,6425,232.99411197560755,905.8528402204931,425.41474647171515,961.2,376.9
4516,6426,232.99411197560755,905.8528402204931,425.41474647171515,961.2,376.9
4516,6427,232.99411197560755,905.8528402204931,425.41474647171515,961.2,376.9
4516,6428,232.99411197560755,905.8528402204931,425.41474647171515,961.2,376.9
4516,6429,232.99411197560755,905.8528402204931,425.41474647171515,961.2,376.9
4516,6430,232.99411197560755,905.8528402204931,425.41474647171515,961.2,376.9
4516,6431,232.99411197560755,905.8528402204931,425.41474647171515,961.2,376.9
4516,6432,232.99411197560755,905.8528402204931,425.41474647171515,961.2,376.9
4516,6433,232.99411197560755,905.8528402204931,425.41474647171515,961.2,376.9
4516,6434,232.99411197560755,905.8528402204931,425.41474647171515,961.2,376.9
4516,6435,232.99411197560755,905.8528402204931,425.41474647171515,961.2,376.9
4516,6436,232.99411197560755,905.8528402204931,425.41474647171515,961.2,376.9
4516,6437,232.99411197560755,905.8528402204931,425.41474647171515,961.2,376.9
4516,6438,232.99411197560755,905.8528402204931,425.41474647171515,961.2,376.9
4516,6439,232.99411197560755,905.8528402204931,425.41474647171515,961.2,376.9
4516,6440,232.99411197560755,905.8528402204931,425.41474647171515,961.2,376.9
4516,6441,232.99411197560755,905.8528402204931,425.41474647171515,961.2,376.9
4516,6442,232.99411197560755,905.8528402204931,425.41474647171515,961.2,376.9
4516,6443,232.99411197560755,905.8528402204931,425.41474647171515,961.2,376.9
4516,6444,232.99411197560755,905.8528402204931,425.41474647171515,961.2,376.9
4516,6445,232.99411197560755,905.8528402204931,425.41474647171515,961.2,376.9
4516,6446,232.99411197560755,905.8528402204931,425.41474647171515,961.2,376.9
4516,6447,232.99411197560755,905.8528402204931,425.41474647171515,961.2,376.9
4516,6448,232.99411197560755,905.8528402204931,425.41474647171515,961.2,376.9
4516,6449,232.99411197560755,905.8528402204931,425.41474647171515,961.2,376.9
4516,6450,232.99411197560755,905.8528402204931,425.41474647171515,961.2,376.9
4516,6451,232.99411197560755,905.8528402204931,425.41474647171515,961.2,376.9
4516,6452,232.99411197560755,905.8528402204931,425.41474647171515,961.2,376.9
4516,6453,232.99411197560755,905.8528402204931,425.41474647171515,961.2,376.9
4516,6454,232.99411197560755,905.8528402204931,425.41474647171515,961.2,376.9
4516,6455,232.99411197560755,905.8528402204931,425.41474647171515,961.2,376.9
4516,6456,232.99411197560755,905.8528402204931,425.41474647171515,961.2,376.9
4516,6457,232.99411197560755,905.8528402204931,425.41474647171515,961.2,376.9
4516,6458,232.99411197560755,905.8528402204931,425.41474647171515,961.2,376.9
4516,6459,232.99411197560755,905.8528402204931,425.41474647171515,961.2,376.9
4516,6460,232.99411197560755,905.8528402204931,425.41474647171515,961.2,376.9
4516,6461,232.99411197560755,905.8528402204931,425.41474647171515,961.2,376.9
4516,6462,232.99411197560755,905.8528402204931,425.41474647171515,961.2,376.9
4516,6463,232.99411197560755,905.8528402204931,425.41474647171515,961.2,376.9
4516,6464,232.99411197560755,905.8528402204931,425.41474647171515,961.2,376.9
4516,6465,232.99411197560755,905.8528402204931,425.41474647171515,961.2,376.9
4516,6466,232.99411197560755,905.8528402204931,425.41474647171515,961.2,376.9
4516,6467,232.99411197560755,905.8528402204931,425.41474647171515,961.2,376.9
4516,6468,232.99411197560755,905.8528402204931,425.41474647171515,961.2,376.9
4516,6469,232.99411197560755,905.8528402204931,425.41474647171515,961.2,376.9
4516,6470,232.99411197560755,905.8528402204931,425.41474647171515,961.2,376.9
4516,6471,232.99411197560755,905.8528402204931,425.41474647171515,961.2,376.9
4516,6472,232.99411197560755,905.8528402204931,425.41474647171515,961.2,376.9
4516,6473,232.99411197560755,905.8528402204931,425.41474647171515,961.2,376.9
4516,6474,232.99411197560755,905.8528402204931,425.41474647171515,961.2,376.9
4516,6475,232.99411197560755,905.8528402204931,425.41474647171515,961.2,376.9
4516,6476,232.99411197560755,905.8528402204931,425.41474647171515,961.2,376.9
4516,6477,232.99411197560755,905.8528402204931,425.41474647171515,961.2,376.9
4516,6478,232.99411197560755,905.8528402204931,425.41474647171515,961.2,376.9
4516,6479,232.99411197560755,905.8528402204931,425.41474647171515,961.2,376.9
4516,6480,232.99411197560755,905.8528402204931,425.41474647171515,961.2,376.9
4516,6481,232.99411197560755,905.8528402204931,425.41474647171515,961.2,376.9
4516,6482,232.99411197560755,905.8528402204931,425.41474647171515,961.2,376.9
4516,6483,232.99411197560755,905.8528402204931,425.41474647171515,961.2,376.9
4516,6484,232.99411197560755,905.8528402204931,425.41474647171515,961.2,376.9
4516,6485,232.99411197560755,905.8528402204931,425.41474647171515,961.2,376.9
4516,6486,232.99411197560755,905.8528402204931,425.41474647171515,961.2,376.9
4516,6487,232.99411197560755,905.8528402204931,425.41474647171515,961.2,376.9
4516,6488,232.99411197560755,905.8528402204931,425.41474647171515,961.2,376.9
4516,6489,232.99411197560755,905.8528402204931,425.41474647171515,961.2,376.9
4516,6490,232.99411197560755,905.8528402204931,425.41474647171515,961.2,376.9
4516,6491,232.99411197560755,905.8528402204931,425.41474647171515,961.2,376.9
4516,6492,232.99411197560755,905.8528402204931,425.41474647171515,961.2,376.9
4516,6493,232.99411197560755,905.8528402204931,425.41474647171515,961.2,376.9
4516,6494,232.99411197560755,905.8528402204931,425.41474647171515,961.2,376.9
4516,6495,232.99411197560755,905.8528402204931,425.41474647171515,961.2,376.9
4516,6496,232.99411197560755,905.8528402204931,425.41474647171515,961.2,376.9
4516,6497,232.99411197560755,905.8528402204931,425.41474647171515,961.2,376.9
4516,6498,232.99411197560755,905.8528402204931,425.41474647171515,961.2,376.9
4516,6499,232.99411197560755,905.8528402204931,425.41474647171515,961.2,376.9
4516,6500,232.99411197560755,905.8528402204931,425.41474647171515,961.2,376.9
4516,6501,232.99411197560755,905.8528402204931,425.41474647171515,961.2,376.9
4516,6502,232.99411197560755,905.8528402204931,425.41474647171515,961.2,376.9
4516,6503,232.99411197560755,905.8528402204931,425.41474647171515,961.2,376.9
4516,6504,232.99411197560755,905.8528402204931,425.41474647171515,961.2,376.9
4516,6505,232.99411197560755,905.8528402204931,425.41474647171515,961.2,376.9
4516,6506,232.99411197560755,905.8528402204931,425.41474647171515,961.2,376.9
4516,6507,232.99411197560755,905.8528402204931,425.41474647171515,961.2,376.9
4516,6508,232.99411197560755,905.8528402204931,425.41474647171515,961.2,376.9
4516,6509,232.99411197560755,905.8528402204931,425.41474647171515,961.2,376.9
4516,6510,232.99411197560755,905.8528402204931,425.41474647171515,961.2,376.9
4516,6511,232.99411197560755,905.8528402204931,425.41474647171515,961.2,376.9
4516,6512,232.99411197560755,905.8528402204931,425.41474647171515,961.2,376.9
4516,6513,232.99411197560755,905.8528402204931,425.41474647171515,961.2,376.9
4516,6514,232.99411197560755,905.8528402204931,425.41474647171515,961.2,376.9
4516,6515,220.7667284513319,905.8528402204931,425.41474647171515,961.2,376.9
4516,6516,209.04115534842967,905.8528402204931,425.41474647171515,961.2,376.9
4516,6517,197.90660658555203,905.8528402204931,425.41474647171515,961.2,376.9
4516,6518,187.4684221235956,905.8528402204931,425.41474647171515,961.2,376.9
4516,6519,177.84925560516925,905.8528402204931,425.41474647171515,961.2,376.9
4517,6520,190.78359164679426,905.8528402204931,425.41474647171515,961.2,376.9
4518,6521,174.96436892251216,905.8528402204931,425.41474647171515,961.2,376.9
4519,6522,159.17049351483175,905.8528402204931,425.41474647171515,961.2,376.9
4520,6523,143.4103402184001,905.8528402204931,425.41474647171515,961.2,376.9
4521,6524,127.6963954849919,905.8528402204931,425.41474647171515,961.2,376.9
4522,6525,112.04810226265158,905.8528402204931,425.41474647171515,961.2,376.9
4523,6526,96.49740454521985,905.8528402204931,425.41474647171515,961.2,376.9
4524,6527,81.10046245099952,905.8528402204931,425.41474647171515,961.2,376.9
4525,6528,65.96502859900959,905.8528402204931,425.41474647171515,961.2,376.9
4526,6529,51.32298752869251,905.8528402204931,425.41474647171515,961.2,376.9
4527,6530,37.752843100520394,905.8528402204931,425.41474647171515,961.2,376.9
4528,6531,26.92711157875443,905.8528402204931,425.41474647171515,961.2,376.9
4529,6532,23.096007799549813,905.8528402204931,425.41474647171515,961.2,376.9
4530,6532,23.096007799549813,905.8528402204931,425.41474647171515,961.2,376.9
4531,6532,23.096007799549813,905.8528402204931,425.41474647171515,961.2,376.9
4532,6532,23.096007799549813,905.8528402204931,425.41474647171515,961.2,376.9
4533,6532,23.096007799549813,905.8528402204931,425.41474647171515,961.2,376.9
4534,6532,23.096007799549813,905.8528402204931,425.41474647171515,961.2,376.9
4535,6532,23.096007799549813,905.8528402204931,425.41474647171515,961.2,376.9
4536,6532,23.096007799549813,905.8528402204931,425.41474647171515,961.2,376.9
4537,6532,23.096007799549813,905.8528402204931,425.41474647171515,961.2,376.9
4538,6532,23.096007799549813,905.8528402204931,425.41474647171515,961.2,376.9
4539,6532,23.096007799549813,905.8528402204931,425.41474647171515,961.2,376.9
4540,6532,23.096007799549813,905.8528402204931,425.41474647171515,961.2,376.9
4541,6532,23.096007799549813,905.8528402204931,425.41474647171515,961.2,376.9
4542,6532,23.096007799549813,905.8528402204931,425.41474647171515,961.2,376.9
4543,6532,23.096007799549813,905.8528402204931,425.41474647171515,961.2,376.9
4544,6532,23.096007799549813,905.8528402204931,425.41474647171515,961.2,376.9
4545,6532,23.096007799549813,905.8528402204931,425.41474647171515,961.2,376.9
4546,6532,23.096007799549813,905.8528402204931,425.41474647171515,961.2,376.9
4547,6532,23.096007799549813,905.8528402204931,425.41474647171515,961.2,376.9
4548,6533,29.16069061389054,905.8528402204931,425.41474647171515,961.2,376.9
4549,6534,40.936905603394365,905.8528402204931,425.41474647171515,961.2,376.9
4550,6535,113.73399875852238,905.8528402204931,425.41474647171515,961.2,376.9
4551,6536,106.97843222774273,905.8528402204931,425.41474647171515,961.2,376.9
4552,6537,102.2834860214879,905.8528402204931,425.41474647171515,961.2,376.9
4553,6538,99.93999262562559,905.8528402204931,425.41474647171515,961.2,376.9
4554,6539,99.93999262562559,905.8528402204931,425.41474647171515,961.2,376.9
4555,6540,99.93999262562559,905.8528402204931,425.41474647171515,961.2,376.9
4556,6541,99.93999262562559,905.8528402204931,425.41474647171515,961.2,376.9
4557,6542,99.93999262562559,905.8528402204931,425.41474647171515,961.2,376.9
4558,6543,99.93999262562559,905.8528402204931,425.41474647171515,961.2,376.9
4559,6544,99.93999262562559,905.8528402204931,425.41474647171515,961.2,376.9
4560,6545,99.93999262562559,905.8528402204931,425.41474647171515,961.2,376.9
4561,6546,99.93999262562559,905.8528402204931,425.41474647171515,961.2,376.9
4562,6547,99.93999262562559,905.8528402204931,425.41474647171515,961.2,376.9
4563,6548,99.93999262562559,905.8528402204931,425.41474647171515,961.2,376.9
4564,6549,99.93999262562559,905.8528402204931,425.41474647171515,961.2,376.9
4565,6550,99.93999262562559,905.8528402204931,425.41474647171515,961.2,376.9
4566,6551,99.93999262562559,905.8528402204931,425.41474647171515,961.2,376.9
4567,6552,99.93999262562559,905.8528402204931,425.41474647171515,961.2,376.9
4568,6553,99.93999262562559,905.8528402204931,425.41474647171515,961.2,376.9
4569,6554,99.93999262562559,905.8528402204931,425.41474647171515,961.2,376.9
4570,6555,99.93999262562559,905.8528402204931,425.41474647171515,961.2,376.9
4571,6556,99.93999262562559,905.8528402204931,425.41474647171515,961.2,376.9
4572,6557,99.93999262562559,905.8528402204931,425.41474647171515,961.2,376.9
4573,6558,99.93999262562559,905.8528402204931,425.41474647171515,961.2,376.9
4574,6559,99.93999262562559,905.8528402204931,425.41474647171515,961.2,376.9
4575,6560,99.93999262562559,905.8528402204931,425.41474647171515,961.2,376.9
4576,6561,99.93999262562559,905.8528402204931,425.41474647171515,961.2,376.9
4577,6562,99.93999262562559,905.8528402204931,425.41474647171515,961.2,376.9
4578,6563,99.93999262562559,905.8528402204931,425.41474647171515,961.2,376.9
4579,6564,99.93999262562559,905.8528402204931,425.41474647171515,961.2,376.9
4580,6565,99.93999262562559,905.8528402204931,425.41474647171515,961.2,376.9
4581,6566,99.93999262562559,905.8528402204931,425.41474647171515,961.2,376.9
4582,6567,99.93999262562559,905.8528402204931,425.41474647171515,961.2,376.9
4583,6568,99.93999262562559,905.8528402204931,425.41474647171515,961.2,376.9
4584,6569,99.93999262562559,905.8528402204931,425.41474647171515,961.2,376.9
4585,6570,99.93999262562559,905.8528402204931,425.41474647171515,961.2,376.9
4586,6571,99.93999262562559,905.8528402204931,425.41474647171515,961.2,376.9
4587,6572,99.93999262562559,905.8528402204931,425.41474647171515,961.2,376.9
4588,6573,99.93999262562559,905.8528402204931,425.41474647171515,961.2,376.9
4589,6574,99.93999262562559,905.8528402204931,425.41474647171515,961.2,376.9
4590,6575,99.93999262562559,905.8528402204931,425.41474647171515,961.2,376.9
4591,6576,99.93999262562559,905.8528402204931,425.41474647171515,961.2,376.9
4592,6577,99.93999262562559,905.8528402204931,425.41474647171515,961.2,376.9
4593,6578,99.93999262562559,905.8528402204931,425.41474647171515,960.4818181818182,383.6227272727273
4594,6579,99.93999262562559,905.8528402204931,425.41474647171515,959.7636363636364,390.3454545454545
4595,6580,99.93999262562559,905.8528402204931,425.41474647171515,959.0454545454546,397.0681818181818
4596,6581,99.93999262562559,905.8528402204931,425.41474647171515,958.3272727272728,403.79090909090905
4597,6582,99.93999262562559,905.8528402204931,425.41474647171515,957.6090909090909,410.51363636363635
4598,6583,99.93999262562559,905.8528402204931,425.41474647171515,956.8909090909091,417.2363636363636
4599,6584,99.93999262562559,905.8528402204931,425.41474647171515,956.1727272727273,423.9590909090909
4600,6585,99.93999262562559,905.8528402204931,425.41474647171515,955.4545454545455,430.68181818181813
4601,6586,99.93999262562559,905.8528402204931,425.41474647171515,954.7363636363636,437.4045454545454
4602,6587,99.93999262562559,905.8528402204931,425.41474647171515,954.0181818181818,444.1272727272727
4603,6588,99.93999262562559,905.8528402204931,425.41474647171515,953.3,450.84999999999997
4604,6589,99.93999262562559,905.8528402204931,425.41474647171515,952.5818181818182,457.5727272727272
4605,6590,99.93999262562559,905.8528402204931,425.41474647171515,951.8636363636364,464.2954545454545
4606,6591,99.93999262562559,905.8528402204931,425.41474647171515,951.1454545454545,471.0181818181818
4607,6592,99.93999262562559,905.8528402204931,425.41474647171515,950.4272727272727,477.74090909090904
4608,6593,99.93999262562559,905.8528402204931,425.41474647171515,949.709090909091,484.46363636363634
4609,6594,99.93999262562559,905.8528402204931,425.41474647171515,948.9909090909091,491.1863636363636
4610,6595,99.93999262562559,905.8528402204931,425.41474647171515,948.2727272727273,497.9090909090909
4611,6596,99.93999262562559,905.8528402204931,425.41474647171515,947.5545454545454,504.6318181818182
4612,6597,99.93999262562559,905.8528402204931,425.41474647171515,946.8363636363637,511.3545454545454
4613,6598,99.93999262562559,905.8528402204931,425.41474647171515,946.1181818181818,518.0772727272727
4614,6599,99.93999262562559,913.8528402204931,640.4147464717151,945.4,524.8
4615,6600,99.93999262562559,913.8528402204931,640.4147464717151,945.4,524.8
4616,6601,99.93999262562559,913.8528402204931,640.4147464717151,945.4,524.8
4617,6602,99.93999262562559,913.8528402204931,640.4147464717151,945.4,524.8
4618,6603,99.93999262562559,913.8528402204931,640.4147464717151,945.4,524.8
4619,6604,99.93999262562559,913.8528402204931,640.4147464717151,945.4,524.8
4620,6605,99.93999262562559,913.8528402204931,640.4147464717151,945.4,524.8
4621,6606,99.93999262562559,913.8528402204931,640.4147464717151,945.4,524.8
4622,6607,99.93999262562559,913.8528402204931,640.4147464717151,945.4,524.8
4623,6608,99.93999262562559,913.8528402204931,640.4147464717151,945.4,524.8
4624,6609,99.93999262562559,913.8528402204931,640.4147464717151,945.4,524.8
4625,6610,99.93999262562559,913.8528402204931,640.4147464717151,945.4,524.8
4626,6611,99.93999262562559,913.8528402204931,640.4147464717151,945.4,524.8
4627,6612,99.93999262562559,913.8528402204931,640.4147464717151,945.4,524.8
4628,6613,99.93999262562559,913.8528402204931,640.4147464717151,945.4,524.8
4629,6614,99.93999262562559,913.8528402204931,640.4147464717151,945.4,524.8
4630,6615,99.93999262562559,913.8528402204931,640.4147464717151,945.4,524.8
4631,6616,99.93999262562559,913.8528402204931,640.4147464717151,945.4,524.8
4632,6617,99.93999262562559,913.8528402204931,640.4147464717151,945.4,524.8
4633,6618,99.93999262562559,913.8528402204931,640.4147464717151,945.4,524.8
4634,6619,99.93999262562559,913.8528402204931,640.4147464717151,945.4,524.8
4635,6620,99.93999262562559,913.8528402204931,640.4147464717151,945.4,524.8
4636,6621,99.93999262562559,913.8528402204931,640.4147464717151,945.4,524.8
4637,6622,99.93999262562559,913.8528402204931,640.4147464717151,945.4,524.8
4638,6623,99.93999262562559,913.8528402204931,640.4147464717151,945.4,524.8
4639,6624,99.93999262562559,913.8528402204931,640.4147464717151,945.4,524.8
4640,6625,99.93999262562559,913.8528402204931,640.4147464717151,945.4,524.8
4641,6626,99.93999262562559,913.8528402204931,640.4147464717151,945.4,524.8
4642,6627,99.93999262562559,913.8528402204931,640.4147464717151,945.4,524.8
4643,6628,99.93999262562559,913.8528402204931,640.4147464717151,945.4,524.8
4644,6629,99.93999262562559,913.8528402204931,640.4147464717151,945.4,524.8
4645,6630,99.93999262562559,913.8528402204931,640.4147464717151,945.4,524.8
4646,6631,99.93999262562559,913.8528402204931,640.4147464717151,945.4,524.8
4647,6632,99.93999262562559,913.8528402204931,640.4147464717151,945.4,524.8
4648,6633,99.93999262562559,913.8528402204931,640.4147464717151,945.4,524.8
4649,6634,99.93999262562559,913.8528402204931,640.4147464717151,945.4,524.8
4650,6635,99.93999262562559,913.8528402204931,640.4147464717151,945.4,524.8
4651,6636,99.93999262562559,913.8528402204931,640.4147464717151,945.4,524.8
4652,6637,99.93999262562559,913.8528402204931,640.4147464717151,945.4,524.8
4653,6638,99.93999262562559,913.8528402204931,640.4147464717151,945.4,524.8
4654,6639,99.93999262562559,913.8528402204931,640.4147464717151,945.4,524.8
4655,6640,99.93999262562559,913.8528402204931,640.4147464717151,945.4,524.8
4656,6641,99.93999262562559,913.8528402204931,640.4147464717151,945.4,524.8
4657,6642,99.93999262562559,913.8528402204931,640.4147464717151,945.4,524.8
4658,6643,99.93999262562559,913.8528402204931,640.4147464717151,945.4,524.8
4659,6644,99.93999262562559,913.8528402204931,640.4147464717151,945.4,524.8
4660,6645,99.93999262562559,913.8528402204931,640.4147464717151,945.4,524.8
4661,6646,99.93999262562559,913.8528402204931,640.4147464717151,945.4,524.8
4662,6647,99.93999262562559,913.8528402204931,640.4147464717151,945.4,524.8
4663,6648,99.93999262562559,913.8528402204931,640.4147464717151,945.4,524.8
4664,6649,99.93999262562559,913.8528402204931,640.4147464717151,945.4,524.8
4665,6650,99.93999262562559,913.8528402204931,640.4147464717151,945.4,524.8
4666,6651,99.93999262562559,913.8528402204931,640.4147464717151,945.4,524.8
4667,6652,99.93999262562559,913.8528402204931,640.4147464717151,945.4,524.8
4668,6653,99.93999262562559,913.8528402204931,640.4147464717151,945.4,524.8
4669,6654,99.93999262562559,913.8528402204931,640.4147464717151,945.4,524.8
4670,6655,99.93999262562559,913.8528402204931,640.4147464717151,945.4,524.8
4671,6656,99.93999262562559,913.8528402204931,640.4147464717151,945.4,524.8
4672,6657,99.93999262562559,913.8528402204931,640.4147464717151,945.4,524.8
4673,6658,99.93999262562559,913.8528402204931,640.4147464717151,945.4,524.8
4674,6659,99.93999262562559,913.8528402204931,640.4147464717151,945.4,524.8
4675,6660,99.93999262562559,913.8528402204931,640.4147464717151,945.4,524.8
4676,6661,99.93999262562559,913.8528402204931,640.4147464717151,945.4,524.8
4677,6662,99.93999262562559,913.8528402204931,640.4147464717151,945.4,524.8
4678,6663,99.93999262562559,913.8528402204931,640.4147464717151,945.4,524.8
4679,6664,99.93999262562559,913.8528402204931,640.4147464717151,945.4,524.8
4680,6665,99.93999262562559,913.8528402204931,640.4147464717151,945.4,524.8
4681,6666,99.93999262562559,913.8528402204931,640.4147464717151,945.4,524.8
4682,6667,99.93999262562559,913.8528402204931,640.4147464717151,945.4,524.8
4683,6668,99.93999262562559,913.8528402204931,640.4147464717151,945.4,524.8
4684,6669,99.93999262562559,913.8528402204931,640.4147464717151,945.4,524.8
4685,6670,99.93999262562559,913.8528402204931,640.4147464717151,945.4,524.8
4686,6671,99.93999262562559,913.8528402204931,640.4147464717151,945.4,524.8
4687,6672,99.93999262562559,913.8528402204931,640.4147464717151,945.4,524.8
4688,6673,99.93999262562559,913.8528402204931,640.4147464717151,945.4,524.8
4689,6674,99.93999262562559,913.8528402204931,640.4147464717151,945.4,524.8
4690,6675,99.93999262562559,913.8528402204931,640.4147464717151,945.4,524.8
4691,6676,99.93999262562559,913.8528402204931,640.4147464717151,945.4,524.8
4692,6677,99.93999262562559,913.8528402204931,640.4147464717151,945.4,524.8
4693,6678,99.93999262562559,913.8528402204931,640.4147464717151,945.4,524.8
4694,6679,99.93999262562559,913.8528402204931,640.4147464717151,945.4,524.8
4695,6680,99.93999262562559,913.8528402204931,640.4147464717151,945.4,524.8
4696,6681,99.93999262562559,913.8528402204931,640.4147464717151,945.4,524.8
4697,6682,99.93999262562559,913.8528402204931,640.4147464717151,945.4,524.8
4698,6683,99.93999262562559,913.8528402204931,640.4147464717151,945.4,524.8
4699,6684,99.93999262562559,913.8528402204931,640.4147464717151,945.4,524.8
4700,6685,99.93999262562559,913.8528402204931,640.4147464717151,945.4,524.8
4701,6686,99.93999262562559,913.8528402204931,640.4147464717151,945.4,524.8
4702,6687,99.93999262562559,913.8528402204931,640.4147464717151,945.4,524.8
4703,6688,99.93999262562559,913.8528402204931,640.4147464717151,945.4,524.8
4704,6689,99.93999262562559,913.8528402204931,640.4147464717151,945.4,524.8
4705,6690,99.93999262562559,913.8528402204931,640.4147464717151,945.4,524.8
4706,6691,99.93999262562559,913.8528402204931,640.4147464717151,945.4,524.8
4707,6692,99.93999262562559,913.8528402204931,640.4147464717151,945.4,524.8
4708,6693,99.93999262562559,913.8528402204931,640.4147464717151,945.4,524.8
4709,6694,99.93999262562559,913.8528402204931,640.4147464717151,945.4,524.8
4710,6695,99.93999262562559,913.8528402204931,640.4147464717151,945.4,524.8
4711,6696,99.93999262562559,913.8528402204931,640.4147464717151,945.4,524.8
4712,6697,99.93999262562559,913.8528402204931,640.4147464717151,945.4,524.8
4713,6698,99.93999262562559,913.8528402204931,640.4147464717151,945.4,524.8
4714,6699,99.93999262562559,946.8528402204931,701.4147464717151,945.4,524.8
4715,6700,99.93999262562559,946.8528402204931,701.4147464717151,945.4,524.8
4716,6701,99.93999262562559,946.8528402204931,701.4147464717151,945.4,524.8
4717,6702,99.93999262562559,946.8528402204931,701.4147464717151,945.4,524.8
4718,6703,99.93999262562559,946.8528402204931,701.4147464717151,945.4,524.8
4719,6704,99.93999262562559,946.8528402204931,701.4147464717151,945.4,524.8
4720,6705,99.93999262562559,946.8528402204931,701.4147464717151,945.4,524.8
4721,6706,99.93999262562559,946.8528402204931,701.4147464717151,945.4,524.8
4722,6707,99.93999262562559,946.8528402204931,701.4147464717151,945.4,524.8
4723,6708,99.93999262562559,946.8528402204931,701.4147464717151,945.4,524.8
4724,6708,99.93999262562559,946.8528402204931,701.4147464717151,945.4,524.8
4725,6708,99.93999262562559,946.8528402204931,701.4147464717151,945.4,524.8
4726,6708,99.93999262562559,946.8528402204931,701.4147464717151,945.4,524.8
4727,6708,99.93999262562559,946.8528402204931,701.4147464717151,945.4,524.8
4728,6708,99.93999262562559,946.8528402204931,701.4147464717151,945.4,524.8
4729,6708,99.93999262562559,946.8528402204931,701.4147464717151,945.4,524.8
4730,6708,99.93999262562559,946.8528402204931,701.4147464717151,945.4,524.8
4731,6708,99.93999262562559,946.8528402204931,701.4147464717151,945.4,524.8
4732,6708,99.93999262562559,946.8528402204931,701.4147464717151,945.4,524.8
4733,6708,99.93999262562559,946.8528402204931,701.4147464717151,945.4,524.8
4734,6708,99.93999262562559,946.8528402204931,701.4147464717151,945.4,524.8
4735,6708,99.93999262562559,946.8528402204931,701.4147464717151,951.3538461538461,535.5153846153846
4736,6708,99.93999262562559,946.8528402204931,701.4147464717151,957.3076923076923,546.2307692307692
4737,6708,99.93999262562559,946.8528402204931,701.4147464717151,963.2615384615384,556.9461538461538
4738,6708,99.93999262562559,946.8528402204931,701.4147464717151,969.2153846153846,567.6615384615384
4739,6708,99.93999262562559,946.8528402204931,701.4147464717151,975.1692307692307,578.376923076923
4740,6708,99.93999262562559,946.8528402204931,701.4147464717151,981.123076923077,589.0923076923077
4741,6708,99.93999262562559,946.8528402204931,701.4147464717151,987.0769230769231,599.8076923076923
4742,6708,99.93999262562559,946.8528402204931,701.4147464717151,993.0307692307692,610.5230769230769
4743,6708,99.93999262562559,946.8528402204931,701.4147464717151,998.9846153846154,621.2384615384615
4744,6708,99.93999262562559,946.8528402204931,701.4147464717151,1004.9384615384615,631.9538461538461
4745,6708,99.93999262562559,946.8528402204931,701.4147464717151,1010.8923076923077,642.6692307692308
4746,6708,99.93999262562559,946.8528402204931,701.4147464717151,1016.8461538461538,653.3846153846154
4747,6708,99.93999262562559,946.8528402204931,701.4147464717151,1022.8,664.1
4748,6708,99.93999262562559,946.8528402204931,701.4147464717151,1022.8,664.1
4749,6708,99.93999262562559,946.8528402204931,701.4147464717151,1022.8,664.1
4750,6708,99.93999262562559,946.8528402204931,701.4147464717151,1022.8,664.1
4751,6708,99.93999262562559,946.8528402204931,701.4147464717151,1022.8,664.1
4752,6708,99.93999262562559,946.8528402204931,701.4147464717151,1022.8,664.1
4753,6708,99.93999262562559,946.8528402204931,701.4147464717151,1022.8,664.1
4754,6708,99.93999262562559,946.8528402204931,701.4147464717151,1022.8,664.1
4755,6708,99.93999262562559,946.8528402204931,701.4147464717151,1022.8,664.1
4756,6708,99.93999262562559,946.8528402204931,701.4147464717151,1022.8,664.1
4757,6708,99.93999262562559,946.8528402204931,701.4147464717151,1022.8,664.1
4758,6708,99.93999262562559,946.8528402204931,701.4147464717151,1022.8,664.1
4759,6708,99.93999262562559,946.8528402204931,701.4147464717151,1022.8,664.1
4760,6708,99.93999262562559,946.8528402204931,701.4147464717151,1022.8,664.1
4761,6708,99.93999262562559,946.8528402204931,701.4147464717151,1022.8,664.1
4762,6708,99.93999262562559,946.8528402204931,701.4147464717151,1022.8,664.1
4763,6708,99.93999262562559,946.8528402204931,701.4147464717151,1022.8,664.1
4764,6708,99.93999262562559,946.8528402204931,701.4147464717151,1022.8,664.1
4765,6708,99.93999262562559,946.8528402204931,701.4147464717151,1022.8,664.1
4766,6708,99.93999262562559,946.8528402204931,701.4147464717151,1022.8,664.1
4767,6708,99.93999262562559,946.8528402204931,701.4147464717151,1022.8,664.1
4768,6708,99.93999262562559,946.8528402204931,701.4147464717151,1022.8,664.1
4769,6708,99.93999262562559,946.8528402204931,701.4147464717151,1022.8,664.1
4770,6708,99.93999262562559,946.8528402204931,701.4147464717151,1022.8,664.1
4771,6708,99.93999262562559,946.8528402204931,701.4147464717151,1022.8,664.1
4772,6708,99.93999262562559,946.8528402204931,701.4147464717151,1022.8,664.1
4773,6708,99.93999262562559,946.8528402204931,701.4147464717151,1022.8,664.1
4774,6708,99.93999262562559,946.8528402204931,701.4147464717151,1022.8,664.1
4775,6708,99.93999262562559,946.8528402204931,701.4147464717151,1022.8,664.1
4776,6708,99.93999262562559,946.8528402204931,701.4147464717151,1022.8,664.1
4777,6708,99.93999262562559,946.8528402204931,701.4147464717151,1022.8,664.1
4778,6708,99.93999262562559,946.8528402204931,701.4147464717151,1022.8,664.1
4779,6708,99.93999262562559,946.8528402204931,701.4147464717151,1022.8,664.1
4780,6708,99.93999262562559,946.8528402204931,701.4147464717151,1022.8,664.1
4781,6708,99.93999262562559,946.8528402204931,701.4147464717151,1022.8,664.1
4782,6708,99.93999262562559,946.8528402204931,701.4147464717151,1022.8,664.1
4783,6708,99.93999262562559,946.8528402204931,701.4147464717151,1022.8,664.1
4784,6708,99.93999262562559,946.8528402204931,701.4147464717151,1022.8,664.1
4785,6708,99.93999262562559,946.8528402204931,701.4147464717151,1022.8,664.1
4786,6708,99.93999262562559,946.8528402204931,701.4147464717151,1022.8,664.1
4787,6708,99.93999262562559,946.8528402204931,701.4147464717151,1022.8,664.1
4788,6708,99.93999262562559,946.8528402204931,701.4147464717151,1022.8,664.1
4789,6708,99.93999262562559,946.8528402204931,701.4147464717151,1022.8,664.1
4790,6708,99.93999262562559,946.8528402204931,701.4147464717151,1022.8,664.1
4791,6708,99.93999262562559,946.8528402204931,701.4147464717151,1022.8,664.1
4792,6708,99.93999262562559,946.8528402204931,701.4147464717151,1022.8,664.1
4793,6708,99.93999262562559,946.8528402204931,701.4147464717151,1022.8,664.1
4794,6708,99.93999262562559,946.8528402204931,701.4147464717151,1022.8,664.1
4795,6708,99.93999262562559,946.8528402204931,701.4147464717151,1022.8,664.1
4796,6708,99.93999262562559,946.8528402204931,701.4147464717151,1022.8,664.1
4797,6708,99.93999262562559,946.8528402204931,701.4147464717151,1022.8,664.1
4798,6708,99.93999262562559,946.8528402204931,701.4147464717151,1022.8,664.1
4799,6708,99.93999262562559,946.8528402204931,701.4147464717151,1022.8,664.1
4800,6708,99.93999262562559,946.8528402204931,701.4147464717151,1022.8,664.1
4801,6708,99.93999262562559,946.8528402204931,701.4147464717151,1022.8,664.1
4802,6708,99.93999262562559,946.8528402204931,701.4147464717151,1022.8,664.1
4803,6708,99.93999262562559,946.8528402204931,701.4147464717151,1022.8,664.1
4804,6708,99.93999262562559,946.8528402204931,701.4147464717151,1022.8,664.1
4805,6708,99.93999262562559,946.8528402204931,701.4147464717151,1022.8,664.1
4806,6708,99.93999262562559,946.8528402204931,701.4147464717151,1022.8,664.1
4807,6708,99.93999262562559,946.8528402204931,701.4147464717151,1022.8,664.1
4808,6708,99.93999262562559,946.8528402204931,701.4147464717151,1022.8,664.1
4809,6708,99.93999262562559,946.8528402204931,701.4147464717151,1022.8,664.1
4810,6708,99.93999262562559,946.8528402204931,701.4147464717151,1022.8,664.1
4811,6708,99.93999262562559,946.8528402204931,701.4147464717151,1022.8,664.1
4812,6708,99.93999262562559,946.8528402204931,701.4147464717151,1022.8,664.1
4813,6708,99.93999262562559,946.8528402204931,701.4147464717151,1022.8,664.1
4814,6708,99.93999262562559,946.8528402204931,701.4147464717151,1022.8,664.1
4815,6708,99.93999262562559,946.8528402204931,701.4147464717151,1022.8,664.1
4816,6708,99.93999262562559,946.8528402204931,701.4147464717151,1022.8,664.1
4817,6708,99.93999262562559,946.8528402204931,701.4147464717151,1022.8,664.1
4818,6708,99.93999262562559,946.8528402204931,701.4147464717151,1022.8,664.1
4819,6708,99.93999262562559,946.8528402204931,701.4147464717151,1022.8,664.1
4820,6708,99.93999262562559,946.8528402204931,701.4147464717151,1022.8,664.1
4821,6708,99.93999262562559,946.8528402204931,701.4147464717151,1022.8,664.1
4822,6708,99.93999262562559,946.8528402204931,701.4147464717151,1022.8,664.1
4823,6708,99.93999262562559,946.8528402204931,701.4147464717151,1022.8,664.1
4824,6708,99.93999262562559,946.8528402204931,701.4147464717151,1022.8,664.1
4825,6708,99.93999262562559,946.8528402204931,701.4147464717151,1022.8,664.1
4826,6708,99.93999262562559,946.8528402204931,701.4147464717151,1022.8,664.1
4827,6708,99.93999262562559,946.8528402204931,701.4147464717151,1022.8,664.1
4828,6708,99.93999262562559,946.8528402204931,701.4147464717151,1022.8,664.1
4829,6708,99.93999262562559,946.8528402204931,701.4147464717151,1022.8,664.1
4830,6708,99.93999262562559,946.8528402204931,701.4147464717151,1022.8,664.1
4831,6708,99.93999262562559,946.8528402204931,701.4147464717151,1022.8,664.1
4832,6708,99.93999262562559,946.8528402204931,701.4147464717151,1022.8,664.1
4833,6708,99.93999262562559,946.8528402204931,701.4147464717151,1022.8,664.1
4834,6708,99.93999262562559,946.8528402204931,701.4147464717151,1022.8,664.1
4835,6708,99.93999262562559,946.8528402204931,701.4147464717151,1022.8,664.1
4836,6708,99.93999262562559,946.8528402204931,701.4147464717151,1022.8,664.1
4837,6708,99.93999262562559,946.8528402204931,701.4147464717151,1022.8,664.1
4838,6708,99.93999262562559,946.8528402204931,701.4147464717151,1022.8,664.1
4839,6708,99.93999262562559,946.8528402204931,701.4147464717151,1022.8,664.1
4840,6708,99.93999262562559,946.8528402204931,701.4147464717151,1022.8,664.1
4841,6708,99.93999262562559,946.8528402204931,701.4147464717151,1022.8,664.1
4842,6708,99.93999262562559,946.8528402204931,701.4147464717151,1022.8,664.1
4843,6708,99.93999262562559,946.8528402204931,701.4147464717151,1022.8,664.1
4844,6708,99.93999262562559,946.8528402204931,701.4147464717151,1022.8,664.1
4845,6708,99.93999262562559,946.8528402204931,701.4147464717151,1022.8,664.1
4846,6708,99.93999262562559,946.8528402204931,701.4147464717151,1022.8,664.1
4847,6708,99.93999262562559,946.8528402204931,701.4147464717151,1022.8,664.1
4848,6708,99.93999262562559,946.8528402204931,701.4147464717151,1022.8,664.1
4849,6708,99.93999262562559,946.8528402204931,701.4147464717151,1022.8,664.1
4850,6708,99.93999262562559,946.8528402204931,701.4147464717151,1022.8,664.1
4851,6708,99.93999262562559,946.8528402204931,701.4147464717151,1022.8,664.1
4852,6708,99.93999262562559,946.8528402204931,701.4147464717151,1022.8,664.1
4853,6708,99.93999262562559,946.8528402204931,701.4147464717151,1022.8,664.1
4854,6708,99.93999262562559,946.8528402204931,701.4147464717151,1022.8,664.1
4855,6708,99.93999262562559,946.8528402204931,701.4147464717151,1022.8,664.1
4856,6708,99.93999262562559,946.8528402204931,701.4147464717151,1022.8,664.1
4857,6708,99.93999262562559,946.8528402204931,701.4147464717151,1022.8,664.1
4858,6708,99.93999262562559,946.8528402204931,701.4147464717151,1022.8,664.1
4859,6708,99.93999262562559,946.8528402204931,701.4147464717151,1022.8,664.1
4860,6708,99.93999262562559,946.8528402204931,701.4147464717151,1022.8,664.1
4861,6708,99.93999262562559,946.8528402204931,701.4147464717151,1022.8,664.1
4862,6708,99.93999262562559,946.8528402204931,701.4147464717151,1022.8,664.1
4863,6708,99.93999262562559,946.8528402204931,701.4147464717151,1022.8,664.1
4864,6708,99.93999262562559,946.8528402204931,701.4147464717151,1022.8,664.1
4865,6708,99.93999262562559,946.8528402204931,701.4147464717151,1022.8,664.1
4866,6708,99.93999262562559,946.8528402204931,701.4147464717151,1022.8,664.1
4867,6708,99.93999262562559,946.8528402204931,701.4147464717151,1022.8,664.1
4868,6708,99.93999262562559,946.8528402204931,701.4147464717151,1022.8,664.1
4869,6708,99.93999262562559,946.8528402204931,701.4147464717151,1022.8,664.1
4870,6708,99.93999262562559,946.8528402204931,701.4147464717151,1022.8,664.1
4871,6708,99.93999262562559,946.8528402204931,701.4147464717151,1022.8,664.1
4872,6708,99.93999262562559,946.8528402204931,701.4147464717151,1022.8,664.1
4873,6708,99.93999262562559,946.8528402204931,701.4147464717151,1022.8,664.1
4874,6708,99.93999262562559,946.8528402204931,701.4147464717151,1022.8,664.1
4875,6708,99.93999262562559,946.8528402204931,701.4147464717151,1022.8,664.1
4876,6708,99.93999262562559,946.8528402204931,701.4147464717151,1022.8,664.1
4877,6708,99.93999262562559,946.8528402204931,701.4147464717151,1022.8,664.1
4878,6709,109.72162436426973,946.8528402204931,701.4147464717151,1022.8,664.1
4879,6710,119.89702823780802,946.8528402204931,701.4147464717151,1022.8,664.1
4880,6711,130.37403770452744,946.8528402204931,701.4147464717151,1022.8,664.1
4881,6712,141.08547705028099,946.8528402204931,701.4147464717151,1022.8,664.1
4882,6713,151.98178759847897,946.8528402204931,701.4147464717151,1022.8,664.1
4883,6714,54.15898594782233,946.8528402204931,701.4147464717151,1022.8,664.1
4884,6715,45.206717266577044,946.8528402204931,701.4147464717151,1022.8,664.1
4885,6716,37.94375591772703,946.8528402204931,701.4147464717151,1022.8,664.1
4886,6717,33.48790438752272,946.8528402204931,701.4147464717151,1022.8,664.1
4887,6718,32.996676611314584,946.8528402204931,701.4147464717151,1022.8,664.1
4888,6719,32.996676611314584,946.8528402204931,701.4147464717151,1022.8,664.1
4889,6720,32.996676611314584,946.8528402204931,701.4147464717151,1022.8,664.1
4890,6721,32.996676611314584,946.8528402204931,701.4147464717151,1022.8,664.1
4891,6722,32.996676611314584,946.8528402204931,701.4147464717151,1022.8,664.1
4892,6723,32.996676611314584,946.8528402204931,701.4147464717151,1022.8,664.1
4893,6724,32.996676611314584,946.8528402204931,701.4147464717151,1022.8,664.1
4894,6725,32.996676611314584,946.8528402204931,701.4147464717151,1022.8,664.1
4895,6726,32.996676611314584,946.8528402204931,701.4147464717151,1022.8,664.1
4896,6727,32.996676611314584,946.8528402204931,701.4147464717151,1022.8,664.1
4897,6728,32.996676611314584,946.8528402204931,701.4147464717151,1022.8,664.1
4898,6729,32.996676611314584,946.8528402204931,701.4147464717151,1022.8,664.1
4899,6730,32.996676611314584,946.8528402204931,701.4147464717151,1022.8,664.1
4900,6731,32.996676611314584,946.8528402204931,701.4147464717151,1022.8,664.1
4901,6732,32.996676611314584,946.8528402204931,701.4147464717151,1022.8,664.1
4902,6733,32.996676611314584,946.8528402204931,701.4147464717151,1022.8,664.1
4903,6734,32.996676611314584,946.8528402204931,701.4147464717151,1022.8,664.1
4904,6735,32.996676611314584,946.8528402204931,701.4147464717151,1022.8,664.1
4905,6736,32.996676611314584,946.8528402204931,701.4147464717151,1021.0272727272727,660.3363636363637
4906,6737,32.996676611314584,946.8528402204931,701.4147464717151,1019.2545454545455,656.5727272727273
4907,6738,32.996676611314584,946.8528402204931,701.4147464717151,1017.4818181818181,652.809090909091
4908,6739,32.996676611314584,946.8528402204931,701.4147464717151,1015.7090909090908,649.0454545454546
4909,6740,32.996676611314584,946.8528402204931,701.4147464717151,1013.9363636363636,645.2818181818183
4910,6741,32.996676611314584,946.8528402204931,701.4147464717151,1012.1636363636363,641.5181818181818
4911,6742,32.996676611314584,946.8528402204931,701.4147464717151,1010.3909090909091,637.7545454545455
4912,6743,32.996676611314584,946.8528402204931,701.4147464717151,1008.6181818181818,633.9909090909091
4913,6744,32.996676611314584,946.8528402204931,701.4147464717151,1006.8454545454545,630.2272727272727
4914,6745,32.996676611314584,946.8528402204931,701.4147464717151,1005.0727272727272,626.4636363636364
4915,6746,32.996676611314584,946.8528402204931,701.4147464717151,1003.3,622.7
4916,6747,32.996676611314584,946.8528402204931,701.4147464717151,1003.3,622.7
4917,6748,32.996676611314584,946.8528402204931,701.4147464717151,1003.3,622.7
4918,6749,32.996676611314584,946.8528402204931,701.4147464717151,1003.3,622.7
4919,6750,32.996676611314584,946.8528402204931,701.4147464717151,1003.3,622.7
4920,6751,32.996676611314584,946.8528402204931,701.4147464717151,1003.3,622.7
4921,6752,32.996676611314584,946.8528402204931,701.4147464717151,1003.3,622.7
4922,6753,32.996676611314584,946.8528402204931,701.4147464717151,1003.3,622.7
4923,6754,32.996676611314584,946.8528402204931,701.4147464717151,1003.3,622.7
4924,6755,32.996676611314584,946.8528402204931,701.4147464717151,1003.3,622.7
4925,6756,32.996676611314584,946.8528402204931,701.4147464717151,1003.3,622.7
4926,6757,32.996676611314584,946.8528402204931,701.4147464717151,1003.3,622.7
4927,6758,32.996676611314584,946.8528402204931,701.4147464717151,1003.3,622.7
4928,6759,32.996676611314584,946.8528402204931,701.4147464717151,1003.3,622.7
4929,6760,32.996676611314584,946.8528402204931,701.4147464717151,1003.3,622.7
4930,6761,32.996676611314584,946.8528402204931,701.4147464717151,1003.3,622.7
4931,6762,32.996676611314584,946.8528402204931,701.4147464717151,1003.3,622.7
4932,6763,32.996676611314584,946.8528402204931,701.4147464717151,1003.3,622.7
4933,6764,32.996676611314584,946.8528402204931,701.4147464717151,1003.3,622.7
4934,6765,32.996676611314584,946.8528402204931,701.4147464717151,1003.3,622.7
4935,6766,32.996676611314584,946.8528402204931,701.4147464717151,1003.3,622.7
4936,6767,32.996676611314584,946.8528402204931,701.4147464717151,1003.3,622.7
4937,6768,32.996676611314584,946.8528402204931,701.4147464717151,1003.3,622.7
4938,6769,32.996676611314584,946.8528402204931,701.4147464717151,1003.3,622.7
4939,6770,32.996676611314584,946.8528402204931,701.4147464717151,1003.3,622.7
4940,6771,32.996676611314584,946.8528402204931,701.4147464717151,1003.3,622.7
4941,6772,32.996676611314584,946.8528402204931,701.4147464717151,1003.3,622.7
4942,6773,32.996676611314584,946.8528402204931,701.4147464717151,1003.3,622.7
4943,6774,32.996676611314584,946.8528402204931,701.4147464717151,1003.3,622.7
4944,6775,32.996676611314584,946.8528402204931,701.4147464717151,1003.3,622.7
4945,6776,32.996676611314584,946.8528402204931,701.4147464717151,1003.3,622.7
4946,6777,32.996676611314584,946.8528402204931,701.4147464717151,1003.3,622.7
4947,6778,32.996676611314584,925.8528402204931,509.41474647171515,1003.3,622.7
4948,6779,32.996676611314584,925.8528402204931,509.41474647171515,1003.3,622.7
4949,6780,32.996676611314584,925.8528402204931,509.41474647171515,1003.3,622.7
4950,6781,32.996676611314584,925.8528402204931,509.41474647171515,1003.3,622.7
4951,6782,32.996676611314584,925.8528402204931,509.41474647171515,1003.3,622.7
4952,6783,32.996676611314584,925.8528402204931,509.41474647171515,1003.3,622.7
4953,6784,32.996676611314584,925.8528402204931,509.41474647171515,1003.3,622.7
4954,6785,32.996676611314584,925.8528402204931,509.41474647171515,1003.3,622.7
4955,6786,32.996676611314584,925.8528402204931,509.41474647171515,1003.3,622.7
4956,6787,32.996676611314584,925.8528402204931,509.41474647171515,1003.3,622.7
4957,6788,32.996676611314584,925.8528402204931,509.41474647171515,1003.3,622.7
4958,6789,32.996676611314584,925.8528402204931,509.41474647171515,1003.3,622.7
4959,6790,32.996676611314584,925.8528402204931,509.41474647171515,1003.3,622.7
4960,6791,32.996676611314584,925.8528402204931,509.41474647171515,1003.3,622.7
4961,6792,32.996676611314584,925.8528402204931,509.41474647171515,1003.3,622.7
4962,6793,32.996676611314584,925.8528402204931,509.41474647171515,1003.3,622.7
4963,6794,32.996676611314584,925.8528402204931,509.41474647171515,1003.3,622.7
4964,6795,32.996676611314584,925.8528402204931,509.41474647171515,1003.3,622.7
4965,6796,32.996676611314584,925.8528402204931,509.41474647171515,1003.3,622.7
4966,6797,32.996676611314584,925.8528402204931,509.41474647171515,1003.3,622.7
4967,6798,32.996676611314584,925.8528402204931,509.41474647171515,1003.3,622.7
4968,6799,32.996676611314584,925.8528402204931,509.41474647171515,1003.3,622.7
4969,6800,32.996676611314584,925.8528402204931,509.41474647171515,1003.3,622.7
4970,6801,32.996676611314584,925.8528402204931,509.41474647171515,1003.3,622.7
4971,6802,32.996676611314584,925.8528402204931,509.41474647171515,1003.3,622.7
4972,6803,32.996676611314584,925.8528402204931,509.41474647171515,1003.3,622.7
4973,6804,32.996676611314584,925.8528402204931,509.41474647171515,1003.3,622.7
4974,6805,32.996676611314584,925.8528402204931,509.41474647171515,1003.3,622.7
4975,6806,32.996676611314584,925.8528402204931,509.41474647171515,1003.3,622.7
4976,6807,32.996676611314584,925.8528402204931,509.41474647171515,1003.3,622.7
4977,6808,32.996676611314584,925.8528402204931,509.41474647171515,1003.3,622.7
4978,6809,32.996676611314584,925.8528402204931,509.41474647171515,1003.3,622.7
4979,6810,32.996676611314584,925.8528402204931,509.41474647171515,1003.3,622.7
4980,6811,32.996676611314584,925.8528402204931,509.41474647171515,1003.3,622.7
4981,6812,32.996676611314584,925.8528402204931,509.41474647171515,1003.3,622.7
4982,6813,32.996676611314584,925.8528402204931,509.41474647171515,1003.3,622.7
4983,6814,32.996676611314584,925.8528402204931,509.41474647171515,1003.3,622.7
4984,6815,32.996676611314584,925.8528402204931,509.41474647171515,1003.3,622.7
4985,6816,32.996676611314584,925.8528402204931,509.41474647171515,1003.3,622.7
4986,6817,32.996676611314584,925.8528402204931,509.41474647171515,1003.3,622.7
4987,6818,32.996676611314584,925.8528402204931,509.41474647171515,1003.3,622.7
4988,6819,32.996676611314584,925.8528402204931,509.41474647171515,1003.3,622.7
4989,6820,32.996676611314584,925.8528402204931,509.41474647171515,1003.3,622.7
4990,6821,32.996676611314584,925.8528402204931,509.41474647171515,1003.3,622.7
4991,6822,32.996676611314584,925.8528402204931,509.41474647171515,1003.3,622.7
4992,6823,32.996676611314584,925.8528402204931,509.41474647171515,1003.3,622.7
4993,6824,32.996676611314584,925.8528402204931,509.41474647171515,1003.3,622.7
4994,6825,32.996676611314584,925.8528402204931,509.41474647171515,1003.3,622.7
4995,6826,32.996676611314584,925.8528402204931,509.41474647171515,1003.3,622.7
4996,6827,32.996676611314584,925.8528402204931,509.41474647171515,1003.3,622.7
4997,6828,32.996676611314584,925.8528402204931,509.41474647171515,1003.3,622.7
4998,6829,32.996676611314584,925.8528402204931,509.41474647171515,1003.3,622.7
4999,6830,32.996676611314584,925.8528402204931,509.41474647171515,1003.3,622.7
5000,6831,32.996676611314584,925.8528402204931,509.41474647171515,1003.3,622.7
5001,6832,32.996676611314584,925.8528402204931,509.41474647171515,1003.3,622.7
5002,6833,32.996676611314584,925.8528402204931,509.41474647171515,1003.3,622.7
5003,6834,32.996676611314584,925.8528402204931,509.41474647171515,1003.3,622.7
5004,6835,32.996676611314584,925.8528402204931,509.41474647171515,1003.3,622.7
5005,6836,32.996676611314584,925.8528402204931,509.41474647171515,1003.3,622.7
5006,6837,32.996676611314584,925.8528402204931,509.41474647171515,1003.3,622.7
5007,6838,32.996676611314584,925.8528402204931,509.41474647171515,1003.3,622.7
5008,6839,32.996676611314584,925.8528402204931,509.41474647171515,1003.3,622.7
5009,6840,32.996676611314584,925.8528402204931,509.41474647171515,1003.3,622.7
5010,6841,32.996676611314584,925.8528402204931,509.41474647171515,1003.3,622.7
5011,6842,32.996676611314584,925.8528402204931,509.41474647171515,1003.3,622.7
5012,6843,32.996676611314584,925.8528402204931,509.41474647171515,1003.3,622.7
5013,6844,32.996676611314584,925.8528402204931,509.41474647171515,1003.3,622.7
5014,6845,32.996676611314584,925.8528402204931,509.41474647171515,1003.3,622.7
5015,6846,32.996676611314584,925.8528402204931,509.41474647171515,1003.3,622.7
5016,6847,32.996676611314584,925.8528402204931,509.41474647171515,1003.3,622.7
5017,6848,32.996676611314584,925.8528402204931,509.41474647171515,1003.3,622.7
5018,6849,32.996676611314584,925.8528402204931,509.41474647171515,1003.3,622.7
5019,6850,32.996676611314584,925.8528402204931,509.41474647171515,1003.3,622.7
5020,6851,32.996676611314584,925.8528402204931,509.41474647171515,1003.3,622.7
5021,6852,32.996676611314584,925.8528402204931,509.41474647171515,1003.3,622.7
5022,6853,32.996676611314584,925.8528402204931,509.41474647171515,1003.3,622.7
5023,6854,32.996676611314584,925.8528402204931,509.41474647171515,1003.3,622.7
5024,6855,32.996676611314584,925.8528402204931,509.41474647171515,1003.3,622.7
5025,6856,32.996676611314584,925.8528402204931,509.41474647171515,1003.3,622.7
5026,6857,32.996676611314584,925.8528402204931,509.41474647171515,1003.3,622.7
5027,6858,32.996676611314584,925.8528402204931,509.41474647171515,1003.3,622.7
5028,6859,32.996676611314584,925.8528402204931,509.41474647171515,1003.3,622.7
5029,6860,32.996676611314584,925.8528402204931,509.41474647171515,1003.3,622.7
5030,6861,32.996676611314584,925.8528402204931,509.41474647171515,1003.3,622.7
5031,6862,32.996676611314584,925.8528402204931,509.41474647171515,1003.3,622.7
5032,6863,32.996676611314584,925.8528402204931,509.41474647171515,1003.3,622.7
5033,6864,32.996676611314584,925.8528402204931,509.41474647171515,1003.3,622.7
5034,6865,32.996676611314584,925.8528402204931,509.41474647171515,1003.3,622.7
5035,6866,32.996676611314584,925.8528402204931,509.41474647171515,1003.3,622.7
5036,6867,32.996676611314584,925.8528402204931,509.41474647171515,1003.3,622.7
5037,6868,32.996676611314584,925.8528402204931,509.41474647171515,1003.3,622.7
5038,6869,32.996676611314584,925.8528402204931,509.41474647171515,1003.3,622.7
5039,6870,32.996676611314584,925.8528402204931,509.41474647171515,1003.3,622.7
5040,6871,32.996676611314584,925.8528402204931,509.41474647171515,1003.3,622.7
5041,6872,32.996676611314584,925.8528402204931,509.41474647171515,1003.3,622.7
5042,6873,32.996676611314584,925.8528402204931,509.41474647171515,1003.3,622.7
5043,6874,32.996676611314584,925.8528402204931,509.41474647171515,1003.3,622.7
5044,6875,32.996676611314584,925.8528402204931,509.41474647171515,1003.3,622.7
5045,6876,32.996676611314584,925.8528402204931,509.41474647171515,1003.3,622.7
5046,6877,32.996676611314584,925.8528402204931,509.41474647171515,1003.3,622.7
5047,6878,32.996676611314584,925.8528402204931,509.41474647171515,1003.3,622.7
5048,6879,32.996676611314584,925.8528402204931,509.41474647171515,1003.3,622.7
5049,6880,32.996676611314584,925.8528402204931,509.41474647171515,1003.3,622.7
5050,6881,32.996676611314584,925.8528402204931,509.41474647171515,1003.3,622.7
5051,6882,32.996676611314584,925.8528402204931,509.41474647171515,1003.3,622.7
5052,6883,32.996676611314584,925.8528402204931,509.41474647171515,1003.3,622.7
5053,6884,32.996676611314584,925.8528402204931,509.41474647171515,1003.3,622.7
5054,6885,32.996676611314584,925.8528402204931,509.41474647171515,1003.3,622.7
5055,6886,32.996676611314584,925.8528402204931,509.41474647171515,1003.3,622.7
5056,6887,32.996676611314584,925.8528402204931,509.41474647171515,1003.3,622.7
5057,6888,32.996676611314584,925.8528402204931,509.41474647171515,1003.3,622.7
5058,6889,32.996676611314584,925.8528402204931,509.41474647171515,1003.3,622.7
5059,6890,32.996676611314584,925.8528402204931,509.41474647171515,988.7578947368421,618.2526315789474
5060,6891,32.996676611314584,925.8528402204931,509.41474647171515,974.2157894736841,613.8052631578947
5061,6892,32.996676611314584,925.8528402204931,509.41474647171515,959.6736842105263,609.3578947368421
5062,6893,32.996676611314584,925.8528402204931,509.41474647171515,945.1315789473683,604.9105263157895
5063,6894,32.996676611314584,925.8528402204931,509.41474647171515,930.5894736842105,600.4631578947369
5064,6895,32.996676611314584,925.8528402204931,509.41474647171515,916.0473684210526,596.0157894736842
5065,6896,32.996676611314584,925.8528402204931,509.41474647171515,901.5052631578947,591.5684210526316
5066,6897,32.996676611314584,925.8528402204931,509.41474647171515,886.9631578947368,587.121052631579
5067,6898,32.996676611314584,925.8528402204931,509.41474647171515,872.421052631579,582.6736842105264
5068,6899,32.996676611314584,925.8528402204931,509.41474647171515,857.878947368421,578.2263157894737
5069,6900,32.996676611314584,925.8528402204931,509.41474647171515,843.3368421052631,573.7789473684211
5070,6901,32.996676611314584,925.8528402204931,509.41474647171515,828.7947368421053,569.3315789473685
5071,6902,32.996676611314584,925.8528402204931,509.41474647171515,814.2526315789473,564.8842105263159
5072,6903,32.996676611314584,925.8528402204931,509.41474647171515,799.7105263157895,560.4368421052632
5073,6904,32.996676611314584,925.8528402204931,509.41474647171515,785.1684210526316,555.9894736842106
5074,6905,32.996676611314584,925.8528402204931,509.41474647171515,770.6263157894737,551.542105263158
5075,6906,32.996676611314584,925.8528402204931,509.41474647171515,756.0842105263157,547.0947368421052
5076,6907,32.996676611314584,925.8528402204931,509.41474647171515,741.5421052631579,542.6473684210526
5077,6908,32.996676611314584,925.8528402204931,509.41474647171515,727.0,538.2
5078,6909,32.996676611314584,925.8528402204931,509.41474647171515,727.0,538.2
5079,6910,32.996676611314584,925.8528402204931,509.41474647171515,727.0,538.2
5080,6911,32.996676611314584,925.8528402204931,509.41474647171515,727.0,538.2
5081,6912,32.996676611314584,925.8528402204931,509.41474647171515,727.0,538.2
5082,6913,32.996676611314584,925.8528402204931,509.41474647171515,727.0,538.2
5082,6914,32.996676611314584,925.8528402204931,509.41474647171515,727.0,538.2
5082,6915,32.996676611314584,925.8528402204931,509.41474647171515,727.0,538.2
5082,6916,32.996676611314584,925.8528402204931,509.41474647171515,727.0,538.2
5082,6917,32.996676611314584,925.8528402204931,509.41474647171515,727.0,538.2
5082,6918,32.996676611314584,925.8528402204931,509.41474647171515,727.0,538.2
5082,6919,32.996676611314584,925.8528402204931,509.41474647171515,727.0,538.2
5082,6920,32.996676611314584,925.8528402204931,509.41474647171515,727.0,538.2
5082,6921,32.996676611314584,925.8528402204931,509.41474647171515,727.0,538.2
5082,6922,32.996676611314584,925.8528402204931,509.41474647171515,727.0,538.2
5082,6923,32.996676611314584,925.8528402204931,509.41474647171515,727.0,538.2
5082,6924,32.996676611314584,925.8528402204931,509.41474647171515,727.0,538.2
5082,6925,32.996676611314584,925.8528402204931,509.41474647171515,727.0,538.2
5082,6926,32.996676611314584,925.8528402204931,509.41474647171515,727.0,538.2
5082,6927,32.996676611314584,925.8528402204931,509.41474647171515,727.0,538.2
5082,6928,32.996676611314584,925.8528402204931,509.41474647171515,727.0,538.2
5082,6929,32.996676611314584,925.8528402204931,509.41474647171515,727.0,538.2
5082,6930,32.996676611314584,925.8528402204931,509.41474647171515,727.0,538.2
5082,6931,32.996676611314584,925.8528402204931,509.41474647171515,727.0,538.2
5082,6932,32.996676611314584,925.8528402204931,509.41474647171515,727.0,538.2
5082,6933,32.996676611314584,925.8528402204931,509.41474647171515,727.0,538.2
5082,6934,32.996676611314584,925.8528402204931,509.41474647171515,727.0,538.2
5082,6935,32.996676611314584,925.8528402204931,509.41474647171515,727.0,538.2
5082,6936,32.996676611314584,925.8528402204931,509.41474647171515,727.0,538.2
5082,6937,32.996676611314584,925.8528402204931,509.41474647171515,727.0,538.2
5082,6938,32.996676611314584,925.8528402204931,509.41474647171515,727.0,538.2
5082,6939,32.996676611314584,925.8528402204931,509.41474647171515,727.0,538.2
5082,6940,32.996676611314584,925.8528402204931,509.41474647171515,727.0,538.2
5082,6941,32.996676611314584,925.8528402204931,509.41474647171515,727.0,538.2
5082,6942,32.996676611314584,925.8528402204931,509.41474647171515,727.0,538.2
5082,6943,32.996676611314584,925.8528402204931,509.41474647171515,727.0,538.2
5082,6944,32.996676611314584,925.8528402204931,509.41474647171515,727.0,538.2
5082,6945,32.996676611314584,925.8528402204931,509.41474647171515,727.0,538.2
5082,6946,32.996676611314584,925.8528402204931,509.41474647171515,727.0,538.2
5082,6947,32.996676611314584,925.8528402204931,509.41474647171515,727.0,538.2
5082,6948,32.996676611314584,925.8528402204931,509.41474647171515,727.0,538.2
5082,6949,32.996676611314584,925.8528402204931,509.41474647171515,727.0,538.2
5082,6950,32.996676611314584,925.8528402204931,509.41474647171515,727.0,538.2
5082,6951,32.996676611314584,925.8528402204931,509.41474647171515,727.0,538.2
5082,6952,32.996676611314584,925.8528402204931,509.41474647171515,727.0,538.2
5082,6953,32.996676611314584,925.8528402204931,509.41474647171515,727.0,538.2
5082,6954,32.996676611314584,925.8528402204931,509.41474647171515,727.0,538.2
5082,6955,32.996676611314584,925.8528402204931,509.41474647171515,727.0,538.2
5082,6956,32.996676611314584,925.8528402204931,509.41474647171515,727.0,538.2
5082,6957,32.996676611314584,925.8528402204931,509.41474647171515,727.0,538.2
5082,6958,32.996676611314584,925.8528402204931,509.41474647171515,727.0,538.2
5082,6959,32.996676611314584,925.8528402204931,509.41474647171515,727.0,538.2
5082,6960,32.996676611314584,925.8528402204931,509.41474647171515,727.0,538.2
5082,6961,32.996676611314584,925.8528402204931,509.41474647171515,727.0,538.2
5082,6962,32.996676611314584,925.8528402204931,509.41474647171515,727.0,538.2
5082,6963,32.996676611314584,925.8528402204931,509.41474647171515,727.0,538.2
5082,6964,32.996676611314584,925.8528402204931,509.41474647171515,727.0,538.2
5082,6965,32.996676611314584,925.8528402204931,509.41474647171515,727.0,538.2
5082,6966,32.996676611314584,925.8528402204931,509.41474647171515,727.0,538.2
5082,6967,32.996676611314584,925.8528402204931,509.41474647171515,727.0,538.2
5082,6968,32.996676611314584,925.8528402204931,509.41474647171515,727.0,538.2
5082,6969,32.996676611314584,925.8528402204931,509.41474647171515,727.0,538.2
5082,6970,32.996676611314584,925.8528402204931,509.41474647171515,727.0,538.2
5082,6971,32.996676611314584,925.8528402204931,509.41474647171515,727.0,538.2
5082,6972,32.996676611314584,925.8528402204931,509.41474647171515,727.0,538.2
5082,6973,32.996676611314584,925.8528402204931,509.41474647171515,727.0,538.2
5082,6974,32.996676611314584,925.8528402204931,509.41474647171515,727.0,538.2
5082,6975,32.996676611314584,925.8528402204931,509.41474647171515,727.0,538.2
5082,6976,32.996676611314584,925.8528402204931,509.41474647171515,727.0,538.2
5082,6977,32.996676611314584,925.8528402204931,509.41474647171515,727.0,538.2
5082,6978,32.996676611314584,925.8528402204931,509.41474647171515,727.0,538.2
5082,6979,32.996676611314584,602.8528402204931,631.4147464717151,727.0,538.2
5082,6980,32.996676611314584,602.8528402204931,631.4147464717151,727.0,538.2
5082,6981,32.996676611314584,602.8528402204931,631.4147464717151,727.0,538.2
5082,6982,32.996676611314584,602.8528402204931,631.4147464717151,727.0,538.2
5082,6983,32.996676611314584,602.8528402204931,631.4147464717151,727.0,538.2
5082,6984,32.996676611314584,602.8528402204931,631.4147464717151,727.0,538.2
5082,6985,32.996676611314584,602.8528402204931,631.4147464717151,727.0,538.2
5082,6986,32.996676611314584,602.8528402204931,631.4147464717151,727.0,538.2
5082,6987,32.996676611314584,602.8528402204931,631.4147464717151,727.0,538.2
5082,6988,32.996676611314584,602.8528402204931,631.4147464717151,727.0,538.2
5082,6989,32.996676611314584,602.8528402204931,631.4147464717151,727.0,538.2
5082,6990,32.996676611314584,602.8528402204931,631.4147464717151,727.0,538.2
5082,6991,32.996676611314584,602.8528402204931,631.4147464717151,727.0,538.2
5082,6992,32.996676611314584,602.8528402204931,631.4147464717151,727.0,538.2
5082,6993,32.996676611314584,602.8528402204931,631.4147464717151,727.0,538.2
5082,6994,32.996676611314584,602.8528402204931,631.4147464717151,727.0,538.2
5082,6995,31.62966175746393,602.8528402204931,631.4147464717151,727.0,538.2
5082,6996,31.678258042486387,602.8528402204931,631.4147464717151,727.0,538.2
5082,6997,33.136237815057015,602.8528402204931,631.4147464717151,727.0,538.2
5082,6998,35.83197140376933,602.8528402204931,631.4147464717151,727.0,538.2
5082,6999,39.51293189627859,602.8528402204931,631.4147464717151,727.0,538.2
5082,7000,43.93216468163423,602.8528402204931,631.4147464717151,727.0,538.2
5082,7001,48.88987721812559,602.8528402204931,631.4147464717151,727.0,538.2
5082,7002,54.23860976654385,602.8528402204931,631.4147464717151,727.0,538.2
5082,7003,59.87366014055211,602.8528402204931,631.4147464717151,727.0,538.2
5082,7004,65.72142163754621,602.8528402204931,631.4147464717151,727.0,538.2
5082,7005,71.7298894444205,602.8528402204931,631.4147464717151,727.0,538.2
5082,7006,77.86186814848668,602.8528402204931,631.4147464717151,727.0,538.2
5082,7007,84.09034235660324,602.8528402204931,631.4147464717151,727.0,538.2
5082,7008,90.39536790092752,602.8528402204931,631.4147464717151,727.0,538.2
5082,7009,96.76198164802226,602.8528402204931,631.4147464717151,727.0,538.2
5083,7010,97.26889752675783,602.8528402204931,631.4147464717151,727.0,538.2
5084,7011,90.51029276431254,602.8528402204931,631.4147464717151,727.0,538.2
5085,7012,83.75207138159082,602.8528402204931,631.4147464717151,727.0,538.2
5085,7013,76.99433433277724,602.8528402204931,631.4147464717151,727.0,538.2
5086,7014,70.23722141573342,602.8528402204931,631.4147464717151,727.0,538.2
5087,7015,63.480931934502316,602.8528402204931,631.4147464717151,727.0,538.2
5088,7016,56.72576011441309,602.8528402204931,631.4147464717151,727.0,538.2
5089,7017,56.72576011441309,602.8528402204931,631.4147464717151,727.0,538.2
5090,7018,56.72576011441309,602.8528402204931,631.4147464717151,727.0,538.2
5091,7019,56.72576011441309,602.8528402204931,631.4147464717151,727.0,538.2
5092,7020,56.72576011441309,602.8528402204931,631.4147464717151,727.0,538.2
5093,7021,56.72576011441309,602.8528402204931,631.4147464717151,727.0,538.2
5094,7022,56.72576011441309,602.8528402204931,631.4147464717151,727.0,538.2
5095,7023,56.72576011441309,602.8528402204931,631.4147464717151,727.0,538.2
5096,7024,56.72576011441309,602.8528402204931,631.4147464717151,727.0,538.2
5097,7025,56.72576011441309,602.8528402204931,631.4147464717151,727.0,538.2
5098,7026,56.72576011441309,602.8528402204931,631.4147464717151,727.0,538.2
5099,7027,56.72576011441309,602.8528402204931,631.4147464717151,727.0,538.2
5100,7028,56.72576011441309,602.8528402204931,631.4147464717151,727.0,538.2
5101,7029,56.72576011441309,602.8528402204931,631.4147464717151,727.0,538.2
5102,7030,56.72576011441309,602.8528402204931,631.4147464717151,727.0,538.2
5103,7031,56.72576011441309,602.8528402204931,631.4147464717151,727.0,538.2
5104,7032,56.72576011441309,602.8528402204931,631.4147464717151,727.0,538.2
5105,7033,56.72576011441309,602.8528402204931,631.4147464717151,727.0,538.2
5106,7034,56.72576011441309,602.8528402204931,631.4147464717151,727.0,538.2
5107,7035,56.72576011441309,602.8528402204931,631.4147464717151,727.0,538.2
5108,7036,56.72576011441309,602.8528402204931,631.4147464717151,727.0,538.2
5109,7037,56.72576011441309,602.8528402204931,631.4147464717151,727.0,538.2
5110,7038,56.72576011441309,602.8528402204931,631.4147464717151,727.0,538.2
5111,7039,56.72576011441309,602.8528402204931,631.4147464717151,727.0,538.2
5112,7040,56.72576011441309,602.8528402204931,631.4147464717151,727.0,538.2
5113,7041,56.72576011441309,602.8528402204931,631.4147464717151,727.0,538.2
5114,7042,56.72576011441309,602.8528402204931,631.4147464717151,727.0,538.2
5115,7043,56.72576011441309,602.8528402204931,631.4147464717151,727.0,538.2
5116,7044,56.72576011441309,602.8528402204931,631.4147464717151,727.0,538.2
5117,7045,56.72576011441309,602.8528402204931,631.4147464717151,727.0,538.2
5118,7046,56.72576011441309,602.8528402204931,631.4147464717151,727.0,538.2
5119,7047,56.72576011441309,602.8528402204931,631.4147464717151,727.0,538.2
5120,7048,56.72576011441309,602.8528402204931,631.4147464717151,727.0,538.2
5121,7049,56.72576011441309,602.8528402204931,631.4147464717151,727.0,538.2
5122,7050,56.72576011441309,602.8528402204931,631.4147464717151,737.2227272727273,533.709090909091
5123,7051,56.72576011441309,602.8528402204931,631.4147464717151,747.4454545454546,529.2181818181818
5124,7052,56.72576011441309,602.8528402204931,631.4147464717151,757.6681818181818,524.7272727272727
5125,7053,56.72576011441309,602.8528402204931,631.4147464717151,767.8909090909091,520.2363636363636
5126,7054,56.72576011441309,602.8528402204931,631.4147464717151,778.1136363636364,515.7454545454545
5127,7055,56.72576011441309,602.8528402204931,631.4147464717151,788.3363636363637,511.2545454545455
5128,7056,56.72576011441309,602.8528402204931,631.4147464717151,798.5590909090909,506.7636363636364
5129,7057,56.72576011441309,602.8528402204931,631.4147464717151,808.7818181818182,502.2727272727273
5130,7058,56.72576011441309,602.8528402204931,631.4147464717151,819.0045454545455,497.7818181818182
5131,7059,56.72576011441309,602.8528402204931,631.4147464717151,829.2272727272727,493.2909090909091
5132,7060,56.72576011441309,602.8528402204931,631.4147464717151,839.4499999999999,488.8
5133,7061,56.72576011441309,602.8528402204931,631.4147464717151,849.6727272727272,484.3090909090909
5134,7062,56.72576011441309,602.8528402204931,631.4147464717151,859.8954545454545,479.8181818181818
5135,7063,56.72576011441309,602.8528402204931,631.4147464717151,870.1181818181818,475.3272727272727
5136,7064,56.72576011441309,602.8528402204931,631.4147464717151,880.340909090909,470.83636363636367
5137,7065,56.72576011441309,602.8528402204931,631.4147464717151,890.5636363636363,466.3454545454546
5138,7066,56.72576011441309,602.8528402204931,631.4147464717151,900.7863636363636,461.8545454545455
5139,7067,56.72576011441309,602.8528402204931,631.4147464717151,911.0090909090909,457.3636363636364
5140,7068,56.72576011441309,602.8528402204931,631.4147464717151,921.2318181818182,452.8727272727273
5141,7069,56.72576011441309,602.8528402204931,631.4147464717151,931.4545454545454,448.3818181818182
5142,7070,56.72576011441309,602.8528402204931,631.4147464717151,941.6772727272727,443.8909090909091
5143,7071,56.72576011441309,602.8528402204931,631.4147464717151,951.9,439.4
5144,7072,56.72576011441309,602.8528402204931,631.4147464717151,951.9,439.4
5145,7073,56.72576011441309,602.8528402204931,631.4147464717151,951.9,439.4
5146,7074,56.72576011441309,602.8528402204931,631.4147464717151,951.9,439.4
5147,7075,56.72576011441309,602.8528402204931,631.4147464717151,951.9,439.4
5148,7076,56.72576011441309,602.8528402204931,631.4147464717151,951.9,439.4
5149,7077,56.72576011441309,602.8528402204931,631.4147464717151,951.9,439.4
5150,7078,56.72576011441309,602.8528402204931,631.4147464717151,951.9,439.4
5151,7079,56.72576011441309,602.8528402204931,631.4147464717151,951.9,439.4
5152,7080,56.72576011441309,602.8528402204931,631.4147464717151,951.9,439.4
5153,7081,56.72576011441309,602.8528402204931,631.4147464717151,951.9,439.4
5154,7082,56.72576011441309,602.8528402204931,631.4147464717151,951.9,439.4
5155,7083,56.72576011441309,602.8528402204931,631.4147464717151,951.9,439.4
5156,7084,56.72576011441309,602.8528402204931,631.4147464717151,951.9,439.4
5157,7085,56.72576011441309,602.8528402204931,631.4147464717151,951.9,439.4
5158,7086,56.72576011441309,602.8528402204931,631.4147464717151,951.9,439.4
5159,7087,56.72576011441309,602.8528402204931,631.4147464717151,951.9,439.4
5160,7088,56.72576011441309,602.8528402204931,631.4147464717151,951.9,439.4
5161,7089,56.72576011441309,602.8528402204931,631.4147464717151,951.9,439.4
5162,7090,56.72576011441309,602.8528402204931,631.4147464717151,951.9,439.4
5163,7091,56.72576011441309,602.8528402204931,631.4147464717151,951.9,439.4
5164,7092,56.72576011441309,602.8528402204931,631.4147464717151,951.9,439.4
5165,7093,56.72576011441309,602.8528402204931,631.4147464717151,951.9,439.4
5166,7094,56.72576011441309,602.8528402204931,631.4147464717151,951.9,439.4
5167,7095,56.72576011441309,602.8528402204931,631.4147464717151,951.9,439.4
5168,7096,56.72576011441309,602.8528402204931,631.4147464717151,951.9,439.4
5169,7097,56.72576011441309,602.8528402204931,631.4147464717151,951.9,439.4
5170,7098,56.72576011441309,602.8528402204931,631.4147464717151,951.9,439.4
5171,7099,56.72576011441309,602.8528402204931,631.4147464717151,951.9,439.4
5172,7100,56.72576011441309,602.8528402204931,631.4147464717151,951.9,439.4
5173,7101,56.72576011441309,602.8528402204931,631.4147464717151,951.9,439.4
5174,7102,56.72576011441309,602.8528402204931,631.4147464717151,951.9,439.4
5175,7103,56.72576011441309,602.8528402204931,631.4147464717151,951.9,439.4
5176,7104,56.72576011441309,602.8528402204931,631.4147464717151,951.9,439.4
5177,7105,56.72576011441309,602.8528402204931,631.4147464717151,951.9,439.4
5178,7106,56.72576011441309,602.8528402204931,631.4147464717151,951.9,439.4
5179,7107,56.72576011441309,602.8528402204931,631.4147464717151,951.9,439.4
5180,7108,56.72576011441309,602.8528402204931,631.4147464717151,951.9,439.4
5181,7109,56.72576011441309,602.8528402204931,631.4147464717151,951.9,439.4
5182,7110,56.72576011441309,602.8528402204931,631.4147464717151,951.9,439.4
5183,7111,56.72576011441309,602.8528402204931,631.4147464717151,951.9,439.4
5184,7112,56.72576011441309,768.8528402204931,673.4147464717151,951.9,439.4
5185,7113,56.72576011441309,768.8528402204931,673.4147464717151,951.9,439.4
5186,7114,56.72576011441309,768.8528402204931,673.4147464717151,951.9,439.4
5187,7115,56.72576011441309,768.8528402204931,673.4147464717151,951.9,439.4
5188,7116,56.72576011441309,768.8528402204931,673.4147464717151,951.9,439.4
5189,7117,56.72576011441309,768.8528402204931,673.4147464717151,951.9,439.4
5190,7118,56.72576011441309,768.8528402204931,673.4147464717151,951.9,439.4
5191,7119,56.72576011441309,768.8528402204931,673.4147464717151,951.9,439.4
5192,7120,56.72576011441309,768.8528402204931,673.4147464717151,951.9,439.4
5193,7121,56.72576011441309,768.8528402204931,673.4147464717151,951.9,439.4
5194,7122,56.72576011441309,768.8528402204931,673.4147464717151,951.9,439.4
5195,7123,56.72576011441309,768.8528402204931,673.4147464717151,951.9,439.4
5196,7124,56.72576011441309,768.8528402204931,673.4147464717151,951.9,439.4
5197,7125,56.72576011441309,768.8528402204931,673.4147464717151,951.9,439.4
5198,7126,56.72576011441309,768.8528402204931,673.4147464717151,951.9,439.4
5199,7127,56.72576011441309,768.8528402204931,673.4147464717151,951.9,439.4
5200,7128,56.72576011441309,768.8528402204931,673.4147464717151,951.9,439.4
5201,7129,56.72576011441309,768.8528402204931,673.4147464717151,951.9,439.4
5202,7130,56.72576011441309,768.8528402204931,673.4147464717151,951.9,439.4
5203,7131,56.72576011441309,768.8528402204931,673.4147464717151,951.9,439.4
5204,7132,56.72576011441309,768.8528402204931,673.4147464717151,951.9,439.4
5205,7133,56.72576011441309,768.8528402204931,673.4147464717151,951.9,439.4
5206,7134,56.72576011441309,768.8528402204931,673.4147464717151,951.9,439.4
5207,7135,56.72576011441309,768.8528402204931,673.4147464717151,951.9,439.4
5208,7136,56.72576011441309,768.8528402204931,673.4147464717151,951.9,439.4
5209,7137,46.87238560777527,768.8528402204931,673.4147464717151,951.9,439.4
5210,7138,38.42869640683389,768.8528402204931,673.4147464717151,951.9,439.4
5211,7139,32.512219017652555,768.8528402204931,673.4147464717151,951.9,439.4
5212,7140,30.624492915534027,768.8528402204931,673.4147464717151,951.9,439.4
5213,7140,30.624492915534027,768.8528402204931,673.4147464717151,951.9,439.4
5214,7140,30.624492915534027,768.8528402204931,673.4147464717151,951.9,439.4
5215,7140,30.624492915534027,768.8528402204931,673.4147464717151,951.9,439.4
5216,7140,30.624492915534027,768.8528402204931,673.4147464717151,951.9,439.4
5217,7140,30.624492915534027,935.8528402204931,715.4147464717151,951.9,439.4
5218,7140,30.624492915534027,935.8528402204931,715.4147464717151,951.9,439.4
5219,7140,30.624492915534027,935.8528402204931,715.4147464717151,951.9,439.4
5220,7140,30.624492915534027,935.8528402204931,715.4147464717151,951.9,439.4
5221,7140,30.624492915534027,935.8528402204931,715.4147464717151,951.9,439.4
5222,7140,30.624492915534027,935.8528402204931,715.4147464717151,951.9,439.4
5223,7140,30.624492915534027,935.8528402204931,715.4147464717151,951.9,439.4
5224,7140,30.624492915534027,935.8528402204931,715.4147464717151,951.9,439.4
5225,7140,30.624492915534027,935.8528402204931,715.4147464717151,951.9,439.4
5226,7140,30.624492915534027,935.8528402204931,715.4147464717151,951.9,439.4
5227,7140,30.624492915534027,935.8528402204931,715.4147464717151,951.9,439.4
5228,7140,30.624492915534027,935.8528402204931,715.4147464717151,951.9,439.4
5229,7140,30.624492915534027,935.8528402204931,715.4147464717151,951.9,439.4
5230,7140,30.624492915534027,935.8528402204931,715.4147464717151,951.9,439.4
5231,7140,30.624492915534027,935.8528402204931,715.4147464717151,951.9,439.4
5232,7140,30.624492915534027,935.8528402204931,715.4147464717151,951.9,439.4
5233,7140,30.624492915534027,935.8528402204931,715.4147464717151,951.9,439.4
5234,7140,30.624492915534027,935.8528402204931,715.4147464717151,951.9,439.4
5235,7140,30.624492915534027,935.8528402204931,715.4147464717151,951.9,439.4
5236,7140,30.624492915534027,935.8528402204931,715.4147464717151,951.9,439.4
5237,7140,30.624492915534027,935.8528402204931,715.4147464717151,951.9,439.4
5238,7140,30.624492915534027,935.8528402204931,715.4147464717151,951.9,439.4
5239,7140,30.624492915534027,935.8528402204931,715.4147464717151,951.9,439.4
5240,7140,30.624492915534027,935.8528402204931,715.4147464717151,951.9,439.4
5241,7140,30.624492915534027,935.8528402204931,715.4147464717151,951.9,439.4
5242,7140,30.624492915534027,935.8528402204931,715.4147464717151,951.9,439.4
5243,7140,30.624492915534027,935.8528402204931,715.4147464717151,951.9,439.4
5244,7140,30.624492915534027,935.8528402204931,715.4147464717151,951.9,439.4
5245,7140,30.624492915534027,935.8528402204931,715.4147464717151,951.9,439.4
5246,7140,30.624492915534027,935.8528402204931,715.4147464717151,951.9,439.4
5247,7140,30.624492915534027,935.8528402204931,715.4147464717151,951.9,439.4
5248,7140,30.624492915534027,935.8528402204931,715.4147464717151,951.9,439.4
5249,7140,30.624492915534027,935.8528402204931,715.4147464717151,951.9,439.4
5250,7140,30.624492915534027,935.8528402204931,715.4147464717151,951.9,439.4
5251,7140,30.624492915534027,935.8528402204931,715.4147464717151,951.9,439.4
5252,7140,30.624492915534027,935.8528402204931,715.4147464717151,951.9,439.4
5253,7140,30.624492915534027,935.8528402204931,715.4147464717151,951.9,439.4
5254,7140,30.624492915534027,935.8528402204931,715.4147464717151,951.9,439.4
5255,7140,30.624492915534027,935.8528402204931,715.4147464717151,951.9,439.4
5256,7140,30.624492915534027,935.8528402204931,715.4147464717151,951.9,439.4
5257,7140,30.624492915534027,935.8528402204931,715.4147464717151,951.9,439.4
5258,7140,30.624492915534027,935.8528402204931,715.4147464717151,951.9,439.4
5259,7140,30.624492915534027,935.8528402204931,715.4147464717151,951.9,439.4
5260,7140,30.624492915534027,935.8528402204931,715.4147464717151,951.9,439.4
5261,7140,30.624492915534027,935.8528402204931,715.4147464717151,951.9,439.4
5262,7140,30.624492915534027,935.8528402204931,715.4147464717151,951.9,439.4
5263,7140,30.624492915534027,935.8528402204931,715.4147464717151,951.9,439.4
5264,7140,30.624492915534027,935.8528402204931,715.4147464717151,951.9,439.4
5265,7140,30.624492915534027,935.8528402204931,715.4147464717151,951.9,439.4
5266,7140,30.624492915534027,935.8528402204931,715.4147464717151,951.9,439.4
5267,7140,30.624492915534027,935.8528402204931,715.4147464717151,951.9,439.4
5268,7140,30.624492915534027,935.8528402204931,715.4147464717151,951.9,439.4
5269,7140,30.624492915534027,935.8528402204931,715.4147464717151,951.9,439.4
5270,7140,30.624492915534027,935.8528402204931,715.4147464717151,951.9,439.4
5271,7140,30.624492915534027,935.8528402204931,715.4147464717151,951.9,439.4
5272,7140,30.624492915534027,935.8528402204931,715.4147464717151,951.9,439.4
5273,7140,30.624492915534027,935.8528402204931,715.4147464717151,951.9,439.4
5274,7140,30.624492915534027,935.8528402204931,715.4147464717151,951.9,439.4
5275,7140,30.624492915534027,935.8528402204931,715.4147464717151,951.9,439.4
5276,7140,30.624492915534027,935.8528402204931,715.4147464717151,951.9,439.4
5277,7140,30.624492915534027,935.8528402204931,715.4147464717151,951.9,439.4
5278,7140,30.624492915534027,935.8528402204931,715.4147464717151,951.9,439.4
5279,7140,30.624492915534027,935.8528402204931,715.4147464717151,951.9,439.4
5280,7140,30.624492915534027,935.8528402204931,715.4147464717151,951.9,439.4
5281,7140,30.624492915534027,935.8528402204931,715.4147464717151,951.9,439.4
5282,7140,30.624492915534027,935.8528402204931,715.4147464717151,951.9,439.4
5283,7140,30.624492915534027,935.8528402204931,715.4147464717151,951.9,439.4
5284,7140,30.624492915534027,935.8528402204931,715.4147464717151,951.9,439.4
5285,7140,30.624492915534027,935.8528402204931,715.4147464717151,951.9,439.4
5286,7140,30.624492915534027,935.8528402204931,715.4147464717151,951.9,439.4
5287,7140,30.624492915534027,935.8528402204931,715.4147464717151,951.9,439.4
5288,7140,30.624492915534027,935.8528402204931,715.4147464717151,951.9,439.4
5289,7140,30.624492915534027,935.8528402204931,715.4147464717151,951.9,439.4
5290,7140,30.624492915534027,935.8528402204931,715.4147464717151,951.9,439.4
5291,7140,30.624492915534027,935.8528402204931,715.4147464717151,951.9,439.4
5292,7140,30.624492915534027,935.8528402204931,715.4147464717151,951.9,439.4
5293,7140,30.624492915534027,935.8528402204931,715.4147464717151,951.9,439.4
5294,7140,30.624492915534027,935.8528402204931,715.4147464717151,951.9,439.4
5295,7140,30.624492915534027,935.8528402204931,715.4147464717151,951.9,439.4
5296,7140,30.624492915534027,935.8528402204931,715.4147464717151,951.9,439.4
5297,7140,30.624492915534027,935.8528402204931,715.4147464717151,951.9,439.4
5298,7140,30.624492915534027,935.8528402204931,715.4147464717151,951.9,439.4
5299,7140,30.624492915534027,935.8528402204931,715.4147464717151,951.9,439.4
5300,7140,30.624492915534027,935.8528402204931,715.4147464717151,951.9,439.4
5301,7140,30.624492915534027,935.8528402204931,715.4147464717151,951.9,439.4
5302,7140,30.624492915534027,935.8528402204931,715.4147464717151,951.9,439.4
5303,7140,30.624492915534027,935.8528402204931,715.4147464717151,951.9,439.4
5304,7140,30.624492915534027,935.8528402204931,715.4147464717151,951.9,439.4
5305,7140,30.624492915534027,935.8528402204931,715.4147464717151,951.9,439.4
5306,7140,30.624492915534027,935.8528402204931,715.4147464717151,951.9,439.4
5307,7140,30.624492915534027,935.8528402204931,715.4147464717151,951.9,439.4
5308,7140,30.624492915534027,935.8528402204931,715.4147464717151,951.9,439.4
5309,7140,30.624492915534027,935.8528402204931,715.4147464717151,951.9,439.4
5310,7140,30.624492915534027,935.8528402204931,715.4147464717151,951.9,439.4
5311,7140,30.624492915534027,935.8528402204931,715.4147464717151,951.9,439.4
5312,7140,30.624492915534027,935.8528402204931,715.4147464717151,951.9,439.4
5313,7140,30.624492915534027,935.8528402204931,715.4147464717151,951.9,439.4
5314,7140,30.624492915534027,935.8528402204931,715.4147464717151,951.9,439.4
5315,7140,30.624492915534027,935.8528402204931,715.4147464717151,951.9,439.4
5316,7140,30.624492915534027,935.8528402204931,715.4147464717151,951.9,439.4
5317,7140,30.624492915534027,935.8528402204931,715.4147464717151,951.9,439.4
5318,7140,30.624492915534027,935.8528402204931,715.4147464717151,951.9,439.4
5319,7140,30.624492915534027,935.8528402204931,715.4147464717151,951.9,439.4
5320,7140,30.624492915534027,935.8528402204931,715.4147464717151,951.9,439.4
5321,7140,30.624492915534027,935.8528402204931,715.4147464717151,951.9,439.4
5322,7140,30.624492915534027,935.8528402204931,715.4147464717151,951.9,439.4
5323,7140,30.624492915534027,935.8528402204931,715.4147464717151,951.9,439.4
5324,7140,30.624492915534027,935.8528402204931,715.4147464717151,951.9,439.4
5325,7140,30.624492915534027,935.8528402204931,715.4147464717151,951.9,439.4
5326,7140,30.624492915534027,935.8528402204931,715.4147464717151,951.9,439.4
5327,7140,30.624492915534027,935.8528402204931,715.4147464717151,951.9,439.4
5328,7140,30.624492915534027,935.8528402204931,715.4147464717151,951.9,439.4
5329,7140,30.624492915534027,935.8528402204931,715.4147464717151,951.9,439.4
5330,7140,30.624492915534027,935.8528402204931,715.4147464717151,951.9,439.4
5331,7140,30.624492915534027,935.8528402204931,715.4147464717151,951.9,439.4
5332,7140,30.624492915534027,935.8528402204931,715.4147464717151,951.9,439.4
5333,7140,30.624492915534027,935.8528402204931,715.4147464717151,951.9,439.4
5334,7140,30.624492915534027,935.8528402204931,715.4147464717151,951.9,439.4
5335,7140,30.624492915534027,935.8528402204931,715.4147464717151,951.9,439.4
5336,7140,30.624492915534027,935.8528402204931,715.4147464717151,951.9,439.4
5337,7140,30.624492915534027,935.8528402204931,715.4147464717151,951.9,439.4
5338,7140,30.624492915534027,935.8528402204931,715.4147464717151,951.9,439.4
5339,7140,30.624492915534027,935.8528402204931,715.4147464717151,951.9,439.4
5340,7140,30.624492915534027,935.8528402204931,715.4147464717151,951.9,439.4
5341,7140,30.624492915534027,935.8528402204931,715.4147464717151,951.9,439.4
5342,7140,30.624492915534027,935.8528402204931,715.4147464717151,951.9,439.4
5343,7140,30.624492915534027,935.8528402204931,715.4147464717151,951.9,439.4
5344,7140,30.624492915534027,935.8528402204931,715.4147464717151,951.9,439.4
5345,7140,30.624492915534027,935.8528402204931,715.4147464717151,951.9,439.4
5346,7140,30.624492915534027,935.8528402204931,715.4147464717151,951.9,439.4
5347,7140,30.624492915534027,935.8528402204931,715.4147464717151,951.9,439.4
5348,7140,30.624492915534027,935.8528402204931,715.4147464717151,951.9,439.4
5349,7140,30.624492915534027,935.8528402204931,715.4147464717151,951.9,439.4
5350,7140,30.624492915534027,935.8528402204931,715.4147464717151,951.9,439.4
5351,7140,30.624492915534027,935.8528402204931,715.4147464717151,951.9,439.4
5352,7140,30.624492915534027,935.8528402204931,715.4147464717151,951.9,439.4
5353,7140,30.624492915534027,935.8528402204931,715.4147464717151,951.9,439.4
5354,7140,30.624492915534027,935.8528402204931,715.4147464717151,951.9,439.4
5355,7140,30.624492915534027,935.8528402204931,715.4147464717151,951.9,439.4
5356,7140,30.624492915534027,935.8528402204931,715.4147464717151,951.9,439.4
5357,7140,30.624492915534027,935.8528402204931,715.4147464717151,951.9,439.4
5358,7140,30.624492915534027,935.8528402204931,715.4147464717151,951.9,439.4
5359,7140,30.624492915534027,935.8528402204931,715.4147464717151,951.9,439.4
5360,7140,30.624492915534027,935.8528402204931,715.4147464717151,951.9,439.4
5361,7140,30.624492915534027,935.8528402204931,715.4147464717151,951.9,439.4
5362,7140,30.624492915534027,935.8528402204931,715.4147464717151,951.9,439.4
5363,7140,30.624492915534027,935.8528402204931,715.4147464717151,951.9,439.4
5364,7140,30.624492915534027,935.8528402204931,715.4147464717151,951.9,439.4
5365,7140,30.624492915534027,935.8528402204931,715.4147464717151,951.9,439.4
5366,7140,30.624492915534027,935.8528402204931,715.4147464717151,951.9,439.4
5367,7140,30.624492915534027,935.8528402204931,715.4147464717151,951.9,439.4
5368,7140,30.624492915534027,935.8528402204931,715.4147464717151,951.9,439.4
5369,7140,30.624492915534027,935.8528402204931,715.4147464717151,951.9,439.4
5370,7140,30.624492915534027,935.8528402204931,715.4147464717151,951.9,439.4
5371,7140,30.624492915534027,935.8528402204931,715.4147464717151,951.9,439.4
5372,7140,30.624492915534027,935.8528402204931,715.4147464717151,951.9,439.4
5373,7140,30.624492915534027,935.8528402204931,715.4147464717151,951.9,439.4
5374,7140,30.624492915534027,935.8528402204931,715.4147464717151,951.9,439.4
5375,7140,30.624492915534027,935.8528402204931,715.4147464717151,951.9,439.4
5376,7140,30.624492915534027,935.8528402204931,715.4147464717151,951.9,439.4
5377,7140,30.624492915534027,935.8528402204931,715.4147464717151,951.9,439.4
5378,7140,30.624492915534027,935.8528402204931,715.4147464717151,951.9,439.4
5379,7140,30.624492915534027,935.8528402204931,715.4147464717151,951.9,439.4
5380,7140,30.624492915534027,935.8528402204931,715.4147464717151,951.9,439.4
5381,7140,30.624492915534027,935.8528402204931,715.4147464717151,951.9,439.4
5382,7140,30.624492915534027,935.8528402204931,715.4147464717151,951.9,439.4
5383,7140,30.624492915534027,935.8528402204931,715.4147464717151,951.9,439.4
5384,7140,30.624492915534027,935.8528402204931,715.4147464717151,942.0708333333333,448.75
5385,7140,30.624492915534027,935.8528402204931,715.4147464717151,932.2416666666667,458.09999999999997
5386,7140,30.624492915534027,935.8528402204931,715.4147464717151,922.4125,467.45
5387,7140,30.624492915534027,935.8528402204931,715.4147464717151,912.5833333333333,476.79999999999995
5388,7140,30.624492915534027,935.8528402204931,715.4147464717151,902.7541666666666,486.15
5389,7140,30.624492915534027,935.8528402204931,715.4147464717151,892.925,495.5
5390,7140,30.624492915534027,935.8528402204931,715.4147464717151,883.0958333333333,504.84999999999997
5391,7140,30.624492915534027,935.8528402204931,715.4147464717151,873.2666666666667,514.1999999999999
5392,7140,30.624492915534027,935.8528402204931,715.4147464717151,863.4375,523.55
5393,7140,30.624492915534027,935.8528402204931,715.4147464717151,853.6083333333333,532.9
5394,7140,30.624492915534027,935.8528402204931,715.4147464717151,843.7791666666667,542.25
5395,7140,30.624492915534027,935.8528402204931,715.4147464717151,833.95,551.5999999999999
5396,7140,30.624492915534027,935.8528402204931,715.4147464717151,824.1208333333333,560.9499999999999
5397,7140,30.624492915534027,935.8528402204931,715.4147464717151,814.2916666666666,570.3
5398,7140,30.624492915534027,935.8528402204931,715.4147464717151,804.4625,579.65
5399,7140,30.624492915534027,935.8528402204931,715.4147464717151,794.6333333333333,589.0
5400,7140,30.624492915534027,935.8528402204931,715.4147464717151,784.8041666666667,598.3499999999999
5401,7140,30.624492915534027,935.8528402204931,715.4147464717151,774.975,607.6999999999999
5402,7140,30.624492915534027,935.8528402204931,715.4147464717151,765.1458333333333,617.05
5403,7140,30.624492915534027,935.8528402204931,715.4147464717151,755.3166666666666,626.4
5404,7140,30.624492915534027,935.8528402204931,715.4147464717151,745.4875,635.75
5405,7140,30.624492915534027,935.8528402204931,715.4147464717151,735.6583333333333,645.0999999999999
5406,7140,30.624492915534027,935.8528402204931,715.4147464717151,725.8291666666667,654.4499999999999
5407,7140,30.624492915534027,935.8528402204931,715.4147464717151,716.0,663.8
5408,7140,30.624492915534027,935.8528402204931,715.4147464717151,716.0,663.8
5409,7140,30.624492915534027,935.8528402204931,715.4147464717151,716.0,663.8
5410,7140,30.624492915534027,935.8528402204931,715.4147464717151,716.0,663.8
5411,7140,30.624492915534027,935.8528402204931,715.4147464717151,716.0,663.8
5412,7140,30.624492915534027,935.8528402204931,715.4147464717151,716.0,663.8
5413,7140,30.624492915534027,935.8528402204931,715.4147464717151,716.0,663.8
5414,7140,30.624492915534027,935.8528402204931,715.4147464717151,716.0,663.8
5415,7140,30.624492915534027,935.8528402204931,715.4147464717151,716.0,663.8
5416,7140,30.624492915534027,935.8528402204931,715.4147464717151,716.0,663.8
5417,7140,30.624492915534027,935.8528402204931,715.4147464717151,716.0,663.8
5418,7140,30.624492915534027,935.8528402204931,715.4147464717151,716.0,663.8
5419,7140,30.624492915534027,935.8528402204931,715.4147464717151,716.0,663.8
5420,7140,30.624492915534027,935.8528402204931,715.4147464717151,716.0,663.8
5421,7140,30.624492915534027,935.8528402204931,715.4147464717151,716.0,663.8
5422,7140,30.624492915534027,935.8528402204931,715.4147464717151,716.0,663.8
5423,7140,30.624492915534027,935.8528402204931,715.4147464717151,716.0,663.8
5424,7140,30.624492915534027,935.8528402204931,715.4147464717151,716.0,663.8
5425,7140,30.624492915534027,935.8528402204931,715.4147464717151,716.0,663.8
5426,7140,30.624492915534027,935.8528402204931,715.4147464717151,716.0,663.8
5427,7140,30.624492915534027,935.8528402204931,715.4147464717151,716.0,663.8
5428,7140,30.624492915534027,935.8528402204931,715.4147464717151,716.0,663.8
5429,7140,30.624492915534027,935.8528402204931,715.4147464717151,716.0,663.8
5430,7140,30.624492915534027,935.8528402204931,715.4147464717151,716.0,663.8
5431,7140,30.624492915534027,935.8528402204931,715.4147464717151,716.0,663.8
5432,7140,30.624492915534027,935.8528402204931,715.4147464717151,716.0,663.8
5433,7140,30.624492915534027,935.8528402204931,715.4147464717151,716.0,663.8
5434,7140,30.624492915534027,935.8528402204931,715.4147464717151,716.0,663.8
5435,7140,30.624492915534027,935.8528402204931,715.4147464717151,716.0,663.8
5436,7140,30.624492915534027,935.8528402204931,715.4147464717151,716.0,663.8
5437,7140,30.624492915534027,935.8528402204931,715.4147464717151,716.0,663.8
5438,7140,30.624492915534027,935.8528402204931,715.4147464717151,716.0,663.8
5439,7140,30.624492915534027,935.8528402204931,715.4147464717151,716.0,663.8
5440,7140,30.624492915534027,935.8528402204931,715.4147464717151,716.0,663.8
5441,7141,33.45459983580667,935.8528402204931,715.4147464717151,716.0,663.8
5442,7142,40.013703114969346,935.8528402204931,715.4147464717151,716.0,663.8
5443,7143,48.82128763900467,935.8528402204931,715.4147464717151,716.0,663.8
5444,7144,58.87678081762399,935.8528402204931,715.4147464717151,716.0,663.8
5445,7145,69.64171174749522,935.8528402204931,715.4147464717151,716.0,663.8
5446,7146,80.83313809171632,935.8528402204931,715.4147464717151,716.0,663.8
5447,7147,92.29604496047666,935.8528402204931,715.4147464717151,716.0,663.8
5448,7148,103.94065191202499,935.8528402204931,715.4147464717151,716.0,663.8
5449,7149,115.71211616510067,935.8528402204931,715.4147464717151,716.0,663.8
5450,7150,115.71211616510067,935.8528402204931,715.4147464717151,716.0,663.8
5451,7151,115.71211616510067,935.8528402204931,715.4147464717151,716.0,663.8
5452,7152,115.71211616510067,935.8528402204931,715.4147464717151,716.0,663.8
5453,7153,115.71211616510067,935.8528402204931,715.4147464717151,716.0,663.8
5454,7154,115.71211616510067,935.8528402204931,715.4147464717151,716.0,663.8
5455,7155,115.71211616510067,935.8528402204931,715.4147464717151,716.0,663.8
5456,7156,115.71211616510067,935.8528402204931,715.4147464717151,716.0,663.8
5457,7157,115.71211616510067,935.8528402204931,715.4147464717151,716.0,663.8
5458,7158,115.71211616510067,935.8528402204931,715.4147464717151,716.0,663.8
5459,7159,115.71211616510067,935.8528402204931,715.4147464717151,716.0,663.8
5460,7160,115.71211616510067,935.8528402204931,715.4147464717151,716.0,663.8
5461,7161,115.71211616510067,935.8528402204931,715.4147464717151,716.0,663.8
5462,7162,115.71211616510067,935.8528402204931,715.4147464717151,716.0,663.8
5463,7163,115.71211616510067,935.8528402204931,715.4147464717151,716.0,663.8
5464,7164,115.71211616510067,935.8528402204931,715.4147464717151,716.0,663.8
5465,7165,115.71211616510067,935.8528402204931,715.4147464717151,716.0,663.8
5466,7166,115.71211616510067,935.8528402204931,715.4147464717151,716.0,663.8
5467,7167,115.71211616510067,935.8528402204931,715.4147464717151,716.0,663.8
5468,7168,115.71211616510067,935.8528402204931,715.4147464717151,716.0,663.8
5469,7169,115.71211616510067,935.8528402204931,715.4147464717151,716.0,663.8
5470,7170,115.71211616510067,935.8528402204931,715.4147464717151,716.0,663.8
5471,7171,115.71211616510067,935.8528402204931,715.4147464717151,716.0,663.8
5472,7172,115.71211616510067,935.8528402204931,715.4147464717151,716.0,663.8
5473,7173,115.71211616510067,935.8528402204931,715.4147464717151,716.0,663.8
5474,7174,115.71211616510067,935.8528402204931,715.4147464717151,716.0,663.8
5475,7175,115.71211616510067,935.8528402204931,715.4147464717151,716.0,663.8
5476,7176,115.71211616510067,935.8528402204931,715.4147464717151,716.0,663.8
5477,7177,115.71211616510067,935.8528402204931,715.4147464717151,716.0,663.8
5478,7178,115.71211616510067,935.8528402204931,715.4147464717151,716.0,663.8
5479,7179,115.71211616510067,935.8528402204931,715.4147464717151,716.0,663.8
5480,7180,115.71211616510067,935.8528402204931,715.4147464717151,716.0,663.8
5481,7181,115.71211616510067,935.8528402204931,715.4147464717151,716.0,663.8
5482,7182,115.71211616510067,935.8528402204931,715.4147464717151,716.0,663.8
5483,7183,115.71211616510067,935.8528402204931,715.4147464717151,716.0,663.8
5484,7184,115.71211616510067,935.8528402204931,715.4147464717151,716.0,663.8
5485,7185,115.71211616510067,935.8528402204931,715.4147464717151,716.0,663.8
5486,7186,115.71211616510067,935.8528402204931,715.4147464717151,716.0,663.8
5487,7187,115.71211616510067,935.8528402204931,715.4147464717151,716.0,663.8
5488,7188,115.71211616510067,935.8528402204931,715.4147464717151,716.0,663.8
5489,7189,115.71211616510067,935.8528402204931,715.4147464717151,716.0,663.8
5490,7190,115.71211616510067,935.8528402204931,715.4147464717151,716.0,663.8
5491,7191,115.71211616510067,935.8528402204931,715.4147464717151,716.0,663.8
5492,7192,115.71211616510067,935.8528402204931,715.4147464717151,716.0,663.8
5493,7193,115.71211616510067,935.8528402204931,715.4147464717151,716.0,663.8
5494,7194,115.71211616510067,935.8528402204931,715.4147464717151,716.0,663.8
5495,7195,115.71211616510067,935.8528402204931,715.4147464717151,716.0,663.8
5496,7196,115.71211616510067,935.8528402204931,715.4147464717151,716.0,663.8
5497,7197,115.71211616510067,935.8528402204931,715.4147464717151,716.0,663.8
5498,7198,115.71211616510067,935.8528402204931,715.4147464717151,716.0,663.8
5499,7199,115.71211616510067,935.8528402204931,715.4147464717151,716.0,663.8
5500,7200,115.71211616510067,935.8528402204931,715.4147464717151,716.0,663.8
5501,7201,115.71211616510067,935.8528402204931,715.4147464717151,716.0,663.8
5502,7202,115.71211616510067,935.8528402204931,715.4147464717151,716.0,663.8
5503,7203,115.71211616510067,935.8528402204931,715.4147464717151,716.0,663.8
5504,7204,115.71211616510067,935.8528402204931,715.4147464717151,716.0,663.8
5505,7205,115.71211616510067,935.8528402204931,715.4147464717151,716.0,663.8
5506,7206,115.71211616510067,935.8528402204931,715.4147464717151,716.0,663.8
5507,7207,115.71211616510067,935.8528402204931,715.4147464717151,716.0,663.8
5508,7208,115.71211616510067,935.8528402204931,715.4147464717151,716.0,663.8
5509,7209,115.71211616510067,935.8528402204931,715.4147464717151,716.0,663.8
5510,7210,115.71211616510067,935.8528402204931,715.4147464717151,716.0,663.8
5511,7211,115.71211616510067,935.8528402204931,715.4147464717151,716.0,663.8
5512,7212,115.71211616510067,935.8528402204931,715.4147464717151,716.0,663.8
5513,7213,115.71211616510067,935.8528402204931,715.4147464717151,716.0,663.8
5514,7214,115.71211616510067,935.8528402204931,715.4147464717151,716.0,663.8
5515,7215,115.71211616510067,935.8528402204931,715.4147464717151,716.0,663.8
5516,7216,115.71211616510067,935.8528402204931,715.4147464717151,716.0,663.8
5517,7217,115.71211616510067,935.8528402204931,715.4147464717151,726.4041666666667,664.1416666666667
5518,7218,115.71211616510067,935.8528402204931,715.4147464717151,736.8083333333334,664.4833333333333
5519,7219,115.71211616510067,935.8528402204931,715.4147464717151,747.2125,664.8249999999999
5520,7220,115.71211616510067,935.8528402204931,715.4147464717151,757.6166666666667,665.1666666666666
5521,7221,115.71211616510067,935.8528402204931,715.4147464717151,768.0208333333334,665.5083333333333
5522,7222,115.71211616510067,935.8528402204931,715.4147464717151,778.425,665.8499999999999
5523,7223,115.71211616510067,935.8528402204931,715.4147464717151,788.8291666666667,666.1916666666666
5524,7224,115.71211616510067,935.8528402204931,715.4147464717151,799.2333333333333,666.5333333333333
5525,7225,115.71211616510067,935.8528402204931,715.4147464717151,809.6375,666.875
5526,7226,115.71211616510067,935.8528402204931,715.4147464717151,820.0416666666667,667.2166666666667
5527,7227,115.71211616510067,935.8528402204931,715.4147464717151,830.4458333333333,667.5583333333333
5528,7228,115.71211616510067,935.8528402204931,715.4147464717151,840.85,667.9
5529,7229,115.71211616510067,935.8528402204931,715.4147464717151,851.2541666666667,668.2416666666667
5530,7230,115.71211616510067,935.8528402204931,715.4147464717151,861.6583333333333,668.5833333333333
5531,7231,115.71211616510067,935.8528402204931,715.4147464717151,872.0625,668.925
5532,7232,115.71211616510067,935.8528402204931,715.4147464717151,882.4666666666667,669.2666666666667
5533,7233,115.71211616510067,935.8528402204931,715.4147464717151,892.8708333333334,669.6083333333333
5534,7234,115.71211616510067,935.8528402204931,715.4147464717151,903.2750000000001,669.95
5535,7235,115.71211616510067,935.8528402204931,715.4147464717151,913.6791666666667,670.2916666666666
5536,7236,115.71211616510067,935.8528402204931,715.4147464717151,924.0833333333334,670.6333333333333
5537,7237,115.71211616510067,935.8528402204931,715.4147464717151,934.4875000000001,670.975
5538,7238,115.71211616510067,935.8528402204931,715.4147464717151,944.8916666666667,671.3166666666666
5539,7239,115.71211616510067,935.8528402204931,715.4147464717151,955.2958333333333,671.6583333333333
5540,7240,115.71211616510067,935.8528402204931,715.4147464717151,965.7,672.0
5541,7241,115.71211616510067,935.8528402204931,715.4147464717151,965.7,672.0
5542,7242,115.71211616510067,935.8528402204931,715.4147464717151,965.7,672.0
5543,7243,115.71211616510067,935.8528402204931,715.4147464717151,965.7,672.0
5544,7244,115.71211616510067,935.8528402204931,715.4147464717151,965.7,672.0
5545,7245,115.71211616510067,935.8528402204931,715.4147464717151,965.7,672.0
5546,7246,115.71211616510067,935.8528402204931,715.4147464717151,965.7,672.0
5547,7247,115.71211616510067,935.8528402204931,715.4147464717151,965.7,672.0
5548,7248,115.71211616510067,935.8528402204931,715.4147464717151,965.7,672.0
5549,7249,115.71211616510067,935.8528402204931,715.4147464717151,965.7,672.0
5550,7250,115.71211616510067,935.8528402204931,715.4147464717151,965.7,672.0
5551,7251,115.71211616510067,935.8528402204931,715.4147464717151,965.7,672.0
5552,7252,115.71211616510067,935.8528402204931,715.4147464717151,965.7,672.0
5553,7253,115.71211616510067,935.8528402204931,715.4147464717151,965.7,672.0
5554,7254,115.71211616510067,935.8528402204931,715.4147464717151,965.7,672.0
5555,7255,115.71211616510067,935.8528402204931,715.4147464717151,965.7,672.0
5556,7256,115.71211616510067,935.8528402204931,715.4147464717151,965.7,672.0
5557,7257,115.71211616510067,935.8528402204931,715.4147464717151,965.7,672.0
5558,7258,115.71211616510067,935.8528402204931,715.4147464717151,965.7,672.0
5559,7259,115.71211616510067,935.8528402204931,715.4147464717151,965.7,672.0
5560,7260,115.71211616510067,935.8528402204931,715.4147464717151,965.7,672.0
5561,7261,115.71211616510067,935.8528402204931,715.4147464717151,965.7,672.0
5562,7262,115.71211616510067,935.8528402204931,715.4147464717151,965.7,672.0
5563,7263,115.71211616510067,935.8528402204931,715.4147464717151,965.7,672.0
5564,7264,115.71211616510067,935.8528402204931,715.4147464717151,965.7,672.0
5565,7265,115.71211616510067,935.8528402204931,715.4147464717151,965.7,672.0
5566,7266,115.71211616510067,935.8528402204931,715.4147464717151,965.7,672.0
5567,7267,115.71211616510067,935.8528402204931,715.4147464717151,965.7,672.0
5568,7268,115.71211616510067,935.8528402204931,715.4147464717151,965.7,672.0
5569,7269,115.71211616510067,935.8528402204931,715.4147464717151,965.7,672.0
5570,7270,115.71211616510067,935.8528402204931,715.4147464717151,965.7,672.0
5571,7271,115.71211616510067,935.8528402204931,715.4147464717151,965.7,672.0
5572,7272,115.71211616510067,935.8528402204931,715.4147464717151,965.7,672.0
5573,7273,115.71211616510067,935.8528402204931,715.4147464717151,965.7,672.0
5574,7274,115.71211616510067,935.8528402204931,715.4147464717151,965.7,672.0
5575,7275,115.71211616510067,935.8528402204931,715.4147464717151,965.7,672.0
5576,7276,115.71211616510067,935.8528402204931,715.4147464717151,965.7,672.0
5577,7277,115.71211616510067,935.8528402204931,715.4147464717151,965.7,672.0
5578,7278,115.71211616510067,935.8528402204931,715.4147464717151,965.7,672.0
5579,7279,115.71211616510067,935.8528402204931,715.4147464717151,965.7,672.0
5580,7280,115.71211616510067,935.8528402204931,715.4147464717151,965.7,672.0
5581,7281,115.71211616510067,935.8528402204931,715.4147464717151,965.7,672.0
5582,7282,115.71211616510067,935.8528402204931,715.4147464717151,965.7,672.0
5583,7283,94.66696161686146,935.8528402204931,715.4147464717151,965.7,672.0
5584,7284,94.66696161686146,935.8528402204931,715.4147464717151,965.7,672.0
5585,7285,94.66696161686146,935.8528402204931,715.4147464717151,965.7,672.0
5586,7286,94.66696161686146,935.8528402204931,715.4147464717151,965.7,672.0
5587,7287,94.66696161686146,935.8528402204931,715.4147464717151,965.7,672.0
5588,7288,94.66696161686146,935.8528402204931,715.4147464717151,965.7,672.0
5589,7289,94.66696161686146,935.8528402204931,715.4147464717151,965.7,672.0
5590,7290,94.66696161686146,935.8528402204931,715.4147464717151,965.7,672.0
5591,7291,94.66696161686146,935.8528402204931,715.4147464717151,965.7,672.0
5592,7292,94.66696161686146,935.8528402204931,715.4147464717151,965.7,672.0
5593,7293,94.66696161686146,935.8528402204931,715.4147464717151,965.7,672.0
5594,7294,94.66696161686146,935.8528402204931,715.4147464717151,965.7,672.0
5595,7295,94.66696161686146,935.8528402204931,715.4147464717151,965.7,672.0
5596,7296,94.66696161686146,935.8528402204931,715.4147464717151,965.7,672.0
5597,7297,94.66696161686146,935.8528402204931,715.4147464717151,965.7,672.0
5598,7298,94.66696161686146,935.8528402204931,715.4147464717151,965.7,672.0
5599,7299,94.66696161686146,935.8528402204931,715.4147464717151,965.7,672.0
5600,7300,94.66696161686146,935.8528402204931,715.4147464717151,965.7,672.0
5601,7301,94.66696161686146,935.8528402204931,715.4147464717151,965.7,672.0
5602,7302,94.66696161686146,935.8528402204931,715.4147464717151,965.7,672.0
5603,7303,94.66696161686146,935.8528402204931,715.4147464717151,965.7,672.0
5604,7304,94.66696161686146,935.8528402204931,715.4147464717151,965.7,672.0
5605,7305,94.66696161686146,935.8528402204931,715.4147464717151,965.7,672.0
5606,7306,94.66696161686146,935.8528402204931,715.4147464717151,965.7,672.0
5607,7307,91.51883777431814,935.8528402204931,715.4147464717151,965.7,672.0
5608,7308,88.45437668469499,935.8528402204931,715.4147464717151,965.7,672.0
5609,7309,85.48257648852285,935.8528402204931,715.4147464717151,965.7,672.0
5610,7310,82.61343748372137,935.8528402204931,715.4147464717151,965.7,672.0
5611,7311,79.8580256703084,935.8528402204931,715.4147464717151,965.7,672.0
5612,7312,77.228514917515,935.8528402204931,715.4147464717151,965.7,672.0
5613,7313,74.73819512198806,935.8528402204931,715.4147464717151,965.7,672.0
5614,7314,72.40143054624124,935.8528402204931,715.4147464717151,965.7,672.0
5615,7315,70.23354982851377,935.8528402204931,715.4147464717151,965.7,672.0
5616,7316,68.2506479032162,935.8528402204931,715.4147464717151,965.7,672.0
5617,7317,66.46928161358123,935.8528402204931,715.4147464717151,965.7,672.0
5618,7318,66.46928161358123,935.8528402204931,715.4147464717151,965.7,672.0
5619,7319,66.46928161358123,935.8528402204931,715.4147464717151,965.7,672.0
5620,7320,66.46928161358123,935.8528402204931,715.4147464717151,965.7,672.0
5621,7321,66.46928161358123,935.8528402204931,715.4147464717151,965.7,672.0
5622,7322,66.46928161358123,935.8528402204931,715.4147464717151,965.7,672.0
5623,7323,66.46928161358123,935.8528402204931,715.4147464717151,965.7,672.0
5624,7324,66.46928161358123,935.8528402204931,715.4147464717151,965.7,672.0
5625,7325,66.46928161358123,935.8528402204931,715.4147464717151,965.7,672.0
5626,7326,66.46928161358123,935.8528402204931,715.4147464717151,965.7,672.0
5627,7327,66.46928161358123,935.8528402204931,715.4147464717151,965.7,672.0
5628,7328,66.46928161358123,935.8528402204931,715.4147464717151,965.7,672.0
5629,7329,66.46928161358123,935.8528402204931,715.4147464717151,965.7,672.0
5630,7330,66.46928161358123,935.8528402204931,715.4147464717151,965.7,672.0
5631,7331,66.46928161358123,935.8528402204931,715.4147464717151,965.7,672.0
5632,7332,66.46928161358123,935.8528402204931,715.4147464717151,965.7,672.0
5633,7333,66.46928161358123,935.8528402204931,715.4147464717151,965.7,672.0
5634,7334,66.46928161358123,935.8528402204931,715.4147464717151,965.7,672.0
5635,7335,66.46928161358123,935.8528402204931,715.4147464717151,964.8722222222223,660.0055555555556
5636,7336,66.46928161358123,935.8528402204931,715.4147464717151,964.0444444444445,648.0111111111111
5637,7337,66.46928161358123,935.8528402204931,715.4147464717151,963.2166666666667,636.0166666666667
5638,7338,66.46928161358123,935.8528402204931,715.4147464717151,962.3888888888889,624.0222222222222
5639,7339,66.46928161358123,935.8528402204931,715.4147464717151,961.5611111111111,612.0277777777778
5640,7340,66.46928161358123,935.8528402204931,715.4147464717151,960.7333333333333,600.0333333333333
5641,7341,66.46928161358123,935.8528402204931,715.4147464717151,959.9055555555556,588.0388888888889
5642,7342,66.46928161358123,935.8528402204931,715.4147464717151,959.0777777777778,576.0444444444445
5643,7343,66.46928161358123,935.8528402204931,715.4147464717151,958.25,564.05
5644,7344,66.46928161358123,935.8528402204931,715.4147464717151,957.4222222222222,552.0555555555555
5645,7345,66.46928161358123,935.8528402204931,715.4147464717151,956.5944444444444,540.0611111111111
5646,7346,66.46928161358123,935.8528402204931,715.4147464717151,955.7666666666667,528.0666666666666
5647,7347,66.46928161358123,935.8528402204931,715.4147464717151,954.9388888888889,516.0722222222222
5648,7348,66.46928161358123,935.8528402204931,715.4147464717151,954.1111111111111,504.0777777777778
5649,7349,66.46928161358123,935.8528402204931,715.4147464717151,953.2833333333333,492.08333333333337
5650,7350,66.46928161358123,935.8528402204931,715.4147464717151,952.4555555555555,480.0888888888889
5651,7351,66.46928161358123,935.8528402204931,715.4147464717151,951.6277777777777,468.09444444444443
5652,7352,66.46928161358123,935.8528402204931,715.4147464717151,950.8,456.1
5653,7353,66.46928161358123,935.8528402204931,715.4147464717151,950.8,456.1
5654,7354,66.46928161358123,935.8528402204931,715.4147464717151,950.8,456.1
5655,7355,66.46928161358123,935.8528402204931,715.4147464717151,950.8,456.1
5656,7356,66.46928161358123,935.8528402204931,715.4147464717151,950.8,456.1
5657,7357,66.46928161358123,935.8528402204931,715.4147464717151,950.8,456.1
5658,7358,66.46928161358123,935.8528402204931,715.4147464717151,950.8,456.1
5659,7359,66.46928161358123,935.8528402204931,715.4147464717151,950.8,456.1
5660,7360,66.46928161358123,935.8528402204931,715.4147464717151,950.8,456.1
5661,7361,66.46928161358123,935.8528402204931,715.4147464717151,950.8,456.1
5662,7362,66.46928161358123,935.8528402204931,715.4147464717151,950.8,456.1
5663,7363,66.46928161358123,935.8528402204931,715.4147464717151,950.8,456.1
5664,7364,66.46928161358123,935.8528402204931,715.4147464717151,950.8,456.1
5665,7365,66.46928161358123,935.8528402204931,715.4147464717151,950.8,456.1
5666,7366,66.46928161358123,935.8528402204931,715.4147464717151,950.8,456.1
5667,7367,66.46928161358123,935.8528402204931,715.4147464717151,950.8,456.1
5668,7368,66.46928161358123,935.8528402204931,715.4147464717151,950.8,456.1
5669,7369,66.46928161358123,935.8528402204931,715.4147464717151,950.8,456.1
5670,7370,66.46928161358123,935.8528402204931,715.4147464717151,950.8,456.1
5671,7371,66.46928161358123,935.8528402204931,715.4147464717151,950.8,456.1
5672,7372,66.46928161358123,935.8528402204931,715.4147464717151,950.8,456.1
5673,7373,66.46928161358123,935.8528402204931,715.4147464717151,950.8,456.1
5674,7374,66.46928161358123,935.8528402204931,715.4147464717151,950.8,456.1
5675,7375,66.46928161358123,935.8528402204931,715.4147464717151,950.8,456.1
5676,7376,66.46928161358123,935.8528402204931,715.4147464717151,950.8,456.1
5677,7377,66.46928161358123,935.8528402204931,715.4147464717151,950.8,456.1
5678,7378,66.46928161358123,935.8528402204931,715.4147464717151,950.8,456.1
5679,7379,66.46928161358123,935.8528402204931,715.4147464717151,950.8,456.1
5680,7380,66.46928161358123,935.8528402204931,715.4147464717151,950.8,456.1
5681,7381,66.46928161358123,935.8528402204931,715.4147464717151,950.8,456.1
5682,7382,66.46928161358123,935.8528402204931,715.4147464717151,950.8,456.1
5683,7383,66.46928161358123,935.8528402204931,715.4147464717151,950.8,456.1
5684,7384,66.46928161358123,620.8528402204931,680.4147464717151,950.8,456.1
5685,7385,66.46928161358123,620.8528402204931,680.4147464717151,950.8,456.1
5686,7386,66.46928161358123,620.8528402204931,680.4147464717151,950.8,456.1
5687,7387,66.46928161358123,620.8528402204931,680.4147464717151,950.8,456.1
5688,7388,66.46928161358123,620.8528402204931,680.4147464717151,950.8,456.1
5689,7389,66.46928161358123,620.8528402204931,680.4147464717151,950.8,456.1
5690,7390,66.46928161358123,620.8528402204931,680.4147464717151,950.8,456.1
5691,7391,66.46928161358123,620.8528402204931,680.4147464717151,950.8,456.1
5692,7392,66.46928161358123,620.8528402204931,680.4147464717151,950.8,456.1
5693,7393,66.46928161358123,620.8528402204931,680.4147464717151,950.8,456.1
5694,7394,66.46928161358123,620.8528402204931,680.4147464717151,950.8,456.1
5695,7395,66.46928161358123,620.8528402204931,680.4147464717151,950.8,456.1
5696,7396,66.46928161358123,620.8528402204931,680.4147464717151,950.8,456.1
5697,7397,66.46928161358123,620.8528402204931,680.4147464717151,950.8,456.1
5698,7398,66.46928161358123,620.8528402204931,680.4147464717151,950.8,456.1
5699,7399,66.46928161358123,620.8528402204931,680.4147464717151,950.8,456.1
5700,7400,66.46928161358123,620.8528402204931,680.4147464717151,950.8,456.1
5701,7401,66.46928161358123,620.8528402204931,680.4147464717151,950.8,456.1
5702,7402,66.46928161358123,620.8528402204931,680.4147464717151,950.8,456.1
5703,7403,66.46928161358123,620.8528402204931,680.4147464717151,950.8,456.1
5704,7404,66.46928161358123,620.8528402204931,680.4147464717151,950.8,456.1
5705,7405,66.46928161358123,620.8528402204931,680.4147464717151,950.8,456.1
5706,7406,66.46928161358123,620.8528402204931,680.4147464717151,950.8,456.1
5707,7407,66.46928161358123,620.8528402204931,680.4147464717151,950.8,456.1
5708,7408,66.46928161358123,620.8528402204931,680.4147464717151,950.8,456.1
5709,7409,66.46928161358123,620.8528402204931,680.4147464717151,950.8,456.1
5710,7410,66.46928161358123,620.8528402204931,680.4147464717151,950.8,456.1
5711,7411,66.46928161358123,620.8528402204931,680.4147464717151,950.8,456.1
5712,7412,66.46928161358123,620.8528402204931,680.4147464717151,950.8,456.1
5713,7413,66.46928161358123,620.8528402204931,680.4147464717151,950.8,456.1
5714,7414,66.46928161358123,620.8528402204931,680.4147464717151,950.8,456.1
5715,7415,66.46928161358123,620.8528402204931,680.4147464717151,950.8,456.1
5716,7416,66.46928161358123,620.8528402204931,680.4147464717151,950.8,456.1
5717,7417,66.46928161358123,620.8528402204931,680.4147464717151,950.8,456.1
5718,7418,66.46928161358123,620.8528402204931,680.4147464717151,950.8,456.1
5719,7419,66.46928161358123,620.8528402204931,680.4147464717151,950.8,456.1
5720,7420,66.46928161358123,620.8528402204931,680.4147464717151,950.8,456.1
5721,7421,66.46928161358123,620.8528402204931,680.4147464717151,950.8,456.1
5722,7422,66.46928161358123,620.8528402204931,680.4147464717151,950.8,456.1
5723,7423,66.46928161358123,620.8528402204931,680.4147464717151,950.8,456.1
5724,7424,66.46928161358123,620.8528402204931,680.4147464717151,950.8,456.1
5725,7425,66.46928161358123,620.8528402204931,680.4147464717151,950.8,456.1
5726,7426,66.46928161358123,620.8528402204931,680.4147464717151,950.8,456.1
5727,7427,66.46928161358123,620.8528402204931,680.4147464717151,950.8,456.1
5728,7428,66.46928161358123,620.8528402204931,680.4147464717151,950.8,456.1
5729,7429,66.46928161358123,620.8528402204931,680.4147464717151,950.8,456.1
5730,7430,66.46928161358123,620.8528402204931,680.4147464717151,950.8,456.1
5731,7431,66.46928161358123,620.8528402204931,680.4147464717151,950.8,456.1
5732,7432,66.46928161358123,620.8528402204931,680.4147464717151,951.0727272727272,448.3181818181818
5733,7433,66.46928161358123,620.8528402204931,680.4147464717151,951.3454545454545,440.53636363636366
5734,7434,66.46928161358123,620.8528402204931,680.4147464717151,951.6181818181818,432.75454545454545
5735,7435,66.46928161358123,620.8528402204931,680.4147464717151,951.8909090909091,424.9727272727273
5736,7436,66.46928161358123,620.8528402204931,680.4147464717151,952.1636363636363,417.1909090909091
5737,7437,66.46928161358123,620.8528402204931,680.4147464717151,952.4363636363636,409.40909090909093
5738,7438,66.46928161358123,620.8528402204931,680.4147464717151,952.7090909090908,401.6272727272727
5739,7439,66.46928161358123,620.8528402204931,680.4147464717151,952.9818181818181,393.8454545454546
5740,7440,66.46928161358123,620.8528402204931,680.4147464717151,953.2545454545455,386.06363636363636
5741,7441,66.46928161358123,620.8528402204931,680.4147464717151,953.5272727272727,378.28181818181815
5742,7442,66.46928161358123,620.8528402204931,680.4147464717151,953.8,370.5
5743,7443,66.46928161358123,620.8528402204931,680.4147464717151,953.8,370.5
5744,7444,66.46928161358123,620.8528402204931,680.4147464717151,953.8,370.5
5745,7445,66.46928161358123,620.8528402204931,680.4147464717151,953.8,370.5
5746,7446,66.46928161358123,620.8528402204931,680.4147464717151,953.8,370.5
5747,7447,66.46928161358123,620.8528402204931,680.4147464717151,953.8,370.5
5748,7448,66.46928161358123,620.8528402204931,680.4147464717151,953.8,370.5
5749,7449,66.46928161358123,620.8528402204931,680.4147464717151,953.8,370.5
5750,7450,66.46928161358123,620.8528402204931,680.4147464717151,953.8,370.5
5751,7451,66.46928161358123,620.8528402204931,680.4147464717151,953.8,370.5
5752,7452,66.46928161358123,620.8528402204931,680.4147464717151,953.8,370.5
5753,7453,66.46928161358123,620.8528402204931,680.4147464717151,953.8,370.5
5754,7454,66.46928161358123,620.8528402204931,680.4147464717151,953.8,370.5
5755,7455,66.46928161358123,620.8528402204931,680.4147464717151,953.8,370.5
5756,7456,66.46928161358123,620.8528402204931,680.4147464717151,953.8,370.5
5757,7457,66.46928161358123,620.8528402204931,680.4147464717151,953.8,370.5
5758,7458,66.46928161358123,620.8528402204931,680.4147464717151,953.8,370.5
5759,7459,66.46928161358123,620.8528402204931,680.4147464717151,953.8,370.5
5760,7460,66.46928161358123,620.8528402204931,680.4147464717151,953.8,370.5
5761,7461,52.26955465944614,620.8528402204931,680.4147464717151,953.8,370.5
5762,7462,38.84007097164937,620.8528402204931,680.4147464717151,953.8,370.5
5763,7463,27.34044082642745,620.8528402204931,680.4147464717151,953.8,370.5
5764,7464,21.188490243494897,620.8528402204931,680.4147464717151,953.8,370.5
5765,7464,21.188490243494897,620.8528402204931,680.4147464717151,953.8,370.5
5766,7464,21.188490243494897,620.8528402204931,680.4147464717151,953.8,370.5
5767,7464,21.188490243494897,620.8528402204931,680.4147464717151,953.8,370.5
5768,7464,21.188490243494897,620.8528402204931,680.4147464717151,953.8,370.5
5769,7464,21.188490243494897,620.8528402204931,680.4147464717151,953.8,370.5
5770,7464,21.188490243494897,620.8528402204931,680.4147464717151,953.8,370.5
5771,7464,21.188490243494897,620.8528402204931,680.4147464717151,953.8,370.5
5772,7464,21.188490243494897,620.8528402204931,680.4147464717151,953.8,370.5
5773,7464,21.188490243494897,620.8528402204931,680.4147464717151,953.8,370.5
5774,7464,21.188490243494897,620.8528402204931,680.4147464717151,953.8,370.5
5775,7464,21.188490243494897,620.8528402204931,680.4147464717151,953.8,370.5
5776,7464,21.188490243494897,620.8528402204931,680.4147464717151,953.8,370.5
5777,7464,21.188490243494897,620.8528402204931,680.4147464717151,953.8,370.5
5778,7464,21.188490243494897,620.8528402204931,680.4147464717151,953.8,370.5
5779,7464,21.188490243494897,620.8528402204931,680.4147464717151,953.8,370.5
5780,7464,21.188490243494897,620.8528402204931,680.4147464717151,953.8,370.5
5781,7464,21.188490243494897,620.8528402204931,680.4147464717151,953.8,370.5
5782,7465,24.756985998474434,620.8528402204931,680.4147464717151,953.8,370.5
5783,7466,191.17091436464693,620.8528402204931,680.4147464717151,953.8,370.5
5784,7466,191.17091436464693,620.8528402204931,680.4147464717151,953.8,370.5
5785,7466,191.17091436464693,620.8528402204931,680.4147464717151,953.8,370.5
5786,7466,191.17091436464693,620.8528402204931,680.4147464717151,953.8,370.5
5787,7466,191.17091436464693,620.8528402204931,680.4147464717151,953.8,370.5
5788,7466,191.17091436464693,620.8528402204931,680.4147464717151,953.8,370.5
5789,7466,191.17091436464693,620.8528402204931,680.4147464717151,953.8,370.5
5790,7466,191.17091436464693,620.8528402204931,680.4147464717151,953.8,370.5
5791,7466,191.17091436464693,620.8528402204931,680.4147464717151,953.8,370.5
5792,7466,191.17091436464693,620.8528402204931,680.4147464717151,953.8,370.5
5793,7466,191.17091436464693,620.8528402204931,680.4147464717151,953.8,370.5
5794,7466,191.17091436464693,620.8528402204931,680.4147464717151,953.8,370.5
5795,7466,191.17091436464693,620.8528402204931,680.4147464717151,953.8,370.5
5796,7466,191.17091436464693,620.8528402204931,680.4147464717151,953.8,370.5
5797,7466,191.17091436464693,620.8528402204931,680.4147464717151,953.8,370.5
5798,7466,191.17091436464693,620.8528402204931,680.4147464717151,953.8,370.5
5799,7466,191.17091436464693,620.8528402204931,680.4147464717151,953.8,370.5
5800,7466,191.17091436464693,620.8528402204931,680.4147464717151,953.8,370.5
5801,7466,191.17091436464693,620.8528402204931,680.4147464717151,953.8,370.5
5802,7466,191.17091436464693,620.8528402204931,680.4147464717151,953.8,370.5
5803,7466,191.17091436464693,620.8528402204931,680.4147464717151,953.8,370.5
5804,7466,191.17091436464693,620.8528402204931,680.4147464717151,953.8,370.5
5805,7466,191.17091436464693,620.8528402204931,680.4147464717151,953.8,370.5
5806,7466,191.17091436464693,620.8528402204931,680.4147464717151,953.8,370.5
5807,7466,191.17091436464693,620.8528402204931,680.4147464717151,953.8,370.5
5808,7466,191.17091436464693,620.8528402204931,680.4147464717151,953.8,370.5
5809,7466,191.17091436464693,620.8528402204931,680.4147464717151,953.8,370.5
5810,7466,191.17091436464693,620.8528402204931,680.4147464717151,953.8,370.5
5811,7466,191.17091436464693,620.8528402204931,680.4147464717151,953.8,370.5
5812,7466,191.17091436464693,620.8528402204931,680.4147464717151,953.8,370.5
5813,7466,191.17091436464693,620.8528402204931,680.4147464717151,953.8,370.5
5814,7466,191.17091436464693,620.8528402204931,680.4147464717151,953.8,370.5
5815,7466,191.17091436464693,620.8528402204931,680.4147464717151,953.8,370.5
5816,7466,417.41977502588094,620.8528402204931,680.4147464717151,953.8,370.5
5817,7466,417.41977502588094,755.8528402204931,505.41474647171515,953.8,370.5
5818,7466,417.41977502588094,755.8528402204931,505.41474647171515,953.8,370.5
5819,7466,417.41977502588094,755.8528402204931,505.41474647171515,953.8,370.5
5820,7466,417.41977502588094,755.8528402204931,505.41474647171515,953.8,370.5
5821,7466,417.41977502588094,755.8528402204931,505.41474647171515,953.8,370.5
5822,7466,417.41977502588094,755.8528402204931,505.41474647171515,953.8,370.5
5823,7466,417.41977502588094,755.8528402204931,505.41474647171515,953.8,370.5
5824,7466,417.41977502588094,755.8528402204931,505.41474647171515,953.8,370.5
5825,7466,417.41977502588094,755.8528402204931,505.41474647171515,953.8,370.5
5826,7466,417.41977502588094,755.8528402204931,505.41474647171515,953.8,370.5
5827,7466,417.41977502588094,755.8528402204931,505.41474647171515,953.8,370.5
5828,7466,417.41977502588094,755.8528402204931,505.41474647171515,953.8,370.5
5829,7466,417.41977502588094,755.8528402204931,505.41474647171515,953.8,370.5
5830,7466,417.41977502588094,755.8528402204931,505.41474647171515,953.8,370.5
5831,7466,417.41977502588094,755.8528402204931,505.41474647171515,953.8,370.5
5832,7466,417.41977502588094,755.8528402204931,505.41474647171515,953.8,370.5
5833,7466,417.41977502588094,755.8528402204931,505.41474647171515,953.8,370.5
5834,7466,417.41977502588094,755.8528402204931,505.41474647171515,953.8,370.5
5835,7466,417.41977502588094,755.8528402204931,505.41474647171515,953.8,370.5
5836,7466,417.41977502588094,755.8528402204931,505.41474647171515,953.8,370.5
5837,7466,417.41977502588094,755.8528402204931,505.41474647171515,953.8,370.5
5838,7466,417.41977502588094,755.8528402204931,505.41474647171515,953.8,370.5
5839,7466,417.41977502588094,755.8528402204931,505.41474647171515,953.8,370.5
5840,7466,417.41977502588094,755.8528402204931,505.41474647171515,953.8,370.5
5841,7466,417.41977502588094,755.8528402204931,505.41474647171515,953.8,370.5
5842,7466,417.41977502588094,755.8528402204931,505.41474647171515,953.8,370.5
5843,7466,417.41977502588094,755.8528402204931,505.41474647171515,953.8,370.5
5844,7466,417.41977502588094,755.8528402204931,505.41474647171515,953.8,370.5
5845,7466,417.41977502588094,755.8528402204931,505.41474647171515,953.8,370.5
5846,7466,417.41977502588094,755.8528402204931,505.41474647171515,953.8,370.5
5847,7466,417.41977502588094,755.8528402204931,505.41474647171515,953.8,370.5
5848,7466,417.41977502588094,755.8528402204931,505.41474647171515,953.8,370.5
5849,7466,417.41977502588094,755.8528402204931,505.41474647171515,953.8,370.5
5850,7466,417.41977502588094,891.8528402204931,331.41474647171515,953.8,370.5
5851,7466,417.41977502588094,891.8528402204931,331.41474647171515,953.8,370.5
5852,7466,417.41977502588094,891.8528402204931,331.41474647171515,953.8,370.5
5853,7466,417.41977502588094,891.8528402204931,331.41474647171515,953.8,370.5
5854,7466,417.41977502588094,891.8528402204931,331.41474647171515,953.8,370.5
5855,7466,417.41977502588094,891.8528402204931,331.41474647171515,953.8,370.5
5856,7466,417.41977502588094,891.8528402204931,331.41474647171515,953.8,370.5
5857,7466,417.41977502588094,891.8528402204931,331.41474647171515,953.8,370.5
5858,7466,417.41977502588094,891.8528402204931,331.41474647171515,953.8,370.5
5859,7466,417.41977502588094,891.8528402204931,331.41474647171515,953.8,370.5
5860,7466,417.41977502588094,891.8528402204931,331.41474647171515,953.8,370.5
5861,7466,417.41977502588094,891.8528402204931,331.41474647171515,953.8,370.5
5862,7466,417.41977502588094,891.8528402204931,331.41474647171515,953.8,370.5
5863,7466,417.41977502588094,891.8528402204931,331.41474647171515,953.8,370.5
5864,7466,417.41977502588094,891.8528402204931,331.41474647171515,953.8,370.5
5865,7466,417.41977502588094,891.8528402204931,331.41474647171515,953.8,370.5
5866,7466,417.41977502588094,891.8528402204931,331.41474647171515,953.8,370.5
5867,7466,417.41977502588094,891.8528402204931,331.41474647171515,953.8,370.5
5868,7466,417.41977502588094,891.8528402204931,331.41474647171515,953.8,370.5
5869,7466,417.41977502588094,891.8528402204931,331.41474647171515,953.8,370.5
5870,7466,417.41977502588094,891.8528402204931,331.41474647171515,953.8,370.5
5871,7466,417.41977502588094,891.8528402204931,331.41474647171515,953.8,370.5
5872,7466,417.41977502588094,891.8528402204931,331.41474647171515,953.8,370.5
5873,7466,417.41977502588094,891.8528402204931,331.41474647171515,951.3083333333333,366.30833333333334
5874,7466,417.41977502588094,891.8528402204931,331.41474647171515,948.8166666666666,362.1166666666667
5875,7466,417.41977502588094,891.8528402204931,331.41474647171515,946.3249999999999,357.925
5876,7466,417.41977502588094,891.8528402204931,331.41474647171515,943.8333333333333,353.73333333333335
5877,7466,417.41977502588094,891.8528402204931,331.41474647171515,941.3416666666666,349.5416666666667
5878,7466,417.41977502588094,891.8528402204931,331.41474647171515,938.8499999999999,345.35
5879,7466,417.41977502588094,891.8528402204931,331.41474647171515,936.3583333333333,341.1583333333333
5880,7466,417.41977502588094,891.8528402204931,331.41474647171515,933.8666666666667,336.96666666666664
5881,7466,417.41977502588094,891.8528402204931,331.41474647171515,931.375,332.775
5882,7466,417.41977502588094,891.8528402204931,331.41474647171515,928.8833333333333,328.5833333333333
5883,7466,417.41977502588094,891.8528402204931,331.41474647171515,926.3916666666667,324.39166666666665
5884,7466,417.41977502588094,891.8528402204931,331.41474647171515,923.9,320.2
5885,7466,417.41977502588094,891.8528402204931,331.41474647171515,923.9,320.2
5886,7466,417.41977502588094,891.8528402204931,331.41474647171515,923.9,320.2
5887,7466,417.41977502588094,891.8528402204931,331.41474647171515,923.9,320.2
5888,7466,417.41977502588094,891.8528402204931,331.41474647171515,923.9,320.2
5889,7466,417.41977502588094,891.8528402204931,331.41474647171515,923.9,320.2
5890,7466,417.41977502588094,891.8528402204931,331.41474647171515,923.9,320.2
5891,7466,417.41977502588094,891.8528402204931,331.41474647171515,923.9,320.2
5892,7466,417.41977502588094,891.8528402204931,331.41474647171515,923.9,320.2
5893,7466,417.41977502588094,891.8528402204931,331.41474647171515,923.9,320.2
5894,7466,417.41977502588094,891.8528402204931,331.41474647171515,923.9,320.2
5895,7466,417.41977502588094,891.8528402204931,331.41474647171515,923.9,320.2
5896,7466,417.41977502588094,891.8528402204931,331.41474647171515,923.9,320.2
5897,7466,417.41977502588094,891.8528402204931,331.41474647171515,923.9,320.2
5898,7466,417.41977502588094,891.8528402204931,331.41474647171515,923.9,320.2
5899,7466,417.41977502588094,891.8528402204931,331.41474647171515,923.9,320.2
5900,7466,417.41977502588094,891.8528402204931,331.41474647171515,923.9,320.2
5901,7466,417.41977502588094,891.8528402204931,331.41474647171515,923.9,320.2
5902,7466,417.41977502588094,891.8528402204931,331.41474647171515,923.9,320.2
5903,7466,417.41977502588094,891.8528402204931,331.41474647171515,923.9,320.2
5904,7466,417.41977502588094,891.8528402204931,331.41474647171515,923.9,320.2
5905,7466,417.41977502588094,891.8528402204931,331.41474647171515,923.9,320.2
5906,7466,417.41977502588094,891.8528402204931,331.41474647171515,923.9,320.2
5907,7466,417.41977502588094,891.8528402204931,331.41474647171515,923.9,320.2
5908,7466,417.41977502588094,891.8528402204931,331.41474647171515,923.9,320.2
5909,7466,417.41977502588094,891.8528402204931,331.41474647171515,923.9,320.2
5910,7466,417.41977502588094,891.8528402204931,331.41474647171515,923.9,320.2
5911,7466,417.41977502588094,891.8528402204931,331.41474647171515,923.9,320.2
5912,7466,417.41977502588094,891.8528402204931,331.41474647171515,923.9,320.2
5913,7466,417.41977502588094,891.8528402204931,331.41474647171515,923.9,320.2
5914,7466,417.41977502588094,891.8528402204931,331.41474647171515,923.9,320.2
5915,7466,417.41977502588094,891.8528402204931,331.41474647171515,923.9,320.2
5916,7466,417.41977502588094,891.8528402204931,331.41474647171515,923.9,320.2
5917,7466,417.41977502588094,891.8528402204931,331.41474647171515,923.9,320.2
5918,7466,417.41977502588094,891.8528402204931,331.41474647171515,923.9,320.2
5919,7466,417.41977502588094,891.8528402204931,331.41474647171515,923.9,320.2
5920,7466,417.41977502588094,891.8528402204931,331.41474647171515,923.9,320.2
5921,7466,417.41977502588094,891.8528402204931,331.41474647171515,923.9,320.2
5922,7466,417.41977502588094,891.8528402204931,331.41474647171515,923.9,320.2
5923,7466,417.41977502588094,891.8528402204931,331.41474647171515,923.9,320.2
5924,7466,417.41977502588094,891.8528402204931,331.41474647171515,923.9,320.2
5925,7466,417.41977502588094,891.8528402204931,331.41474647171515,923.9,320.2
5926,7466,417.41977502588094,891.8528402204931,331.41474647171515,923.9,320.2
5927,7466,417.41977502588094,891.8528402204931,331.41474647171515,923.9,320.2
5928,7466,417.41977502588094,891.8528402204931,331.41474647171515,923.9,320.2
5929,7466,417.41977502588094,891.8528402204931,331.41474647171515,923.9,320.2
5930,7466,417.41977502588094,891.8528402204931,331.41474647171515,923.9,320.2
5931,7466,417.41977502588094,891.8528402204931,331.41474647171515,923.9,320.2
5932,7466,417.41977502588094,891.8528402204931,331.41474647171515,923.9,320.2
5933,7466,417.41977502588094,891.8528402204931,331.41474647171515,923.9,320.2
5934,7466,417.41977502588094,891.8528402204931,331.41474647171515,923.9,320.2
5935,7466,417.41977502588094,891.8528402204931,331.41474647171515,923.9,320.2
5936,7466,417.41977502588094,891.8528402204931,331.41474647171515,923.9,320.2
5937,7466,417.41977502588094,891.8528402204931,331.41474647171515,923.9,320.2
5938,7466,417.41977502588094,891.8528402204931,331.41474647171515,923.9,320.2
5939,7466,417.41977502588094,891.8528402204931,331.41474647171515,923.9,320.2
5940,7466,417.41977502588094,891.8528402204931,331.41474647171515,923.9,320.2
5941,7466,417.41977502588094,891.8528402204931,331.41474647171515,923.9,320.2
5942,7466,417.41977502588094,891.8528402204931,331.41474647171515,923.9,320.2
5943,7466,417.41977502588094,891.8528402204931,331.41474647171515,923.9,320.2
5944,7466,417.41977502588094,891.8528402204931,331.41474647171515,923.9,320.2
5945,7466,417.41977502588094,891.8528402204931,331.41474647171515,923.9,320.2
5946,7466,417.41977502588094,891.8528402204931,331.41474647171515,923.9,320.2
5947,7466,417.41977502588094,891.8528402204931,331.41474647171515,923.9,320.2
5948,7466,417.41977502588094,891.8528402204931,331.41474647171515,923.9,320.2
5949,7466,417.41977502588094,891.8528402204931,331.41474647171515,923.9,320.2
5950,7466,417.41977502588094,891.8528402204931,331.41474647171515,923.9,320.2
5951,7466,417.41977502588094,891.8528402204931,331.41474647171515,923.9,320.2
5952,7466,417.41977502588094,891.8528402204931,331.41474647171515,923.9,320.2
5953,7466,417.41977502588094,891.8528402204931,331.41474647171515,923.9,320.2
5954,7466,417.41977502588094,891.8528402204931,331.41474647171515,923.9,320.2
5955,7466,417.41977502588094,891.8528402204931,331.41474647171515,923.9,320.2
5956,7466,417.41977502588094,891.8528402204931,331.41474647171515,923.9,320.2
5957,7466,417.41977502588094,891.8528402204931,331.41474647171515,923.9,320.2
5958,7466,417.41977502588094,891.8528402204931,331.41474647171515,923.9,320.2
5959,7466,417.41977502588094,891.8528402204931,331.41474647171515,923.9,320.2
5960,7466,417.41977502588094,891.8528402204931,331.41474647171515,923.9,320.2
5961,7466,417.41977502588094,891.8528402204931,331.41474647171515,923.9,320.2
5962,7466,417.41977502588094,891.8528402204931,331.41474647171515,923.9,320.2
5963,7466,417.41977502588094,891.8528402204931,331.41474647171515,923.9,320.2
5964,7466,417.41977502588094,891.8528402204931,331.41474647171515,923.9,320.2
5965,7466,417.41977502588094,891.8528402204931,331.41474647171515,923.9,320.2
5966,7466,417.41977502588094,891.8528402204931,331.41474647171515,923.9,320.2
5967,7466,417.41977502588094,891.8528402204931,331.41474647171515,923.9,320.2
5968,7466,417.41977502588094,891.8528402204931,331.41474647171515,923.9,320.2
5969,7466,417.41977502588094,891.8528402204931,331.41474647171515,923.9,320.2
5970,7466,417.41977502588094,891.8528402204931,331.41474647171515,923.9,320.2
5971,7466,417.41977502588094,891.8528402204931,331.41474647171515,923.9,320.2
5972,7466,417.41977502588094,891.8528402204931,331.41474647171515,923.9,320.2
5973,7466,417.41977502588094,891.8528402204931,331.41474647171515,923.9,320.2
5974,7466,417.41977502588094,891.8528402204931,331.41474647171515,923.9,320.2
5975,7466,417.41977502588094,891.8528402204931,331.41474647171515,923.9,320.2
5976,7466,417.41977502588094,891.8528402204931,331.41474647171515,923.9,320.2
5977,7466,417.41977502588094,891.8528402204931,331.41474647171515,923.9,320.2
5978,7466,417.41977502588094,891.8528402204931,331.41474647171515,923.9,320.2
5979,7466,417.41977502588094,891.8528402204931,331.41474647171515,923.9,320.2
5980,7466,417.41977502588094,891.8528402204931,331.41474647171515,923.9,320.2
5981,7466,417.41977502588094,891.8528402204931,331.41474647171515,923.9,320.2
5982,7466,417.41977502588094,891.8528402204931,331.41474647171515,923.9,320.2
5983,7466,417.41977502588094,891.8528402204931,331.41474647171515,923.9,320.2
5984,7466,417.41977502588094,1043.8528402204931,516.4147464717151,923.9,320.2
5985,7466,417.41977502588094,1043.8528402204931,516.4147464717151,923.9,320.2
5986,7466,417.41977502588094,1043.8528402204931,516.4147464717151,923.9,320.2
5987,7466,417.41977502588094,1043.8528402204931,516.4147464717151,923.9,320.2
5988,7466,417.41977502588094,1043.8528402204931,516.4147464717151,923.9,320.2
5989,7466,417.41977502588094,1043.8528402204931,516.4147464717151,923.9,320.2
5990,7466,417.41977502588094,1043.8528402204931,516.4147464717151,923.9,320.2
5991,7466,192.58221527809943,1043.8528402204931,516.4147464717151,923.9,320.2
5992,7466,192.58221527809943,1043.8528402204931,516.4147464717151,923.9,320.2
5993,7466,192.58221527809943,1043.8528402204931,516.4147464717151,923.9,320.2
5994,7466,192.58221527809943,1043.8528402204931,516.4147464717151,923.9,320.2
5995,7466,192.58221527809943,1043.8528402204931,516.4147464717151,923.9,320.2
5996,7466,192.58221527809943,1043.8528402204931,516.4147464717151,923.9,320.2
5997,7466,192.58221527809943,1043.8528402204931,516.4147464717151,923.9,320.2
5998,7466,192.58221527809943,1043.8528402204931,516.4147464717151,923.9,320.2
5999,7466,192.58221527809943,1043.8528402204931,516.4147464717151,923.9,320.2
6000,7466,192.58221527809943,1043.8528402204931,516.4147464717151,923.9,320.2
6001,7466,192.58221527809943,1043.8528402204931,516.4147464717151,923.9,320.2
6002,7466,192.58221527809943,1043.8528402204931,516.4147464717151,923.9,320.2
6003,7466,192.58221527809943,1043.8528402204931,516.4147464717151,923.9,320.2
6004,7466,192.58221527809943,1043.8528402204931,516.4147464717151,923.9,320.2
6005,7466,192.58221527809943,1043.8528402204931,516.4147464717151,923.9,320.2
6006,7466,192.58221527809943,1043.8528402204931,516.4147464717151,923.9,320.2
6007,7466,192.58221527809943,1043.8528402204931,516.4147464717151,923.9,320.2
6008,7466,192.58221527809943,1043.8528402204931,516.4147464717151,923.9,320.2
6009,7466,192.58221527809943,1043.8528402204931,516.4147464717151,923.9,320.2
6010,7466,192.58221527809943,1043.8528402204931,516.4147464717151,923.9,320.2
6011,7466,192.58221527809943,1043.8528402204931,516.4147464717151,923.9,320.2
6012,7466,192.58221527809943,1043.8528402204931,516.4147464717151,923.9,320.2
6013,7466,192.58221527809943,1043.8528402204931,516.4147464717151,923.9,320.2
6014,7466,192.58221527809943,1043.8528402204931,516.4147464717151,923.9,320.2
6015,7466,192.58221527809943,1043.8528402204931,516.4147464717151,923.9,320.2
6016,7466,32.20813142338839,1043.8528402204931,516.4147464717151,923.9,320.2
6017,7466,32.20813142338839,1196.8528402204931,701.4147464717151,923.9,320.2
6018,7466,32.20813142338839,1196.8528402204931,701.4147464717151,923.9,320.2
6019,7466,32.20813142338839,1196.8528402204931,701.4147464717151,923.9,320.2
6020,7466,32.20813142338839,1196.8528402204931,701.4147464717151,923.9,320.2
6021,7466,32.20813142338839,1196.8528402204931,701.4147464717151,923.9,320.2
6022,7466,32.20813142338839,1196.8528402204931,701.4147464717151,923.9,320.2
6023,7466,32.20813142338839,1196.8528402204931,701.4147464717151,923.9,320.2
6024,7466,32.20813142338839,1196.8528402204931,701.4147464717151,923.9,320.2
6025,7466,32.20813142338839,1196.8528402204931,701.4147464717151,923.9,320.2
6026,7466,32.20813142338839,1196.8528402204931,701.4147464717151,923.9,320.2
6027,7466,32.20813142338839,1196.8528402204931,701.4147464717151,923.9,320.2
6028,7466,32.20813142338839,1196.8528402204931,701.4147464717151,923.9,320.2
6029,7466,32.20813142338839,1196.8528402204931,701.4147464717151,923.9,320.2
6030,7466,32.20813142338839,1196.8528402204931,701.4147464717151,923.9,320.2
6031,7466,32.20813142338839,1196.8528402204931,701.4147464717151,923.9,320.2
6032,7466,32.20813142338839,1196.8528402204931,701.4147464717151,923.9,320.2
6033,7466,32.20813142338839,1196.8528402204931,701.4147464717151,923.9,320.2
6034,7466,32.20813142338839,1196.8528402204931,701.4147464717151,923.9,320.2
6035,7466,32.20813142338839,1196.8528402204931,701.4147464717151,923.9,320.2
6036,7466,32.20813142338839,1196.8528402204931,701.4147464717151,923.9,320.2
6037,7466,32.20813142338839,1196.8528402204931,701.4147464717151,923.9,320.2
6038,7466,32.20813142338839,1196.8528402204931,701.4147464717151,923.9,320.2
6039,7466,32.20813142338839,1196.8528402204931,701.4147464717151,923.9,320.2
6040,7466,32.20813142338839,1196.8528402204931,701.4147464717151,923.9,320.2
6041,7466,32.20813142338839,1196.8528402204931,701.4147464717151,923.9,320.2
6042,7466,32.20813142338839,1196.8528402204931,701.4147464717151,923.9,320.2
6043,7466,32.20813142338839,1196.8528402204931,701.4147464717151,923.9,320.2
6044,7466,32.20813142338839,1196.8528402204931,701.4147464717151,923.9,320.2
6045,7466,32.20813142338839,1196.8528402204931,701.4147464717151,923.9,320.2
6046,7466,32.20813142338839,1196.8528402204931,701.4147464717151,923.9,320.2
6047,7466,32.20813142338839,1196.8528402204931,701.4147464717151,923.9,320.2
6048,7466,32.20813142338839,1196.8528402204931,701.4147464717151,923.9,320.2
6049,7466,32.20813142338839,1196.8528402204931,701.4147464717151,923.9,320.2
6050,7466,32.20813142338839,1196.8528402204931,701.4147464717151,923.9,320.2
6051,7466,32.20813142338839,1196.8528402204931,701.4147464717151,923.9,320.2
6052,7466,32.20813142338839,1196.8528402204931,701.4147464717151,923.9,320.2
6053,7466,32.20813142338839,1196.8528402204931,701.4147464717151,923.9,320.2
6054,7466,32.20813142338839,1196.8528402204931,701.4147464717151,923.9,320.2
6055,7466,32.20813142338839,1196.8528402204931,701.4147464717151,923.9,320.2
6056,7466,32.20813142338839,1196.8528402204931,701.4147464717151,923.9,320.2
6057,7466,32.20813142338839,1196.8528402204931,701.4147464717151,923.9,320.2
6058,7466,32.20813142338839,1196.8528402204931,701.4147464717151,923.9,320.2
6059,7466,32.20813142338839,1196.8528402204931,701.4147464717151,923.9,320.2
6060,7466,32.20813142338839,1196.8528402204931,701.4147464717151,923.9,320.2
6061,7466,32.20813142338839,1196.8528402204931,701.4147464717151,923.9,320.2
6062,7466,32.20813142338839,1196.8528402204931,701.4147464717151,923.9,320.2
6063,7466,32.20813142338839,1196.8528402204931,701.4147464717151,923.9,320.2
6064,7466,32.20813142338839,1196.8528402204931,701.4147464717151,923.9,320.2
6065,7466,32.20813142338839,1196.8528402204931,701.4147464717151,923.9,320.2
6066,7466,32.20813142338839,1196.8528402204931,701.4147464717151,923.9,320.2
6067,7466,32.20813142338839,1196.8528402204931,701.4147464717151,923.9,320.2
6068,7466,32.20813142338839,1196.8528402204931,701.4147464717151,923.9,320.2
6069,7466,32.20813142338839,1196.8528402204931,701.4147464717151,923.9,320.2
6070,7466,32.20813142338839,1196.8528402204931,701.4147464717151,923.9,320.2
6071,7466,32.20813142338839,1196.8528402204931,701.4147464717151,923.9,320.2
6072,7466,32.20813142338839,1196.8528402204931,701.4147464717151,923.9,320.2
6073,7466,32.20813142338839,1196.8528402204931,701.4147464717151,923.9,320.2
6074,7466,32.20813142338839,1196.8528402204931,701.4147464717151,923.9,320.2
6075,7466,32.20813142338839,1196.8528402204931,701.4147464717151,923.9,320.2
6076,7466,32.20813142338839,1196.8528402204931,701.4147464717151,923.9,320.2
6077,7466,32.20813142338839,1196.8528402204931,701.4147464717151,923.9,320.2
6078,7466,32.20813142338839,1196.8528402204931,701.4147464717151,923.9,320.2
6079,7466,32.20813142338839,1196.8528402204931,701.4147464717151,923.9,320.2
6080,7466,32.20813142338839,1196.8528402204931,701.4147464717151,923.9,320.2
6081,7466,32.20813142338839,1196.8528402204931,701.4147464717151,923.9,320.2
6082,7466,32.20813142338839,1196.8528402204931,701.4147464717151,923.9,320.2
6083,7466,32.20813142338839,1196.8528402204931,701.4147464717151,923.9,320.2
6084,7466,32.20813142338839,1196.8528402204931,701.4147464717151,923.9,320.2
6085,7466,32.20813142338839,1196.8528402204931,701.4147464717151,923.9,320.2
6086,7466,32.20813142338839,1196.8528402204931,701.4147464717151,923.9,320.2
6087,7466,32.20813142338839,1196.8528402204931,701.4147464717151,923.9,320.2
6088,7466,32.20813142338839,1196.8528402204931,701.4147464717151,923.9,320.2
6089,7466,32.20813142338839,1196.8528402204931,701.4147464717151,923.9,320.2
6090,7466,32.20813142338839,1196.8528402204931,701.4147464717151,923.9,320.2
6091,7466,32.20813142338839,1196.8528402204931,701.4147464717151,923.9,320.2
6092,7466,32.20813142338839,1196.8528402204931,701.4147464717151,923.9,320.2
6093,7466,32.20813142338839,1196.8528402204931,701.4147464717151,923.9,320.2
6094,7466,32.20813142338839,1196.8528402204931,701.4147464717151,923.9,320.2
6095,7466,32.20813142338839,1196.8528402204931,701.4147464717151,923.9,320.2
6096,7466,32.20813142338839,1196.8528402204931,701.4147464717151,923.9,320.2
6097,7466,32.20813142338839,1196.8528402204931,701.4147464717151,923.9,320.2
6098,7466,32.20813142338839,1196.8528402204931,701.4147464717151,923.9,320.2
6099,7466,32.20813142338839,1196.8528402204931,701.4147464717151,923.9,320.2
6100,7466,32.20813142338839,1196.8528402204931,701.4147464717151,923.9,320.2
6101,7466,32.20813142338839,1196.8528402204931,701.4147464717151,923.9,320.2
6102,7466,32.20813142338839,1196.8528402204931,701.4147464717151,923.9,320.2
6103,7466,32.20813142338839,1196.8528402204931,701.4147464717151,923.9,320.2
6104,7466,32.20813142338839,1196.8528402204931,701.4147464717151,923.9,320.2
6105,7466,32.20813142338839,1196.8528402204931,701.4147464717151,923.9,320.2
6106,7466,32.20813142338839,1196.8528402204931,701.4147464717151,923.9,320.2
6107,7466,32.20813142338839,1196.8528402204931,701.4147464717151,923.9,320.2
6108,7466,32.20813142338839,1196.8528402204931,701.4147464717151,923.9,320.2
6109,7466,32.20813142338839,1196.8528402204931,701.4147464717151,923.9,320.2
6110,7466,32.20813142338839,1196.8528402204931,701.4147464717151,923.9,320.2
6111,7466,32.20813142338839,1196.8528402204931,701.4147464717151,923.9,320.2
6112,7466,32.20813142338839,1196.8528402204931,701.4147464717151,923.9,320.2
6113,7466,32.20813142338839,1196.8528402204931,701.4147464717151,923.9,320.2
6114,7466,32.20813142338839,1196.8528402204931,701.4147464717151,923.9,320.2
6115,7466,32.20813142338839,1196.8528402204931,701.4147464717151,923.9,320.2
6116,7466,32.20813142338839,1196.8528402204931,701.4147464717151,923.9,320.2
6117,7466,32.20813142338839,925.8528402204931,694.4147464717151,923.9,320.2
6118,7466,32.20813142338839,925.8528402204931,694.4147464717151,923.9,320.2
6119,7466,32.20813142338839,925.8528402204931,694.4147464717151,923.9,320.2
6120,7466,32.20813142338839,925.8528402204931,694.4147464717151,923.9,320.2
6121,7466,32.20813142338839,925.8528402204931,694.4147464717151,923.9,320.2
6122,7466,32.20813142338839,925.8528402204931,694.4147464717151,923.9,320.2
6123,7466,32.20813142338839,925.8528402204931,694.4147464717151,923.9,320.2
6124,7466,32.20813142338839,925.8528402204931,694.4147464717151,923.9,320.2
6125,7466,32.20813142338839,925.8528402204931,694.4147464717151,923.9,320.2
6126,7466,32.20813142338839,925.8528402204931,694.4147464717151,923.9,320.2
6127,7466,32.20813142338839,925.8528402204931,694.4147464717151,923.9,320.2
6128,7466,32.20813142338839,925.8528402204931,694.4147464717151,923.9,320.2
6129,7466,32.20813142338839,925.8528402204931,694.4147464717151,923.9,320.2
6130,7466,32.20813142338839,925.8528402204931,694.4147464717151,923.9,320.2
6131,7466,32.20813142338839,925.8528402204931,694.4147464717151,923.9,320.2
6132,7466,32.20813142338839,925.8528402204931,694.4147464717151,923.9,320.2
6133,7466,32.20813142338839,925.8528402204931,694.4147464717151,923.9,320.2
6134,7466,32.20813142338839,925.8528402204931,694.4147464717151,923.9,320.2
6135,7466,32.20813142338839,925.8528402204931,694.4147464717151,923.9,320.2
6136,7466,32.20813142338839,925.8528402204931,694.4147464717151,923.9,320.2
6137,7466,32.20813142338839,925.8528402204931,694.4147464717151,923.9,320.2
6138,7466,32.20813142338839,925.8528402204931,694.4147464717151,923.9,320.2
6139,7466,32.20813142338839,925.8528402204931,694.4147464717151,923.9,320.2
6140,7466,32.20813142338839,925.8528402204931,694.4147464717151,923.9,320.2
6141,7466,32.20813142338839,925.8528402204931,694.4147464717151,923.9,320.2
6142,7466,32.20813142338839,925.8528402204931,694.4147464717151,923.9,320.2
6143,7466,32.20813142338839,925.8528402204931,694.4147464717151,923.9,320.2
6144,7466,32.20813142338839,925.8528402204931,694.4147464717151,923.9,320.2
6145,7466,32.20813142338839,925.8528402204931,694.4147464717151,923.9,320.2
6146,7466,32.20813142338839,925.8528402204931,694.4147464717151,923.9,320.2
6147,7466,32.20813142338839,925.8528402204931,694.4147464717151,923.9,320.2
6148,7466,32.20813142338839,925.8528402204931,694.4147464717151,923.9,320.2
6149,7466,32.20813142338839,925.8528402204931,694.4147464717151,923.9,320.2
6150,7466,32.20813142338839,655.8528402204931,687.4147464717151,923.9,320.2
6151,7466,32.20813142338839,655.8528402204931,687.4147464717151,923.9,320.2
6152,7466,32.20813142338839,655.8528402204931,687.4147464717151,923.9,320.2
6153,7466,32.20813142338839,655.8528402204931,687.4147464717151,928.676923076923,317.1384615384615
6154,7466,32.20813142338839,655.8528402204931,687.4147464717151,933.4538461538461,314.07692307692304
6155,7466,32.20813142338839,655.8528402204931,687.4147464717151,938.2307692307692,311.0153846153846
6156,7466,32.20813142338839,655.8528402204931,687.4147464717151,943.0076923076923,307.95384615384614
6157,7466,32.20813142338839,655.8528402204931,687.4147464717151,947.7846153846153,304.89230769230767
6158,7466,32.20813142338839,655.8528402204931,687.4147464717151,952.5615384615385,301.8307692307692
6159,7466,32.20813142338839,655.8528402204931,687.4147464717151,957.3384615384615,298.7692307692308
6160,7466,32.20813142338839,655.8528402204931,687.4147464717151,962.1153846153846,295.7076923076923
6161,7466,32.20813142338839,655.8528402204931,687.4147464717151,966.8923076923077,292.6461538461538
6162,7466,32.20813142338839,655.8528402204931,687.4147464717151,971.6692307692308,289.58461538461535
6163,7466,32.20813142338839,655.8528402204931,687.4147464717151,976.4461538461538,286.5230769230769
6164,7466,32.20813142338839,655.8528402204931,687.4147464717151,981.2230769230769,283.46153846153845
6165,7466,32.20813142338839,655.8528402204931,687.4147464717151,986.0,280.4
6166,7466,32.20813142338839,655.8528402204931,687.4147464717151,986.0,280.4
6167,7466,32.20813142338839,655.8528402204931,687.4147464717151,986.0,280.4
6168,7466,32.20813142338839,655.8528402204931,687.4147464717151,986.0,280.4
6169,7466,32.20813142338839,655.8528402204931,687.4147464717151,986.0,280.4
6170,7466,32.20813142338839,655.8528402204931,687.4147464717151,986.0,280.4
6171,7466,32.20813142338839,655.8528402204931,687.4147464717151,986.0,280.4
6172,7466,32.20813142338839,655.8528402204931,687.4147464717151,986.0,280.4
6173,7466,32.20813142338839,655.8528402204931,687.4147464717151,986.0,280.4
6174,7466,32.20813142338839,655.8528402204931,687.4147464717151,986.0,280.4
6175,7466,32.20813142338839,655.8528402204931,687.4147464717151,986.0,280.4
6176,7466,32.20813142338839,655.8528402204931,687.4147464717151,986.0,280.4
6177,7466,32.20813142338839,655.8528402204931,687.4147464717151,986.0,280.4
6178,7466,32.20813142338839,655.8528402204931,687.4147464717151,986.0,280.4
6179,7466,32.20813142338839,655.8528402204931,687.4147464717151,986.0,280.4
6180,7466,32.20813142338839,655.8528402204931,687.4147464717151,986.0,280.4
6181,7466,32.20813142338839,655.8528402204931,687.4147464717151,986.0,280.4
6182,7466,32.20813142338839,655.8528402204931,687.4147464717151,986.0,280.4
6183,7466,32.20813142338839,655.8528402204931,687.4147464717151,986.0,280.4
6184,7466,32.20813142338839,655.8528402204931,687.4147464717151,986.0,280.4
6185,7466,32.20813142338839,655.8528402204931,687.4147464717151,986.0,280.4
6186,7466,32.20813142338839,655.8528402204931,687.4147464717151,986.0,280.4
6187,7466,32.20813142338839,655.8528402204931,687.4147464717151,986.0,280.4
6188,7466,32.20813142338839,655.8528402204931,687.4147464717151,986.0,280.4
6189,7466,32.20813142338839,655.8528402204931,687.4147464717151,986.0,280.4
6190,7466,32.20813142338839,655.8528402204931,687.4147464717151,986.0,280.4
6191,7466,32.20813142338839,655.8528402204931,687.4147464717151,986.0,280.4
6192,7466,32.20813142338839,655.8528402204931,687.4147464717151,986.0,280.4
6193,7466,32.20813142338839,655.8528402204931,687.4147464717151,986.0,280.4
6194,7466,32.20813142338839,655.8528402204931,687.4147464717151,986.0,280.4
6195,7466,32.20813142338839,655.8528402204931,687.4147464717151,986.0,280.4
6196,7466,32.20813142338839,655.8528402204931,687.4147464717151,986.0,280.4
6197,7466,32.20813142338839,655.8528402204931,687.4147464717151,986.0,280.4
6198,7466,32.20813142338839,655.8528402204931,687.4147464717151,986.0,280.4
6199,7466,32.20813142338839,655.8528402204931,687.4147464717151,986.0,280.4
6200,7466,32.20813142338839,655.8528402204931,687.4147464717151,986.0,280.4
6201,7466,32.20813142338839,655.8528402204931,687.4147464717151,986.0,280.4
6202,7466,32.20813142338839,655.8528402204931,687.4147464717151,986.0,280.4
6203,7466,32.20813142338839,655.8528402204931,687.4147464717151,986.0,280.4
6204,7466,32.20813142338839,655.8528402204931,687.4147464717151,986.0,280.4
6205,7466,32.20813142338839,655.8528402204931,687.4147464717151,986.0,280.4
6206,7466,32.20813142338839,655.8528402204931,687.4147464717151,986.0,280.4
6207,7466,32.20813142338839,655.8528402204931,687.4147464717151,986.0,280.4
6208,7466,32.20813142338839,655.8528402204931,687.4147464717151,986.0,280.4
6209,7466,32.20813142338839,655.8528402204931,687.4147464717151,986.0,280.4
6210,7466,32.20813142338839,655.8528402204931,687.4147464717151,986.0,280.4
6211,7466,32.20813142338839,655.8528402204931,687.4147464717151,986.0,280.4
6212,7466,32.20813142338839,655.8528402204931,687.4147464717151,986.0,280.4
6213,7466,32.20813142338839,655.8528402204931,687.4147464717151,986.0,280.4
6214,7466,32.20813142338839,655.8528402204931,687.4147464717151,986.0,280.4
6215,7466,32.20813142338839,655.8528402204931,687.4147464717151,986.0,280.4
6216,7466,32.20813142338839,655.8528402204931,687.4147464717151,986.0,280.4
6217,7466,32.20813142338839,838.8528402204931,681.4147464717151,986.0,280.4
6218,7466,32.20813142338839,838.8528402204931,681.4147464717151,986.0,280.4
6219,7466,32.20813142338839,838.8528402204931,681.4147464717151,986.0,280.4
6220,7466,32.20813142338839,838.8528402204931,681.4147464717151,986.0,280.4
6221,7466,32.20813142338839,838.8528402204931,681.4147464717151,986.0,280.4
6222,7466,32.20813142338839,838.8528402204931,681.4147464717151,986.0,280.4
6223,7466,32.20813142338839,838.8528402204931,681.4147464717151,986.0,280.4
6224,7466,32.20813142338839,838.8528402204931,681.4147464717151,986.0,280.4
6225,7466,32.20813142338839,838.8528402204931,681.4147464717151,986.0,280.4
6226,7466,32.20813142338839,838.8528402204931,681.4147464717151,986.0,280.4
6227,7466,32.20813142338839,838.8528402204931,681.4147464717151,986.0,280.4
6228,7466,32.20813142338839,838.8528402204931,681.4147464717151,986.0,280.4
6229,7466,32.20813142338839,838.8528402204931,681.4147464717151,986.0,280.4
6230,7466,32.20813142338839,838.8528402204931,681.4147464717151,986.0,280.4
6231,7466,32.20813142338839,838.8528402204931,681.4147464717151,986.0,280.4
6232,7466,32.20813142338839,838.8528402204931,681.4147464717151,986.0,280.4
6233,7466,32.20813142338839,838.8528402204931,681.4147464717151,986.0,280.4
6234,7466,32.20813142338839,838.8528402204931,681.4147464717151,986.0,280.4
6235,7466,32.20813142338839,838.8528402204931,681.4147464717151,986.0,280.4
6236,7466,32.20813142338839,838.8528402204931,681.4147464717151,986.0,280.4
6237,7466,32.20813142338839,838.8528402204931,681.4147464717151,986.0,280.4
6238,7466,32.20813142338839,838.8528402204931,681.4147464717151,986.0,280.4
6239,7466,32.20813142338839,838.8528402204931,681.4147464717151,986.0,280.4
6240,7466,32.20813142338839,838.8528402204931,681.4147464717151,986.0,280.4
6241,7466,32.20813142338839,838.8528402204931,681.4147464717151,986.0,280.4
6242,7466,32.20813142338839,838.8528402204931,681.4147464717151,986.0,280.4
6243,7466,32.20813142338839,838.8528402204931,681.4147464717151,986.0,280.4
6244,7466,32.20813142338839,838.8528402204931,681.4147464717151,986.0,280.4
6245,7466,32.20813142338839,838.8528402204931,681.4147464717151,986.0,280.4
6246,7466,32.20813142338839,838.8528402204931,681.4147464717151,986.0,280.4
6247,7466,32.20813142338839,838.8528402204931,681.4147464717151,986.0,280.4
6248,7466,32.20813142338839,838.8528402204931,681.4147464717151,986.0,280.4
6249,7466,32.20813142338839,838.8528402204931,681.4147464717151,986.0,280.4
6250,7466,32.20813142338839,1022.8528402204931,674.4147464717151,986.0,280.4
6251,7466,32.20813142338839,1022.8528402204931,674.4147464717151,986.0,280.4
6252,7466,32.20813142338839,1022.8528402204931,674.4147464717151,986.0,280.4
6253,7466,32.20813142338839,1022.8528402204931,674.4147464717151,986.0,280.4
6254,7466,32.20813142338839,1022.8528402204931,674.4147464717151,986.0,280.4
6255,7466,32.20813142338839,1022.8528402204931,674.4147464717151,986.0,280.4
6256,7466,32.20813142338839,1022.8528402204931,674.4147464717151,986.0,280.4
6257,7466,32.20813142338839,1022.8528402204931,674.4147464717151,986.0,280.4
6258,7466,32.20813142338839,1022.8528402204931,674.4147464717151,986.0,280.4
6259,7466,32.20813142338839,1022.8528402204931,674.4147464717151,986.0,280.4
6260,7466,32.20813142338839,1022.8528402204931,674.4147464717151,986.0,280.4
6261,7466,32.20813142338839,1022.8528402204931,674.4147464717151,986.0,280.4
6262,7466,32.20813142338839,1022.8528402204931,674.4147464717151,986.0,280.4
6263,7466,32.20813142338839,1022.8528402204931,674.4147464717151,986.0,280.4
6264,7466,32.20813142338839,1022.8528402204931,674.4147464717151,986.0,280.4
6265,7466,32.20813142338839,1022.8528402204931,674.4147464717151,986.0,280.4
6266,7466,32.20813142338839,1022.8528402204931,674.4147464717151,986.0,280.4
6267,7466,32.20813142338839,1022.8528402204931,674.4147464717151,986.0,280.4
6268,7466,32.20813142338839,1022.8528402204931,674.4147464717151,986.0,280.4
6269,7466,32.20813142338839,1022.8528402204931,674.4147464717151,986.0,280.4
6270,7466,32.20813142338839,1022.8528402204931,674.4147464717151,986.0,280.4
6271,7466,32.20813142338839,1022.8528402204931,674.4147464717151,986.0,280.4
6272,7466,32.20813142338839,1022.8528402204931,674.4147464717151,986.0,280.4
6273,7466,32.20813142338839,1022.8528402204931,674.4147464717151,986.0,280.4
6274,7466,32.20813142338839,1022.8528402204931,674.4147464717151,986.0,280.4
6275,7466,32.20813142338839,1022.8528402204931,674.4147464717151,986.0,280.4
6276,7466,32.20813142338839,1022.8528402204931,674.4147464717151,986.0,280.4
6277,7466,32.20813142338839,1022.8528402204931,674.4147464717151,986.0,280.4
6278,7466,32.20813142338839,1022.8528402204931,674.4147464717151,986.0,280.4
6279,7466,32.20813142338839,1022.8528402204931,674.4147464717151,986.0,280.4
6280,7466,32.20813142338839,1022.8528402204931,674.4147464717151,986.0,280.4
6281,7467,45.50339757746638,1022.8528402204931,674.4147464717151,986.0,280.4
6282,7468,59.71815867149926,1022.8528402204931,674.4147464717151,986.0,280.4
6283,7469,125.801909611803,1022.8528402204931,674.4147464717151,986.0,280.4
6284,7470,117.00029699402536,1022.8528402204931,674.4147464717151,986.0,280.4
6285,7471,109.61077663313377,1022.8528402204931,674.4147464717151,986.0,280.4
6286,7472,103.93497502891906,1022.8528402204931,674.4147464717151,986.0,280.4
6287,7473,100.26434828551969,1022.8528402204931,674.4147464717151,986.0,280.4
6288,7474,98.8225878162104,1022.8528402204931,674.4147464717151,986.0,280.4
6289,7474,98.8225878162104,1022.8528402204931,674.4147464717151,986.0,280.4
6290,7474,98.8225878162104,1022.8528402204931,674.4147464717151,986.0,280.4
6291,7474,98.8225878162104,1022.8528402204931,674.4147464717151,986.0,280.4
6292,7474,98.8225878162104,1022.8528402204931,674.4147464717151,986.0,280.4
6293,7474,98.8225878162104,1022.8528402204931,674.4147464717151,986.0,280.4
6294,7474,98.8225878162104,1022.8528402204931,674.4147464717151,986.0,280.4
6295,7474,98.8225878162104,1022.8528402204931,674.4147464717151,986.0,280.4
6296,7474,98.8225878162104,1022.8528402204931,674.4147464717151,986.0,280.4
6297,7474,98.8225878162104,1022.8528402204931,674.4147464717151,986.0,280.4
6298,7474,98.8225878162104,1022.8528402204931,674.4147464717151,986.0,280.4
6299,7474,98.8225878162104,1022.8528402204931,674.4147464717151,986.0,280.4
6300,7474,98.8225878162104,1022.8528402204931,674.4147464717151,986.0,280.4
6301,7474,98.8225878162104,1022.8528402204931,674.4147464717151,986.0,280.4
6302,7474,98.8225878162104,1022.8528402204931,674.4147464717151,986.0,280.4
6303,7474,98.8225878162104,1022.8528402204931,674.4147464717151,986.0,280.4
6304,7474,98.8225878162104,1022.8528402204931,674.4147464717151,986.0,280.4
6305,7474,98.8225878162104,1022.8528402204931,674.4147464717151,986.0,280.4
6306,7474,98.8225878162104,1022.8528402204931,674.4147464717151,986.0,280.4
6307,7474,98.8225878162104,1022.8528402204931,674.4147464717151,986.0,280.4
6308,7474,98.8225878162104,1022.8528402204931,674.4147464717151,986.0,280.4
6309,7474,98.8225878162104,1022.8528402204931,674.4147464717151,986.0,280.4
6310,7474,98.8225878162104,1022.8528402204931,674.4147464717151,986.0,280.4
6311,7474,98.8225878162104,1022.8528402204931,674.4147464717151,986.0,280.4
6312,7474,98.8225878162104,1022.8528402204931,674.4147464717151,986.0,280.4
6313,7475,99.70642913563768,1022.8528402204931,674.4147464717151,986.0,280.4
6314,7476,102.85593800059358,1022.8528402204931,674.4147464717151,986.0,280.4
6315,7477,108.07321488555169,1022.8528402204931,674.4147464717151,986.0,280.4
6316,7478,235.42748875932665,1022.8528402204931,674.4147464717151,986.0,280.4
6317,7479,229.967243908975,1022.8528402204931,674.4147464717151,986.0,280.4
6318,7480,229.967243908975,1022.8528402204931,674.4147464717151,986.0,280.4
6319,7481,229.967243908975,1022.8528402204931,674.4147464717151,986.0,280.4
6320,7482,229.967243908975,1022.8528402204931,674.4147464717151,986.0,280.4
6321,7483,229.967243908975,1022.8528402204931,674.4147464717151,986.0,280.4
6322,7484,229.967243908975,1022.8528402204931,674.4147464717151,986.0,280.4
6323,7485,229.967243908975,1022.8528402204931,674.4147464717151,986.0,280.4
6324,7486,229.967243908975,1022.8528402204931,674.4147464717151,986.0,280.4
6325,7487,229.967243908975,1022.8528402204931,674.4147464717151,986.0,280.4
6326,7488,229.967243908975,1022.8528402204931,674.4147464717151,986.0,280.4
6327,7489,229.967243908975,1022.8528402204931,674.4147464717151,986.0,280.4
6328,7490,229.967243908975,1022.8528402204931,674.4147464717151,986.0,280.4
6329,7491,229.967243908975,1022.8528402204931,674.4147464717151,986.0,280.4
6330,7492,229.967243908975,1022.8528402204931,674.4147464717151,986.0,280.4
6331,7493,229.967243908975,1022.8528402204931,674.4147464717151,986.0,280.4
6332,7494,229.967243908975,1022.8528402204931,674.4147464717151,986.0,280.4
6333,7495,229.967243908975,1022.8528402204931,674.4147464717151,986.0,280.4
6334,7496,229.967243908975,1022.8528402204931,674.4147464717151,986.0,280.4
6335,7497,229.967243908975,1022.8528402204931,674.4147464717151,986.0,280.4
6336,7498,229.967243908975,1022.8528402204931,674.4147464717151,986.0,280.4
6337,7499,229.967243908975,1022.8528402204931,674.4147464717151,986.0,280.4
6338,7500,229.967243908975,1022.8528402204931,674.4147464717151,986.0,280.4
6339,7501,229.967243908975,1022.8528402204931,674.4147464717151,986.0,280.4
6340,7502,229.967243908975,1022.8528402204931,674.4147464717151,986.0,280.4
6341,7503,229.967243908975,1022.8528402204931,674.4147464717151,986.0,280.4
6342,7504,229.967243908975,1022.8528402204931,674.4147464717151,986.0,280.4
6343,7505,229.967243908975,1022.8528402204931,674.4147464717151,986.0,280.4
6344,7506,229.967243908975,1022.8528402204931,674.4147464717151,986.0,280.4
6345,7507,229.967243908975,1022.8528402204931,674.4147464717151,986.0,280.4
6346,7508,229.967243908975,1022.8528402204931,674.4147464717151,986.0,280.4
6347,7509,229.967243908975,1022.8528402204931,674.4147464717151,986.0,280.4
6348,7510,229.967243908975,1022.8528402204931,674.4147464717151,986.0,280.4
6349,7511,229.967243908975,1022.8528402204931,674.4147464717151,986.0,280.4
6350,7512,229.967243908975,1022.8528402204931,674.4147464717151,986.0,280.4
6351,7513,229.967243908975,1022.8528402204931,674.4147464717151,986.0,280.4
6352,7514,229.967243908975,1022.8528402204931,674.4147464717151,986.0,280.4
6353,7515,229.967243908975,1022.8528402204931,674.4147464717151,986.0,280.4
6354,7516,229.967243908975,1022.8528402204931,674.4147464717151,986.0,280.4
6355,7517,229.967243908975,1022.8528402204931,674.4147464717151,986.0,280.4
6356,7518,229.967243908975,1022.8528402204931,674.4147464717151,986.0,280.4
6357,7519,229.967243908975,1022.8528402204931,674.4147464717151,986.0,280.4
6358,7520,229.967243908975,1022.8528402204931,674.4147464717151,986.0,280.4
6359,7521,229.967243908975,1022.8528402204931,674.4147464717151,986.0,280.4
6360,7522,229.967243908975,1022.8528402204931,674.4147464717151,986.0,280.4
6361,7523,229.967243908975,1022.8528402204931,674.4147464717151,986.0,280.4
6362,7524,229.967243908975,1022.8528402204931,674.4147464717151,986.0,280.4
6363,7525,229.967243908975,1022.8528402204931,674.4147464717151,986.0,280.4
6364,7526,229.967243908975,1022.8528402204931,674.4147464717151,986.0,280.4
6365,7527,229.967243908975,1022.8528402204931,674.4147464717151,986.0,280.4
6366,7528,229.967243908975,1022.8528402204931,674.4147464717151,986.0,280.4
6367,7529,229.967243908975,1022.8528402204931,674.4147464717151,986.0,280.4
6368,7530,229.967243908975,1022.8528402204931,674.4147464717151,986.0,280.4
6369,7531,229.967243908975,1022.8528402204931,674.4147464717151,986.0,280.4
6370,7532,229.967243908975,1022.8528402204931,674.4147464717151,986.0,280.4
6371,7533,229.967243908975,1022.8528402204931,674.4147464717151,986.0,280.4
6372,7534,229.967243908975,1022.8528402204931,674.4147464717151,986.0,280.4
6373,7535,229.967243908975,1022.8528402204931,674.4147464717151,986.0,280.4
6374,7536,229.967243908975,1022.8528402204931,674.4147464717151,986.0,280.4
6375,7537,229.967243908975,1022.8528402204931,674.4147464717151,986.0,280.4
6376,7538,229.967243908975,1022.8528402204931,674.4147464717151,986.0,280.4
6377,7539,229.967243908975,1022.8528402204931,674.4147464717151,986.0,280.4
6378,7540,229.967243908975,1022.8528402204931,674.4147464717151,986.0,280.4
6379,7541,229.967243908975,1022.8528402204931,674.4147464717151,986.0,280.4
6380,7542,229.967243908975,1022.8528402204931,674.4147464717151,986.0,280.4
6381,7543,229.967243908975,1022.8528402204931,674.4147464717151,986.0,280.4
6382,7544,229.967243908975,1022.8528402204931,674.4147464717151,986.0,280.4
6383,7545,288.94883539306284,1022.8528402204931,674.4147464717151,986.0,280.4
6384,7546,288.94883539306284,1022.8528402204931,674.4147464717151,986.0,280.4
6385,7547,288.94883539306284,1022.8528402204931,674.4147464717151,986.0,280.4
6386,7548,288.94883539306284,1022.8528402204931,674.4147464717151,986.0,280.4
6387,7549,288.94883539306284,1022.8528402204931,674.4147464717151,986.0,280.4
6388,7550,288.94883539306284,1022.8528402204931,674.4147464717151,986.0,280.4
6389,7551,288.94883539306284,1022.8528402204931,674.4147464717151,986.0,280.4
6390,7552,288.94883539306284,1022.8528402204931,674.4147464717151,986.0,280.4
6391,7553,288.94883539306284,1022.8528402204931,674.4147464717151,986.0,280.4
6392,7554,288.94883539306284,1022.8528402204931,674.4147464717151,986.0,280.4
6393,7555,288.94883539306284,1022.8528402204931,674.4147464717151,986.0,280.4
6394,7556,288.94883539306284,1022.8528402204931,674.4147464717151,986.0,280.4
6395,7557,288.94883539306284,1022.8528402204931,674.4147464717151,986.0,280.4
6396,7558,288.94883539306284,1022.8528402204931,674.4147464717151,986.0,280.4
6397,7559,288.94883539306284,1022.8528402204931,674.4147464717151,986.0,280.4
6398,7560,288.94883539306284,1022.8528402204931,674.4147464717151,986.0,280.4
6399,7561,288.94883539306284,1022.8528402204931,674.4147464717151,986.0,280.4
6400,7562,288.94883539306284,1022.8528402204931,674.4147464717151,979.5333333333333,290.7444444444444
6401,7563,288.94883539306284,1022.8528402204931,674.4147464717151,973.0666666666667,301.08888888888885
6402,7564,288.94883539306284,1022.8528402204931,674.4147464717151,966.6,311.4333333333333
6403,7565,288.94883539306284,1022.8528402204931,674.4147464717151,960.1333333333333,321.77777777777777
6404,7566,288.94883539306284,1022.8528402204931,674.4147464717151,953.6666666666666,332.1222222222222
6405,7567,288.94883539306284,1022.8528402204931,674.4147464717151,947.2,342.46666666666664
6406,7568,288.94883539306284,1022.8528402204931,674.4147464717151,940.7333333333333,352.8111111111111
6407,7569,288.94883539306284,1022.8528402204931,674.4147464717151,934.2666666666667,363.1555555555555
6408,7570,288.94883539306284,1022.8528402204931,674.4147464717151,927.8,373.5
6409,7571,288.94883539306284,1022.8528402204931,674.4147464717151,921.3333333333334,383.84444444444443
6410,7572,288.94883539306284,1022.8528402204931,674.4147464717151,914.8666666666667,394.18888888888887
6411,7573,288.94883539306284,1022.8528402204931,674.4147464717151,908.4,404.5333333333333
6412,7574,288.94883539306284,1022.8528402204931,674.4147464717151,901.9333333333334,414.87777777777774
6413,7575,288.94883539306284,1022.8528402204931,674.4147464717151,895.4666666666667,425.2222222222222
6414,7576,288.94883539306284,1022.8528402204931,674.4147464717151,889.0,435.5666666666666
6415,7577,288.94883539306284,1022.8528402204931,674.4147464717151,882.5333333333333,445.91111111111104
6416,7578,288.94883539306284,1022.8528402204931,674.4147464717151,876.0666666666667,456.2555555555555
6417,7579,288.94883539306284,1022.8528402204931,674.4147464717151,869.6,466.59999999999997
6418,7580,288.94883539306284,1022.8528402204931,674.4147464717151,863.1333333333333,476.9444444444444
6419,7581,288.94883539306284,1022.8528402204931,674.4147464717151,856.6666666666667,487.28888888888883
6420,7582,288.94883539306284,1022.8528402204931,674.4147464717151,850.2,497.6333333333333
6421,7583,288.94883539306284,1022.8528402204931,674.4147464717151,843.7333333333333,507.97777777777776
6422,7584,288.94883539306284,1022.8528402204931,674.4147464717151,837.2666666666667,518.3222222222222
6423,7585,288.94883539306284,1022.8528402204931,674.4147464717151,830.8000000000001,528.6666666666666
6424,7586,288.94883539306284,1022.8528402204931,674.4147464717151,824.3333333333334,539.0111111111111
6425,7587,288.94883539306284,1022.8528402204931,674.4147464717151,817.8666666666667,549.3555555555555
6426,7588,288.94883539306284,1022.8528402204931,674.4147464717151,811.4000000000001,559.6999999999999
6427,7589,288.94883539306284,1022.8528402204931,674.4147464717151,804.9333333333334,570.0444444444444
6428,7590,288.94883539306284,1022.8528402204931,674.4147464717151,798.4666666666667,580.3888888888889
6429,7591,288.94883539306284,1022.8528402204931,674.4147464717151,792.0,590.7333333333333
6430,7592,288.94883539306284,1022.8528402204931,674.4147464717151,785.5333333333334,601.0777777777778
6431,7593,288.94883539306284,1022.8528402204931,674.4147464717151,779.0666666666667,611.4222222222222
6432,7594,288.94883539306284,1022.8528402204931,674.4147464717151,772.6,621.7666666666667
6433,7595,288.94883539306284,1022.8528402204931,674.4147464717151,766.1333333333334,632.1111111111111
6434,7596,288.94883539306284,1022.8528402204931,674.4147464717151,759.6666666666667,642.4555555555555
6435,7597,288.94883539306284,1022.8528402204931,674.4147464717151,753.2,652.8
6436,7598,288.94883539306284,1022.8528402204931,674.4147464717151,753.2,652.8
6437,7599,288.94883539306284,1022.8528402204931,674.4147464717151,753.2,652.8
6438,7600,288.94883539306284,1022.8528402204931,674.4147464717151,753.2,652.8
6439,7601,288.94883539306284,1022.8528402204931,674.4147464717151,753.2,652.8
6440,7602,288.94883539306284,1022.8528402204931,674.4147464717151,753.2,652.8
6441,7603,288.94883539306284,1022.8528402204931,674.4147464717151,753.2,652.8
6442,7604,288.94883539306284,1022.8528402204931,674.4147464717151,753.2,652.8
6443,7605,288.94883539306284,1022.8528402204931,674.4147464717151,753.2,652.8
6444,7606,288.94883539306284,1022.8528402204931,674.4147464717151,753.2,652.8
6445,7607,288.94883539306284,1022.8528402204931,674.4147464717151,753.2,652.8
6446,7608,288.94883539306284,1022.8528402204931,674.4147464717151,753.2,652.8
6447,7609,288.94883539306284,1022.8528402204931,674.4147464717151,753.2,652.8
6448,7610,288.94883539306284,1022.8528402204931,674.4147464717151,753.2,652.8
6449,7611,288.94883539306284,1022.8528402204931,674.4147464717151,753.2,652.8
6450,7612,288.94883539306284,1022.8528402204931,674.4147464717151,753.2,652.8
6451,7613,288.94883539306284,1022.8528402204931,674.4147464717151,753.2,652.8
6452,7614,288.94883539306284,1022.8528402204931,674.4147464717151,753.2,652.8
6453,7615,288.94883539306284,1022.8528402204931,674.4147464717151,753.2,652.8
6454,7616,288.94883539306284,1022.8528402204931,674.4147464717151,753.2,652.8
6455,7617,288.94883539306284,1022.8528402204931,674.4147464717151,753.2,652.8
6456,7618,288.94883539306284,1022.8528402204931,674.4147464717151,753.2,652.8
6457,7619,288.94883539306284,1022.8528402204931,674.4147464717151,753.2,652.8
6458,7620,288.94883539306284,1022.8528402204931,674.4147464717151,753.2,652.8
6459,7620,288.94883539306284,1022.8528402204931,674.4147464717151,753.2,652.8
6460,7620,288.94883539306284,1022.8528402204931,674.4147464717151,753.2,652.8
6461,7620,288.94883539306284,1022.8528402204931,674.4147464717151,753.2,652.8
6462,7620,288.94883539306284,1022.8528402204931,674.4147464717151,753.2,652.8
6463,7620,288.94883539306284,1022.8528402204931,674.4147464717151,753.2,652.8
6464,7620,288.94883539306284,1022.8528402204931,674.4147464717151,753.2,652.8
6465,7620,288.94883539306284,1022.8528402204931,674.4147464717151,753.2,652.8
6466,7620,288.94883539306284,1022.8528402204931,674.4147464717151,753.2,652.8
6467,7620,288.94883539306284,1022.8528402204931,674.4147464717151,753.2,652.8
6468,7620,288.94883539306284,1022.8528402204931,674.4147464717151,753.2,652.8
6469,7620,288.94883539306284,1022.8528402204931,674.4147464717151,753.2,652.8
6470,7620,288.94883539306284,1022.8528402204931,674.4147464717151,753.2,652.8
6471,7620,288.94883539306284,1022.8528402204931,674.4147464717151,753.2,652.8
6472,7620,288.94883539306284,1022.8528402204931,674.4147464717151,753.2,652.8
6473,7620,288.94883539306284,1022.8528402204931,674.4147464717151,753.2,652.8
6474,7620,288.94883539306284,1022.8528402204931,674.4147464717151,753.2,652.8
6475,7620,288.94883539306284,1022.8528402204931,674.4147464717151,753.2,652.8
6476,7620,288.94883539306284,1022.8528402204931,674.4147464717151,753.2,652.8
6477,7621,289.33073776967774,1022.8528402204931,674.4147464717151,753.2,652.8
6478,7622,290.1421496377172,1022.8528402204931,674.4147464717151,753.2,652.8
6479,7623,291.37948282120965,1022.8528402204931,674.4147464717151,753.2,652.8
6480,7624,293.0373420856573,1022.8528402204931,674.4147464717151,753.2,652.8
6481,7625,295.10864023069234,1022.8528402204931,674.4147464717151,753.2,652.8
6482,7626,297.58474432621824,1022.8528402204931,674.4147464717151,753.2,652.8
6483,7627,49.40216816566381,1022.8528402204931,674.4147464717151,753.2,652.8
6484,7628,45.55334381859529,1022.8528402204931,674.4147464717151,753.2,652.8
6485,7629,44.260421161038735,1022.8528402204931,674.4147464717151,753.2,652.8
6486,7629,44.260421161038735,1022.8528402204931,674.4147464717151,753.2,652.8
6487,7629,44.260421161038735,1022.8528402204931,674.4147464717151,753.2,652.8
6488,7629,44.260421161038735,1022.8528402204931,674.4147464717151,753.2,652.8
6489,7629,44.260421161038735,1022.8528402204931,674.4147464717151,753.2,652.8
6490,7629,44.260421161038735,1022.8528402204931,674.4147464717151,753.2,652.8
6491,7629,44.260421161038735,1022.8528402204931,674.4147464717151,753.2,652.8
6492,7629,44.260421161038735,643.8528402204931,654.4147464717151,753.2,652.8
6493,7629,44.260421161038735,643.8528402204931,654.4147464717151,753.2,652.8
6494,7629,44.260421161038735,643.8528402204931,654.4147464717151,753.2,652.8
6495,7629,44.260421161038735,643.8528402204931,654.4147464717151,753.2,652.8
6496,7629,44.260421161038735,643.8528402204931,654.4147464717151,753.2,652.8
6497,7629,44.260421161038735,643.8528402204931,654.4147464717151,753.2,652.8
6498,7629,44.260421161038735,643.8528402204931,654.4147464717151,753.2,652.8
6499,7629,44.260421161038735,643.8528402204931,654.4147464717151,753.2,652.8
6500,7629,44.260421161038735,643.8528402204931,654.4147464717151,753.2,652.8
6501,7629,44.260421161038735,643.8528402204931,654.4147464717151,753.2,652.8
6502,7629,44.260421161038735,643.8528402204931,654.4147464717151,753.2,652.8
6503,7629,44.260421161038735,643.8528402204931,654.4147464717151,753.2,652.8
6504,7629,44.260421161038735,643.8528402204931,654.4147464717151,753.2,652.8
6505,7629,44.260421161038735,643.8528402204931,654.4147464717151,753.2,652.8
6506,7629,44.260421161038735,643.8528402204931,654.4147464717151,753.2,652.8
6507,7629,44.260421161038735,643.8528402204931,654.4147464717151,753.2,652.8
6508,7629,44.260421161038735,643.8528402204931,654.4147464717151,753.2,652.8
6509,7629,44.260421161038735,643.8528402204931,654.4147464717151,753.2,652.8
6510,7629,44.260421161038735,643.8528402204931,654.4147464717151,753.2,652.8
6511,7629,44.260421161038735,643.8528402204931,654.4147464717151,753.2,652.8
6512,7629,44.260421161038735,643.8528402204931,654.4147464717151,753.2,652.8
6513,7630,45.74065439366431,643.8528402204931,654.4147464717151,753.2,652.8
6514,7631,49.747109283650786,643.8528402204931,654.4147464717151,753.2,652.8
6515,7632,55.737663518567935,643.8528402204931,654.4147464717151,753.2,652.8
6516,7633,208.36421148100382,643.8528402204931,654.4147464717151,753.2,652.8
6517,7634,205.51147104181254,643.8528402204931,654.4147464717151,753.2,652.8
6518,7635,203.23294434748954,643.8528402204931,654.4147464717151,746.87,649.73
6519,7636,201.5481070147783,643.8528402204931,654.4147464717151,740.5400000000001,646.66
6520,7637,200.47192833172937,643.8528402204931,654.4147464717151,734.21,643.5899999999999
6521,7638,200.01423322242414,643.8528402204931,654.4147464717151,727.88,640.52
6522,7638,200.01423322242414,643.8528402204931,654.4147464717151,721.55,637.45
6523,7638,200.01423322242414,643.8528402204931,654.4147464717151,715.22,634.38
6524,7638,200.01423322242414,643.8528402204931,654.4147464717151,708.89,631.31
6525,7638,200.01423322242414,643.8528402204931,654.4147464717151,702.56,628.24
6526,7638,200.01423322242414,643.8528402204931,654.4147464717151,696.23,625.1700000000001
6527,7638,200.01423322242414,643.8528402204931,654.4147464717151,689.9,622.1
6528,7638,200.01423322242414,643.8528402204931,654.4147464717151,689.9,622.1
6529,7638,200.01423322242414,643.8528402204931,654.4147464717151,689.9,622.1
6530,7638,200.01423322242414,643.8528402204931,654.4147464717151,689.9,622.1
6531,7638,200.01423322242414,643.8528402204931,654.4147464717151,689.9,622.1
6532,7638,200.01423322242414,643.8528402204931,654.4147464717151,689.9,622.1
6533,7638,200.01423322242414,643.8528402204931,654.4147464717151,689.9,622.1
6534,7638,200.01423322242414,643.8528402204931,654.4147464717151,689.9,622.1
6535,7638,200.01423322242414,643.8528402204931,654.4147464717151,689.9,622.1
6536,7638,200.01423322242414,643.8528402204931,654.4147464717151,689.9,622.1
6537,7638,200.01423322242414,643.8528402204931,654.4147464717151,689.9,622.1
6538,7638,200.01423322242414,643.8528402204931,654.4147464717151,689.9,622.1
6539,7638,200.01423322242414,643.8528402204931,654.4147464717151,689.9,622.1
6540,7638,200.01423322242414,643.8528402204931,654.4147464717151,689.9,622.1
6541,7638,200.01423322242414,643.8528402204931,654.4147464717151,689.9,622.1
6542,7638,200.01423322242414,643.8528402204931,654.4147464717151,689.9,622.1
6543,7638,200.01423322242414,643.8528402204931,654.4147464717151,689.9,622.1
6544,7638,200.01423322242414,643.8528402204931,654.4147464717151,689.9,622.1
6545,7638,200.01423322242414,643.8528402204931,654.4147464717151,689.9,622.1
6546,7638,200.01423322242414,643.8528402204931,654.4147464717151,689.9,622.1
6547,7638,200.01423322242414,643.8528402204931,654.4147464717151,689.9,622.1
6548,7638,200.01423322242414,643.8528402204931,654.4147464717151,689.9,622.1
6549,7638,200.01423322242414,643.8528402204931,654.4147464717151,689.9,622.1
6550,7638,200.01423322242414,643.8528402204931,654.4147464717151,689.9,622.1
6551,7638,200.01423322242414,643.8528402204931,654.4147464717151,689.9,622.1
6552,7638,200.01423322242414,643.8528402204931,654.4147464717151,689.9,622.1
6553,7638,200.01423322242414,643.8528402204931,654.4147464717151,689.9,622.1
6554,7638,200.01423322242414,643.8528402204931,654.4147464717151,689.9,622.1
6555,7638,200.01423322242414,643.8528402204931,654.4147464717151,689.9,622.1
6556,7638,200.01423322242414,643.8528402204931,654.4147464717151,689.9,622.1
6557,7638,200.01423322242414,643.8528402204931,654.4147464717151,689.9,622.1
6558,7638,200.01423322242414,643.8528402204931,654.4147464717151,689.9,622.1
6559,7638,200.01423322242414,643.8528402204931,654.4147464717151,689.9,622.1
6560,7638,200.01423322242414,643.8528402204931,654.4147464717151,689.9,622.1
6561,7638,200.01423322242414,643.8528402204931,654.4147464717151,689.9,622.1
6562,7638,200.01423322242414,643.8528402204931,654.4147464717151,689.9,622.1
6563,7638,200.01423322242414,643.8528402204931,654.4147464717151,689.9,622.1
6564,7638,200.01423322242414,643.8528402204931,654.4147464717151,689.9,622.1
6565,7638,200.01423322242414,643.8528402204931,654.4147464717151,689.9,622.1
6566,7638,200.01423322242414,643.8528402204931,654.4147464717151,689.9,622.1
6567,7638,200.01423322242414,643.8528402204931,654.4147464717151,689.9,622.1
6568,7638,200.01423322242414,643.8528402204931,654.4147464717151,689.9,622.1
6569,7638,200.01423322242414,643.8528402204931,654.4147464717151,689.9,622.1
6570,7638,200.01423322242414,643.8528402204931,654.4147464717151,689.9,622.1
6571,7638,200.01423322242414,643.8528402204931,654.4147464717151,689.9,622.1
6572,7638,200.01423322242414,643.8528402204931,654.4147464717151,689.9,622.1
6573,7638,200.01423322242414,643.8528402204931,654.4147464717151,689.9,622.1
6574,7638,200.01423322242414,643.8528402204931,654.4147464717151,689.9,622.1
6575,7638,200.01423322242414,643.8528402204931,654.4147464717151,689.9,622.1
6576,7638,200.01423322242414,643.8528402204931,654.4147464717151,689.9,622.1
6577,7638,200.01423322242414,643.8528402204931,654.4147464717151,689.9,622.1
6578,7638,200.01423322242414,643.8528402204931,654.4147464717151,689.9,622.1
6579,7638,200.01423322242414,643.8528402204931,654.4147464717151,689.9,622.1
6580,7638,200.01423322242414,643.8528402204931,654.4147464717151,689.9,622.1
6581,7638,200.01423322242414,643.8528402204931,654.4147464717151,689.9,622.1
6582,7638,200.01423322242414,643.8528402204931,654.4147464717151,689.9,622.1
6583,7638,200.01423322242414,643.8528402204931,654.4147464717151,689.9,622.1
6584,7638,200.01423322242414,643.8528402204931,654.4147464717151,689.9,622.1
6585,7638,200.01423322242414,643.8528402204931,654.4147464717151,689.9,622.1
6586,7638,200.01423322242414,643.8528402204931,654.4147464717151,689.9,622.1
6587,7639,200.17926408291464,643.8528402204931,654.4147464717151,689.9,622.1
6588,7640,200.96548678992377,643.8528402204931,654.4147464717151,689.9,622.1
6589,7641,202.3656611862682,643.8528402204931,654.4147464717151,689.9,622.1
6590,7642,204.36716861744384,643.8528402204931,654.4147464717151,689.9,622.1
6591,7643,204.36716861744384,643.8528402204931,654.4147464717151,689.9,622.1
6592,7644,204.36716861744384,643.8528402204931,654.4147464717151,689.9,622.1
6593,7645,204.36716861744384,643.8528402204931,654.4147464717151,689.9,622.1
6594,7646,204.36716861744384,643.8528402204931,654.4147464717151,689.9,622.1
6595,7647,204.36716861744384,643.8528402204931,654.4147464717151,689.9,622.1
6596,7648,204.36716861744384,643.8528402204931,654.4147464717151,689.9,622.1
6597,7649,204.36716861744384,643.8528402204931,654.4147464717151,689.9,622.1
6598,7650,204.36716861744384,643.8528402204931,654.4147464717151,689.9,622.1
6599,7651,204.36716861744384,643.8528402204931,654.4147464717151,689.9,622.1
6600,7652,204.36716861744384,643.8528402204931,654.4147464717151,689.9,622.1
6601,7653,204.36716861744384,643.8528402204931,654.4147464717151,689.9,622.1
6602,7654,204.36716861744384,643.8528402204931,654.4147464717151,689.9,622.1
6603,7655,204.36716861744384,643.8528402204931,654.4147464717151,689.9,622.1
6604,7656,204.36716861744384,643.8528402204931,654.4147464717151,689.9,622.1
6605,7657,204.36716861744384,643.8528402204931,654.4147464717151,689.9,622.1
6606,7658,204.36716861744384,643.8528402204931,654.4147464717151,689.9,622.1
6607,7659,204.36716861744384,643.8528402204931,654.4147464717151,689.9,622.1
6608,7660,204.36716861744384,643.8528402204931,654.4147464717151,689.9,622.1
6609,7661,204.36716861744384,643.8528402204931,654.4147464717151,689.9,622.1
6610,7662,204.36716861744384,643.8528402204931,654.4147464717151,689.9,622.1
6611,7663,204.36716861744384,643.8528402204931,654.4147464717151,689.9,622.1
6612,7664,204.36716861744384,643.8528402204931,654.4147464717151,689.9,622.1
6613,7665,204.36716861744384,643.8528402204931,654.4147464717151,689.9,622.1
6614,7666,204.36716861744384,643.8528402204931,654.4147464717151,689.9,622.1
6615,7667,204.36716861744384,643.8528402204931,654.4147464717151,689.9,622.1
6616,7668,204.36716861744384,643.8528402204931,654.4147464717151,689.9,622.1
6617,7669,204.36716861744384,643.8528402204931,654.4147464717151,689.9,622.1
6618,7670,204.36716861744384,643.8528402204931,654.4147464717151,689.9,622.1
6619,7671,204.36716861744384,643.8528402204931,654.4147464717151,689.9,622.1
6620,7672,204.36716861744384,643.8528402204931,654.4147464717151,689.9,622.1
6621,7673,204.36716861744384,643.8528402204931,654.4147464717151,689.9,622.1
6622,7674,204.36716861744384,643.8528402204931,654.4147464717151,689.9,622.1
6623,7675,204.36716861744384,643.8528402204931,654.4147464717151,689.9,622.1
6624,7676,204.36716861744384,643.8528402204931,654.4147464717151,689.9,622.1
6625,7677,204.36716861744384,643.8528402204931,654.4147464717151,689.9,622.1
6626,7678,204.36716861744384,643.8528402204931,654.4147464717151,689.9,622.1
6627,7679,204.36716861744384,643.8528402204931,654.4147464717151,689.9,622.1
6628,7680,204.36716861744384,643.8528402204931,654.4147464717151,689.9,622.1
6629,7681,204.36716861744384,643.8528402204931,654.4147464717151,689.9,622.1
6630,7682,204.36716861744384,643.8528402204931,654.4147464717151,689.9,622.1
6631,7683,204.36716861744384,643.8528402204931,654.4147464717151,689.9,622.1
6632,7684,204.36716861744384,643.8528402204931,654.4147464717151,689.9,622.1
6633,7685,204.36716861744384,643.8528402204931,654.4147464717151,689.9,622.1
6634,7686,204.36716861744384,643.8528402204931,654.4147464717151,689.9,622.1
6635,7687,204.36716861744384,643.8528402204931,654.4147464717151,689.9,622.1
6636,7688,204.36716861744384,643.8528402204931,654.4147464717151,689.9,622.1
6637,7689,204.36716861744384,643.8528402204931,654.4147464717151,689.9,622.1
6638,7690,204.36716861744384,643.8528402204931,654.4147464717151,689.9,622.1
6639,7691,204.36716861744384,643.8528402204931,654.4147464717151,689.9,622.1
6640,7692,204.36716861744384,643.8528402204931,654.4147464717151,689.9,622.1
6641,7693,204.36716861744384,643.8528402204931,654.4147464717151,689.9,622.1
6642,7694,204.36716861744384,643.8528402204931,654.4147464717151,689.9,622.1
6643,7695,204.36716861744384,643.8528402204931,654.4147464717151,689.9,622.1
6644,7696,204.36716861744384,643.8528402204931,654.4147464717151,689.9,622.1
6645,7697,204.36716861744384,643.8528402204931,654.4147464717151,689.9,622.1
6646,7698,204.36716861744384,643.8528402204931,654.4147464717151,689.9,622.1
6647,7699,204.36716861744384,643.8528402204931,654.4147464717151,689.9,622.1
6648,7700,204.36716861744384,643.8528402204931,654.4147464717151,689.9,622.1
6649,7701,204.36716861744384,643.8528402204931,654.4147464717151,689.9,622.1
6650,7702,204.36716861744384,643.8528402204931,654.4147464717151,689.9,622.1
6651,7703,204.36716861744384,643.8528402204931,654.4147464717151,689.9,622.1
6652,7704,204.36716861744384,643.8528402204931,654.4147464717151,689.9,622.1
6653,7705,204.36716861744384,643.8528402204931,654.4147464717151,689.9,622.1
6654,7706,204.36716861744384,643.8528402204931,654.4147464717151,689.9,622.1
6655,7707,204.36716861744384,643.8528402204931,654.4147464717151,689.9,622.1
6656,7708,204.36716861744384,643.8528402204931,654.4147464717151,689.9,622.1
6657,7709,204.36716861744384,643.8528402204931,654.4147464717151,689.9,622.1
6658,7710,204.36716861744384,643.8528402204931,654.4147464717151,689.9,622.1
6659,7711,204.36716861744384,643.8528402204931,654.4147464717151,689.9,622.1
6660,7712,204.36716861744384,643.8528402204931,654.4147464717151,689.9,622.1
6661,7713,204.36716861744384,643.8528402204931,654.4147464717151,689.9,622.1
6662,7714,204.36716861744384,643.8528402204931,654.4147464717151,689.9,622.1
6663,7715,204.36716861744384,643.8528402204931,654.4147464717151,689.9,622.1
6664,7716,204.36716861744384,643.8528402204931,654.4147464717151,689.9,622.1
6665,7717,204.36716861744384,643.8528402204931,654.4147464717151,689.9,622.1
6666,7718,204.36716861744384,643.8528402204931,654.4147464717151,689.9,622.1
6667,7719,204.36716861744384,643.8528402204931,654.4147464717151,706.0428571428571,621.8857142857144
6668,7720,204.36716861744384,643.8528402204931,654.4147464717151,722.1857142857143,621.6714285714286
6669,7721,204.36716861744384,643.8528402204931,654.4147464717151,738.3285714285714,621.4571428571429
6670,7722,204.36716861744384,643.8528402204931,654.4147464717151,754.4714285714285,621.2428571428571
6671,7723,204.36716861744384,643.8528402204931,654.4147464717151,770.6142857142856,621.0285714285715
6672,7724,204.36716861744384,643.8528402204931,654.4147464717151,786.7571428571429,620.8142857142857
6673,7725,204.36716861744384,643.8528402204931,654.4147464717151,802.9,620.6
6674,7726,204.36716861744384,643.8528402204931,654.4147464717151,819.0428571428571,620.3857142857144
6675,7727,204.36716861744384,643.8528402204931,654.4147464717151,835.1857142857143,620.1714285714286
6676,7728,204.36716861744384,643.8528402204931,654.4147464717151,851.3285714285714,619.9571428571429
6677,7729,204.36716861744384,643.8528402204931,654.4147464717151,867.4714285714285,619.7428571428571
6678,7730,204.36716861744384,643.8528402204931,654.4147464717151,883.6142857142856,619.5285714285715
6679,7731,204.36716861744384,643.8528402204931,654.4147464717151,899.7571428571429,619.3142857142857
6680,7732,204.36716861744384,643.8528402204931,654.4147464717151,915.9,619.1
6681,7733,204.36716861744384,643.8528402204931,654.4147464717151,915.9,619.1
6682,7734,204.36716861744384,643.8528402204931,654.4147464717151,915.9,619.1
6683,7735,204.36716861744384,643.8528402204931,654.4147464717151,915.9,619.1
6684,7736,204.36716861744384,643.8528402204931,654.4147464717151,915.9,619.1
6685,7737,204.36716861744384,643.8528402204931,654.4147464717151,915.9,619.1
6686,7738,204.36716861744384,643.8528402204931,654.4147464717151,915.9,619.1
6687,7739,204.36716861744384,643.8528402204931,654.4147464717151,915.9,619.1
6688,7740,204.36716861744384,643.8528402204931,654.4147464717151,915.9,619.1
6689,7741,204.36716861744384,643.8528402204931,654.4147464717151,915.9,619.1
6690,7742,204.36716861744384,643.8528402204931,654.4147464717151,915.9,619.1
6691,7743,204.36716861744384,643.8528402204931,654.4147464717151,915.9,619.1
6692,7744,204.36716861744384,643.8528402204931,654.4147464717151,915.9,619.1
6693,7745,204.36716861744384,643.8528402204931,654.4147464717151,915.9,619.1
6694,7746,204.36716861744384,643.8528402204931,654.4147464717151,915.9,619.1
6695,7747,204.36716861744384,643.8528402204931,654.4147464717151,915.9,619.1
6696,7748,204.36716861744384,643.8528402204931,654.4147464717151,915.9,619.1
6697,7749,204.36716861744384,643.8528402204931,654.4147464717151,915.9,619.1
6698,7750,204.36716861744384,643.8528402204931,654.4147464717151,915.9,619.1
6699,7751,204.36716861744384,643.8528402204931,654.4147464717151,915.9,619.1
6700,7752,204.36716861744384,643.8528402204931,654.4147464717151,915.9,619.1
6701,7753,204.36716861744384,643.8528402204931,654.4147464717151,915.9,619.1
6702,7754,204.36716861744384,643.8528402204931,654.4147464717151,915.9,619.1
6703,7755,204.36716861744384,643.8528402204931,654.4147464717151,915.9,619.1
6704,7756,204.36716861744384,643.8528402204931,654.4147464717151,915.9,619.1
6705,7757,204.36716861744384,643.8528402204931,654.4147464717151,915.9,619.1
6706,7758,204.36716861744384,643.8528402204931,654.4147464717151,915.9,619.1
6707,7759,204.36716861744384,643.8528402204931,654.4147464717151,915.9,619.1
6708,7760,204.36716861744384,643.8528402204931,654.4147464717151,915.9,619.1
6709,7761,204.36716861744384,643.8528402204931,654.4147464717151,915.9,619.1
6710,7762,204.36716861744384,643.8528402204931,654.4147464717151,915.9,619.1
6711,7763,204.36716861744384,643.8528402204931,654.4147464717151,915.9,619.1
6712,7764,204.36716861744384,643.8528402204931,654.4147464717151,915.9,619.1
6713,7765,204.36716861744384,643.8528402204931,654.4147464717151,915.9,619.1
6714,7766,204.36716861744384,643.8528402204931,654.4147464717151,915.9,619.1
6715,7767,204.36716861744384,643.8528402204931,654.4147464717151,915.9,619.1
6716,7768,204.36716861744384,643.8528402204931,654.4147464717151,915.9,619.1
6717,7769,204.36716861744384,643.8528402204931,654.4147464717151,915.9,619.1
6718,7770,204.36716861744384,643.8528402204931,654.4147464717151,915.9,619.1
6719,7771,204.36716861744384,643.8528402204931,654.4147464717151,915.9,619.1
6720,7772,204.36716861744384,643.8528402204931,654.4147464717151,915.9,619.1
6721,7773,204.36716861744384,643.8528402204931,654.4147464717151,915.9,619.1
6722,7774,204.36716861744384,643.8528402204931,654.4147464717151,915.9,619.1
6723,7775,204.36716861744384,643.8528402204931,654.4147464717151,915.9,619.1
6724,7776,204.36716861744384,643.8528402204931,654.4147464717151,915.9,619.1
6725,7777,204.36716861744384,643.8528402204931,654.4147464717151,915.9,619.1
6726,7778,204.36716861744384,643.8528402204931,654.4147464717151,915.9,619.1
6727,7779,204.36716861744384,643.8528402204931,654.4147464717151,915.9,619.1
6728,7780,204.36716861744384,643.8528402204931,654.4147464717151,915.9,619.1
6729,7781,204.36716861744384,643.8528402204931,654.4147464717151,915.9,619.1
6730,7782,204.36716861744384,643.8528402204931,654.4147464717151,915.9,619.1
6731,7783,204.36716861744384,643.8528402204931,654.4147464717151,915.9,619.1
6732,7784,204.36716861744384,643.8528402204931,654.4147464717151,915.9,619.1
6733,7785,204.36716861744384,643.8528402204931,654.4147464717151,915.9,619.1
6734,7786,204.36716861744384,643.8528402204931,654.4147464717151,915.9,619.1
6735,7787,204.36716861744384,643.8528402204931,654.4147464717151,915.9,619.1
6736,7788,204.36716861744384,643.8528402204931,654.4147464717151,915.9,619.1
6737,7789,204.36716861744384,643.8528402204931,654.4147464717151,915.9,619.1
6738,7790,204.36716861744384,643.8528402204931,654.4147464717151,915.9,619.1
6739,7791,204.36716861744384,643.8528402204931,654.4147464717151,915.9,619.1
6740,7792,204.36716861744384,643.8528402204931,654.4147464717151,915.9,619.1
6741,7793,204.36716861744384,643.8528402204931,654.4147464717151,915.9,619.1
6742,7794,204.36716861744384,643.8528402204931,654.4147464717151,915.9,619.1
6743,7795,204.36716861744384,643.8528402204931,654.4147464717151,915.9,619.1
6744,7796,204.36716861744384,643.8528402204931,654.4147464717151,915.9,619.1
6745,7797,204.36716861744384,643.8528402204931,654.4147464717151,915.9,619.1
6746,7798,204.36716861744384,643.8528402204931,654.4147464717151,915.9,619.1
6747,7799,204.36716861744384,643.8528402204931,654.4147464717151,915.9,619.1
6748,7800,204.36716861744384,643.8528402204931,654.4147464717151,915.9,619.1
6749,7801,93.03727169452188,643.8528402204931,654.4147464717151,915.9,619.1
6750,7802,93.03727169452188,643.8528402204931,654.4147464717151,915.9,619.1
6751,7803,93.03727169452188,643.8528402204931,654.4147464717151,915.9,619.1
6752,7804,93.03727169452188,643.8528402204931,654.4147464717151,915.9,619.1
6753,7805,93.03727169452188,643.8528402204931,654.4147464717151,915.9,619.1
6754,7806,93.03727169452188,643.8528402204931,654.4147464717151,915.9,619.1
6755,7807,93.03727169452188,643.8528402204931,654.4147464717151,915.9,619.1
6756,7808,93.03727169452188,643.8528402204931,654.4147464717151,915.9,619.1
6757,7809,93.03727169452188,643.8528402204931,654.4147464717151,915.9,619.1
6758,7810,93.03727169452188,643.8528402204931,654.4147464717151,915.9,619.1
6759,7811,93.03727169452188,643.8528402204931,654.4147464717151,915.9,619.1
6760,7812,93.03727169452188,643.8528402204931,654.4147464717151,915.9,619.1
6761,7813,93.03727169452188,643.8528402204931,654.4147464717151,915.9,619.1
6762,7814,93.03727169452188,643.8528402204931,654.4147464717151,915.9,619.1
6763,7815,93.03727169452188,643.8528402204931,654.4147464717151,915.9,619.1
6764,7816,93.03727169452188,643.8528402204931,654.4147464717151,915.9,619.1
6765,7817,93.03727169452188,643.8528402204931,654.4147464717151,915.9,619.1
6766,7818,93.03727169452188,643.8528402204931,654.4147464717151,915.9,619.1
6767,7819,93.03727169452188,643.8528402204931,654.4147464717151,915.9,619.1
6768,7820,93.03727169452188,643.8528402204931,654.4147464717151,915.9,619.1
6769,7821,93.03727169452188,643.8528402204931,654.4147464717151,915.9,619.1
6770,7822,93.03727169452188,643.8528402204931,654.4147464717151,915.9,619.1
6771,7823,93.03727169452188,643.8528402204931,654.4147464717151,915.9,619.1
6772,7824,93.03727169452188,643.8528402204931,654.4147464717151,915.9,619.1
6773,7825,93.03727169452188,643.8528402204931,654.4147464717151,915.9,619.1
6774,7826,93.03727169452188,643.8528402204931,654.4147464717151,915.9,619.1
6775,7827,93.03727169452188,643.8528402204931,654.4147464717151,915.9,619.1
6776,7828,93.03727169452188,643.8528402204931,654.4147464717151,915.9,619.1
6777,7829,93.03727169452188,643.8528402204931,654.4147464717151,915.9,619.1
6778,7830,93.03727169452188,643.8528402204931,654.4147464717151,915.9,619.1
6779,7831,93.03727169452188,643.8528402204931,654.4147464717151,915.9,619.1
6780,7832,93.03727169452188,643.8528402204931,654.4147464717151,915.9,619.1
6781,7833,93.03727169452188,643.8528402204931,654.4147464717151,915.9,619.1
6782,7834,93.03727169452188,643.8528402204931,654.4147464717151,915.9,619.1
6783,7835,48.12409209543423,643.8528402204931,654.4147464717151,915.9,619.1
6784,7836,48.12409209543423,643.8528402204931,654.4147464717151,915.9,619.1
6785,7837,48.12409209543423,643.8528402204931,654.4147464717151,915.9,619.1
6786,7838,48.12409209543423,643.8528402204931,654.4147464717151,915.9,619.1
6787,7839,48.12409209543423,643.8528402204931,654.4147464717151,915.9,619.1
6788,7840,48.12409209543423,643.8528402204931,654.4147464717151,915.9,619.1
6789,7841,48.12409209543423,643.8528402204931,654.4147464717151,915.9,619.1
6790,7842,48.12409209543423,643.8528402204931,654.4147464717151,915.9,619.1
6791,7843,48.12409209543423,643.8528402204931,654.4147464717151,915.9,619.1
6792,7844,48.12409209543423,643.8528402204931,654.4147464717151,915.9,619.1
6793,7845,48.12409209543423,643.8528402204931,654.4147464717151,915.9,619.1
6794,7846,48.12409209543423,643.8528402204931,654.4147464717151,915.9,619.1
6795,7847,48.12409209543423,643.8528402204931,654.4147464717151,915.9,619.1
6796,7848,48.12409209543423,643.8528402204931,654.4147464717151,915.9,619.1
6797,7849,48.12409209543423,643.8528402204931,654.4147464717151,915.9,619.1
6798,7850,48.12409209543423,643.8528402204931,654.4147464717151,915.9,619.1
6799,7851,48.12409209543423,643.8528402204931,654.4147464717151,915.9,619.1
6800,7852,48.12409209543423,643.8528402204931,654.4147464717151,915.9,619.1
6801,7853,48.12409209543423,643.8528402204931,654.4147464717151,915.9,619.1
6802,7854,48.12409209543423,643.8528402204931,654.4147464717151,915.9,619.1
6803,7855,48.12409209543423,643.8528402204931,654.4147464717151,915.9,619.1
6804,7856,48.12409209543423,643.8528402204931,654.4147464717151,915.9,619.1
6805,7857,48.12409209543423,643.8528402204931,654.4147464717151,915.9,619.1
6806,7858,48.12409209543423,643.8528402204931,654.4147464717151,915.9,619.1
6807,7859,48.12409209543423,643.8528402204931,654.4147464717151,915.9,619.1
6808,7860,48.12409209543423,643.8528402204931,654.4147464717151,915.9,619.1
6809,7861,48.12409209543423,643.8528402204931,654.4147464717151,915.9,619.1
6810,7862,48.12409209543423,643.8528402204931,654.4147464717151,915.9,619.1
6811,7863,48.12409209543423,643.8528402204931,654.4147464717151,915.9,619.1
6812,7864,48.12409209543423,643.8528402204931,654.4147464717151,915.9,619.1
6813,7865,48.12409209543423,643.8528402204931,654.4147464717151,915.9,619.1
6814,7866,48.12409209543423,643.8528402204931,654.4147464717151,915.9,619.1
6815,7867,48.12409209543423,643.8528402204931,654.4147464717151,915.9,619.1
6816,7868,48.12409209543423,643.8528402204931,654.4147464717151,915.9,619.1
6817,7869,48.12409209543423,940.8528402204931,680.4147464717151,915.9,619.1
6818,7870,48.12409209543423,940.8528402204931,680.4147464717151,915.9,619.1
6819,7871,48.12409209543423,940.8528402204931,680.4147464717151,915.9,619.1
6820,7872,48.12409209543423,940.8528402204931,680.4147464717151,915.9,619.1
6821,7873,48.12409209543423,940.8528402204931,680.4147464717151,915.9,619.1
6822,7874,48.12409209543423,940.8528402204931,680.4147464717151,915.9,619.1
6823,7875,48.12409209543423,940.8528402204931,680.4147464717151,915.9,619.1
6824,7876,48.12409209543423,940.8528402204931,680.4147464717151,915.9,619.1
6825,7877,48.12409209543423,940.8528402204931,680.4147464717151,915.9,619.1
6826,7878,48.12409209543423,940.8528402204931,680.4147464717151,915.9,619.1
6827,7879,48.12409209543423,940.8528402204931,680.4147464717151,915.9,619.1
6828,7880,48.12409209543423,940.8528402204931,680.4147464717151,915.9,619.1
6829,7881,48.12409209543423,940.8528402204931,680.4147464717151,915.9,619.1
6830,7882,48.12409209543423,940.8528402204931,680.4147464717151,915.9,619.1
6831,7883,43.084534143368316,940.8528402204931,680.4147464717151,915.9,619.1
6832,7884,42.008284414083406,940.8528402204931,680.4147464717151,915.9,619.1
6833,7884,42.008284414083406,940.8528402204931,680.4147464717151,915.9,619.1
6834,7884,42.008284414083406,940.8528402204931,680.4147464717151,915.9,619.1
6835,7884,42.008284414083406,940.8528402204931,680.4147464717151,915.9,619.1
6836,7884,42.008284414083406,940.8528402204931,680.4147464717151,915.9,619.1
6837,7884,42.008284414083406,940.8528402204931,680.4147464717151,915.9,619.1
6838,7884,42.008284414083406,940.8528402204931,680.4147464717151,915.9,619.1
6839,7884,42.008284414083406,940.8528402204931,680.4147464717151,915.9,619.1
6840,7884,42.008284414083406,940.8528402204931,680.4147464717151,915.9,619.1
6841,7884,42.008284414083406,940.8528402204931,680.4147464717151,915.9,619.1
6842,7884,42.008284414083406,940.8528402204931,680.4147464717151,915.9,619.1
6843,7884,42.008284414083406,940.8528402204931,680.4147464717151,915.9,619.1
6844,7884,42.008284414083406,940.8528402204931,680.4147464717151,915.9,619.1
6845,7884,42.008284414083406,940.8528402204931,680.4147464717151,915.9,619.1
6846,7884,42.008284414083406,940.8528402204931,680.4147464717151,915.9,619.1
6847,7884,42.008284414083406,940.8528402204931,680.4147464717151,915.9,619.1
6848,7884,42.008284414083406,940.8528402204931,680.4147464717151,915.9,619.1
6849,7884,42.008284414083406,940.8528402204931,680.4147464717151,915.9,619.1
6850,7884,42.008284414083406,940.8528402204931,680.4147464717151,915.9,619.1
6851,7884,42.008284414083406,1237.8528402204931,706.4147464717151,915.9,619.1
6852,7884,42.008284414083406,1237.8528402204931,706.4147464717151,915.9,619.1
6853,7884,42.008284414083406,1237.8528402204931,706.4147464717151,915.9,619.1
6854,7884,42.008284414083406,1237.8528402204931,706.4147464717151,915.9,619.1
6855,7884,42.008284414083406,1237.8528402204931,706.4147464717151,915.9,619.1
6856,7884,42.008284414083406,1237.8528402204931,706.4147464717151,915.9,619.1
6857,7884,42.008284414083406,1237.8528402204931,706.4147464717151,915.9,619.1
6858,7884,42.008284414083406,1237.8528402204931,706.4147464717151,915.9,619.1
6859,7884,42.008284414083406,1237.8528402204931,706.4147464717151,915.9,619.1
6860,7884,42.008284414083406,1237.8528402204931,706.4147464717151,915.9,619.1
6861,7884,42.008284414083406,1237.8528402204931,706.4147464717151,915.9,619.1
6862,7884,42.008284414083406,1237.8528402204931,706.4147464717151,915.9,619.1
6863,7884,42.008284414083406,1237.8528402204931,706.4147464717151,915.9,619.1
6864,7884,42.008284414083406,1237.8528402204931,706.4147464717151,920.4947368421052,609.0684210526316
6865,7884,42.008284414083406,1237.8528402204931,706.4147464717151,925.0894736842105,599.0368421052632
6866,7884,42.008284414083406,1237.8528402204931,706.4147464717151,929.6842105263157,589.0052631578948
6867,7884,42.008284414083406,1237.8528402204931,706.4147464717151,934.2789473684211,578.9736842105264
6868,7884,42.008284414083406,1237.8528402204931,706.4147464717151,938.8736842105263,568.9421052631579
6869,7884,42.008284414083406,1237.8528402204931,706.4147464717151,943.4684210526316,558.9105263157895
6870,7884,42.008284414083406,1237.8528402204931,706.4147464717151,948.0631578947368,548.8789473684211
6871,7884,42.008284414083406,1237.8528402204931,706.4147464717151,952.6578947368421,538.8473684210527
6872,7884,42.008284414083406,1237.8528402204931,706.4147464717151,957.2526315789473,528.8157894736843
6873,7884,42.008284414083406,1237.8528402204931,706.4147464717151,961.8473684210527,518.7842105263157
6874,7884,42.008284414083406,1237.8528402204931,706.4147464717151,966.4421052631579,508.7526315789474
6875,7884,42.008284414083406,1237.8528402204931,706.4147464717151,971.0368421052632,498.72105263157897
6876,7884,42.008284414083406,1237.8528402204931,706.4147464717151,975.6315789473684,488.68947368421055
6877,7884,42.008284414083406,1237.8528402204931,706.4147464717151,980.2263157894737,478.6578947368421
6878,7884,42.008284414083406,1237.8528402204931,706.4147464717151,984.8210526315789,468.62631578947367
6879,7884,42.008284414083406,1237.8528402204931,706.4147464717151,989.4157894736843,458.59473684210525
6880,7884,42.008284414083406,1237.8528402204931,706.4147464717151,994.0105263157895,448.56315789473683
6881,7884,42.008284414083406,1237.8528402204931,706.4147464717151,998.6052631578948,438.5315789473684
6882,7884,42.008284414083406,1237.8528402204931,706.4147464717151,1003.2,428.5
6883,7884,42.008284414083406,1237.8528402204931,706.4147464717151,1003.2,428.5
6884,7884,42.008284414083406,1237.8528402204931,706.4147464717151,1003.2,428.5
6885,7884,42.008284414083406,1237.8528402204931,706.4147464717151,1003.2,428.5
6886,7884,42.008284414083406,1237.8528402204931,706.4147464717151,1003.2,428.5
6887,7884,42.008284414083406,1237.8528402204931,706.4147464717151,1003.2,428.5
6888,7884,42.008284414083406,1237.8528402204931,706.4147464717151,1003.2,428.5
6889,7884,42.008284414083406,1237.8528402204931,706.4147464717151,1003.2,428.5
6890,7884,42.008284414083406,1237.8528402204931,706.4147464717151,1003.2,428.5
6891,7884,42.008284414083406,1237.8528402204931,706.4147464717151,1003.2,428.5
6892,7884,42.008284414083406,1237.8528402204931,706.4147464717151,1003.2,428.5
6893,7884,42.008284414083406,1237.8528402204931,706.4147464717151,1003.2,428.5
6894,7884,42.008284414083406,1237.8528402204931,706.4147464717151,1003.2,428.5
6895,7884,42.008284414083406,1237.8528402204931,706.4147464717151,1003.2,428.5
6896,7884,42.008284414083406,1237.8528402204931,706.4147464717151,1003.2,428.5
6897,7884,42.008284414083406,1237.8528402204931,706.4147464717151,1003.2,428.5
6898,7884,42.008284414083406,1237.8528402204931,706.4147464717151,1003.2,428.5
6899,7884,42.008284414083406,1237.8528402204931,706.4147464717151,1003.2,428.5
6900,7884,42.008284414083406,1237.8528402204931,706.4147464717151,1003.2,428.5
6901,7884,42.008284414083406,1237.8528402204931,706.4147464717151,1003.2,428.5
6902,7884,42.008284414083406,1237.8528402204931,706.4147464717151,1003.2,428.5
6903,7884,42.008284414083406,1237.8528402204931,706.4147464717151,1003.2,428.5
6904,7884,42.008284414083406,1237.8528402204931,706.4147464717151,1003.2,428.5
6905,7884,42.008284414083406,1237.8528402204931,706.4147464717151,1003.2,428.5
6906,7884,42.008284414083406,1237.8528402204931,706.4147464717151,1003.2,428.5
6907,7884,42.008284414083406,1237.8528402204931,706.4147464717151,1003.2,428.5
6908,7884,42.008284414083406,1237.8528402204931,706.4147464717151,1003.2,428.5
6909,7884,42.008284414083406,1237.8528402204931,706.4147464717151,1003.2,428.5
6910,7884,42.008284414083406,1237.8528402204931,706.4147464717151,1003.2,428.5
6911,7884,42.008284414083406,1237.8528402204931,706.4147464717151,1003.2,428.5
6912,7884,42.008284414083406,1237.8528402204931,706.4147464717151,1003.2,428.5
6913,7884,42.008284414083406,1237.8528402204931,706.4147464717151,1003.2,428.5
6914,7884,42.008284414083406,1237.8528402204931,706.4147464717151,1003.2,428.5
6915,7884,42.008284414083406,1237.8528402204931,706.4147464717151,1003.2,428.5
6916,7884,42.008284414083406,1237.8528402204931,706.4147464717151,1003.2,428.5
6917,7884,42.008284414083406,1237.8528402204931,706.4147464717151,1003.2,428.5
6918,7884,42.008284414083406,1237.8528402204931,706.4147464717151,1003.2,428.5
6919,7884,42.008284414083406,1237.8528402204931,706.4147464717151,1003.2,428.5
6920,7884,42.008284414083406,1237.8528402204931,706.4147464717151,1003.2,428.5
6921,7884,42.008284414083406,1237.8528402204931,706.4147464717151,1003.2,428.5
6922,7884,42.008284414083406,1237.8528402204931,706.4147464717151,1003.2,428.5
6923,7884,42.008284414083406,1237.8528402204931,706.4147464717151,1003.2,428.5
6924,7884,42.008284414083406,1237.8528402204931,706.4147464717151,1003.2,428.5
6925,7884,42.008284414083406,1237.8528402204931,706.4147464717151,1003.2,428.5
6926,7884,42.008284414083406,1237.8528402204931,706.4147464717151,1003.2,428.5
6927,7884,42.008284414083406,1237.8528402204931,706.4147464717151,1003.2,428.5
6928,7884,42.008284414083406,1237.8528402204931,706.4147464717151,1003.2,428.5
6929,7884,42.008284414083406,1237.8528402204931,706.4147464717151,1003.2,428.5
6930,7884,42.008284414083406,1237.8528402204931,706.4147464717151,1003.2,428.5
6931,7884,42.008284414083406,1237.8528402204931,706.4147464717151,1003.2,428.5
6932,7884,42.008284414083406,1237.8528402204931,706.4147464717151,1003.2,428.5
6933,7884,42.008284414083406,1237.8528402204931,706.4147464717151,1003.2,428.5
6934,7884,42.008284414083406,1237.8528402204931,706.4147464717151,1003.2,428.5
6935,7884,42.008284414083406,1237.8528402204931,706.4147464717151,1003.2,428.5
6936,7884,42.008284414083406,1237.8528402204931,706.4147464717151,1003.2,428.5
6937,7884,42.008284414083406,1237.8528402204931,706.4147464717151,1003.2,428.5
6938,7884,42.008284414083406,1237.8528402204931,706.4147464717151,1003.2,428.5
6939,7884,42.008284414083406,1237.8528402204931,706.4147464717151,1003.2,428.5
6940,7884,42.008284414083406,1237.8528402204931,706.4147464717151,1003.2,428.5
6941,7884,42.008284414083406,1237.8528402204931,706.4147464717151,1003.2,428.5
6942,7884,42.008284414083406,1237.8528402204931,706.4147464717151,1003.2,428.5
6943,7884,42.008284414083406,1237.8528402204931,706.4147464717151,1003.2,428.5
6944,7884,42.008284414083406,1237.8528402204931,706.4147464717151,1003.2,428.5
6945,7884,42.008284414083406,1237.8528402204931,706.4147464717151,1003.2,428.5
6946,7884,42.008284414083406,1237.8528402204931,706.4147464717151,1003.2,428.5
6947,7884,42.008284414083406,1237.8528402204931,706.4147464717151,1003.2,428.5
6948,7884,42.008284414083406,1237.8528402204931,706.4147464717151,1003.2,428.5
6949,7884,42.008284414083406,1237.8528402204931,706.4147464717151,1003.2,428.5
6950,7884,42.008284414083406,1237.8528402204931,706.4147464717151,1003.2,428.5
6951,7884,42.008284414083406,1237.8528402204931,706.4147464717151,1003.2,428.5
6952,7884,42.008284414083406,1237.8528402204931,706.4147464717151,1003.2,428.5
6953,7884,42.008284414083406,1237.8528402204931,706.4147464717151,1003.2,428.5
6954,7884,42.008284414083406,1237.8528402204931,706.4147464717151,1003.2,428.5
6955,7884,42.008284414083406,1237.8528402204931,706.4147464717151,1003.2,428.5
6956,7884,42.008284414083406,1237.8528402204931,706.4147464717151,1003.2,428.5
6957,7884,42.008284414083406,1237.8528402204931,706.4147464717151,1003.2,428.5
6958,7884,42.008284414083406,1237.8528402204931,706.4147464717151,1003.2,428.5
6959,7884,42.008284414083406,1237.8528402204931,706.4147464717151,1003.2,428.5
6960,7884,42.008284414083406,1237.8528402204931,706.4147464717151,1003.2,428.5
6961,7884,42.008284414083406,1237.8528402204931,706.4147464717151,1003.2,428.5
6962,7884,42.008284414083406,1237.8528402204931,706.4147464717151,1003.2,428.5
6963,7884,42.008284414083406,1237.8528402204931,706.4147464717151,1003.2,428.5
6964,7884,42.008284414083406,1237.8528402204931,706.4147464717151,1003.2,428.5
6965,7884,42.008284414083406,1237.8528402204931,706.4147464717151,1003.2,428.5
6966,7884,42.008284414083406,1237.8528402204931,706.4147464717151,1003.2,428.5
6967,7884,42.008284414083406,1237.8528402204931,706.4147464717151,1003.2,428.5
6968,7884,42.008284414083406,1237.8528402204931,706.4147464717151,1003.2,428.5
6969,7884,42.008284414083406,1237.8528402204931,706.4147464717151,1003.2,428.5
6970,7884,42.008284414083406,1237.8528402204931,706.4147464717151,1003.2,428.5
6971,7884,42.008284414083406,1237.8528402204931,706.4147464717151,1003.2,428.5
6972,7884,42.008284414083406,1237.8528402204931,706.4147464717151,1003.2,428.5
6973,7884,42.008284414083406,1237.8528402204931,706.4147464717151,1003.2,428.5
6974,7884,42.008284414083406,1237.8528402204931,706.4147464717151,1003.2,428.5
6975,7884,42.008284414083406,1237.8528402204931,706.4147464717151,1003.2,428.5
6976,7884,42.008284414083406,1237.8528402204931,706.4147464717151,1003.2,428.5
6977,7884,42.008284414083406,1237.8528402204931,706.4147464717151,1003.2,428.5
6978,7884,42.008284414083406,1237.8528402204931,706.4147464717151,1003.2,428.5
6979,7884,42.008284414083406,1237.8528402204931,706.4147464717151,1003.2,428.5
6980,7884,42.008284414083406,1237.8528402204931,706.4147464717151,1003.2,428.5
6981,7884,42.008284414083406,1237.8528402204931,706.4147464717151,1003.2,428.5
6982,7884,42.008284414083406,1237.8528402204931,706.4147464717151,1003.2,428.5
6983,7884,42.008284414083406,1072.8528402204931,706.4147464717151,1003.2,428.5
6984,7884,42.008284414083406,1072.8528402204931,706.4147464717151,1003.2,428.5
6985,7884,42.008284414083406,1072.8528402204931,706.4147464717151,1003.2,428.5
6986,7884,42.008284414083406,1072.8528402204931,706.4147464717151,1003.2,428.5
6987,7884,42.008284414083406,1072.8528402204931,706.4147464717151,1003.2,428.5
6988,7884,42.008284414083406,1072.8528402204931,706.4147464717151,1003.2,428.5
6989,7884,42.008284414083406,1072.8528402204931,706.4147464717151,1003.2,428.5
6990,7884,42.008284414083406,1072.8528402204931,706.4147464717151,1003.2,428.5
6991,7884,42.008284414083406,1072.8528402204931,706.4147464717151,1003.2,428.5
6992,7884,42.008284414083406,1072.8528402204931,706.4147464717151,1003.2,428.5
6993,7884,42.008284414083406,1072.8528402204931,706.4147464717151,1003.2,428.5
6994,7884,42.008284414083406,1072.8528402204931,706.4147464717151,1003.2,428.5
6995,7884,42.008284414083406,1072.8528402204931,706.4147464717151,1003.2,428.5
6996,7884,42.008284414083406,1072.8528402204931,706.4147464717151,1003.2,428.5
6997,7884,42.008284414083406,1072.8528402204931,706.4147464717151,1003.2,428.5
6998,7884,42.008284414083406,1072.8528402204931,706.4147464717151,1003.2,428.5
6999,7884,42.008284414083406,1072.8528402204931,706.4147464717151,1003.2,428.5
7000,7884,42.008284414083406,1072.8528402204931,706.4147464717151,1003.2,428.5
7001,7884,42.008284414083406,1072.8528402204931,706.4147464717151,1003.2,428.5
7002,7884,42.008284414083406,1072.8528402204931,706.4147464717151,1003.2,428.5
7003,7884,42.008284414083406,1072.8528402204931,706.4147464717151,1003.2,428.5
7004,7884,42.008284414083406,1072.8528402204931,706.4147464717151,1003.2,428.5
7005,7884,42.008284414083406,1072.8528402204931,706.4147464717151,1003.2,428.5
7006,7884,42.008284414083406,1072.8528402204931,706.4147464717151,1003.2,428.5
7007,7884,42.008284414083406,1072.8528402204931,706.4147464717151,1003.2,428.5
7008,7884,42.008284414083406,1072.8528402204931,706.4147464717151,1003.2,428.5
7009,7884,42.008284414083406,1072.8528402204931,706.4147464717151,1003.2,428.5
7010,7884,42.008284414083406,1072.8528402204931,706.4147464717151,1003.2,428.5
7011,7884,42.008284414083406,1072.8528402204931,706.4147464717151,1003.2,428.5
7012,7884,42.008284414083406,1072.8528402204931,706.4147464717151,1003.2,428.5
7013,7885,45.17947400313777,1072.8528402204931,706.4147464717151,1003.2,428.5
7014,7886,51.824162489210515,1072.8528402204931,706.4147464717151,1003.2,428.5
7015,7887,60.81424832173969,1072.8528402204931,706.4147464717151,1003.2,428.5
7016,7888,146.41809396811576,1072.8528402204931,706.4147464717151,1003.2,428.5
7017,7889,139.01004984747402,906.8528402204931,707.4147464717151,1003.2,428.5
7018,7890,132.57978620687496,906.8528402204931,707.4147464717151,1003.2,428.5
7019,7890,132.57978620687496,906.8528402204931,707.4147464717151,1003.2,428.5
7020,7890,132.57978620687496,906.8528402204931,707.4147464717151,1003.2,428.5
7021,7890,132.57978620687496,906.8528402204931,707.4147464717151,1003.2,428.5
7022,7890,132.57978620687496,906.8528402204931,707.4147464717151,1003.2,428.5
7023,7890,132.57978620687496,906.8528402204931,707.4147464717151,1003.2,428.5
7024,7890,132.57978620687496,906.8528402204931,707.4147464717151,1003.2,428.5
7025,7890,132.57978620687496,906.8528402204931,707.4147464717151,1003.2,428.5
7026,7890,132.57978620687496,906.8528402204931,707.4147464717151,1003.2,428.5
7027,7890,132.57978620687496,906.8528402204931,707.4147464717151,1003.2,428.5
7028,7890,132.57978620687496,906.8528402204931,707.4147464717151,1003.2,428.5
7029,7890,132.57978620687496,906.8528402204931,707.4147464717151,1003.2,428.5
7030,7890,132.57978620687496,906.8528402204931,707.4147464717151,1003.2,428.5
7031,7890,132.57978620687496,906.8528402204931,707.4147464717151,1003.2,428.5
7032,7890,132.57978620687496,906.8528402204931,707.4147464717151,1003.2,428.5
7033,7890,132.57978620687496,906.8528402204931,707.4147464717151,1003.2,428.5
7034,7890,132.57978620687496,906.8528402204931,707.4147464717151,1003.2,428.5
7035,7890,132.57978620687496,906.8528402204931,707.4147464717151,1003.2,428.5
7036,7890,132.57978620687496,906.8528402204931,707.4147464717151,1003.2,428.5
7037,7890,132.57978620687496,906.8528402204931,707.4147464717151,1003.2,428.5
7038,7890,132.57978620687496,906.8528402204931,707.4147464717151,1003.2,428.5
7039,7890,132.57978620687496,906.8528402204931,707.4147464717151,1003.2,428.5
7040,7890,132.57978620687496,906.8528402204931,707.4147464717151,1003.2,428.5
7041,7890,132.57978620687496,906.8528402204931,707.4147464717151,1003.2,428.5
7042,7890,132.57978620687496,906.8528402204931,707.4147464717151,1003.2,428.5
7043,7890,132.57978620687496,906.8528402204931,707.4147464717151,1003.2,428.5
7044,7890,132.57978620687496,906.8528402204931,707.4147464717151,1003.2,428.5
7045,7890,132.57978620687496,906.8528402204931,707.4147464717151,1003.2,428.5
7046,7890,132.57978620687496,906.8528402204931,707.4147464717151,1003.2,428.5
7047,7890,132.57978620687496,906.8528402204931,707.4147464717151,1003.2,428.5
7048,7890,132.57978620687496,906.8528402204931,707.4147464717151,1003.2,428.5
7049,7890,132.57978620687496,906.8528402204931,707.4147464717151,1003.2,428.5
7050,7890,132.57978620687496,906.8528402204931,707.4147464717151,1003.2,428.5
7051,7890,132.57978620687496,906.8528402204931,707.4147464717151,1003.2,428.5
7052,7890,132.57978620687496,906.8528402204931,707.4147464717151,1003.2,428.5
7053,7890,132.57978620687496,906.8528402204931,707.4147464717151,1003.2,428.5
7054,7890,132.57978620687496,906.8528402204931,707.4147464717151,1003.2,428.5
7055,7890,132.57978620687496,906.8528402204931,707.4147464717151,1003.2,428.5
7056,7890,132.57978620687496,906.8528402204931,707.4147464717151,1003.2,428.5
7057,7890,132.57978620687496,906.8528402204931,707.4147464717151,1003.2,428.5
7058,7890,132.57978620687496,906.8528402204931,707.4147464717151,1003.2,428.5
7059,7890,132.57978620687496,906.8528402204931,707.4147464717151,1003.2,428.5
7060,7890,132.57978620687496,906.8528402204931,707.4147464717151,1003.2,428.5
7061,7890,132.57978620687496,906.8528402204931,707.4147464717151,1003.2,428.5
7062,7890,132.57978620687496,906.8528402204931,707.4147464717151,1003.2,428.5
7063,7890,132.57978620687496,906.8528402204931,707.4147464717151,1003.2,428.5
7064,7890,132.57978620687496,906.8528402204931,707.4147464717151,1003.2,428.5
7065,7890,132.57978620687496,906.8528402204931,707.4147464717151,1003.2,428.5
7066,7890,132.57978620687496,906.8528402204931,707.4147464717151,1003.2,428.5
7067,7890,132.57978620687496,906.8528402204931,707.4147464717151,1003.2,428.5
7068,7890,132.57978620687496,906.8528402204931,707.4147464717151,1003.2,428.5
7069,7890,132.57978620687496,906.8528402204931,707.4147464717151,1003.2,428.5
7070,7890,132.57978620687496,906.8528402204931,707.4147464717151,1003.2,428.5
7071,7890,132.57978620687496,906.8528402204931,707.4147464717151,1003.2,428.5
7072,7890,132.57978620687496,906.8528402204931,707.4147464717151,1003.2,428.5
7073,7890,132.57978620687496,906.8528402204931,707.4147464717151,1003.2,428.5
7074,7890,132.57978620687496,906.8528402204931,707.4147464717151,1003.2,428.5
7075,7890,132.57978620687496,906.8528402204931,707.4147464717151,1003.2,428.5
7076,7890,132.57978620687496,906.8528402204931,707.4147464717151,1003.2,428.5
7077,7890,132.57978620687496,906.8528402204931,707.4147464717151,1003.2,428.5
7078,7890,132.57978620687496,906.8528402204931,707.4147464717151,1003.2,428.5
7079,7890,132.57978620687496,906.8528402204931,707.4147464717151,1003.2,428.5
7080,7890,132.57978620687496,906.8528402204931,707.4147464717151,1003.2,428.5
7081,7890,132.57978620687496,906.8528402204931,707.4147464717151,1003.2,428.5
7082,7890,132.57978620687496,906.8528402204931,707.4147464717151,1003.2,428.5
7083,7890,132.57978620687496,906.8528402204931,707.4147464717151,1003.2,428.5
7084,7890,132.57978620687496,906.8528402204931,707.4147464717151,1003.2,428.5
7085,7890,132.57978620687496,906.8528402204931,707.4147464717151,1003.2,428.5
7086,7890,132.57978620687496,906.8528402204931,707.4147464717151,1003.2,428.5
7087,7890,132.57978620687496,906.8528402204931,707.4147464717151,1003.2,428.5
7088,7890,132.57978620687496,906.8528402204931,707.4147464717151,1003.2,428.5
7089,7890,132.57978620687496,906.8528402204931,707.4147464717151,1003.2,428.5
7090,7890,132.57978620687496,906.8528402204931,707.4147464717151,1003.2,428.5
7091,7890,132.57978620687496,906.8528402204931,707.4147464717151,1003.2,428.5
7092,7890,132.57978620687496,906.8528402204931,707.4147464717151,1003.2,428.5
7093,7890,132.57978620687496,906.8528402204931,707.4147464717151,1003.2,428.5
7094,7890,132.57978620687496,906.8528402204931,707.4147464717151,1003.2,428.5
7095,7890,132.57978620687496,906.8528402204931,707.4147464717151,1003.2,428.5
7096,7890,132.57978620687496,906.8528402204931,707.4147464717151,1003.2,428.5
7097,7890,132.57978620687496,906.8528402204931,707.4147464717151,1003.2,428.5
7098,7890,132.57978620687496,906.8528402204931,707.4147464717151,1003.2,428.5
7099,7890,132.57978620687496,906.8528402204931,707.4147464717151,1003.2,428.5
7100,7890,132.57978620687496,906.8528402204931,707.4147464717151,1003.2,428.5
7101,7890,132.57978620687496,906.8528402204931,707.4147464717151,1003.2,428.5
7102,7890,132.57978620687496,906.8528402204931,707.4147464717151,1003.2,428.5
7103,7890,132.57978620687496,906.8528402204931,707.4147464717151,1003.2,428.5
7104,7890,132.57978620687496,906.8528402204931,707.4147464717151,1003.2,428.5
7105,7890,132.57978620687496,906.8528402204931,707.4147464717151,1003.2,428.5
7106,7890,132.57978620687496,906.8528402204931,707.4147464717151,1003.2,428.5
7107,7890,132.57978620687496,906.8528402204931,707.4147464717151,1003.2,428.5
7108,7890,132.57978620687496,906.8528402204931,707.4147464717151,1003.2,428.5
7109,7890,132.57978620687496,906.8528402204931,707.4147464717151,1003.2,428.5
7110,7890,132.57978620687496,906.8528402204931,707.4147464717151,1003.2,428.5
7111,7890,132.57978620687496,906.8528402204931,707.4147464717151,992.835,431.895
7112,7890,132.57978620687496,906.8528402204931,707.4147464717151,982.47,435.29
7113,7890,132.57978620687496,906.8528402204931,707.4147464717151,972.105,438.685
7114,7890,132.57978620687496,906.8528402204931,707.4147464717151,961.74,442.08
7115,7890,132.57978620687496,906.8528402204931,707.4147464717151,951.375,445.475
7116,7890,201.15736684188943,906.8528402204931,707.4147464717151,941.01,448.87
7117,7890,201.15736684188943,906.8528402204931,707.4147464717151,930.645,452.265
7118,7890,201.15736684188943,906.8528402204931,707.4147464717151,920.28,455.65999999999997
7119,7890,201.15736684188943,906.8528402204931,707.4147464717151,909.915,459.055
7120,7890,201.15736684188943,906.8528402204931,707.4147464717151,899.55,462.45
7121,7890,201.15736684188943,906.8528402204931,707.4147464717151,889.185,465.84499999999997
7122,7890,201.15736684188943,906.8528402204931,707.4147464717151,878.8199999999999,469.24
7123,7890,201.15736684188943,906.8528402204931,707.4147464717151,868.4549999999999,472.635
7124,7890,201.15736684188943,906.8528402204931,707.4147464717151,858.09,476.03
7125,7890,201.15736684188943,906.8528402204931,707.4147464717151,847.725,479.42499999999995
7126,7890,201.15736684188943,906.8528402204931,707.4147464717151,837.36,482.82
7127,7890,201.15736684188943,906.8528402204931,707.4147464717151,826.995,486.215
7128,7890,201.15736684188943,906.8528402204931,707.4147464717151,816.63,489.60999999999996
7129,7890,201.15736684188943,906.8528402204931,707.4147464717151,806.265,493.005
7130,7890,201.15736684188943,906.8528402204931,707.4147464717151,795.9,496.4
7131,7890,201.15736684188943,906.8528402204931,707.4147464717151,795.9,496.4
7132,7890,201.15736684188943,906.8528402204931,707.4147464717151,795.9,496.4
7133,7890,201.15736684188943,906.8528402204931,707.4147464717151,795.9,496.4
7134,7890,201.15736684188943,906.8528402204931,707.4147464717151,795.9,496.4
7135,7890,201.15736684188943,906.8528402204931,707.4147464717151,795.9,496.4
7136,7890,201.15736684188943,906.8528402204931,707.4147464717151,795.9,496.4
7137,7890,201.15736684188943,906.8528402204931,707.4147464717151,795.9,496.4
7138,7890,201.15736684188943,906.8528402204931,707.4147464717151,795.9,496.4
7139,7890,201.15736684188943,906.8528402204931,707.4147464717151,795.9,496.4
7140,7890,201.15736684188943,906.8528402204931,707.4147464717151,795.9,496.4
7141,7890,201.15736684188943,906.8528402204931,707.4147464717151,795.9,496.4
7142,7890,201.15736684188943,906.8528402204931,707.4147464717151,795.9,496.4
7143,7890,201.15736684188943,906.8528402204931,707.4147464717151,795.9,496.4
7144,7890,201.15736684188943,906.8528402204931,707.4147464717151,795.9,496.4
7145,7890,201.15736684188943,906.8528402204931,707.4147464717151,795.9,496.4
7146,7890,201.15736684188943,906.8528402204931,707.4147464717151,795.9,496.4
7147,7890,201.15736684188943,906.8528402204931,707.4147464717151,795.9,496.4
7148,7890,201.15736684188943,906.8528402204931,707.4147464717151,795.9,496.4
7149,7890,201.15736684188943,906.8528402204931,707.4147464717151,795.9,496.4
7150,7890,201.15736684188943,648.8528402204931,686.4147464717151,795.9,496.4
7151,7890,201.15736684188943,648.8528402204931,686.4147464717151,795.9,496.4
7152,7890,201.15736684188943,648.8528402204931,686.4147464717151,795.9,496.4
7153,7890,201.15736684188943,648.8528402204931,686.4147464717151,795.9,496.4
7154,7890,201.15736684188943,648.8528402204931,686.4147464717151,795.9,496.4
7155,7890,201.15736684188943,648.8528402204931,686.4147464717151,795.9,496.4
7156,7890,201.15736684188943,648.8528402204931,686.4147464717151,795.9,496.4
7157,7890,201.15736684188943,648.8528402204931,686.4147464717151,795.9,496.4
7158,7890,201.15736684188943,648.8528402204931,686.4147464717151,795.9,496.4
7159,7890,201.15736684188943,648.8528402204931,686.4147464717151,795.9,496.4
7160,7890,201.15736684188943,648.8528402204931,686.4147464717151,795.9,496.4
7161,7890,201.15736684188943,648.8528402204931,686.4147464717151,795.9,496.4
7162,7890,201.15736684188943,648.8528402204931,686.4147464717151,795.9,496.4
7163,7890,201.15736684188943,648.8528402204931,686.4147464717151,795.9,496.4
7164,7890,201.15736684188943,648.8528402204931,686.4147464717151,795.9,496.4
7165,7890,201.15736684188943,648.8528402204931,686.4147464717151,795.9,496.4
7166,7890,201.15736684188943,648.8528402204931,686.4147464717151,795.9,496.4
7167,7890,201.15736684188943,648.8528402204931,686.4147464717151,795.9,496.4
7168,7890,201.15736684188943,648.8528402204931,686.4147464717151,795.9,496.4
7169,7890,201.15736684188943,648.8528402204931,686.4147464717151,795.9,496.4
7170,7890,201.15736684188943,648.8528402204931,686.4147464717151,795.9,496.4
7171,7890,201.15736684188943,648.8528402204931,686.4147464717151,795.9,496.4
7172,7890,201.15736684188943,648.8528402204931,686.4147464717151,795.9,496.4
7173,7890,201.15736684188943,648.8528402204931,686.4147464717151,795.9,496.4
7174,7890,201.15736684188943,648.8528402204931,686.4147464717151,795.9,496.4
7175,7890,201.15736684188943,648.8528402204931,686.4147464717151,795.9,496.4
7176,7890,201.15736684188943,648.8528402204931,686.4147464717151,795.9,496.4
7177,7890,201.15736684188943,648.8528402204931,686.4147464717151,795.9,496.4
7178,7890,201.15736684188943,648.8528402204931,686.4147464717151,795.9,496.4
7179,7890,201.15736684188943,648.8528402204931,686.4147464717151,795.9,496.4
7180,7890,201.15736684188943,648.8528402204931,686.4147464717151,795.9,496.4
7181,7890,201.15736684188943,648.8528402204931,686.4147464717151,795.9,496.4
7182,7890,201.15736684188943,648.8528402204931,686.4147464717151,795.9,496.4
7183,7890,201.15736684188943,648.8528402204931,686.4147464717151,795.9,496.4
7184,7890,201.15736684188943,648.8528402204931,686.4147464717151,795.9,496.4
7185,7890,201.15736684188943,648.8528402204931,686.4147464717151,795.9,496.4
7186,7890,201.15736684188943,648.8528402204931,686.4147464717151,795.9,496.4
7187,7890,201.15736684188943,648.8528402204931,686.4147464717151,795.9,496.4
7188,7890,201.15736684188943,648.8528402204931,686.4147464717151,795.9,496.4
7189,7890,201.15736684188943,648.8528402204931,686.4147464717151,795.9,496.4
7190,7890,201.15736684188943,648.8528402204931,686.4147464717151,795.9,496.4
7191,7890,201.15736684188943,648.8528402204931,686.4147464717151,795.9,496.4
7192,7890,201.15736684188943,648.8528402204931,686.4147464717151,795.9,496.4
7193,7890,201.15736684188943,648.8528402204931,686.4147464717151,795.9,496.4
7194,7890,201.15736684188943,648.8528402204931,686.4147464717151,795.9,496.4
7195,7890,201.15736684188943,648.8528402204931,686.4147464717151,795.9,496.4
7196,7890,201.15736684188943,648.8528402204931,686.4147464717151,795.9,496.4
7197,7890,201.15736684188943,648.8528402204931,686.4147464717151,795.9,496.4
7198,7890,201.15736684188943,648.8528402204931,686.4147464717151,795.9,496.4
7199,7890,201.15736684188943,648.8528402204931,686.4147464717151,795.9,496.4
7200,7890,201.15736684188943,648.8528402204931,686.4147464717151,795.9,496.4
7201,7890,201.15736684188943,648.8528402204931,686.4147464717151,795.9,496.4
7202,7890,201.15736684188943,648.8528402204931,686.4147464717151,795.9,496.4
7203,7890,201.15736684188943,648.8528402204931,686.4147464717151,795.9,496.4
7204,7890,201.15736684188943,648.8528402204931,686.4147464717151,795.9,496.4
7205,7890,201.15736684188943,648.8528402204931,686.4147464717151,795.9,496.4
7206,7890,201.15736684188943,648.8528402204931,686.4147464717151,795.9,496.4
7207,7890,201.15736684188943,648.8528402204931,686.4147464717151,795.9,496.4
7208,7890,201.15736684188943,648.8528402204931,686.4147464717151,795.9,496.4
7209,7890,201.15736684188943,648.8528402204931,686.4147464717151,795.9,496.4
7210,7890,201.15736684188943,648.8528402204931,686.4147464717151,795.9,496.4
7211,7890,201.15736684188943,648.8528402204931,686.4147464717151,795.9,496.4
7212,7890,201.15736684188943,648.8528402204931,686.4147464717151,795.9,496.4
7213,7890,201.15736684188943,648.8528402204931,686.4147464717151,795.9,496.4
7214,7890,201.15736684188943,648.8528402204931,686.4147464717151,795.9,496.4
7215,7890,201.15736684188943,648.8528402204931,686.4147464717151,795.9,496.4
7216,7890,201.15736684188943,648.8528402204931,686.4147464717151,795.9,496.4
7217,7890,201.15736684188943,648.8528402204931,686.4147464717151,795.9,496.4
7218,7890,201.15736684188943,648.8528402204931,686.4147464717151,795.9,496.4
7219,7890,201.15736684188943,648.8528402204931,686.4147464717151,795.9,496.4
7220,7890,201.15736684188943,648.8528402204931,686.4147464717151,795.9,496.4
7221,7890,201.15736684188943,648.8528402204931,686.4147464717151,795.9,496.4
7222,7890,201.15736684188943,648.8528402204931,686.4147464717151,785.3933333333333,486.53999999999996
7223,7890,201.15736684188943,648.8528402204931,686.4147464717151,774.8866666666667,476.68
7224,7890,201.15736684188943,648.8528402204931,686.4147464717151,764.38,466.82
7225,7890,201.15736684188943,648.8528402204931,686.4147464717151,753.8733333333333,456.96
7226,7890,201.15736684188943,648.8528402204931,686.4147464717151,743.3666666666667,447.09999999999997
7227,7890,201.15736684188943,648.8528402204931,686.4147464717151,732.86,437.24
7228,7890,201.15736684188943,648.8528402204931,686.4147464717151,722.3533333333332,427.38
7229,7890,201.15736684188943,648.8528402204931,686.4147464717151,711.8466666666666,417.52
7230,7890,201.15736684188943,648.8528402204931,686.4147464717151,701.3399999999999,407.65999999999997
7231,7890,201.15736684188943,648.8528402204931,686.4147464717151,690.8333333333333,397.8
7232,7890,201.15736684188943,648.8528402204931,686.4147464717151,680.3266666666666,387.94
7233,7890,201.15736684188943,648.8528402204931,686.4147464717151,669.8199999999999,378.08000000000004
7234,7890,201.15736684188943,648.8528402204931,686.4147464717151,659.3133333333333,368.22
7235,7890,201.15736684188943,648.8528402204931,686.4147464717151,648.8066666666666,358.36
7236,7890,201.15736684188943,648.8528402204931,686.4147464717151,638.3,348.5
7237,7890,201.15736684188943,648.8528402204931,686.4147464717151,638.3,348.5
7238,7890,201.15736684188943,648.8528402204931,686.4147464717151,638.3,348.5
7239,7890,201.15736684188943,648.8528402204931,686.4147464717151,638.3,348.5
7240,7890,201.15736684188943,648.8528402204931,686.4147464717151,638.3,348.5
7241,7890,201.15736684188943,648.8528402204931,686.4147464717151,638.3,348.5
7242,7890,201.15736684188943,648.8528402204931,686.4147464717151,638.3,348.5
7243,7890,201.15736684188943,648.8528402204931,686.4147464717151,638.3,348.5
7244,7890,201.15736684188943,648.8528402204931,686.4147464717151,638.3,348.5
7245,7890,201.15736684188943,648.8528402204931,686.4147464717151,638.3,348.5
7246,7890,201.15736684188943,648.8528402204931,686.4147464717151,638.3,348.5
7247,7890,201.15736684188943,648.8528402204931,686.4147464717151,638.3,348.5
7248,7890,201.15736684188943,648.8528402204931,686.4147464717151,638.3,348.5
7249,7890,201.15736684188943,648.8528402204931,686.4147464717151,638.3,348.5
7250,7890,201.15736684188943,648.8528402204931,686.4147464717151,638.3,348.5
7251,7890,201.15736684188943,648.8528402204931,686.4147464717151,638.3,348.5
7252,7890,201.15736684188943,648.8528402204931,686.4147464717151,638.3,348.5
7253,7890,201.15736684188943,648.8528402204931,686.4147464717151,638.3,348.5
7254,7890,201.15736684188943,648.8528402204931,686.4147464717151,638.3,348.5
7255,7890,201.15736684188943,648.8528402204931,686.4147464717151,638.3,348.5
7256,7890,201.15736684188943,648.8528402204931,686.4147464717151,638.3,348.5
7257,7890,201.15736684188943,648.8528402204931,686.4147464717151,638.3,348.5
7258,7890,201.15736684188943,648.8528402204931,686.4147464717151,638.3,348.5
7259,7890,201.15736684188943,648.8528402204931,686.4147464717151,638.3,348.5
7260,7890,201.15736684188943,648.8528402204931,686.4147464717151,638.3,348.5
7261,7890,201.15736684188943,648.8528402204931,686.4147464717151,638.3,348.5
7262,7890,201.15736684188943,648.8528402204931,686.4147464717151,638.3,348.5
7263,7890,201.15736684188943,648.8528402204931,686.4147464717151,638.3,348.5
7264,7890,201.15736684188943,648.8528402204931,686.4147464717151,638.3,348.5
7265,7890,201.15736684188943,648.8528402204931,686.4147464717151,638.3,348.5
7266,7890,201.15736684188943,648.8528402204931,686.4147464717151,638.3,348.5
7267,7890,201.15736684188943,648.8528402204931,686.4147464717151,638.3,348.5
7268,7890,201.15736684188943,648.8528402204931,686.4147464717151,638.3,348.5
7269,7890,201.15736684188943,648.8528402204931,686.4147464717151,638.3,348.5
7270,7890,201.15736684188943,648.8528402204931,686.4147464717151,638.3,348.5
7271,7890,201.15736684188943,648.8528402204931,686.4147464717151,638.3,348.5
7272,7890,201.15736684188943,648.8528402204931,686.4147464717151,638.3,348.5
7273,7890,201.15736684188943,648.8528402204931,686.4147464717151,638.3,348.5
7274,7890,201.15736684188943,648.8528402204931,686.4147464717151,638.3,348.5
7275,7890,201.15736684188943,648.8528402204931,686.4147464717151,638.3,348.5
7276,7890,201.15736684188943,648.8528402204931,686.4147464717151,638.3,348.5
7277,7890,201.15736684188943,648.8528402204931,686.4147464717151,638.3,348.5
7278,7890,201.15736684188943,648.8528402204931,686.4147464717151,638.3,348.5
7279,7890,201.15736684188943,648.8528402204931,686.4147464717151,638.3,348.5
7280,7890,201.15736684188943,648.8528402204931,686.4147464717151,638.3,348.5
7281,7890,201.15736684188943,648.8528402204931,686.4147464717151,638.3,348.5
7282,7890,201.15736684188943,648.8528402204931,686.4147464717151,638.3,348.5
7283,7890,201.15736684188943,648.8528402204931,686.4147464717151,638.3,348.5
7284,7890,201.15736684188943,648.8528402204931,686.4147464717151,638.3,348.5
7285,7890,201.15736684188943,648.8528402204931,686.4147464717151,638.3,348.5
7286,7890,201.15736684188943,648.8528402204931,686.4147464717151,638.3,348.5
7287,7890,201.15736684188943,648.8528402204931,686.4147464717151,638.3,348.5
7288,7890,201.15736684188943,648.8528402204931,686.4147464717151,638.3,348.5
7289,7890,201.15736684188943,648.8528402204931,686.4147464717151,638.3,348.5
7290,7890,201.15736684188943,648.8528402204931,686.4147464717151,638.3,348.5
7291,7890,201.15736684188943,648.8528402204931,686.4147464717151,638.3,348.5
7292,7890,201.15736684188943,648.8528402204931,686.4147464717151,638.3,348.5
7293,7890,201.15736684188943,648.8528402204931,686.4147464717151,638.3,348.5
7294,7890,201.15736684188943,648.8528402204931,686.4147464717151,638.3,348.5
7295,7890,201.15736684188943,648.8528402204931,686.4147464717151,638.3,348.5
7296,7890,201.15736684188943,648.8528402204931,686.4147464717151,638.3,348.5
7297,7890,201.15736684188943,648.8528402204931,686.4147464717151,638.3,348.5
7298,7890,201.15736684188943,648.8528402204931,686.4147464717151,638.3,348.5
7299,7890,201.15736684188943,648.8528402204931,686.4147464717151,638.3,348.5
7300,7890,201.15736684188943,648.8528402204931,686.4147464717151,638.3,348.5
7301,7890,201.15736684188943,648.8528402204931,686.4147464717151,638.3,348.5
7302,7890,201.15736684188943,648.8528402204931,686.4147464717151,638.3,348.5
7303,7890,201.15736684188943,648.8528402204931,686.4147464717151,638.3,348.5
7304,7890,201.15736684188943,648.8528402204931,686.4147464717151,638.3,348.5
7305,7890,201.15736684188943,648.8528402204931,686.4147464717151,638.3,348.5
7306,7890,201.15736684188943,648.8528402204931,686.4147464717151,638.3,348.5
7307,7890,201.15736684188943,648.8528402204931,686.4147464717151,638.3,348.5
7308,7890,201.15736684188943,648.8528402204931,686.4147464717151,638.3,348.5
7309,7890,201.15736684188943,648.8528402204931,686.4147464717151,638.3,348.5
7310,7890,201.15736684188943,648.8528402204931,686.4147464717151,638.3,348.5
7311,7890,201.15736684188943,648.8528402204931,686.4147464717151,638.3,348.5
7312,7890,201.15736684188943,648.8528402204931,686.4147464717151,638.3,348.5
7313,7890,201.15736684188943,648.8528402204931,686.4147464717151,638.3,348.5
7314,7890,201.15736684188943,648.8528402204931,686.4147464717151,638.3,348.5
7315,7890,201.15736684188943,648.8528402204931,686.4147464717151,638.3,348.5
7316,7890,201.15736684188943,648.8528402204931,686.4147464717151,651.1230769230768,345.9769230769231
7317,7890,201.15736684188943,648.8528402204931,686.4147464717151,663.9461538461538,343.45384615384614
7318,7890,201.15736684188943,648.8528402204931,686.4147464717151,676.7692307692307,340.9307692307692
7319,7890,201.15736684188943,648.8528402204931,686.4147464717151,689.5923076923077,338.4076923076923
7320,7890,201.15736684188943,648.8528402204931,686.4147464717151,702.4153846153846,335.88461538461536
7321,7890,201.15736684188943,648.8528402204931,686.4147464717151,715.2384615384615,333.36153846153843
7322,7890,201.15736684188943,648.8528402204931,686.4147464717151,728.0615384615385,330.83846153846156
7323,7890,201.15736684188943,648.8528402204931,686.4147464717151,740.8846153846154,328.31538461538463
7324,7890,201.15736684188943,648.8528402204931,686.4147464717151,753.7076923076922,325.7923076923077
7325,7890,201.15736684188943,648.8528402204931,686.4147464717151,766.5307692307692,323.2692307692308
7326,7890,201.15736684188943,648.8528402204931,686.4147464717151,779.3538461538461,320.74615384615385
7327,7890,201.15736684188943,648.8528402204931,686.4147464717151,792.1769230769231,318.2230769230769
7328,7890,201.15736684188943,648.8528402204931,686.4147464717151,805.0,315.7
7329,7890,201.15736684188943,648.8528402204931,686.4147464717151,817.823076923077,313.17692307692306
7330,7890,201.15736684188943,648.8528402204931,686.4147464717151,830.6461538461539,310.65384615384613
7331,7890,201.15736684188943,648.8528402204931,686.4147464717151,843.4692307692308,308.1307692307692
7332,7890,201.15736684188943,648.8528402204931,686.4147464717151,856.2923076923078,305.6076923076923
7333,7890,201.15736684188943,648.8528402204931,686.4147464717151,869.1153846153846,303.08461538461535
7334,7890,201.15736684188943,648.8528402204931,686.4147464717151,881.9384615384615,300.5615384615385
7335,7890,201.15736684188943,648.8528402204931,686.4147464717151,894.7615384615385,298.03846153846155
7336,7890,201.15736684188943,648.8528402204931,686.4147464717151,907.5846153846154,295.5153846153846
7337,7890,201.15736684188943,648.8528402204931,686.4147464717151,920.4076923076923,292.9923076923077
7338,7890,201.15736684188943,648.8528402204931,686.4147464717151,933.2307692307693,290.46923076923076
7339,7890,201.15736684188943,648.8528402204931,686.4147464717151,946.0538461538463,287.94615384615383
7340,7890,201.15736684188943,648.8528402204931,686.4147464717151,958.8769230769232,285.4230769230769
7341,7890,201.15736684188943,648.8528402204931,686.4147464717151,971.7,282.9
7342,7890,201.15736684188943,648.8528402204931,686.4147464717151,971.7,282.9
7343,7890,201.15736684188943,648.8528402204931,686.4147464717151,971.7,282.9
7344,7890,201.15736684188943,648.8528402204931,686.4147464717151,971.7,282.9
7345,7890,201.15736684188943,648.8528402204931,686.4147464717151,971.7,282.9
7346,7890,201.15736684188943,648.8528402204931,686.4147464717151,971.7,282.9
7347,7890,201.15736684188943,648.8528402204931,686.4147464717151,971.7,282.9
7348,7890,201.15736684188943,648.8528402204931,686.4147464717151,971.7,282.9
7349,7890,52.80344970135116,648.8528402204931,686.4147464717151,971.7,282.9
7350,7890,52.80344970135116,648.8528402204931,686.4147464717151,971.7,282.9
7351,7890,52.80344970135116,648.8528402204931,686.4147464717151,971.7,282.9
7352,7890,52.80344970135116,648.8528402204931,686.4147464717151,971.7,282.9
7353,7890,52.80344970135116,648.8528402204931,686.4147464717151,971.7,282.9
7354,7890,52.80344970135116,648.8528402204931,686.4147464717151,971.7,282.9
7355,7890,52.80344970135116,648.8528402204931,686.4147464717151,971.7,282.9
7356,7890,52.80344970135116,648.8528402204931,686.4147464717151,971.7,282.9
7357,7890,52.80344970135116,648.8528402204931,686.4147464717151,971.7,282.9
7358,7890,52.80344970135116,648.8528402204931,686.4147464717151,971.7,282.9
7359,7890,52.80344970135116,648.8528402204931,686.4147464717151,971.7,282.9
7360,7890,52.80344970135116,648.8528402204931,686.4147464717151,971.7,282.9
7361,7890,52.80344970135116,648.8528402204931,686.4147464717151,971.7,282.9
7362,7890,52.80344970135116,648.8528402204931,686.4147464717151,971.7,282.9
7363,7890,52.80344970135116,648.8528402204931,686.4147464717151,971.7,282.9
7364,7890,52.80344970135116,648.8528402204931,686.4147464717151,971.7,282.9
7365,7890,52.80344970135116,648.8528402204931,686.4147464717151,971.7,282.9
7366,7890,52.80344970135116,648.8528402204931,686.4147464717151,971.7,282.9
7367,7890,52.80344970135116,648.8528402204931,686.4147464717151,971.7,282.9
7368,7890,52.80344970135116,648.8528402204931,686.4147464717151,971.7,282.9
7369,7890,52.80344970135116,648.8528402204931,686.4147464717151,971.7,282.9
7370,7890,52.80344970135116,648.8528402204931,686.4147464717151,971.7,282.9
7371,7890,52.80344970135116,648.8528402204931,686.4147464717151,971.7,282.9
7372,7890,52.80344970135116,648.8528402204931,686.4147464717151,971.7,282.9
7373,7890,52.80344970135116,648.8528402204931,686.4147464717151,971.7,282.9
7374,7890,52.80344970135116,648.8528402204931,686.4147464717151,971.7,282.9
7375,7890,52.80344970135116,648.8528402204931,686.4147464717151,971.7,282.9
7376,7890,52.80344970135116,648.8528402204931,686.4147464717151,971.7,282.9
7377,7890,52.80344970135116,648.8528402204931,686.4147464717151,971.7,282.9
7378,7890,52.80344970135116,648.8528402204931,686.4147464717151,971.7,282.9
7379,7890,52.80344970135116,648.8528402204931,686.4147464717151,971.7,282.9
7380,7890,52.80344970135116,648.8528402204931,686.4147464717151,971.7,282.9
7381,7890,52.80344970135116,648.8528402204931,686.4147464717151,971.7,282.9
7382,7890,52.80344970135116,648.8528402204931,686.4147464717151,971.7,282.9
7383,7890,52.80344970135116,648.8528402204931,686.4147464717151,971.7,282.9
7384,7890,52.80344970135116,922.8528402204931,695.4147464717151,971.7,282.9
7385,7890,52.80344970135116,922.8528402204931,695.4147464717151,971.7,282.9
7386,7890,52.80344970135116,922.8528402204931,695.4147464717151,971.7,282.9
7387,7890,52.80344970135116,922.8528402204931,695.4147464717151,971.7,282.9
7388,7890,52.80344970135116,922.8528402204931,695.4147464717151,971.7,282.9
7389,7890,52.80344970135116,922.8528402204931,695.4147464717151,971.7,282.9
7390,7890,52.80344970135116,922.8528402204931,695.4147464717151,971.7,282.9
7391,7890,52.80344970135116,922.8528402204931,695.4147464717151,971.7,282.9
7392,7890,52.80344970135116,922.8528402204931,695.4147464717151,971.7,282.9
7393,7890,52.80344970135116,922.8528402204931,695.4147464717151,971.7,282.9
7394,7890,52.80344970135116,922.8528402204931,695.4147464717151,971.7,282.9
7395,7890,52.80344970135116,922.8528402204931,695.4147464717151,971.7,282.9
7396,7890,52.80344970135116,922.8528402204931,695.4147464717151,971.7,282.9
7397,7890,52.80344970135116,922.8528402204931,695.4147464717151,971.7,282.9
7398,7890,52.80344970135116,922.8528402204931,695.4147464717151,971.7,282.9
7399,7890,52.80344970135116,922.8528402204931,695.4147464717151,971.7,282.9
7400,7890,52.80344970135116,922.8528402204931,695.4147464717151,971.7,282.9
7401,7890,52.80344970135116,922.8528402204931,695.4147464717151,971.7,282.9
7402,7890,52.80344970135116,922.8528402204931,695.4147464717151,971.7,282.9
7403,7890,52.80344970135116,922.8528402204931,695.4147464717151,971.7,282.9
7404,7890,52.80344970135116,922.8528402204931,695.4147464717151,971.7,282.9
7405,7890,52.80344970135116,922.8528402204931,695.4147464717151,971.7,282.9
7406,7890,52.80344970135116,922.8528402204931,695.4147464717151,971.7,282.9
7407,7890,52.80344970135116,922.8528402204931,695.4147464717151,971.7,282.9
7408,7890,52.80344970135116,922.8528402204931,695.4147464717151,971.7,282.9
7409,7890,52.80344970135116,922.8528402204931,695.4147464717151,971.7,282.9
7410,7890,52.80344970135116,922.8528402204931,695.4147464717151,971.7,282.9
7411,7890,52.80344970135116,922.8528402204931,695.4147464717151,971.7,282.9
7412,7890,52.80344970135116,922.8528402204931,695.4147464717151,971.7,282.9
7413,7890,52.80344970135116,922.8528402204931,695.4147464717151,971.7,282.9
7414,7890,52.80344970135116,922.8528402204931,695.4147464717151,971.7,282.9
7415,7890,52.80344970135116,922.8528402204931,695.4147464717151,971.7,282.9
7416,7890,52.80344970135116,922.8528402204931,695.4147464717151,971.7,282.9
7417,7890,52.80344970135116,922.8528402204931,695.4147464717151,971.7,282.9
7418,7890,52.80344970135116,922.8528402204931,695.4147464717151,971.7,282.9
7419,7890,52.80344970135116,922.8528402204931,695.4147464717151,971.7,282.9
7420,7890,52.80344970135116,922.8528402204931,695.4147464717151,971.7,282.9
7421,7890,52.80344970135116,922.8528402204931,695.4147464717151,971.7,282.9
7422,7890,52.80344970135116,922.8528402204931,695.4147464717151,971.7,282.9
7423,7890,52.80344970135116,922.8528402204931,695.4147464717151,971.7,282.9
7424,7890,52.80344970135116,922.8528402204931,695.4147464717151,971.7,282.9
7425,7890,52.80344970135116,922.8528402204931,695.4147464717151,971.7,282.9
7426,7890,52.80344970135116,922.8528402204931,695.4147464717151,971.7,282.9
7427,7890,52.80344970135116,922.8528402204931,695.4147464717151,971.7,282.9
7428,7890,52.80344970135116,922.8528402204931,695.4147464717151,971.7,282.9
7429,7890,52.80344970135116,922.8528402204931,695.4147464717151,971.7,282.9
7430,7890,52.80344970135116,922.8528402204931,695.4147464717151,971.7,282.9
7431,7890,52.80344970135116,922.8528402204931,695.4147464717151,971.7,282.9
7432,7890,52.80344970135116,922.8528402204931,695.4147464717151,971.7,282.9
7433,7890,52.80344970135116,922.8528402204931,695.4147464717151,971.7,282.9
7434,7890,52.80344970135116,922.8528402204931,695.4147464717151,971.7,282.9
7435,7890,52.80344970135116,922.8528402204931,695.4147464717151,971.7,282.9
7436,7890,52.80344970135116,922.8528402204931,695.4147464717151,971.7,282.9
7437,7890,52.80344970135116,922.8528402204931,695.4147464717151,971.7,282.9
7438,7890,52.80344970135116,922.8528402204931,695.4147464717151,971.7,282.9
7439,7890,52.80344970135116,922.8528402204931,695.4147464717151,971.7,282.9
7440,7890,52.80344970135116,922.8528402204931,695.4147464717151,971.7,282.9
7441,7890,52.80344970135116,922.8528402204931,695.4147464717151,971.7,282.9
7442,7890,52.80344970135116,922.8528402204931,695.4147464717151,971.7,282.9
7443,7890,52.80344970135116,922.8528402204931,695.4147464717151,971.7,282.9
7444,7890,52.80344970135116,922.8528402204931,695.4147464717151,971.7,282.9
7445,7890,52.80344970135116,922.8528402204931,695.4147464717151,971.7,282.9
7446,7890,52.80344970135116,922.8528402204931,695.4147464717151,971.7,282.9
7447,7890,52.80344970135116,922.8528402204931,695.4147464717151,971.7,282.9
7448,7890,52.80344970135116,922.8528402204931,695.4147464717151,971.7,282.9
7449,7890,52.80344970135116,922.8528402204931,695.4147464717151,971.7,282.9
7450,7890,52.80344970135116,922.8528402204931,695.4147464717151,971.7,282.9
7451,7890,52.80344970135116,922.8528402204931,695.4147464717151,971.7,282.9
7452,7890,52.80344970135116,922.8528402204931,695.4147464717151,974.0571428571429,289.82142857142856
7453,7890,52.80344970135116,922.8528402204931,695.4147464717151,976.4142857142857,296.74285714285713
7454,7890,52.80344970135116,922.8528402204931,695.4147464717151,978.7714285714286,303.6642857142857
7455,7890,52.80344970135116,922.8528402204931,695.4147464717151,981.1285714285715,310.5857142857143
7456,7890,52.80344970135116,922.8528402204931,695.4147464717151,983.4857142857144,317.50714285714287
7457,7890,52.80344970135116,922.8528402204931,695.4147464717151,985.8428571428572,324.42857142857144
7458,7890,52.80344970135116,922.8528402204931,695.4147464717151,988.2,331.35
7459,7890,52.80344970135116,922.8528402204931,695.4147464717151,990.5571428571429,338.27142857142854
7460,7890,52.80344970135116,922.8528402204931,695.4147464717151,992.9142857142857,345.1928571428571
7461,7890,52.80344970135116,922.8528402204931,695.4147464717151,995.2714285714286,352.1142857142857
7462,7890,52.80344970135116,922.8528402204931,695.4147464717151,997.6285714285715,359.0357142857143
7463,7890,52.80344970135116,922.8528402204931,695.4147464717151,999.9857142857144,365.95714285714286
7464,7890,52.80344970135116,922.8528402204931,695.4147464717151,1002.3428571428572,372.87857142857143
7465,7890,52.80344970135116,922.8528402204931,695.4147464717151,1004.7,379.8
7466,7890,52.80344970135116,922.8528402204931,695.4147464717151,1004.7,379.8
7467,7890,52.80344970135116,922.8528402204931,695.4147464717151,1004.7,379.8
7468,7890,52.80344970135116,922.8528402204931,695.4147464717151,1004.7,379.8
7469,7890,52.80344970135116,922.8528402204931,695.4147464717151,1004.7,379.8
7470,7890,52.80344970135116,922.8528402204931,695.4147464717151,1004.7,379.8
7471,7890,52.80344970135116,922.8528402204931,695.4147464717151,1004.7,379.8
7472,7890,52.80344970135116,922.8528402204931,695.4147464717151,1004.7,379.8
7473,7890,52.80344970135116,922.8528402204931,695.4147464717151,1004.7,379.8
7474,7890,52.80344970135116,922.8528402204931,695.4147464717151,1004.7,379.8
7475,7890,52.80344970135116,922.8528402204931,695.4147464717151,1004.7,379.8
7476,7890,52.80344970135116,922.8528402204931,695.4147464717151,1004.7,379.8
7477,7890,52.80344970135116,922.8528402204931,695.4147464717151,1004.7,379.8
7478,7890,52.80344970135116,922.8528402204931,695.4147464717151,1004.7,379.8
7479,7890,52.80344970135116,922.8528402204931,695.4147464717151,1004.7,379.8
7480,7890,52.80344970135116,922.8528402204931,695.4147464717151,1004.7,379.8
7481,7890,52.80344970135116,922.8528402204931,695.4147464717151,1004.7,379.8
7482,7890,52.80344970135116,922.8528402204931,695.4147464717151,1004.7,379.8
7483,7890,52.80344970135116,922.8528402204931,695.4147464717151,1004.7,379.8
7484,7890,52.80344970135116,922.8528402204931,695.4147464717151,1004.7,379.8
7485,7890,52.80344970135116,922.8528402204931,695.4147464717151,1004.7,379.8
7486,7890,52.80344970135116,922.8528402204931,695.4147464717151,1004.7,379.8
7487,7890,52.80344970135116,922.8528402204931,695.4147464717151,1004.7,379.8
7488,7890,52.80344970135116,922.8528402204931,695.4147464717151,1004.7,379.8
7489,7890,52.80344970135116,922.8528402204931,695.4147464717151,1004.7,379.8
7490,7890,52.80344970135116,922.8528402204931,695.4147464717151,1004.7,379.8
7491,7890,52.80344970135116,922.8528402204931,695.4147464717151,1004.7,379.8
7492,7890,52.80344970135116,922.8528402204931,695.4147464717151,1004.7,379.8
7493,7890,52.80344970135116,922.8528402204931,695.4147464717151,1004.7,379.8
7494,7890,52.80344970135116,922.8528402204931,695.4147464717151,1004.7,379.8
7495,7890,52.80344970135116,922.8528402204931,695.4147464717151,1004.7,379.8
7496,7890,52.80344970135116,922.8528402204931,695.4147464717151,1004.7,379.8
7497,7890,52.80344970135116,922.8528402204931,695.4147464717151,1004.7,379.8
7498,7890,52.80344970135116,922.8528402204931,695.4147464717151,1004.7,379.8
7499,7890,52.80344970135116,922.8528402204931,695.4147464717151,1004.7,379.8
7500,7890,52.80344970135116,922.8528402204931,695.4147464717151,1004.7,379.8
7501,7890,52.80344970135116,922.8528402204931,695.4147464717151,1004.7,379.8
7502,7890,52.80344970135116,922.8528402204931,695.4147464717151,1004.7,379.8
7503,7890,52.80344970135116,922.8528402204931,695.4147464717151,1004.7,379.8
7504,7890,52.80344970135116,922.8528402204931,695.4147464717151,1004.7,379.8
7505,7890,52.80344970135116,922.8528402204931,695.4147464717151,1004.7,379.8
7506,7890,52.80344970135116,922.8528402204931,695.4147464717151,1004.7,379.8
7507,7890,52.80344970135116,922.8528402204931,695.4147464717151,1004.7,379.8
7508,7890,52.80344970135116,922.8528402204931,695.4147464717151,1004.7,379.8
7509,7890,52.80344970135116,922.8528402204931,695.4147464717151,1004.7,379.8
7510,7890,52.80344970135116,922.8528402204931,695.4147464717151,1004.7,379.8
7511,7890,52.80344970135116,922.8528402204931,695.4147464717151,1004.7,379.8
7512,7890,52.80344970135116,922.8528402204931,695.4147464717151,1004.7,379.8
7513,7890,52.80344970135116,922.8528402204931,695.4147464717151,1004.7,379.8
7514,7890,52.80344970135116,922.8528402204931,695.4147464717151,1004.7,379.8
7515,7890,52.80344970135116,922.8528402204931,695.4147464717151,1004.7,379.8
7516,7890,52.80344970135116,922.8528402204931,695.4147464717151,1004.7,379.8
7517,7890,52.80344970135116,922.8528402204931,695.4147464717151,1004.7,379.8
7518,7890,52.80344970135116,922.8528402204931,695.4147464717151,1004.7,379.8
7519,7890,52.80344970135116,922.8528402204931,695.4147464717151,1004.7,379.8
7520,7890,52.80344970135116,922.8528402204931,695.4147464717151,1004.7,379.8
7521,7890,52.80344970135116,922.8528402204931,695.4147464717151,1004.7,379.8
7522,7890,52.80344970135116,922.8528402204931,695.4147464717151,1004.7,379.8
7523,7890,52.80344970135116,922.8528402204931,695.4147464717151,1004.7,379.8
7524,7890,52.80344970135116,922.8528402204931,695.4147464717151,1004.7,379.8
7525,7890,52.80344970135116,922.8528402204931,695.4147464717151,1004.7,379.8
7526,7890,52.80344970135116,922.8528402204931,695.4147464717151,1004.7,379.8
7527,7890,52.80344970135116,922.8528402204931,695.4147464717151,1004.7,379.8
7528,7890,52.80344970135116,922.8528402204931,695.4147464717151,1004.7,379.8
7529,7890,52.80344970135116,922.8528402204931,695.4147464717151,1004.7,379.8
7530,7890,52.80344970135116,922.8528402204931,695.4147464717151,1004.7,379.8
7531,7890,52.80344970135116,922.8528402204931,695.4147464717151,1004.7,379.8
7532,7890,52.80344970135116,922.8528402204931,695.4147464717151,1004.7,379.8
7533,7890,52.80344970135116,922.8528402204931,695.4147464717151,1004.7,379.8
7534,7890,52.80344970135116,922.8528402204931,695.4147464717151,1004.7,379.8
7535,7890,52.80344970135116,922.8528402204931,695.4147464717151,1004.7,379.8
7536,7890,52.80344970135116,922.8528402204931,695.4147464717151,1004.7,379.8
7537,7890,52.80344970135116,922.8528402204931,695.4147464717151,1004.7,379.8
7538,7890,52.80344970135116,922.8528402204931,695.4147464717151,1004.7,379.8
7539,7890,52.80344970135116,922.8528402204931,695.4147464717151,1004.7,379.8
7540,7890,52.80344970135116,922.8528402204931,695.4147464717151,1004.7,379.8
7541,7890,52.80344970135116,922.8528402204931,695.4147464717151,1004.7,379.8
7542,7890,52.80344970135116,922.8528402204931,695.4147464717151,1004.7,379.8
7543,7891,63.99593805194824,922.8528402204931,695.4147464717151,1004.7,379.8
7544,7892,75.96595229875483,922.8528402204931,695.4147464717151,1004.7,379.8
7545,7893,88.39820000931473,922.8528402204931,695.4147464717151,1004.7,379.8
7546,7894,101.12234004333139,922.8528402204931,695.4147464717151,1004.7,379.8
7547,7895,114.04071019383267,922.8528402204931,695.4147464717151,1004.7,379.8
7548,7896,127.09409719538715,922.8528402204931,695.4147464717151,1004.7,379.8
7549,7897,140.2448057399258,922.8528402204931,695.4147464717151,1004.7,379.8
7550,7898,196.41478624804196,922.8528402204931,695.4147464717151,1004.7,379.8
7551,7899,184.93123763918527,922.8528402204931,695.4147464717151,1004.7,379.8
7552,7900,173.74817146485265,922.8528402204931,695.4147464717151,1004.7,379.8
7553,7901,162.92747329631374,922.8528402204931,695.4147464717151,1004.7,379.8
7554,7902,152.54627513244787,922.8528402204931,695.4147464717151,1004.7,379.8
7555,7903,142.70052765694376,922.8528402204931,695.4147464717151,1004.7,379.8
7556,7904,133.50874565015607,922.8528402204931,695.4147464717151,1004.7,379.8
7557,7905,125.11514605078074,922.8528402204931,695.4147464717151,1004.7,379.8
7558,7906,117.69063009543513,922.8528402204931,695.4147464717151,1004.7,379.8
7559,7907,117.69063009543513,922.8528402204931,695.4147464717151,1004.7,379.8
7560,7908,117.69063009543513,922.8528402204931,695.4147464717151,1004.7,379.8
7561,7909,117.69063009543513,922.8528402204931,695.4147464717151,1004.7,379.8
7562,7910,117.69063009543513,922.8528402204931,695.4147464717151,1004.7,379.8
7563,7911,117.69063009543513,922.8528402204931,695.4147464717151,1004.7,379.8
7564,7912,117.69063009543513,922.8528402204931,695.4147464717151,1004.7,379.8
7565,7913,117.69063009543513,922.8528402204931,695.4147464717151,1004.7,379.8
7566,7914,117.69063009543513,922.8528402204931,695.4147464717151,1004.7,379.8
7567,7915,117.69063009543513,922.8528402204931,695.4147464717151,1004.7,379.8
7568,7916,117.69063009543513,922.8528402204931,695.4147464717151,1004.7,379.8
7569,7917,117.69063009543513,922.8528402204931,695.4147464717151,1004.7,379.8
7570,7918,117.69063009543513,922.8528402204931,695.4147464717151,1004.7,379.8
7571,7919,117.69063009543513,922.8528402204931,695.4147464717151,1004.7,379.8
7572,7920,117.69063009543513,922.8528402204931,695.4147464717151,1004.7,379.8
7573,7921,117.69063009543513,922.8528402204931,695.4147464717151,1007.1,390.0266666666667
7574,7922,117.69063009543513,922.8528402204931,695.4147464717151,1009.5,400.25333333333333
7575,7923,117.69063009543513,922.8528402204931,695.4147464717151,1011.9000000000001,410.48
7576,7924,117.69063009543513,922.8528402204931,695.4147464717151,1014.3000000000001,420.7066666666667
7577,7925,117.69063009543513,922.8528402204931,695.4147464717151,1016.7,430.93333333333334
7578,7926,117.69063009543513,922.8528402204931,695.4147464717151,1019.1,441.16
7579,7927,117.69063009543513,922.8528402204931,695.4147464717151,1021.5,451.38666666666666
7580,7928,117.69063009543513,922.8528402204931,695.4147464717151,1023.9000000000001,461.61333333333334
7581,7929,117.69063009543513,922.8528402204931,695.4147464717151,1026.3,471.84000000000003
7582,7930,117.69063009543513,922.8528402204931,695.4147464717151,1028.7,482.0666666666667
7583,7931,117.69063009543513,922.8528402204931,695.4147464717151,1031.1000000000001,492.29333333333335
7584,7932,117.69063009543513,922.8528402204931,695.4147464717151,1033.5,502.52000000000004
7585,7933,117.69063009543513,922.8528402204931,695.4147464717151,1035.9,512.7466666666667
7586,7934,117.69063009543513,922.8528402204931,695.4147464717151,1038.3,522.9733333333334
7587,7935,117.69063009543513,922.8528402204931,695.4147464717151,1040.7,533.2
7588,7936,117.69063009543513,922.8528402204931,695.4147464717151,1040.7,533.2
7589,7937,117.69063009543513,922.8528402204931,695.4147464717151,1040.7,533.2
7590,7938,117.69063009543513,922.8528402204931,695.4147464717151,1040.7,533.2
7591,7939,117.69063009543513,922.8528402204931,695.4147464717151,1040.7,533.2
7592,7940,117.69063009543513,922.8528402204931,695.4147464717151,1040.7,533.2
7593,7941,117.69063009543513,922.8528402204931,695.4147464717151,1040.7,533.2
7594,7942,117.69063009543513,922.8528402204931,695.4147464717151,1040.7,533.2
7595,7943,117.69063009543513,922.8528402204931,695.4147464717151,1040.7,533.2
7596,7944,117.69063009543513,922.8528402204931,695.4147464717151,1040.7,533.2
7597,7945,117.69063009543513,922.8528402204931,695.4147464717151,1040.7,533.2
7598,7946,117.69063009543513,922.8528402204931,695.4147464717151,1040.7,533.2
7599,7947,117.69063009543513,922.8528402204931,695.4147464717151,1040.7,533.2
7600,7948,117.69063009543513,922.8528402204931,695.4147464717151,1040.7,533.2
7601,7949,117.69063009543513,922.8528402204931,695.4147464717151,1040.7,533.2
7602,7950,117.69063009543513,922.8528402204931,695.4147464717151,1040.7,533.2
7603,7951,117.69063009543513,922.8528402204931,695.4147464717151,1040.7,533.2
7604,7952,117.69063009543513,922.8528402204931,695.4147464717151,1040.7,533.2
7605,7953,117.69063009543513,922.8528402204931,695.4147464717151,1040.7,533.2
7606,7954,117.69063009543513,922.8528402204931,695.4147464717151,1040.7,533.2
7607,7955,117.69063009543513,922.8528402204931,695.4147464717151,1040.7,533.2
7608,7956,117.69063009543513,922.8528402204931,695.4147464717151,1040.7,533.2
7609,7957,117.69063009543513,922.8528402204931,695.4147464717151,1040.7,533.2
7610,7958,117.69063009543513,922.8528402204931,695.4147464717151,1040.7,533.2
7611,7959,117.69063009543513,922.8528402204931,695.4147464717151,1040.7,533.2
7612,7960,117.69063009543513,922.8528402204931,695.4147464717151,1040.7,533.2
7613,7961,117.69063009543513,922.8528402204931,695.4147464717151,1040.7,533.2
7614,7962,117.69063009543513,922.8528402204931,695.4147464717151,1040.7,533.2
7615,7963,117.69063009543513,922.8528402204931,695.4147464717151,1040.7,533.2
7616,7964,117.69063009543513,922.8528402204931,695.4147464717151,1040.7,533.2
7617,7965,117.69063009543513,922.8528402204931,695.4147464717151,1040.7,533.2
7618,7966,117.69063009543513,922.8528402204931,695.4147464717151,1040.7,533.2
7619,7967,117.69063009543513,922.8528402204931,695.4147464717151,1040.7,533.2
7620,7968,117.69063009543513,922.8528402204931,695.4147464717151,1040.7,533.2
7621,7969,117.69063009543513,922.8528402204931,695.4147464717151,1040.7,533.2
7622,7970,117.69063009543513,922.8528402204931,695.4147464717151,1040.7,533.2
7623,7971,117.69063009543513,922.8528402204931,695.4147464717151,1040.7,533.2
7624,7972,117.69063009543513,922.8528402204931,695.4147464717151,1040.7,533.2
7625,7973,117.69063009543513,922.8528402204931,695.4147464717151,1040.7,533.2
7626,7974,117.69063009543513,922.8528402204931,695.4147464717151,1040.7,533.2
7627,7975,117.69063009543513,922.8528402204931,695.4147464717151,1040.7,533.2
7628,7976,117.69063009543513,922.8528402204931,695.4147464717151,1040.7,533.2
7629,7977,117.69063009543513,922.8528402204931,695.4147464717151,1040.7,533.2
7630,7978,117.69063009543513,922.8528402204931,695.4147464717151,1040.7,533.2
7631,7979,117.69063009543513,922.8528402204931,695.4147464717151,1040.7,533.2
7632,7980,117.69063009543513,922.8528402204931,695.4147464717151,1040.7,533.2
7633,7981,117.69063009543513,922.8528402204931,695.4147464717151,1040.7,533.2
7634,7982,117.69063009543513,922.8528402204931,695.4147464717151,1040.7,533.2
7635,7983,117.69063009543513,922.8528402204931,695.4147464717151,1040.7,533.2
7636,7984,117.69063009543513,922.8528402204931,695.4147464717151,1040.7,533.2
7637,7985,117.69063009543513,922.8528402204931,695.4147464717151,1040.7,533.2
7638,7986,117.69063009543513,922.8528402204931,695.4147464717151,1040.7,533.2
7639,7987,117.69063009543513,922.8528402204931,695.4147464717151,1040.7,533.2
7640,7988,117.69063009543513,922.8528402204931,695.4147464717151,1040.7,533.2
7641,7989,117.69063009543513,922.8528402204931,695.4147464717151,1040.7,533.2
7642,7990,117.69063009543513,922.8528402204931,695.4147464717151,1040.7,533.2
7643,7991,117.69063009543513,922.8528402204931,695.4147464717151,1040.7,533.2
7644,7992,117.69063009543513,922.8528402204931,695.4147464717151,1040.7,533.2
7645,7993,117.69063009543513,922.8528402204931,695.4147464717151,1040.7,533.2
7646,7994,117.69063009543513,922.8528402204931,695.4147464717151,1040.7,533.2
7647,7995,117.69063009543513,922.8528402204931,695.4147464717151,1040.7,533.2
7648,7996,117.69063009543513,922.8528402204931,695.4147464717151,1040.7,533.2
7649,7997,117.69063009543513,922.8528402204931,695.4147464717151,1040.7,533.2
7650,7998,117.69063009543513,922.8528402204931,695.4147464717151,1040.7,533.2
7651,7999,117.69063009543513,922.8528402204931,695.4147464717151,1040.7,533.2
7652,8000,117.69063009543513,922.8528402204931,695.4147464717151,1040.7,533.2
7653,8001,117.69063009543513,922.8528402204931,695.4147464717151,1040.7,533.2
7654,8002,117.69063009543513,922.8528402204931,695.4147464717151,1040.7,533.2
7655,8003,117.69063009543513,922.8528402204931,695.4147464717151,1040.7,533.2
7656,8004,117.69063009543513,922.8528402204931,695.4147464717151,1040.7,533.2
7657,8005,117.69063009543513,922.8528402204931,695.4147464717151,1040.7,533.2
7658,8006,117.69063009543513,922.8528402204931,695.4147464717151,1040.7,533.2
7659,8007,117.69063009543513,922.8528402204931,695.4147464717151,1040.7,533.2
7660,8008,117.69063009543513,922.8528402204931,695.4147464717151,1040.7,533.2
7661,8009,117.69063009543513,922.8528402204931,695.4147464717151,1040.7,533.2
7662,8010,117.69063009543513,922.8528402204931,695.4147464717151,1040.7,533.2
7663,8011,117.69063009543513,922.8528402204931,695.4147464717151,1040.7,533.2
7664,8012,117.69063009543513,922.8528402204931,695.4147464717151,1040.7,533.2
7665,8013,117.69063009543513,922.8528402204931,695.4147464717151,1040.7,533.2
7666,8014,117.69063009543513,922.8528402204931,695.4147464717151,1040.7,533.2
7667,8015,117.69063009543513,922.8528402204931,695.4147464717151,1040.7,533.2
7668,8015,117.69063009543513,922.8528402204931,695.4147464717151,1040.7,533.2
7669,8015,117.69063009543513,922.8528402204931,695.4147464717151,1040.7,533.2
7670,8015,117.69063009543513,922.8528402204931,695.4147464717151,1040.7,533.2
7671,8015,117.69063009543513,922.8528402204931,695.4147464717151,1040.7,533.2
7672,8015,117.69063009543513,922.8528402204931,695.4147464717151,1040.7,533.2
7673,8015,117.69063009543513,922.8528402204931,695.4147464717151,1040.7,533.2
7674,8015,117.69063009543513,922.8528402204931,695.4147464717151,1040.7,533.2
7675,8015,117.69063009543513,922.8528402204931,695.4147464717151,1040.7,533.2
7676,8015,117.69063009543513,922.8528402204931,695.4147464717151,1040.7,533.2
7677,8015,117.69063009543513,922.8528402204931,695.4147464717151,1040.7,533.2
7678,8015,117.69063009543513,922.8528402204931,695.4147464717151,1040.7,533.2
7679,8015,117.69063009543513,922.8528402204931,695.4147464717151,1040.7,533.2
7680,8015,117.69063009543513,922.8528402204931,695.4147464717151,1040.7,533.2
7681,8016,127.81229037950798,922.8528402204931,695.4147464717151,1040.7,533.2
7682,8017,137.97682983794266,922.8528402204931,695.4147464717151,1040.7,533.2
7683,8018,23.282784827142947,922.8528402204931,695.4147464717151,1040.7,533.2
7684,8019,13.938522755376855,922.8528402204931,695.4147464717151,1040.7,533.2
7685,8020,7.950069444668894,922.8528402204931,695.4147464717151,1040.7,533.2
7686,8020,7.950069444668894,922.8528402204931,695.4147464717151,1040.7,533.2
7687,8020,7.950069444668894,922.8528402204931,695.4147464717151,1040.7,533.2
7688,8020,7.950069444668894,922.8528402204931,695.4147464717151,1040.7,533.2
7689,8020,7.950069444668894,922.8528402204931,695.4147464717151,1040.7,533.2
7690,8020,7.950069444668894,922.8528402204931,695.4147464717151,1040.7,533.2
7691,8020,7.950069444668894,922.8528402204931,695.4147464717151,1040.7,533.2
7692,8020,7.950069444668894,922.8528402204931,695.4147464717151,1040.7,533.2
7693,8020,7.950069444668894,922.8528402204931,695.4147464717151,1040.7,533.2
7694,8020,7.950069444668894,922.8528402204931,695.4147464717151,1040.7,533.2
7695,8020,7.950069444668894,922.8528402204931,695.4147464717151,1040.7,533.2
7696,8020,7.950069444668894,922.8528402204931,695.4147464717151,1040.7,533.2
7697,8020,7.950069444668894,922.8528402204931,695.4147464717151,1040.7,533.2
7698,8020,7.950069444668894,922.8528402204931,695.4147464717151,1040.7,533.2
7699,8020,7.950069444668894,922.8528402204931,695.4147464717151,1040.7,533.2
7700,8020,7.950069444668894,922.8528402204931,695.4147464717151,1040.7,533.2
7701,8020,7.950069444668894,922.8528402204931,695.4147464717151,1040.7,533.2
7702,8020,7.950069444668894,922.8528402204931,695.4147464717151,1040.7,533.2
7703,8020,7.950069444668894,922.8528402204931,695.4147464717151,1045.0,542.8916666666667
7704,8020,7.950069444668894,922.8528402204931,695.4147464717151,1049.3,552.5833333333334
7705,8020,7.950069444668894,922.8528402204931,695.4147464717151,1053.6,562.2750000000001
7706,8020,7.950069444668894,922.8528402204931,695.4147464717151,1057.9,571.9666666666667
7707,8020,7.950069444668894,922.8528402204931,695.4147464717151,1062.2,581.6583333333333
7708,8020,7.950069444668894,922.8528402204931,695.4147464717151,1066.5,591.35
7709,8020,7.950069444668894,922.8528402204931,695.4147464717151,1070.8,601.0416666666667
7710,8021,12.200476713052494,922.8528402204931,695.4147464717151,1075.1,610.7333333333333
7711,8022,21.24209265007079,922.8528402204931,695.4147464717151,1079.4,620.425
7712,8023,31.15009163004863,922.8528402204931,695.4147464717151,1083.7,630.1166666666667
7713,8024,41.30565042756789,922.8528402204931,695.4147464717151,1088.0,639.8083333333334
7714,8025,51.562701114334885,922.8528402204931,695.4147464717151,1092.3,649.5
7715,8026,61.8707877390113,922.8528402204931,695.4147464717151,1092.3,649.5
7716,8027,106.22236479306942,922.8528402204931,695.4147464717151,1092.3,649.5
7717,8028,96.86193795996631,922.8528402204931,695.4147464717151,1092.3,649.5
7718,8029,87.73828188861813,922.8528402204931,695.4147464717151,1092.3,649.5
7719,8030,78.93354187194832,922.8528402204931,695.4147464717151,1092.3,649.5
7720,8031,70.56719348544621,922.8528402204931,695.4147464717151,1092.3,649.5
7721,8032,62.8146511623838,922.8528402204931,695.4147464717151,1092.3,649.5
7722,8033,55.93173379369984,922.8528402204931,695.4147464717151,1092.3,649.5
7723,8034,50.27687470362931,922.8528402204931,695.4147464717151,1092.3,649.5
7724,8035,46.302227322639,922.8528402204931,695.4147464717151,1092.3,649.5
7725,8036,44.46071547319063,922.8528402204931,695.4147464717151,1092.3,649.5
7726,8036,44.46071547319063,922.8528402204931,695.4147464717151,1092.3,649.5
7727,8036,44.46071547319063,922.8528402204931,695.4147464717151,1092.3,649.5
7728,8036,44.46071547319063,922.8528402204931,695.4147464717151,1092.3,649.5
7729,8036,44.46071547319063,922.8528402204931,695.4147464717151,1092.3,649.5
7730,8036,44.46071547319063,922.8528402204931,695.4147464717151,1092.3,649.5
7731,8036,44.46071547319063,922.8528402204931,695.4147464717151,1092.3,649.5
7732,8036,44.46071547319063,922.8528402204931,695.4147464717151,1092.3,649.5
7733,8036,44.46071547319063,922.8528402204931,695.4147464717151,1092.3,649.5
7734,8036,44.46071547319063,922.8528402204931,695.4147464717151,1092.3,649.5
7735,8036,44.46071547319063,922.8528402204931,695.4147464717151,1092.3,649.5
7736,8036,44.46071547319063,922.8528402204931,695.4147464717151,1092.3,649.5
7737,8036,44.46071547319063,922.8528402204931,695.4147464717151,1092.3,649.5
7738,8036,44.46071547319063,922.8528402204931,695.4147464717151,1092.3,649.5
7739,8036,44.46071547319063,922.8528402204931,695.4147464717151,1092.3,649.5
7740,8036,44.46071547319063,922.8528402204931,695.4147464717151,1092.3,649.5
7741,8036,44.46071547319063,922.8528402204931,695.4147464717151,1092.3,649.5
7742,8036,44.46071547319063,922.8528402204931,695.4147464717151,1092.3,649.5
7743,8036,44.46071547319063,922.8528402204931,695.4147464717151,1092.3,649.5
7744,8036,44.46071547319063,922.8528402204931,695.4147464717151,1092.3,649.5
7745,8036,44.46071547319063,922.8528402204931,695.4147464717151,1092.3,649.5
7746,8036,44.46071547319063,922.8528402204931,695.4147464717151,1092.3,649.5
7747,8036,44.46071547319063,922.8528402204931,695.4147464717151,1092.3,649.5
7748,8036,44.46071547319063,922.8528402204931,695.4147464717151,1092.3,649.5
7749,8036,44.46071547319063,922.8528402204931,695.4147464717151,1092.3,649.5
7750,8036,44.46071547319063,922.8528402204931,695.4147464717151,1092.3,649.5
7751,8036,44.46071547319063,922.8528402204931,695.4147464717151,1092.3,649.5
7752,8036,44.46071547319063,922.8528402204931,695.4147464717151,1092.3,649.5
7753,8036,44.46071547319063,922.8528402204931,695.4147464717151,1092.3,649.5
7754,8036,44.46071547319063,922.8528402204931,695.4147464717151,1092.3,649.5
7755,8036,44.46071547319063,922.8528402204931,695.4147464717151,1092.3,649.5
7756,8036,44.46071547319063,922.8528402204931,695.4147464717151,1092.3,649.5
7757,8036,44.46071547319063,922.8528402204931,695.4147464717151,1092.3,649.5
7758,8036,44.46071547319063,922.8528402204931,695.4147464717151,1092.3,649.5
7759,8036,44.46071547319063,922.8528402204931,695.4147464717151,1092.3,649.5
7760,8036,44.46071547319063,922.8528402204931,695.4147464717151,1092.3,649.5
7761,8036,44.46071547319063,922.8528402204931,695.4147464717151,1092.3,649.5
7762,8036,44.46071547319063,922.8528402204931,695.4147464717151,1092.3,649.5
7763,8036,44.46071547319063,922.8528402204931,695.4147464717151,1092.3,649.5
7764,8036,44.46071547319063,922.8528402204931,695.4147464717151,1092.3,649.5
7765,8036,44.46071547319063,922.8528402204931,695.4147464717151,1092.3,649.5
7766,8036,44.46071547319063,922.8528402204931,695.4147464717151,1092.3,649.5
7767,8036,44.46071547319063,922.8528402204931,695.4147464717151,1092.3,649.5
7768,8036,44.46071547319063,922.8528402204931,695.4147464717151,1092.3,649.5
7769,8036,44.46071547319063,922.8528402204931,695.4147464717151,1092.3,649.5
7770,8036,44.46071547319063,922.8528402204931,695.4147464717151,1092.3,649.5
7771,8036,44.46071547319063,922.8528402204931,695.4147464717151,1092.3,649.5
7772,8036,44.46071547319063,922.8528402204931,695.4147464717151,1092.3,649.5
7773,8036,44.46071547319063,922.8528402204931,695.4147464717151,1092.3,649.5
7774,8036,44.46071547319063,922.8528402204931,695.4147464717151,1092.3,649.5
7775,8036,44.46071547319063,922.8528402204931,695.4147464717151,1092.3,649.5
7776,8036,44.46071547319063,922.8528402204931,695.4147464717151,1092.3,649.5
7777,8036,44.46071547319063,922.8528402204931,695.4147464717151,1092.3,649.5
7778,8036,44.46071547319063,922.8528402204931,695.4147464717151,1092.3,649.5
7779,8036,44.46071547319063,922.8528402204931,695.4147464717151,1092.3,649.5
7780,8036,44.46071547319063,922.8528402204931,695.4147464717151,1092.3,649.5
7781,8036,44.46071547319063,922.8528402204931,695.4147464717151,1092.3,649.5
7782,8036,44.46071547319063,922.8528402204931,695.4147464717151,1092.3,649.5
7783,8036,44.46071547319063,922.8528402204931,695.4147464717151,1092.3,649.5
7784,8036,44.46071547319063,922.8528402204931,695.4147464717151,1092.3,649.5
7785,8036,44.46071547319063,922.8528402204931,695.4147464717151,1092.3,649.5
7786,8036,44.46071547319063,922.8528402204931,695.4147464717151,1092.3,649.5
7787,8036,44.46071547319063,922.8528402204931,695.4147464717151,1092.3,649.5
7788,8036,44.46071547319063,922.8528402204931,695.4147464717151,1092.3,649.5
7789,8036,44.46071547319063,922.8528402204931,695.4147464717151,1092.3,649.5
7790,8036,44.46071547319063,922.8528402204931,695.4147464717151,1092.3,649.5
7791,8036,44.46071547319063,922.8528402204931,695.4147464717151,1092.3,649.5
7792,8036,44.46071547319063,922.8528402204931,695.4147464717151,1092.3,649.5
7793,8036,44.46071547319063,922.8528402204931,695.4147464717151,1092.3,649.5
7794,8036,44.46071547319063,922.8528402204931,695.4147464717151,1092.3,649.5
7795,8036,44.46071547319063,922.8528402204931,695.4147464717151,1092.3,649.5
7796,8036,44.46071547319063,922.8528402204931,695.4147464717151,1092.3,649.5
7797,8036,44.46071547319063,922.8528402204931,695.4147464717151,1092.3,649.5
7798,8036,44.46071547319063,922.8528402204931,695.4147464717151,1092.3,649.5
7799,8036,44.46071547319063,922.8528402204931,695.4147464717151,1092.3,649.5
7800,8036,44.46071547319063,922.8528402204931,695.4147464717151,1092.3,649.5
7801,8036,44.46071547319063,922.8528402204931,695.4147464717151,1092.3,649.5
7802,8036,44.46071547319063,922.8528402204931,695.4147464717151,1092.3,649.5
7803,8036,44.46071547319063,922.8528402204931,695.4147464717151,1092.3,649.5
7804,8036,44.46071547319063,922.8528402204931,695.4147464717151,1092.3,649.5
7805,8036,44.46071547319063,922.8528402204931,695.4147464717151,1092.3,649.5
7806,8036,44.46071547319063,922.8528402204931,695.4147464717151,1092.3,649.5
7807,8036,44.46071547319063,922.8528402204931,695.4147464717151,1092.3,649.5
7808,8036,44.46071547319063,922.8528402204931,695.4147464717151,1092.3,649.5
7809,8036,44.46071547319063,922.8528402204931,695.4147464717151,1092.3,649.5
7810,8036,44.46071547319063,922.8528402204931,695.4147464717151,1092.3,649.5
7811,8036,44.46071547319063,922.8528402204931,695.4147464717151,1092.3,649.5
7812,8036,44.46071547319063,922.8528402204931,695.4147464717151,1092.3,649.5
7813,8036,44.46071547319063,922.8528402204931,695.4147464717151,1092.3,649.5
7814,8036,44.46071547319063,922.8528402204931,695.4147464717151,1092.3,649.5
7815,8036,44.46071547319063,922.8528402204931,695.4147464717151,1092.3,649.5
7816,8036,44.46071547319063,922.8528402204931,695.4147464717151,1092.3,649.5
7817,8036,44.46071547319063,1076.8528402204931,692.4147464717151,1092.3,649.5
7818,8036,44.46071547319063,1076.8528402204931,692.4147464717151,1092.3,649.5
7819,8036,44.46071547319063,1076.8528402204931,692.4147464717151,1092.3,649.5
7820,8036,44.46071547319063,1076.8528402204931,692.4147464717151,1092.3,649.5
7821,8036,44.46071547319063,1076.8528402204931,692.4147464717151,1092.3,649.5
7822,8036,44.46071547319063,1076.8528402204931,692.4147464717151,1092.3,649.5
7823,8036,44.46071547319063,1076.8528402204931,692.4147464717151,1092.3,649.5
7824,8036,44.46071547319063,1076.8528402204931,692.4147464717151,1092.3,649.5
7825,8036,44.46071547319063,1076.8528402204931,692.4147464717151,1092.3,649.5
7826,8036,44.46071547319063,1076.8528402204931,692.4147464717151,1092.3,649.5
7827,8036,44.46071547319063,1076.8528402204931,692.4147464717151,1092.3,649.5
7828,8036,44.46071547319063,1076.8528402204931,692.4147464717151,1092.3,649.5
7829,8036,44.46071547319063,1076.8528402204931,692.4147464717151,1092.3,649.5
7830,8036,44.46071547319063,1076.8528402204931,692.4147464717151,1092.3,649.5
7831,8036,44.46071547319063,1076.8528402204931,692.4147464717151,1092.3,649.5
7832,8036,44.46071547319063,1076.8528402204931,692.4147464717151,1092.3,649.5
7833,8036,44.46071547319063,1076.8528402204931,692.4147464717151,1092.3,649.5
7834,8036,44.46071547319063,1076.8528402204931,692.4147464717151,1092.3,649.5
7835,8036,44.46071547319063,1076.8528402204931,692.4147464717151,1092.3,649.5
7836,8036,44.46071547319063,1076.8528402204931,692.4147464717151,1092.3,649.5
7837,8036,44.46071547319063,1076.8528402204931,692.4147464717151,1092.3,649.5
7838,8036,44.46071547319063,1076.8528402204931,692.4147464717151,1092.3,649.5
7839,8036,44.46071547319063,1076.8528402204931,692.4147464717151,1092.3,649.5
7840,8036,44.46071547319063,1076.8528402204931,692.4147464717151,1092.3,649.5
7841,8036,44.46071547319063,1076.8528402204931,692.4147464717151,1092.3,649.5
7842,8036,44.46071547319063,1076.8528402204931,692.4147464717151,1092.3,649.5
7843,8036,44.46071547319063,1076.8528402204931,692.4147464717151,1092.3,649.5
7844,8036,44.46071547319063,1076.8528402204931,692.4147464717151,1092.3,649.5
7845,8036,44.46071547319063,1076.8528402204931,692.4147464717151,1092.3,649.5
7846,8036,44.46071547319063,1076.8528402204931,692.4147464717151,1092.3,649.5
7847,8036,44.46071547319063,1076.8528402204931,692.4147464717151,1092.3,649.5
7848,8036,44.46071547319063,1076.8528402204931,692.4147464717151,1092.3,649.5
7849,8036,44.46071547319063,1076.8528402204931,692.4147464717151,1092.3,649.5
7850,8036,44.46071547319063,1076.8528402204931,692.4147464717151,1092.3,649.5
7851,8036,44.46071547319063,1231.8528402204931,690.4147464717151,1092.3,649.5
7852,8036,44.46071547319063,1231.8528402204931,690.4147464717151,1092.3,649.5
7853,8036,44.46071547319063,1231.8528402204931,690.4147464717151,1092.3,649.5
7854,8036,44.46071547319063,1231.8528402204931,690.4147464717151,1092.3,649.5
7855,8036,44.46071547319063,1231.8528402204931,690.4147464717151,1092.3,649.5
7856,8036,44.46071547319063,1231.8528402204931,690.4147464717151,1092.3,649.5
7857,8036,44.46071547319063,1231.8528402204931,690.4147464717151,1092.3,649.5
7858,8036,44.46071547319063,1231.8528402204931,690.4147464717151,1092.3,649.5
7859,8036,44.46071547319063,1231.8528402204931,690.4147464717151,1092.3,649.5
7860,8036,44.46071547319063,1231.8528402204931,690.4147464717151,1092.3,649.5
7861,8036,44.46071547319063,1231.8528402204931,690.4147464717151,1092.3,649.5
7862,8036,44.46071547319063,1231.8528402204931,690.4147464717151,1092.3,649.5
7863,8036,44.46071547319063,1231.8528402204931,690.4147464717151,1092.3,649.5
7864,8036,44.46071547319063,1231.8528402204931,690.4147464717151,1092.3,649.5
7865,8036,44.46071547319063,1231.8528402204931,690.4147464717151,1092.3,649.5
7866,8036,44.46071547319063,1231.8528402204931,690.4147464717151,1092.3,649.5
7867,8036,44.46071547319063,1231.8528402204931,690.4147464717151,1092.3,649.5
7868,8036,44.46071547319063,1231.8528402204931,690.4147464717151,1092.3,649.5
7869,8036,44.46071547319063,1231.8528402204931,690.4147464717151,1092.3,649.5
7870,8036,44.46071547319063,1231.8528402204931,690.4147464717151,1092.3,649.5
7871,8036,44.46071547319063,1231.8528402204931,690.4147464717151,1092.3,649.5
7872,8036,44.46071547319063,1231.8528402204931,690.4147464717151,1092.3,649.5
7873,8036,44.46071547319063,1231.8528402204931,690.4147464717151,1092.3,649.5
7874,8036,44.46071547319063,1231.8528402204931,690.4147464717151,1099.3095238095239,651.7619047619048
7875,8036,44.46071547319063,1231.8528402204931,690.4147464717151,1106.3190476190475,654.0238095238095
7876,8036,44.46071547319063,1231.8528402204931,690.4147464717151,1113.3285714285714,656.2857142857143
7877,8036,44.46071547319063,1231.8528402204931,690.4147464717151,1120.338095238095,658.547619047619
7878,8036,44.46071547319063,1231.8528402204931,690.4147464717151,1127.347619047619,660.8095238095239
7879,8036,44.46071547319063,1231.8528402204931,690.4147464717151,1134.357142857143,663.0714285714286
7880,8036,44.46071547319063,1231.8528402204931,690.4147464717151,1141.3666666666666,665.3333333333334
7881,8036,44.46071547319063,1231.8528402204931,690.4147464717151,1148.3761904761905,667.5952380952381
7882,8036,44.46071547319063,1231.8528402204931,690.4147464717151,1155.3857142857144,669.8571428571429
7883,8036,44.46071547319063,1231.8528402204931,690.4147464717151,1162.395238095238,672.1190476190476
7884,8036,44.46071547319063,1231.8528402204931,690.4147464717151,1169.404761904762,674.3809523809524
7885,8036,44.46071547319063,1231.8528402204931,690.4147464717151,1176.4142857142856,676.6428571428571
7886,8036,44.46071547319063,1231.8528402204931,690.4147464717151,1183.4238095238095,678.9047619047619
7887,8036,44.46071547319063,1231.8528402204931,690.4147464717151,1190.4333333333334,681.1666666666666
7888,8036,44.46071547319063,1231.8528402204931,690.4147464717151,1197.442857142857,683.4285714285714
7889,8036,44.46071547319063,1231.8528402204931,690.4147464717151,1204.452380952381,685.6904761904761
7890,8036,44.46071547319063,1231.8528402204931,690.4147464717151,1211.4619047619049,687.952380952381
7891,8036,44.46071547319063,1231.8528402204931,690.4147464717151,1218.4714285714285,690.2142857142857
7892,8036,44.46071547319063,1231.8528402204931,690.4147464717151,1225.4809523809524,692.4761904761905
7893,8036,44.46071547319063,1231.8528402204931,690.4147464717151,1232.490476190476,694.7380952380952
7894,8036,44.46071547319063,1231.8528402204931,690.4147464717151,1239.5,697.0
7895,8036,44.46071547319063,1231.8528402204931,690.4147464717151,1239.5,697.0
7896,8036,44.46071547319063,1231.8528402204931,690.4147464717151,1239.5,697.0
7897,8036,44.46071547319063,1231.8528402204931,690.4147464717151,1239.5,697.0
7898,8036,44.46071547319063,1231.8528402204931,690.4147464717151,1239.5,697.0
7899,8036,44.46071547319063,1231.8528402204931,690.4147464717151,1239.5,697.0
7900,8036,44.46071547319063,1231.8528402204931,690.4147464717151,1239.5,697.0
7901,8036,44.46071547319063,1231.8528402204931,690.4147464717151,1239.5,697.0
7902,8036,44.46071547319063,1231.8528402204931,690.4147464717151,1239.5,697.0
7903,8036,44.46071547319063,1231.8528402204931,690.4147464717151,1239.5,697.0
7904,8036,44.46071547319063,1231.8528402204931,690.4147464717151,1239.5,697.0
7905,8036,44.46071547319063,1231.8528402204931,690.4147464717151,1239.5,697.0
7906,8036,44.46071547319063,1231.8528402204931,690.4147464717151,1239.5,697.0
7907,8036,44.46071547319063,1231.8528402204931,690.4147464717151,1239.5,697.0
7908,8036,44.46071547319063,1231.8528402204931,690.4147464717151,1239.5,697.0
7909,8036,44.46071547319063,1231.8528402204931,690.4147464717151,1239.5,697.0
7910,8036,44.46071547319063,1231.8528402204931,690.4147464717151,1239.5,697.0
7911,8036,44.46071547319063,1231.8528402204931,690.4147464717151,1239.5,697.0
7912,8036,44.46071547319063,1231.8528402204931,690.4147464717151,1239.5,697.0
7913,8036,44.46071547319063,1231.8528402204931,690.4147464717151,1239.5,697.0
7914,8036,44.46071547319063,1231.8528402204931,690.4147464717151,1239.5,697.0
7915,8036,44.46071547319063,1231.8528402204931,690.4147464717151,1239.5,697.0
7916,8036,44.46071547319063,1231.8528402204931,690.4147464717151,1239.5,697.0
7917,8036,44.46071547319063,1231.8528402204931,690.4147464717151,1239.5,697.0
7918,8036,44.46071547319063,1231.8528402204931,690.4147464717151,1239.5,697.0
7919,8036,44.46071547319063,1231.8528402204931,690.4147464717151,1239.5,697.0
7920,8036,44.46071547319063,1231.8528402204931,690.4147464717151,1239.5,697.0
7921,8036,44.46071547319063,1231.8528402204931,690.4147464717151,1239.5,697.0
7922,8036,44.46071547319063,1231.8528402204931,690.4147464717151,1239.5,697.0
7923,8036,44.46071547319063,1231.8528402204931,690.4147464717151,1239.5,697.0
7924,8036,44.46071547319063,1231.8528402204931,690.4147464717151,1239.5,697.0
7925,8036,44.46071547319063,1231.8528402204931,690.4147464717151,1239.5,697.0
7926,8036,44.46071547319063,1231.8528402204931,690.4147464717151,1239.5,697.0
7927,8036,44.46071547319063,1231.8528402204931,690.4147464717151,1239.5,697.0
7928,8036,44.46071547319063,1231.8528402204931,690.4147464717151,1239.5,697.0
7929,8036,44.46071547319063,1231.8528402204931,690.4147464717151,1239.5,697.0
7930,8036,44.46071547319063,1231.8528402204931,690.4147464717151,1239.5,697.0
7931,8036,44.46071547319063,1231.8528402204931,690.4147464717151,1239.5,697.0
7932,8036,44.46071547319063,1231.8528402204931,690.4147464717151,1239.5,697.0
7933,8036,44.46071547319063,1231.8528402204931,690.4147464717151,1239.5,697.0
7934,8036,44.46071547319063,1231.8528402204931,690.4147464717151,1239.5,697.0
7935,8036,44.46071547319063,1231.8528402204931,690.4147464717151,1239.5,697.0
7936,8036,44.46071547319063,1231.8528402204931,690.4147464717151,1239.5,697.0
7937,8036,44.46071547319063,1231.8528402204931,690.4147464717151,1239.5,697.0
7938,8036,44.46071547319063,1231.8528402204931,690.4147464717151,1239.5,697.0
7939,8036,44.46071547319063,1231.8528402204931,690.4147464717151,1239.5,697.0
7940,8036,44.46071547319063,1231.8528402204931,690.4147464717151,1239.5,697.0
7941,8036,44.46071547319063,1231.8528402204931,690.4147464717151,1239.5,697.0
7942,8036,44.46071547319063,1231.8528402204931,690.4147464717151,1239.5,697.0
7943,8036,44.46071547319063,1231.8528402204931,690.4147464717151,1239.5,697.0
7944,8036,44.46071547319063,1231.8528402204931,690.4147464717151,1239.5,697.0
7945,8036,44.46071547319063,1231.8528402204931,690.4147464717151,1239.5,697.0
7946,8036,44.46071547319063,1231.8528402204931,690.4147464717151,1239.5,697.0
7947,8036,44.46071547319063,1231.8528402204931,690.4147464717151,1239.5,697.0
7948,8036,44.46071547319063,1231.8528402204931,690.4147464717151,1239.5,697.0
7949,8036,44.46071547319063,1231.8528402204931,690.4147464717151,1239.5,697.0
7950,8036,44.46071547319063,1231.8528402204931,690.4147464717151,1239.5,697.0
7951,8036,44.46071547319063,1231.8528402204931,690.4147464717151,1239.5,697.0
7952,8036,44.46071547319063,1231.8528402204931,690.4147464717151,1239.5,697.0
7953,8036,44.46071547319063,1231.8528402204931,690.4147464717151,1239.5,697.0
7954,8036,44.46071547319063,1231.8528402204931,690.4147464717151,1239.5,697.0
7955,8036,44.46071547319063,1231.8528402204931,690.4147464717151,1239.5,697.0
7956,8036,44.46071547319063,1231.8528402204931,690.4147464717151,1239.5,697.0
7957,8036,44.46071547319063,1231.8528402204931,690.4147464717151,1239.5,697.0
7958,8036,44.46071547319063,1231.8528402204931,690.4147464717151,1239.5,697.0
7959,8036,44.46071547319063,1231.8528402204931,690.4147464717151,1239.5,697.0
7960,8036,44.46071547319063,1231.8528402204931,690.4147464717151,1239.5,697.0
7961,8036,44.46071547319063,1231.8528402204931,690.4147464717151,1239.5,697.0
7962,8036,44.46071547319063,1231.8528402204931,690.4147464717151,1239.5,697.0
7963,8036,44.46071547319063,1231.8528402204931,690.4147464717151,1239.5,697.0
7964,8036,44.46071547319063,1231.8528402204931,690.4147464717151,1239.5,697.0
7965,8036,44.46071547319063,1231.8528402204931,690.4147464717151,1239.5,697.0
7966,8036,44.46071547319063,1231.8528402204931,690.4147464717151,1239.5,697.0
7967,8036,44.46071547319063,1231.8528402204931,690.4147464717151,1239.5,697.0
7968,8036,44.46071547319063,1231.8528402204931,690.4147464717151,1239.5,697.0
7969,8036,44.46071547319063,1231.8528402204931,690.4147464717151,1239.5,697.0
7970,8036,44.46071547319063,1231.8528402204931,690.4147464717151,1239.5,697.0
7971,8036,44.46071547319063,1231.8528402204931,690.4147464717151,1239.5,697.0
7972,8036,44.46071547319063,1231.8528402204931,690.4147464717151,1239.5,697.0
7973,8036,44.46071547319063,1231.8528402204931,690.4147464717151,1239.5,697.0
7974,8036,44.46071547319063,1231.8528402204931,690.4147464717151,1239.5,697.0
7975,8036,44.46071547319063,1231.8528402204931,690.4147464717151,1239.5,697.0
7976,8036,44.46071547319063,1231.8528402204931,690.4147464717151,1239.5,697.0
7977,8036,44.46071547319063,1231.8528402204931,690.4147464717151,1239.5,697.0
7978,8036,44.46071547319063,1231.8528402204931,690.4147464717151,1239.5,697.0
7979,8036,44.46071547319063,1231.8528402204931,690.4147464717151,1239.5,697.0
7980,8036,44.46071547319063,1231.8528402204931,690.4147464717151,1239.5,697.0
7981,8036,44.46071547319063,1231.8528402204931,690.4147464717151,1239.5,697.0
7982,8036,44.46071547319063,1231.8528402204931,690.4147464717151,1239.5,697.0
7983,8036,44.46071547319063,1231.8528402204931,690.4147464717151,1239.5,697.0
7984,8036,44.46071547319063,1231.8528402204931,690.4147464717151,1239.5,697.0
7985,8036,44.46071547319063,1231.8528402204931,690.4147464717151,1239.5,697.0
7986,8036,44.46071547319063,1231.8528402204931,690.4147464717151,1239.5,697.0
7987,8036,44.46071547319063,1231.8528402204931,690.4147464717151,1239.5,697.0
7988,8036,44.46071547319063,1231.8528402204931,690.4147464717151,1239.5,697.0
7989,8036,44.46071547319063,1231.8528402204931,690.4147464717151,1239.5,697.0
7990,8036,44.46071547319063,1231.8528402204931,690.4147464717151,1239.5,697.0
7991,8036,44.46071547319063,1231.8528402204931,690.4147464717151,1239.5,697.0
7992,8036,44.46071547319063,1231.8528402204931,690.4147464717151,1239.5,697.0
7993,8036,44.46071547319063,1231.8528402204931,690.4147464717151,1239.5,697.0
7994,8036,44.46071547319063,1231.8528402204931,690.4147464717151,1239.5,697.0
7995,8036,44.46071547319063,1231.8528402204931,690.4147464717151,1239.5,697.0
7996,8036,44.46071547319063,1231.8528402204931,690.4147464717151,1239.5,697.0
7997,8036,44.46071547319063,1231.8528402204931,690.4147464717151,1239.5,697.0
7998,8036,44.46071547319063,1231.8528402204931,690.4147464717151,1239.5,697.0
7999,8036,44.46071547319063,1231.8528402204931,690.4147464717151,1239.5,697.0
8000,8036,44.46071547319063,1231.8528402204931,690.4147464717151,1239.5,697.0
8001,8036,44.46071547319063,1231.8528402204931,690.4147464717151,1239.5,697.0
8002,8036,44.46071547319063,1231.8528402204931,690.4147464717151,1239.5,697.0
8003,8036,44.46071547319063,1231.8528402204931,690.4147464717151,1239.5,697.0
8004,8036,44.46071547319063,1231.8528402204931,690.4147464717151,1239.5,697.0
8005,8036,44.46071547319063,1231.8528402204931,690.4147464717151,1239.5,697.0
8006,8036,44.46071547319063,1231.8528402204931,690.4147464717151,1239.5,697.0
8007,8036,44.46071547319063,1231.8528402204931,690.4147464717151,1239.5,697.0
8008,8036,44.46071547319063,1231.8528402204931,690.4147464717151,1239.5,697.0
8009,8036,44.46071547319063,1231.8528402204931,690.4147464717151,1239.5,697.0
8010,8036,44.46071547319063,1231.8528402204931,690.4147464717151,1239.5,697.0
8011,8036,44.46071547319063,1231.8528402204931,690.4147464717151,1239.5,697.0
8012,8036,44.46071547319063,1231.8528402204931,690.4147464717151,1239.5,697.0
8013,8036,44.46071547319063,1231.8528402204931,690.4147464717151,1239.5,697.0
8014,8036,44.46071547319063,1231.8528402204931,690.4147464717151,1239.5,697.0
8015,8036,44.46071547319063,1231.8528402204931,690.4147464717151,1239.5,697.0
8016,8036,44.46071547319063,1231.8528402204931,690.4147464717151,1239.5,697.0
8017,8036,44.46071547319063,965.8528402204931,664.4147464717151,1239.5,697.0
8018,8036,44.46071547319063,965.8528402204931,664.4147464717151,1239.5,697.0
8019,8036,44.46071547319063,965.8528402204931,664.4147464717151,1239.5,697.0
8020,8036,44.46071547319063,965.8528402204931,664.4147464717151,1239.5,697.0
8021,8036,44.46071547319063,965.8528402204931,664.4147464717151,1239.5,697.0
8022,8036,44.46071547319063,965.8528402204931,664.4147464717151,1239.5,697.0
8023,8036,44.46071547319063,965.8528402204931,664.4147464717151,1239.5,697.0
8024,8036,44.46071547319063,965.8528402204931,664.4147464717151,1239.5,697.0
8025,8036,44.46071547319063,965.8528402204931,664.4147464717151,1239.5,697.0
8026,8036,44.46071547319063,965.8528402204931,664.4147464717151,1239.5,697.0
8027,8036,44.46071547319063,965.8528402204931,664.4147464717151,1239.5,697.0
8028,8036,44.46071547319063,965.8528402204931,664.4147464717151,1239.5,697.0
8029,8036,44.46071547319063,965.8528402204931,664.4147464717151,1239.5,697.0
8030,8036,44.46071547319063,965.8528402204931,664.4147464717151,1239.5,697.0
8031,8036,44.46071547319063,965.8528402204931,664.4147464717151,1239.5,697.0
8032,8036,44.46071547319063,965.8528402204931,664.4147464717151,1239.5,697.0
8033,8036,44.46071547319063,965.8528402204931,664.4147464717151,1239.5,697.0
8034,8036,44.46071547319063,965.8528402204931,664.4147464717151,1239.5,697.0
8035,8036,44.46071547319063,965.8528402204931,664.4147464717151,1239.5,697.0
8036,8036,44.46071547319063,965.8528402204931,664.4147464717151,1239.5,697.0
8037,8036,44.46071547319063,965.8528402204931,664.4147464717151,1239.5,697.0
8038,8036,44.46071547319063,965.8528402204931,664.4147464717151,1239.5,697.0
8039,8036,44.46071547319063,965.8528402204931,664.4147464717151,1239.5,697.0
8040,8036,44.46071547319063,965.8528402204931,664.4147464717151,1239.5,697.0
8041,8036,44.46071547319063,965.8528402204931,664.4147464717151,1239.5,697.0
8042,8036,44.46071547319063,965.8528402204931,664.4147464717151,1239.5,697.0
8043,8036,44.46071547319063,965.8528402204931,664.4147464717151,1239.5,697.0
8044,8036,44.46071547319063,965.8528402204931,664.4147464717151,1239.5,697.0
8045,8036,44.46071547319063,965.8528402204931,664.4147464717151,1239.5,697.0
8046,8036,44.46071547319063,965.8528402204931,664.4147464717151,1239.5,697.0
8047,8036,44.46071547319063,965.8528402204931,664.4147464717151,1239.5,697.0
8048,8036,44.46071547319063,965.8528402204931,664.4147464717151,1239.5,697.0
8049,8036,44.46071547319063,965.8528402204931,664.4147464717151,1239.5,697.0
8050,8036,44.46071547319063,965.8528402204931,664.4147464717151,1239.5,697.0
8051,8036,44.46071547319063,700.8528402204931,639.4147464717151,1239.5,697.0
8052,8036,44.46071547319063,700.8528402204931,639.4147464717151,1239.5,697.0
8053,8036,44.46071547319063,700.8528402204931,639.4147464717151,1239.5,697.0
8054,8036,44.46071547319063,700.8528402204931,639.4147464717151,1239.5,697.0
8055,8036,44.46071547319063,700.8528402204931,639.4147464717151,1239.5,697.0
8056,8036,44.46071547319063,700.8528402204931,639.4147464717151,1239.5,697.0
8057,8036,44.46071547319063,700.8528402204931,639.4147464717151,1239.5,697.0
8058,8036,44.46071547319063,700.8528402204931,639.4147464717151,1239.5,697.0
8059,8036,44.46071547319063,700.8528402204931,639.4147464717151,1239.5,697.0
8060,8036,44.46071547319063,700.8528402204931,639.4147464717151,1239.5,697.0
8061,8036,44.46071547319063,700.8528402204931,639.4147464717151,1239.5,697.0
8062,8036,44.46071547319063,700.8528402204931,639.4147464717151,1239.5,697.0
8063,8036,44.46071547319063,700.8528402204931,639.4147464717151,1239.5,697.0
8064,8036,44.46071547319063,700.8528402204931,639.4147464717151,1239.5,697.0
8065,8036,44.46071547319063,700.8528402204931,639.4147464717151,1226.02,690.112
8066,8036,44.46071547319063,700.8528402204931,639.4147464717151,1212.54,683.224
8067,8036,44.46071547319063,700.8528402204931,639.4147464717151,1199.06,676.336
8068,8036,44.46071547319063,700.8528402204931,639.4147464717151,1185.58,669.448
8069,8036,44.46071547319063,700.8528402204931,639.4147464717151,1172.1,662.56
8070,8036,44.46071547319063,700.8528402204931,639.4147464717151,1158.62,655.672
8071,8036,44.46071547319063,700.8528402204931,639.4147464717151,1145.14,648.784
8072,8036,44.46071547319063,700.8528402204931,639.4147464717151,1131.66,641.896
8073,8036,44.46071547319063,700.8528402204931,639.4147464717151,1118.18,635.008
8074,8036,44.46071547319063,700.8528402204931,639.4147464717151,1104.7,628.12
8075,8036,44.46071547319063,700.8528402204931,639.4147464717151,1091.22,621.232
8076,8036,44.46071547319063,700.8528402204931,639.4147464717151,1077.74,614.3439999999999
8077,8036,44.46071547319063,700.8528402204931,639.4147464717151,1064.26,607.456
8078,8036,44.46071547319063,700.8528402204931,639.4147464717151,1050.78,600.568
8079,8036,44.46071547319063,700.8528402204931,639.4147464717151,1037.3,593.68
8080,8036,44.46071547319063,700.8528402204931,639.4147464717151,1023.8199999999999,586.7919999999999
8081,8036,44.46071547319063,700.8528402204931,639.4147464717151,1010.34,579.904
8082,8036,44.46071547319063,700.8528402204931,639.4147464717151,996.86,573.016
8083,8036,44.46071547319063,700.8528402204931,639.4147464717151,983.38,566.1279999999999
8084,8036,44.46071547319063,700.8528402204931,639.4147464717151,969.9,559.24
8085,8036,44.46071547319063,700.8528402204931,639.4147464717151,956.4200000000001,552.352
8086,8036,44.46071547319063,700.8528402204931,639.4147464717151,942.94,545.4639999999999
8087,8036,44.46071547319063,700.8528402204931,639.4147464717151,929.46,538.576
8088,8036,44.46071547319063,700.8528402204931,639.4147464717151,915.98,531.688
8089,8036,44.46071547319063,700.8528402204931,639.4147464717151,902.5,524.8
8090,8036,44.46071547319063,700.8528402204931,639.4147464717151,902.5,524.8
8091,8036,44.46071547319063,700.8528402204931,639.4147464717151,902.5,524.8
8092,8036,44.46071547319063,700.8528402204931,639.4147464717151,902.5,524.8
8093,8036,44.46071547319063,700.8528402204931,639.4147464717151,902.5,524.8
8094,8036,44.46071547319063,700.8528402204931,639.4147464717151,902.5,524.8
8095,8036,44.46071547319063,700.8528402204931,639.4147464717151,902.5,524.8
8096,8036,44.46071547319063,700.8528402204931,639.4147464717151,902.5,524.8
8097,8036,44.46071547319063,700.8528402204931,639.4147464717151,902.5,524.8
8098,8036,44.46071547319063,700.8528402204931,639.4147464717151,902.5,524.8
8099,8036,44.46071547319063,700.8528402204931,639.4147464717151,902.5,524.8
8100,8036,44.46071547319063,700.8528402204931,639.4147464717151,902.5,524.8
8101,8036,44.46071547319063,700.8528402204931,639.4147464717151,902.5,524.8
8102,8036,44.46071547319063,700.8528402204931,639.4147464717151,902.5,524.8
8103,8036,44.46071547319063,700.8528402204931,639.4147464717151,902.5,524.8
8104,8036,44.46071547319063,700.8528402204931,639.4147464717151,902.5,524.8
8105,8036,44.46071547319063,700.8528402204931,639.4147464717151,902.5,524.8
8106,8036,44.46071547319063,700.8528402204931,639.4147464717151,902.5,524.8
8107,8036,44.46071547319063,700.8528402204931,639.4147464717151,902.5,524.8
8108,8036,44.46071547319063,700.8528402204931,639.4147464717151,902.5,524.8
8109,8036,44.46071547319063,700.8528402204931,639.4147464717151,902.5,524.8
8110,8036,44.46071547319063,700.8528402204931,639.4147464717151,902.5,524.8
8111,8036,44.46071547319063,700.8528402204931,639.4147464717151,902.5,524.8
8112,8036,44.46071547319063,700.8528402204931,639.4147464717151,902.5,524.8
8113,8036,44.46071547319063,700.8528402204931,639.4147464717151,902.5,524.8
8114,8036,44.46071547319063,700.8528402204931,639.4147464717151,902.5,524.8
8115,8036,44.46071547319063,700.8528402204931,639.4147464717151,902.5,524.8
8116,8036,44.46071547319063,700.8528402204931,639.4147464717151,902.5,524.8
8117,8036,44.46071547319063,700.8528402204931,639.4147464717151,902.5,524.8
8118,8036,44.46071547319063,700.8528402204931,639.4147464717151,902.5,524.8
8119,8036,44.46071547319063,700.8528402204931,639.4147464717151,902.5,524.8
8120,8036,44.46071547319063,700.8528402204931,639.4147464717151,902.5,524.8
8121,8036,44.46071547319063,700.8528402204931,639.4147464717151,902.5,524.8
8122,8036,44.46071547319063,700.8528402204931,639.4147464717151,902.5,524.8
8123,8036,44.46071547319063,700.8528402204931,639.4147464717151,902.5,524.8
8124,8036,44.46071547319063,700.8528402204931,639.4147464717151,902.5,524.8
8125,8036,44.46071547319063,700.8528402204931,639.4147464717151,902.5,524.8
8126,8036,44.46071547319063,700.8528402204931,639.4147464717151,902.5,524.8
8127,8036,44.46071547319063,700.8528402204931,639.4147464717151,902.5,524.8
8128,8036,44.46071547319063,700.8528402204931,639.4147464717151,902.5,524.8
8129,8036,44.46071547319063,700.8528402204931,639.4147464717151,902.5,524.8
8130,8036,44.46071547319063,700.8528402204931,639.4147464717151,902.5,524.8
8131,8036,44.46071547319063,700.8528402204931,639.4147464717151,902.5,524.8
8132,8036,44.46071547319063,700.8528402204931,639.4147464717151,902.5,524.8
8133,8036,44.46071547319063,700.8528402204931,639.4147464717151,902.5,524.8
8134,8036,44.46071547319063,700.8528402204931,639.4147464717151,902.5,524.8
8135,8036,44.46071547319063,700.8528402204931,639.4147464717151,902.5,524.8
8136,8036,44.46071547319063,700.8528402204931,639.4147464717151,902.5,524.8
8137,8036,44.46071547319063,700.8528402204931,639.4147464717151,902.5,524.8
8138,8036,44.46071547319063,700.8528402204931,639.4147464717151,902.5,524.8
8139,8036,44.46071547319063,700.8528402204931,639.4147464717151,902.5,524.8
8140,8036,44.46071547319063,700.8528402204931,639.4147464717151,902.5,524.8
8141,8036,44.46071547319063,700.8528402204931,639.4147464717151,902.5,524.8
8142,8036,44.46071547319063,700.8528402204931,639.4147464717151,902.5,524.8
8143,8036,44.46071547319063,700.8528402204931,639.4147464717151,902.5,524.8
8144,8036,44.46071547319063,700.8528402204931,639.4147464717151,902.5,524.8
8145,8036,44.46071547319063,700.8528402204931,639.4147464717151,902.5,524.8
8146,8036,44.46071547319063,700.8528402204931,639.4147464717151,902.5,524.8
8147,8036,44.46071547319063,700.8528402204931,639.4147464717151,902.5,524.8
8148,8037,45.01489782301495,700.8528402204931,639.4147464717151,902.5,524.8
8149,8038,47.88166321174221,700.8528402204931,639.4147464717151,902.5,524.8
8150,8039,52.684847519061094,700.8528402204931,639.4147464717151,902.5,524.8
8151,8040,52.684847519061094,700.8528402204931,639.4147464717151,902.5,524.8
8152,8041,52.684847519061094,700.8528402204931,639.4147464717151,902.5,524.8
8153,8042,52.684847519061094,700.8528402204931,639.4147464717151,902.5,524.8
8154,8043,52.684847519061094,700.8528402204931,639.4147464717151,902.5,524.8
8155,8044,52.684847519061094,700.8528402204931,639.4147464717151,902.5,524.8
8156,8045,52.684847519061094,700.8528402204931,639.4147464717151,902.5,524.8
8157,8046,52.684847519061094,700.8528402204931,639.4147464717151,902.5,524.8
8158,8047,52.684847519061094,700.8528402204931,639.4147464717151,902.5,524.8
8159,8048,52.684847519061094,700.8528402204931,639.4147464717151,902.5,524.8
8160,8049,52.684847519061094,700.8528402204931,639.4147464717151,902.5,524.8
8161,8050,52.684847519061094,700.8528402204931,639.4147464717151,902.5,524.8
8162,8051,52.684847519061094,700.8528402204931,639.4147464717151,902.5,524.8
8163,8052,52.684847519061094,700.8528402204931,639.4147464717151,902.5,524.8
8164,8053,52.684847519061094,700.8528402204931,639.4147464717151,902.5,524.8
8165,8054,52.684847519061094,700.8528402204931,639.4147464717151,902.5,524.8
8166,8055,52.684847519061094,700.8528402204931,639.4147464717151,902.5,524.8
8167,8056,52.684847519061094,700.8528402204931,639.4147464717151,902.5,524.8
8168,8057,52.684847519061094,700.8528402204931,639.4147464717151,902.5,524.8
8169,8058,52.684847519061094,700.8528402204931,639.4147464717151,902.5,524.8
8170,8059,52.684847519061094,700.8528402204931,639.4147464717151,902.5,524.8
8171,8060,52.684847519061094,700.8528402204931,639.4147464717151,902.5,524.8
8172,8061,52.684847519061094,700.8528402204931,639.4147464717151,902.5,524.8
8173,8062,52.684847519061094,700.8528402204931,639.4147464717151,902.5,524.8
8174,8063,52.684847519061094,700.8528402204931,639.4147464717151,902.5,524.8
8175,8064,52.684847519061094,700.8528402204931,639.4147464717151,902.5,524.8
8176,8065,52.684847519061094,700.8528402204931,639.4147464717151,902.5,524.8
8177,8066,52.684847519061094,700.8528402204931,639.4147464717151,902.5,524.8
8178,8067,52.684847519061094,700.8528402204931,639.4147464717151,902.5,524.8
8179,8068,52.684847519061094,700.8528402204931,639.4147464717151,902.5,524.8
8180,8069,52.684847519061094,700.8528402204931,639.4147464717151,902.5,524.8
8181,8070,52.684847519061094,700.8528402204931,639.4147464717151,902.5,524.8
8182,8071,52.684847519061094,700.8528402204931,639.4147464717151,902.5,524.8
8183,8072,344.94981021327726,700.8528402204931,639.4147464717151,902.5,524.8
8184,8073,344.94981021327726,700.8528402204931,639.4147464717151,902.5,524.8
8185,8074,344.94981021327726,700.8528402204931,639.4147464717151,902.5,524.8
8186,8075,344.94981021327726,700.8528402204931,639.4147464717151,902.5,524.8
8187,8076,344.94981021327726,700.8528402204931,639.4147464717151,902.5,524.8
8188,8077,344.94981021327726,700.8528402204931,639.4147464717151,902.5,524.8
8189,8078,344.94981021327726,700.8528402204931,639.4147464717151,902.5,524.8
8190,8079,344.94981021327726,700.8528402204931,639.4147464717151,902.5,524.8
8191,8080,344.94981021327726,700.8528402204931,639.4147464717151,902.5,524.8
8192,8081,344.94981021327726,700.8528402204931,639.4147464717151,902.5,524.8
8193,8082,344.94981021327726,700.8528402204931,639.4147464717151,902.5,524.8
8194,8083,344.94981021327726,700.8528402204931,639.4147464717151,902.5,524.8
8195,8084,344.94981021327726,700.8528402204931,639.4147464717151,902.5,524.8
8196,8085,344.94981021327726,700.8528402204931,639.4147464717151,902.5,524.8
8197,8086,344.94981021327726,700.8528402204931,639.4147464717151,902.5,524.8
8198,8087,344.94981021327726,700.8528402204931,639.4147464717151,902.5,524.8
8199,8088,344.94981021327726,700.8528402204931,639.4147464717151,902.5,524.8
8200,8089,344.94981021327726,700.8528402204931,639.4147464717151,902.5,524.8
8201,8090,344.94981021327726,700.8528402204931,639.4147464717151,902.5,524.8
8202,8091,344.94981021327726,700.8528402204931,639.4147464717151,902.5,524.8
8203,8092,344.94981021327726,700.8528402204931,639.4147464717151,902.5,524.8
8204,8093,344.94981021327726,700.8528402204931,639.4147464717151,902.5,524.8
8205,8094,344.94981021327726,700.8528402204931,639.4147464717151,902.5,524.8
8206,8095,344.94981021327726,700.8528402204931,639.4147464717151,902.5,524.8
8207,8096,344.94981021327726,700.8528402204931,639.4147464717151,902.5,524.8
8208,8097,344.94981021327726,700.8528402204931,639.4147464717151,902.5,524.8
8209,8098,344.94981021327726,700.8528402204931,639.4147464717151,902.5,524.8
8210,8099,344.94981021327726,700.8528402204931,639.4147464717151,902.5,524.8
8211,8100,344.94981021327726,700.8528402204931,639.4147464717151,902.5,524.8
8212,8101,344.94981021327726,700.8528402204931,639.4147464717151,902.5,524.8
8213,8102,344.94981021327726,700.8528402204931,639.4147464717151,902.5,524.8
8214,8103,344.94981021327726,700.8528402204931,639.4147464717151,902.5,524.8
8215,8104,344.94981021327726,700.8528402204931,639.4147464717151,902.5,524.8
8216,8105,344.94981021327726,700.8528402204931,639.4147464717151,902.5,524.8
8217,8106,344.94981021327726,700.8528402204931,639.4147464717151,902.5,524.8
8218,8107,344.94981021327726,700.8528402204931,639.4147464717151,902.5,524.8
8219,8108,344.94981021327726,700.8528402204931,639.4147464717151,902.5,524.8
8220,8109,344.94981021327726,700.8528402204931,639.4147464717151,902.5,524.8
8221,8110,344.94981021327726,700.8528402204931,639.4147464717151,902.5,524.8
8222,8111,344.94981021327726,700.8528402204931,639.4147464717151,902.5,524.8
8223,8112,344.94981021327726,700.8528402204931,639.4147464717151,902.5,524.8
8224,8113,344.94981021327726,700.8528402204931,639.4147464717151,902.5,524.8
8225,8114,344.94981021327726,700.8528402204931,639.4147464717151,902.5,524.8
8226,8115,344.94981021327726,700.8528402204931,639.4147464717151,902.5,524.8
8227,8116,344.94981021327726,700.8528402204931,639.4147464717151,902.5,524.8
8228,8117,344.94981021327726,700.8528402204931,639.4147464717151,902.5,524.8
8229,8118,344.94981021327726,700.8528402204931,639.4147464717151,902.5,524.8
8230,8119,344.94981021327726,700.8528402204931,639.4147464717151,902.5,524.8
8231,8120,344.94981021327726,700.8528402204931,639.4147464717151,902.5,524.8
8232,8121,344.94981021327726,700.8528402204931,639.4147464717151,902.5,524.8
8233,8122,344.94981021327726,700.8528402204931,639.4147464717151,902.5,524.8
8234,8123,344.94981021327726,700.8528402204931,639.4147464717151,902.5,524.8
8235,8124,344.94981021327726,700.8528402204931,639.4147464717151,902.5,524.8
8236,8125,344.94981021327726,700.8528402204931,639.4147464717151,902.5,524.8
8237,8126,344.94981021327726,700.8528402204931,639.4147464717151,902.5,524.8
8238,8127,344.94981021327726,700.8528402204931,639.4147464717151,902.5,524.8
8239,8128,344.94981021327726,700.8528402204931,639.4147464717151,902.5,524.8
8240,8129,344.94981021327726,700.8528402204931,639.4147464717151,902.5,524.8
8241,8130,344.94981021327726,700.8528402204931,639.4147464717151,902.5,524.8
8242,8131,344.94981021327726,700.8528402204931,639.4147464717151,902.5,524.8
8243,8132,344.94981021327726,700.8528402204931,639.4147464717151,902.5,524.8
8244,8133,344.94981021327726,700.8528402204931,639.4147464717151,902.5,524.8
8245,8134,344.6242450361029,700.8528402204931,639.4147464717151,902.5,524.8
8246,8135,344.7179612297454,700.8528402204931,639.4147464717151,902.5,524.8
8247,8136,345.23061734041073,700.8528402204931,639.4147464717151,902.5,524.8
8248,8137,346.16035204981296,700.8528402204931,639.4147464717151,902.5,524.8
8249,8138,347.50381773502903,700.8528402204931,639.4147464717151,902.5,524.8
8250,8139,349.2562399968691,700.8528402204931,639.4147464717151,902.5,524.8
8251,8140,351.4115007227872,700.8528402204931,639.4147464717151,902.5,524.8
8252,8141,353.96224139149757,700.8528402204931,639.4147464717151,902.5,524.8
8253,8142,356.89998269641967,700.8528402204931,639.4147464717151,902.5,524.8
8254,8143,360.21525619228976,700.8528402204931,639.4147464717151,902.5,524.8
8255,8144,363.8977435569088,700.8528402204931,639.4147464717151,902.5,524.8
8256,8145,367.93641918829275,700.8528402204931,639.4147464717151,902.5,524.8
8257,8146,372.3196921887921,700.8528402204931,639.4147464717151,902.5,524.8
8258,8147,377.0355442729122,700.8528402204931,639.4147464717151,902.5,524.8
8259,8148,382.0716607207945,700.8528402204931,639.4147464717151,902.5,524.8
8260,8149,387.41555213217913,700.8528402204931,639.4147464717151,902.5,524.8
8261,8150,393.05466536981464,700.8528402204931,639.4147464717151,902.5,524.8
8262,8151,398.97648267940957,700.8528402204931,639.4147464717151,890.5071428571429,528.25
8263,8152,398.97648267940957,700.8528402204931,639.4147464717151,878.5142857142857,531.6999999999999
8264,8153,398.97648267940957,700.8528402204931,639.4147464717151,866.5214285714286,535.15
8265,8154,398.97648267940957,700.8528402204931,639.4147464717151,854.5285714285715,538.6
8266,8155,398.97648267940957,700.8528402204931,639.4147464717151,842.5357142857143,542.05
8267,8156,398.97648267940957,700.8528402204931,639.4147464717151,830.5428571428572,545.5
8268,8157,398.97648267940957,700.8528402204931,639.4147464717151,818.55,548.95
8269,8158,398.97648267940957,700.8528402204931,639.4147464717151,806.5571428571428,552.4
8270,8159,398.97648267940957,700.8528402204931,639.4147464717151,794.5642857142857,555.85
8271,8160,398.97648267940957,700.8528402204931,639.4147464717151,782.5714285714286,559.3
8272,8161,398.97648267940957,700.8528402204931,639.4147464717151,770.5785714285714,562.75
8273,8162,398.97648267940957,700.8528402204931,639.4147464717151,758.5857142857143,566.2
8274,8163,398.97648267940957,700.8528402204931,639.4147464717151,746.5928571428572,569.65
8275,8164,398.97648267940957,700.8528402204931,639.4147464717151,734.6,573.1
8276,8165,398.97648267940957,700.8528402204931,639.4147464717151,734.6,573.1
8277,8166,398.97648267940957,700.8528402204931,639.4147464717151,734.6,573.1
8278,8167,398.97648267940957,700.8528402204931,639.4147464717151,734.6,573.1
8279,8168,398.97648267940957,700.8528402204931,639.4147464717151,734.6,573.1
8280,8169,398.97648267940957,700.8528402204931,639.4147464717151,734.6,573.1
8281,8170,398.97648267940957,700.8528402204931,639.4147464717151,734.6,573.1
8282,8171,398.97648267940957,700.8528402204931,639.4147464717151,734.6,573.1
8283,8172,398.97648267940957,700.8528402204931,639.4147464717151,734.6,573.1
8284,8173,398.97648267940957,700.8528402204931,639.4147464717151,734.6,573.1
8285,8174,398.97648267940957,700.8528402204931,639.4147464717151,734.6,573.1
8286,8175,398.97648267940957,700.8528402204931,639.4147464717151,734.6,573.1
8287,8176,398.97648267940957,700.8528402204931,639.4147464717151,734.6,573.1
8288,8177,398.97648267940957,700.8528402204931,639.4147464717151,734.6,573.1
8289,8178,398.97648267940957,700.8528402204931,639.4147464717151,734.6,573.1
8290,8179,398.97648267940957,700.8528402204931,639.4147464717151,734.6,573.1
8291,8180,398.97648267940957,700.8528402204931,639.4147464717151,734.6,573.1
8292,8181,398.97648267940957,700.8528402204931,639.4147464717151,734.6,573.1
8293,8182,398.97648267940957,700.8528402204931,639.4147464717151,734.6,573.1
8294,8183,398.97648267940957,700.8528402204931,639.4147464717151,734.6,573.1
8295,8184,398.97648267940957,700.8528402204931,639.4147464717151,734.6,573.1
8296,8185,398.97648267940957,700.8528402204931,639.4147464717151,734.6,573.1
8297,8186,398.97648267940957,700.8528402204931,639.4147464717151,734.6,573.1
8298,8187,398.97648267940957,700.8528402204931,639.4147464717151,734.6,573.1
8299,8188,398.97648267940957,700.8528402204931,639.4147464717151,734.6,573.1
8300,8189,398.97648267940957,700.8528402204931,639.4147464717151,734.6,573.1
8301,8190,398.97648267940957,700.8528402204931,639.4147464717151,734.6,573.1
8302,8191,398.97648267940957,700.8528402204931,639.4147464717151,734.6,573.1
8303,8192,398.97648267940957,700.8528402204931,639.4147464717151,734.6,573.1
8304,8193,398.97648267940957,700.8528402204931,639.4147464717151,734.6,573.1
8305,8194,398.97648267940957,700.8528402204931,639.4147464717151,734.6,573.1
8306,8195,398.97648267940957,700.8528402204931,639.4147464717151,734.6,573.1
8307,8196,398.97648267940957,700.8528402204931,639.4147464717151,734.6,573.1
8308,8197,398.97648267940957,700.8528402204931,639.4147464717151,734.6,573.1
8309,8198,398.97648267940957,700.8528402204931,639.4147464717151,734.6,573.1
8310,8199,398.97648267940957,700.8528402204931,639.4147464717151,734.6,573.1
8311,8200,398.97648267940957,700.8528402204931,639.4147464717151,734.6,573.1
8312,8201,398.97648267940957,700.8528402204931,639.4147464717151,734.6,573.1
8313,8202,398.97648267940957,700.8528402204931,639.4147464717151,734.6,573.1
8314,8203,398.97648267940957,700.8528402204931,639.4147464717151,734.6,573.1
8315,8204,398.97648267940957,700.8528402204931,639.4147464717151,734.6,573.1
8316,8205,201.0878895549558,700.8528402204931,639.4147464717151,734.6,573.1
8317,8206,201.0878895549558,700.8528402204931,639.4147464717151,734.6,573.1
8318,8207,201.0878895549558,700.8528402204931,639.4147464717151,734.6,573.1
8319,8208,201.0878895549558,700.8528402204931,639.4147464717151,734.6,573.1
8320,8209,201.0878895549558,700.8528402204931,639.4147464717151,734.6,573.1
8321,8210,201.0878895549558,700.8528402204931,639.4147464717151,734.6,573.1
8322,8211,201.0878895549558,700.8528402204931,639.4147464717151,734.6,573.1
8323,8212,201.0878895549558,700.8528402204931,639.4147464717151,734.6,573.1
8324,8213,201.0878895549558,700.8528402204931,639.4147464717151,734.6,573.1
8325,8214,201.0878895549558,700.8528402204931,639.4147464717151,734.6,573.1
8326,8215,201.0878895549558,700.8528402204931,639.4147464717151,734.6,573.1
8327,8216,201.0878895549558,700.8528402204931,639.4147464717151,734.6,573.1
8328,8217,201.0878895549558,700.8528402204931,639.4147464717151,734.6,573.1
8329,8218,201.0878895549558,700.8528402204931,639.4147464717151,734.6,573.1
8330,8219,201.0878895549558,700.8528402204931,639.4147464717151,734.6,573.1
8331,8220,201.0878895549558,700.8528402204931,639.4147464717151,734.6,573.1
8332,8221,201.0878895549558,700.8528402204931,639.4147464717151,734.6,573.1
8333,8222,201.0878895549558,700.8528402204931,639.4147464717151,734.6,573.1
8334,8223,201.0878895549558,700.8528402204931,639.4147464717151,734.6,573.1
8335,8224,201.0878895549558,700.8528402204931,639.4147464717151,734.6,573.1
8336,8225,201.0878895549558,700.8528402204931,639.4147464717151,734.6,573.1
8337,8226,201.0878895549558,700.8528402204931,639.4147464717151,734.6,573.1
8338,8227,201.0878895549558,700.8528402204931,639.4147464717151,734.6,573.1
8339,8228,201.0878895549558,700.8528402204931,639.4147464717151,734.6,573.1
8340,8229,201.0878895549558,700.8528402204931,639.4147464717151,734.6,573.1
8341,8230,201.0878895549558,700.8528402204931,639.4147464717151,734.6,573.1
8342,8231,203.39818582259318,700.8528402204931,639.4147464717151,734.6,573.1
8343,8232,205.9771026472081,700.8528402204931,639.4147464717151,734.6,573.1
8344,8233,208.81468766041158,700.8528402204931,639.4147464717151,734.6,573.1
8345,8234,211.90054954919836,700.8528402204931,639.4147464717151,734.6,573.1
8346,8235,215.2240092660427,700.8528402204931,639.4147464717151,734.6,573.1
8347,8236,218.77423883676826,700.8528402204931,639.4147464717151,734.6,573.1
8348,8237,222.54038541672688,700.8528402204931,639.4147464717151,734.6,573.1
8349,8238,87.37474038407568,700.8528402204931,639.4147464717151,734.6,573.1
8350,8239,82.19896941001619,700.8528402204931,639.4147464717151,734.6,573.1
8351,8240,77.46133251960778,-,-,-,-
8352,8241,73.24689514319395,-,-,-,-
8353,8242,73.24689514319395,-,-,-,-
8354,8243,73.24689514319395,-,-,-,-
8355,8244,73.24689514319395,-,-,-,-
8356,8245,73.24689514319395,-,-,-,-
8357,8246,73.24689514319395,-,-,-,-
8358,8247,73.24689514319395,-,-,-,-
8359,8248,73.24689514319395,-,-,-,-
8360,8249,73.24689514319395,-,-,-,-
8361,8250,73.24689514319395,-,-,-,-
8362,8251,73.24689514319395,-,-,-,-
8363,8252,73.24689514319395,-,-,-,-
8364,8253,73.24689514319395,-,-,-,-
8365,8254,73.24689514319395,-,-,-,-
8366,8255,73.24689514319395,-,-,-,-
8367,8256,73.24689514319395,-,-,-,-
8368,8257,73.24689514319395,-,-,-,-
8369,8258,73.24689514319395,-,-,-,-
8370,8259,73.24689514319395,-,-,-,-
8371,8260,73.24689514319395,-,-,-,-
8372,8261,73.24689514319395,-,-,-,-
8373,8262,73.24689514319395,-,-,-,-
8374,8263,73.24689514319395,-,-,-,-
8375,8264,73.24689514319395,-,-,-,-
8376,8265,73.24689514319395,-,-,-,-
8377,8266,73.24689514319395,-,-,-,-
8378,8267,73.24689514319395,-,-,-,-
8379,8268,73.24689514319395,-,-,-,-
8380,8269,73.24689514319395,-,-,-,-
8381,8270,73.24689514319395,-,-,-,-
8382,8271,73.24689514319395,-,-,-,-
8383,8272,73.24689514319395,-,-,-,-
8384,8273,73.24689514319395,-,-,-,-
8385,8274,73.24689514319395,-,-,-,-
8386,8275,73.24689514319395,-,-,-,-
8387,8276,73.24689514319395,-,-,-,-
8388,8277,73.24689514319395,-,-,-,-
8389,8278,73.24689514319395,-,-,-,-
8390,8279,73.24689514319395,-,-,-,-
8391,8280,73.24689514319395,-,-,-,-
8392,8281,73.24689514319395,-,-,-,-
8393,8282,73.24689514319395,-,-,-,-
8394,8283,73.24689514319395,-,-,-,-
8395,8284,73.24689514319395,-,-,-,-
8396,8285,73.24689514319395,-,-,-,-
8397,8286,73.24689514319395,-,-,-,-
8398,8287,73.24689514319395,-,-,-,-
8399,8288,73.24689514319395,-,-,-,-
8400,8289,73.24689514319395,-,-,-,-
8401,8290,73.24689514319395,-,-,-,-
8402,8291,73.24689514319395,-,-,-,-
8403,8292,73.24689514319395,-,-,-,-
8404,8293,73.24689514319395,-,-,-,-
8405,8294,73.24689514319395,-,-,-,-
8406,8295,73.24689514319395,-,-,-,-
8407,8296,73.24689514319395,-,-,-,-
8408,8297,73.24689514319395,-,-,-,-
8409,8298,73.24689514319395,-,-,-,-
8410,8299,73.24689514319395,-,-,-,-
8411,8300,73.24689514319395,-,-,-,-
8412,8301,73.24689514319395,-,-,-,-
8413,8302,73.24689514319395,-,-,-,-
8414,8303,73.24689514319395,-,-,-,-
8415,8304,73.24689514319395,-,-,-,-
8416,8305,73.24689514319395,-,-,-,-
8417,8306,73.24689514319395,-,-,-,-
8418,8307,73.24689514319395,-,-,-,-
8419,8308,73.24689514319395,-,-,-,-
8420,8309,73.24689514319395,-,-,-,-
8421,8310,73.24689514319395,-,-,-,-
8422,8311,73.24689514319395,-,-,-,-
8423,8312,73.24689514319395,-,-,-,-
8424,8313,73.24689514319395,-,-,-,-
8425,8314,73.24689514319395,-,-,-,-
8426,8315,73.24689514319395,-,-,-,-
8427,8316,73.24689514319395,-,-,-,-
8428,8317,73.24689514319395,-,-,-,-
8429,8318,73.24689514319395,-,-,-,-
8430,8319,73.24689514319395,-,-,-,-
8431,8320,73.24689514319395,-,-,-,-
8432,8321,73.24689514319395,-,-,-,-
8433,8322,73.24689514319395,-,-,-,-
8434,8323,73.24689514319395,-,-,-,-
8435,8324,73.24689514319395,-,-,-,-
8436,8325,73.24689514319395,-,-,-,-
8437,8326,73.24689514319395,-,-,-,-
8438,8327,73.24689514319395,-,-,-,-
8439,8328,73.24689514319395,-,-,-,-
8440,8329,73.24689514319395,-,-,-,-
8441,8330,73.24689514319395,-,-,-,-
8442,8331,73.24689514319395,-,-,-,-
8443,8332,73.24689514319395,-,-,-,-
8444,8333,73.24689514319395,-,-,-,-
8445,8334,73.24689514319395,-,-,-,-
8446,8335,73.24689514319395,-,-,-,-
8447,8336,73.24689514319395,-,-,-,-
8448,8337,73.24689514319395,-,-,-,-
8449,8338,73.24689514319395,-,-,-,-
8450,8339,73.24689514319395,-,-,-,-
8451,8340,73.24689514319395,-,-,-,-
8452,8341,73.24689514319395,-,-,-,-
8453,8342,73.24689514319395,-,-,-,-
8454,8343,73.24689514319395,-,-,-,-
8455,8344,73.24689514319395,-,-,-,-
8456,8345,73.24689514319395,-,-,-,-
8457,8346,73.24689514319395,-,-,-,-
8458,8347,73.24689514319395,-,-,-,-
8459,8348,73.24689514319395,-,-,-,-
8460,8349,73.24689514319395,-,-,-,-
8461,8350,73.24689514319395,-,-,-,-
8462,8351,73.24689514319395,-,-,-,-
8463,8352,73.24689514319395,-,-,-,-
8464,8353,73.24689514319395,-,-,-,-
8465,8354,73.24689514319395,-,-,-,-
8466,8355,73.24689514319395,-,-,-,-
8467,8356,73.24689514319395,-,-,-,-
8468,8357,73.24689514319395,-,-,-,-
8469,8358,73.24689514319395,-,-,-,-
8470,8359,73.24689514319395,-,-,-,-
8471,8360,73.24689514319395,-,-,-,-
8472,8361,73.24689514319395,-,-,-,-
8473,8362,73.24689514319395,-,-,-,-
8474,8363,73.24689514319395,-,-,-,-
8475,8364,73.24689514319395,-,-,-,-
8476,8365,73.24689514319395,-,-,-,-
8477,8366,73.24689514319395,-,-,-,-
8478,8367,73.24689514319395,-,-,-,-
8479,8368,73.24689514319395,-,-,-,-
8480,8369,73.24689514319395,-,-,-,-
8481,8370,73.24689514319395,-,-,-,-
8482,8371,73.24689514319395,-,-,-,-
8482,8372,68.93850930619458,-,-,-,-
8482,8373,64.71078292716713,-,-,-,-
8482,8374,60.580605255956776,-,-,-,-
8482,8375,56.56934667957211,-,-,-,-
8482,8376,52.7041666168209,-,-,-,-
8482,8377,49.01963196759095,-,-,-,-
8482,8378,45.55959176887964,-,-,-,-
8482,8379,42.37906830618508,-,-,-,-
8482,8380,39.54556110738702,-,-,-,-
8482,8381,37.13858264043347,-,-,-,-
8482,8382,35.24562642693381,-,-,-,-
8482,8383,33.95277585644639,-,-,-,-
8482,8384,33.95277585644639,-,-,-,-
8482,8385,33.95277585644639,-,-,-,-
8482,8386,33.95277585644639,-,-,-,-
8482,8387,33.95277585644639,-,-,-,-
8482,8388,33.95277585644639,-,-,-,-
8482,8389,33.95277585644639,-,-,-,-
8482,8390,33.95277585644639,-,-,-,-
8482,8391,33.95277585644639,-,-,-,-
8482,8392,33.95277585644639,-,-,-,-
8482,8393,33.95277585644639,-,-,-,-
8482,8394,33.95277585644639,-,-,-,-
8482,8395,33.95277585644639,-,-,-,-
8482,8396,33.95277585644639,-,-,-,-
8482,8397,33.95277585644639,-,-,-,-
8482,8398,33.95277585644639,-,-,-,-
8482,8399,33.95277585644639,-,-,-,-
8482,8400,33.95277585644639,-,-,-,-
8482,8401,33.95277585644639,-,-,-,-
8482,8402,33.95277585644639,-,-,-,-
8482,8403,33.95277585644639,-,-,-,-
8482,8404,33.95277585644639,-,-,-,-
8482,8405,33.95277585644639,-,-,-,-
8482,8406,33.95277585644639,-,-,-,-
8482,8407,33.95277585644639,-,-,-,-
8482,8408,33.95277585644639,-,-,-,-
8482,8409,33.95277585644639,-,-,-,-
8482,8410,33.95277585644639,-,-,-,-
8482,8411,33.95277585644639,-,-,-,-
8482,8412,33.95277585644639,-,-,-,-
8482,8413,33.95277585644639,-,-,-,-
8482,8414,33.95277585644639,-,-,-,-
8482,8415,33.95277585644639,-,-,-,-
8482,8416,33.95277585644639,-,-,-,-
8482,8417,33.95277585644639,-,-,-,-
8482,8418,33.95277585644639,-,-,-,-
8482,8419,33.95277585644639,-,-,-,-
8482,8420,33.95277585644639,-,-,-,-
8482,8421,33.95277585644639,-,-,-,-
8482,8422,33.95277585644639,-,-,-,-
8482,8423,33.95277585644639,-,-,-,-
8482,8424,33.95277585644639,-,-,-,-
8482,8425,33.95277585644639,-,-,-,-
8482,8426,33.95277585644639,-,-,-,-
8482,8427,33.95277585644639,-,-,-,-
8482,8428,33.95277585644639,-,-,-,-
8482,8429,33.95277585644639,-,-,-,-
8482,8430,33.95277585644639,-,-,-,-
8482,8431,33.95277585644639,-,-,-,-
8482,8432,33.95277585644639,-,-,-,-
8482,8433,33.95277585644639,-,-,-,-
8482,8434,33.95277585644639,-,-,-,-
8482,8435,33.95277585644639,-,-,-,-
8482,8436,33.95277585644639,-,-,-,-
8482,8437,33.95277585644639,-,-,-,-
8482,8438,33.95277585644639,-,-,-,-
8482,8439,33.95277585644639,-,-,-,-
8482,8440,33.95277585644639,-,-,-,-
8482,8441,33.95277585644639,-,-,-,-
8482,8442,33.95277585644639,-,-,-,-
8482,8443,33.95277585644639,-,-,-,-
8482,8444,33.95277585644639,-,-,-,-
8482,8445,33.95277585644639,-,-,-,-
8482,8446,33.95277585644639,-,-,-,-
8482,8447,33.95277585644639,-,-,-,-
8482,8448,33.95277585644639,-,-,-,-
8482,8449,33.95277585644639,-,-,-,-
8482,8450,33.95277585644639,-,-,-,-
8482,8451,33.95277585644639,-,-,-,-
8482,8452,33.95277585644639,-,-,-,-
8482,8453,33.95277585644639,-,-,-,-
8482,8454,33.95277585644639,-,-,-,-
8482,8455,33.95277585644639,-,-,-,-
8482,8456,33.95277585644639,-,-,-,-
8482,8457,33.95277585644639,-,-,-,-
8482,8458,33.95277585644639,-,-,-,-
8482,8459,33.95277585644639,-,-,-,-
8482,8460,33.95277585644639,-,-,-,-
8482,8461,33.95277585644639,-,-,-,-
8482,8462,33.95277585644639,-,-,-,-
8482,8463,33.95277585644639,-,-,-,-
8482,8464,33.95277585644639,-,-,-,-
8482,8465,33.95277585644639,-,-,-,-
8482,8466,33.95277585644639,-,-,-,-
8482,8467,33.95277585644639,-,-,-,-
8482,8468,33.95277585644639,-,-,-,-
8482,8469,33.95277585644639,-,-,-,-
8482,8470,33.95277585644639,-,-,-,-
8482,8471,33.95277585644639,-,-,-,-
8482,8472,33.95277585644639,-,-,-,-
8482,8473,33.95277585644639,-,-,-,-
8482,8474,33.95277585644639,-,-,-,-
8482,8475,33.95277585644639,-,-,-,-
8482,8476,33.95277585644639,-,-,-,-
8482,8477,33.95277585644639,-,-,-,-
8482,8478,33.95277585644639,-,-,-,-
8482,8479,33.95277585644639,-,-,-,-
8482,8480,33.95277585644639,-,-,-,-
8482,8481,33.95277585644639,-,-,-,-
8482,8482,33.95277585644639,-,-,-,-
8482,8483,33.95277585644639,-,-,-,-
8482,8484,33.95277585644639,-,-,-,-
8482,8485,33.95277585644639,-,-,-,-
8482,8486,33.95277585644639,-,-,-,-
8482,8487,33.95277585644639,-,-,-,-
8482,8488,33.95277585644639,-,-,-,-
8482,8489,33.95277585644639,-,-,-,-
8482,8490,33.95277585644639,-,-,-,-
8482,8491,33.95277585644639,-,-,-,-
8482,8492,33.95277585644639,-,-,-,-
8482,8493,33.95277585644639,-,-,-,-
8482,8494,33.95277585644639,-,-,-,-
8482,8495,33.95277585644639,-,-,-,-
8482,8496,33.95277585644639,-,-,-,-
8482,8497,33.95277585644639,-,-,-,-
8482,8498,33.95277585644639,-,-,-,-
8482,8499,33.95277585644639,-,-,-,-
8482,8500,33.95277585644639,-,-,-,-
8482,8501,33.95277585644639,-,-,-,-
8482,8502,33.95277585644639,-,-,-,-
8482,8503,33.95277585644639,-,-,-,-
8482,8504,33.95277585644639,-,-,-,-
8482,8505,33.95277585644639,-,-,-,-
8482,8506,33.95277585644639,-,-,-,-
8482,8507,33.95277585644639,-,-,-,-
8482,8508,33.95277585644639,-,-,-,-
8482,8509,33.95277585644639,-,-,-,-
8482,8510,33.95277585644639,-,-,-,-
8482,8511,33.95277585644639,-,-,-,-
8482,8512,33.95277585644639,-,-,-,-
8482,8513,33.95277585644639,-,-,-,-
8482,8514,33.95277585644639,-,-,-,-
8482,8515,33.95277585644639,-,-,-,-
8482,8516,33.95277585644639,-,-,-,-
8482,8517,33.95277585644639,-,-,-,-
8482,8518,33.95277585644639,-,-,-,-
8482,8519,33.95277585644639,-,-,-,-
8482,8520,33.95277585644639,-,-,-,-
8482,8521,33.95277585644639,-,-,-,-
8482,8522,33.95277585644639,-,-,-,-
8482,8523,33.95277585644639,-,-,-,-
8482,8524,33.95277585644639,-,-,-,-
8482,8525,33.95277585644639,-,-,-,-
8482,8526,33.95277585644639,-,-,-,-
8482,8527,33.95277585644639,-,-,-,-
8482,8528,33.95277585644639,-,-,-,-
8482,8529,33.95277585644639,-,-,-,-
8482,8530,33.95277585644639,-,-,-,-
8482,8531,33.95277585644639,-,-,-,-
8482,8532,33.95277585644639,-,-,-,-
8482,8533,33.95277585644639,-,-,-,-
8482,8534,33.95277585644639,-,-,-,-
8482,8535,33.95277585644639,-,-,-,-
8482,8536,33.95277585644639,-,-,-,-
8482,8537,33.95277585644639,-,-,-,-
8482,8538,33.95277585644639,-,-,-,-
8482,8539,33.95277585644639,-,-,-,-
8482,8540,33.95277585644639,-,-,-,-
8482,8541,33.95277585644639,-,-,-,-
8482,8542,33.95277585644639,-,-,-,-
8482,8543,33.95277585644639,-,-,-,-
8482,8544,33.95277585644639,-,-,-,-
8482,8545,33.95277585644639,-,-,-,-
8482,8546,33.95277585644639,-,-,-,-
8482,8547,33.95277585644639,-,-,-,-
8482,8548,33.95277585644639,-,-,-,-
8482,8549,33.95277585644639,-,-,-,-
8482,8550,33.95277585644639,-,-,-,-
8482,8551,33.95277585644639,-,-,-,-
8482,8552,33.95277585644639,-,-,-,-
8482,8553,33.95277585644639,-,-,-,-
8482,8554,33.95277585644639,-,-,-,-
8482,8555,33.95277585644639,-,-,-,-
8482,8556,33.95277585644639,-,-,-,-
8482,8557,33.95277585644639,-,-,-,-
8482,8558,33.95277585644639,-,-,-,-
8482,8559,33.95277585644639,-,-,-,-
8482,8560,33.95277585644639,-,-,-,-
8482,8561,33.95277585644639,-,-,-,-
8482,8562,33.95277585644639,-,-,-,-
8482,8563,33.95277585644639,-,-,-,-
8482,8564,33.95277585644639,-,-,-,-
8482,8565,33.95277585644639,-,-,-,-
8482,8566,33.95277585644639,-,-,-,-
8482,8567,33.95277585644639,-,-,-,-
8482,8568,33.95277585644639,-,-,-,-
8482,8569,33.95277585644639,-,-,-,-
8482,8570,33.95277585644639,-,-,-,-
8482,8571,33.95277585644639,-,-,-,-
8482,8572,33.95277585644639,-,-,-,-
8482,8573,33.95277585644639,-,-,-,-
8482,8574,33.95277585644639,-,-,-,-
8482,8575,33.95277585644639,-,-,-,-
8482,8576,33.95277585644639,-,-,-,-
8482,8577,33.95277585644639,-,-,-,-
8482,8578,33.95277585644639,-,-,-,-
8482,8579,33.95277585644639,-,-,-,-
8482,8580,33.95277585644639,-,-,-,-
8482,8581,33.95277585644639,-,-,-,-
8482,8582,33.95277585644639,-,-,-,-
8482,8583,33.95277585644639,-,-,-,-
8482,8584,33.95277585644639,-,-,-,-
8482,8585,33.95277585644639,-,-,-,-
8482,8586,33.95277585644639,-,-,-,-
8482,8587,33.95277585644639,-,-,-,-
8482,8588,33.95277585644639,-,-,-,-
8482,8589,33.95277585644639,-,-,-,-
8482,8590,33.95277585644639,-,-,-,-
8482,8591,33.95277585644639,-,-,-,-
8482,8592,33.95277585644639,-,-,-,-
8482,8593,33.95277585644639,-,-,-,-
8482,8594,33.95277585644639,-,-,-,-
8482,8595,33.95277585644639,-,-,-,-
8482,8596,33.95277585644639,-,-,-,-
8482,8597,33.95277585644639,-,-,-,-
8482,8598,33.95277585644639,-,-,-,-
8482,8599,33.95277585644639,-,-,-,-
8482,8600,33.95277585644639,-,-,-,-
8482,8601,33.95277585644639,-,-,-,-
8482,8602,33.95277585644639,-,-,-,-
8482,8603,33.95277585644639,-,-,-,-
8482,8604,33.95277585644639,-,-,-,-
8482,8605,33.95277585644639,-,-,-,-
8482,8606,33.95277585644639,-,-,-,-
8482,8607,33.95277585644639,-,-,-,-
8482,8608,33.95277585644639,-,-,-,-
8482,8609,33.95277585644639,-,-,-,-
8482,8610,33.95277585644639,-,-,-,-
8482,8611,33.95277585644639,-,-,-,-
8482,8612,33.95277585644639,-,-,-,-
8482,8613,33.95277585644639,-,-,-,-
8482,8614,33.95277585644639,-,-,-,-
8482,8615,33.95277585644639,-,-,-,-
8482,8616,33.95277585644639,-,-,-,-
8482,8617,33.95277585644639,-,-,-,-
8482,8618,33.95277585644639,-,-,-,-
8482,8619,33.95277585644639,-,-,-,-
8482,8620,33.95277585644639,-,-,-,-
8482,8621,33.95277585644639,-,-,-,-
8482,8622,33.95277585644639,-,-,-,-
8482,8623,33.95277585644639,-,-,-,-
8482,8624,33.95277585644639,-,-,-,-
8482,8625,33.95277585644639,-,-,-,-
8482,8626,33.95277585644639,-,-,-,-
8482,8627,33.95277585644639,-,-,-,-
8482,8628,33.95277585644639,-,-,-,-
8482,8629,33.95277585644639,-,-,-,-
8482,8630,33.95277585644639,-,-,-,-
8482,8631,33.95277585644639,-,-,-,-
8482,8632,33.95277585644639,-,-,-,-
8482,8633,33.95277585644639,-,-,-,-
8482,8634,33.95277585644639,-,-,-,-
8482,8635,33.95277585644639,-,-,-,-
8482,8636,33.95277585644639,-,-,-,-
8482,8637,33.95277585644639,-,-,-,-
8482,8638,33.95277585644639,-,-,-,-
8482,8639,33.95277585644639,-,-,-,-
8482,8640,33.95277585644639,-,-,-,-
8482,8641,33.95277585644639,-,-,-,-
8482,8642,33.95277585644639,-,-,-,-
8482,8643,33.95277585644639,-,-,-,-
8482,8644,33.95277585644639,-,-,-,-
8482,8645,33.95277585644639,-,-,-,-
8482,8646,33.95277585644639,-,-,-,-
8482,8647,33.95277585644639,-,-,-,-
8482,8648,33.95277585644639,-,-,-,-
8482,8649,33.95277585644639,-,-,-,-
8482,8650,33.95277585644639,-,-,-,-
8482,8651,33.95277585644639,-,-,-,-
8482,8652,39.494624820507624,-,-,-,-
8482,8653,45.06932232390313,-,-,-,-
8482,8654,50.66602671838119,-,-,-,-
8482,8655,56.27817281849342,-,-,-,-
8482,8656,61.90156081891098,-,-,-,-
8482,8657,67.53338249721473,-,-,-,-
8482,8658,73.17169052906668,-,-,-,-
8482,8659,78.81509285610568,-,-,-,-
8482,8660,84.46256835202348,-,-,-,-
8482,8661,90.1133512138605,-,-,-,-
8482,8662,95.76685598386074,-,-,-,-
8482,8663,101.42262748885535,-,-,-,-
8482,8664,107.080306555974,-,-,-,-
8482,8665,107.080306555974,-,-,-,-
8482,8666,107.080306555974,-,-,-,-
8482,8667,107.080306555974,-,-,-,-
8482,8668,107.080306555974,-,-,-,-
8482,8669,107.080306555974,-,-,-,-
8482,8670,107.080306555974,-,-,-,-
8482,8671,107.080306555974,-,-,-,-
8482,8672,107.080306555974,-,-,-,-
8482,8673,107.080306555974,-,-,-,-
8482,8674,107.080306555974,-,-,-,-
8482,8675,107.080306555974,-,-,-,-
8482,8676,107.080306555974,-,-,-,-
8482,8677,107.080306555974,-,-,-,-
8482,8678,107.080306555974,-,-,-,-
8482,8679,107.080306555974,-,-,-,-
8482,8680,107.080306555974,-,-,-,-
8482,8681,107.080306555974,-,-,-,-
8482,8682,107.080306555974,-,-,-,-
8482,8683,107.080306555974,-,-,-,-
8482,8684,107.080306555974,-,-,-,-
8482,8685,107.080306555974,-,-,-,-
8482,8686,107.080306555974,-,-,-,-
8482,8687,107.080306555974,-,-,-,-
8482,8688,107.080306555974,-,-,-,-
8482,8689,107.080306555974,-,-,-,-
8482,8690,107.080306555974,-,-,-,-
8482,8691,107.080306555974,-,-,-,-
8482,8692,107.080306555974,-,-,-,-
8482,8693,107.080306555974,-,-,-,-
8482,8694,107.080306555974,-,-,-,-
8482,8695,107.080306555974,-,-,-,-
8482,8696,107.080306555974,-,-,-,-
8482,8697,107.080306555974,-,-,-,-
8482,8698,107.080306555974,-,-,-,-
8482,8699,107.080306555974,-,-,-,-
8482,8700,107.080306555974,-,-,-,-
8482,8701,107.080306555974,-,-,-,-
8482,8702,107.080306555974,-,-,-,-
8482,8703,107.080306555974,-,-,-,-
8482,8704,107.080306555974,-,-,-,-
8482,8705,107.080306555974,-,-,-,-
8482,8706,107.080306555974,-,-,-,-
8482,8707,107.080306555974,-,-,-,-
8482,8708,107.080306555974,-,-,-,-
8482,8709,107.080306555974,-,-,-,-
8482,8710,107.080306555974,-,-,-,-
8482,8711,107.080306555974,-,-,-,-
8482,8712,107.080306555974,-,-,-,-
8482,8713,107.080306555974,-,-,-,-
8482,8714,107.080306555974,-,-,-,-
8482,8715,107.080306555974,-,-,-,-
8482,8716,107.080306555974,-,-,-,-
8482,8717,107.080306555974,-,-,-,-
8482,8718,107.080306555974,-,-,-,-
8482,8719,107.080306555974,-,-,-,-
8482,8720,107.080306555974,-,-,-,-
8482,8721,107.080306555974,-,-,-,-
8482,8722,107.080306555974,-,-,-,-
8482,8723,107.080306555974,-,-,-,-
8482,8724,107.080306555974,-,-,-,-
8482,8725,107.080306555974,-,-,-,-
8482,8726,107.080306555974,-,-,-,-
8482,8727,107.080306555974,-,-,-,-
8482,8728,107.080306555974,-,-,-,-
8482,8729,107.080306555974,-,-,-,-
8482,8730,107.080306555974,-,-,-,-
8482,8731,107.080306555974,-,-,-,-
8482,8732,107.080306555974,-,-,-,-
8482,8733,107.080306555974,-,-,-,-
8482,8734,107.080306555974,-,-,-,-
8482,8735,107.080306555974,-,-,-,-
8482,8736,107.080306555974,-,-,-,-
8482,8737,107.080306555974,-,-,-,-
8482,8738,107.080306555974,-,-,-,-
8482,8739,107.080306555974,-,-,-,-
8482,8740,107.080306555974,-,-,-,-
8482,8741,107.080306555974,-,-,-,-
8482,8742,107.080306555974,-,-,-,-
8482,8743,107.080306555974,-,-,-,-
8482,8744,107.080306555974,-,-,-,-
8482,8745,107.080306555974,-,-,-,-
8482,8746,107.080306555974,-,-,-,-
8482,8747,107.080306555974,-,-,-,-
8482,8748,107.080306555974,-,-,-,-
8482,8749,107.080306555974,-,-,-,-
8482,8750,107.080306555974,-,-,-,-
8482,8751,107.080306555974,-,-,-,-
8482,8752,107.080306555974,-,-,-,-
8482,8753,107.080306555974,-,-,-,-
8482,8754,107.080306555974,-,-,-,-
8482,8755,107.080306555974,-,-,-,-
8482,8756,107.080306555974,-,-,-,-
8482,8757,107.080306555974,-,-,-,-
8482,8758,107.080306555974,-,-,-,-
8482,8759,107.080306555974,-,-,-,-
8482,8760,107.080306555974,-,-,-,-
8482,8761,107.080306555974,-,-,-,-
8482,8762,107.080306555974,-,-,-,-
8482,8763,107.080306555974,-,-,-,-
8482,8764,107.080306555974,-,-,-,-
8482,8765,107.080306555974,-,-,-,-
8482,8766,107.080306555974,-,-,-,-
8482,8767,107.080306555974,-,-,-,-
8482,8768,107.080306555974,-,-,-,-
8482,8769,107.080306555974,-,-,-,-
8482,8770,107.080306555974,-,-,-,-
8482,8771,107.080306555974,-,-,-,-
8482,8772,107.080306555974,-,-,-,-
8482,8773,107.080306555974,-,-,-,-
8482,8774,107.080306555974,-,-,-,-
8482,8775,107.080306555974,-,-,-,-
8482,8776,107.080306555974,-,-,-,-
8482,8777,107.080306555974,-,-,-,-
8482,8778,107.080306555974,-,-,-,-
8482,8779,107.080306555974,-,-,-,-
8482,8780,107.080306555974,-,-,-,-
8482,8781,107.080306555974,-,-,-,-
8482,8782,107.080306555974,-,-,-,-
8482,8783,107.080306555974,-,-,-,-
8482,8784,107.080306555974,-,-,-,-
8482,8785,107.080306555974,-,-,-,-
8482,8786,107.080306555974,-,-,-,-
8483,8787,243.0018758645412,-,-,-,-
8484,8788,243.0018758645412,-,-,-,-
8485,8789,243.0018758645412,-,-,-,-
8486,8790,243.0018758645412,-,-,-,-
8487,8791,243.0018758645412,-,-,-,-
8488,8792,243.0018758645412,-,-,-,-
8489,8793,243.0018758645412,-,-,-,-
8490,8794,243.0018758645412,-,-,-,-
8491,8795,243.0018758645412,-,-,-,-
8492,8796,243.0018758645412,-,-,-,-
8493,8797,243.0018758645412,-,-,-,-
8494,8798,243.0018758645412,-,-,-,-
8495,8799,243.0018758645412,-,-,-,-
8496,8800,243.0018758645412,-,-,-,-
8497,8801,243.0018758645412,-,-,-,-
8498,8802,243.0018758645412,-,-,-,-
8499,8803,243.0018758645412,-,-,-,-
8500,8804,243.0018758645412,-,-,-,-
8501,8805,243.0018758645412,-,-,-,-
8502,8806,243.0018758645412,-,-,-,-
8503,8807,243.0018758645412,-,-,-,-
8504,8808,243.0018758645412,-,-,-,-
8505,8809,243.0018758645412,-,-,-,-
8506,8810,243.0018758645412,-,-,-,-
8507,8811,243.0018758645412,-,-,-,-
8508,8812,243.0018758645412,-,-,-,-
8509,8813,243.0018758645412,-,-,-,-
8510,8814,243.0018758645412,-,-,-,-
8511,8815,243.0018758645412,-,-,-,-
8512,8816,243.0018758645412,-,-,-,-
8513,8817,243.0018758645412,-,-,-,-
8514,8818,243.0018758645412,-,-,-,-
8515,8819,243.0018758645412,-,-,-,-
8516,8820,470.8633952386737,-,-,-,-
8517,8821,470.8633952386737,-,-,-,-
8518,8822,470.8633952386737,-,-,-,-
8519,8823,470.8633952386737,-,-,-,-
8520,8824,470.8633952386737,-,-,-,-
8521,8825,470.8633952386737,-,-,-,-
8522,8826,470.8633952386737,-,-,-,-
8523,8827,470.8633952386737,-,-,-,-
8524,8828,470.8633952386737,-,-,-,-
8525,8829,470.8633952386737,-,-,-,-
8526,8830,470.8633952386737,-,-,-,-
8527,8831,470.8633952386737,-,-,-,-
8528,8832,470.8633952386737,-,-,-,-
8529,8833,470.8633952386737,-,-,-,-
8530,8834,470.8633952386737,-,-,-,-
8531,8835,470.8633952386737,-,-,-,-
8532,8836,470.8633952386737,-,-,-,-
8533,8837,470.8633952386737,-,-,-,-
8534,8838,470.8633952386737,-,-,-,-
8535,8839,470.8633952386737,-,-,-,-
8536,8840,470.8633952386737,-,-,-,-
8537,8841,470.8633952386737,-,-,-,-
8538,8842,470.8633952386737,-,-,-,-
8539,8843,470.8633952386737,-,-,-,-
8540,8844,470.8633952386737,-,-,-,-
8541,8845,470.8633952386737,-,-,-,-
8542,8846,470.8633952386737,-,-,-,-
8543,8847,470.8633952386737,-,-,-,-
8544,8848,470.8633952386737,-,-,-,-
8545,8849,470.8633952386737,-,-,-,-
8546,8850,470.8633952386737,-,-,-,-
8547,8851,470.8633952386737,-,-,-,-
8548,8852,470.8633952386737,-,-,-,-
8549,8853,470.8633952386737,-,-,-,-
8550,8854,470.8633952386737,-,-,-,-
8551,8855,470.8633952386737,-,-,-,-
8552,8856,470.8633952386737,-,-,-,-
8553,8857,470.8633952386737,-,-,-,-
8554,8858,470.8633952386737,-,-,-,-
8555,8859,470.8633952386737,-,-,-,-
8556,8860,470.8633952386737,-,-,-,-
8557,8861,470.8633952386737,-,-,-,-
8558,8862,470.8633952386737,-,-,-,-
8559,8863,470.8633952386737,-,-,-,-
8560,8864,470.8633952386737,-,-,-,-
8561,8865,470.8633952386737,-,-,-,-
8562,8866,470.8633952386737,-,-,-,-
8563,8867,470.8633952386737,-,-,-,-
8564,8868,470.8633952386737,-,-,-,-
8565,8869,470.8633952386737,-,-,-,-
8566,8870,470.8633952386737,-,-,-,-
8567,8871,470.8633952386737,-,-,-,-
8568,8872,470.8633952386737,-,-,-,-
8569,8873,470.8633952386737,-,-,-,-
8570,8874,470.8633952386737,-,-,-,-
8571,8875,470.8633952386737,-,-,-,-
8572,8876,470.8633952386737,-,-,-,-
8573,8877,470.8633952386737,-,-,-,-
8574,8878,470.8633952386737,-,-,-,-
8575,8879,470.8633952386737,-,-,-,-
8576,8880,470.8633952386737,-,-,-,-
8577,8881,470.8633952386737,-,-,-,-
8578,8882,470.8633952386737,-,-,-,-
8579,8883,470.8633952386737,-,-,-,-
8580,8884,470.8633952386737,-,-,-,-
8581,8885,470.8633952386737,-,-,-,-
8582,8886,470.8633952386737,-,-,-,-
8583,8887,470.8633952386737,-,-,-,-
8584,8888,470.8633952386737,-,-,-,-
8585,8889,470.8633952386737,-,-,-,-
8586,8890,470.8633952386737,-,-,-,-
8587,8891,470.8633952386737,-,-,-,-
8588,8892,470.8633952386737,-,-,-,-
8589,8893,470.8633952386737,-,-,-,-
8590,8894,470.8633952386737,-,-,-,-
8591,8895,470.8633952386737,-,-,-,-
8592,8896,470.8633952386737,-,-,-,-
8593,8897,470.8633952386737,-,-,-,-
8594,8898,470.8633952386737,-,-,-,-
8595,8899,464.6265866702508,-,-,-,-
8596,8900,458.6295277490195,-,-,-,-
8597,8901,452.88174286784096,-,-,-,-
8598,8902,447.3928396163954,-,-,-,-
8599,8903,442.1724589730959,-,-,-,-
8600,8904,437.23021925055747,-,-,-,-
8601,8905,432.5756539551792,-,-,-,-
8602,8906,428.2181439183716,-,-,-,-
8603,8907,424.16684427748885,-,-,-,-
8604,8908,420.43060712207387,-,-,-,-
8605,8909,417.0179008664158,-,-,-,-
8606,8910,413.93672765087166,-,-,-,-
8607,8911,411.1945402979907,-,-,-,-
8608,8912,408.7981605397998,-,-,-,-
8609,8913,406.7537003738945,-,-,-,-
8610,8914,405.06648848339927,-,-,-,-
8611,8915,403.7410036570124,-,-,-,-
8612,8916,402.78081706178045,-,-,-,-
8613,8917,402.1885450497357,-,-,-,-
8614,8918,401.96581392299385,-,-,-,-
8615,8919,402.11323774977933,-,-,-,-
8616,8920,203.72127210277887,-,-,-,-
8617,8921,197.11947453629975,-,-,-,-
8618,8922,191.06927642361373,-,-,-,-
8619,8923,185.6246216478398,-,-,-,-
8620,8924,180.84021275161115,-,-,-,-
8621,8925,176.76966807536925,-,-,-,-
8622,8926,173.46325020645853,-,-,-,-
8623,8927,170.96529884799594,-,-,-,-
8624,8928,169.31160109533153,-,-,-,-
8625,8929,168.52701189432128,-,-,-,-
8626,8929,168.52701189432128,-,-,-,-
8627,8929,168.52701189432128,-,-,-,-
8628,8929,168.52701189432128,-,-,-,-
8629,8929,168.52701189432128,-,-,-,-
8630,8929,168.52701189432128,-,-,-,-
8631,8929,168.52701189432128,-,-,-,-
8632,8929,168.52701189432128,-,-,-,-
8633,8929,168.52701189432128,-,-,-,-
8634,8929,168.52701189432128,-,-,-,-
8635,8929,168.52701189432128,-,-,-,-
8636,8929,168.52701189432128,-,-,-,-
8637,8929,168.52701189432128,-,-,-,-
8638,8929,168.52701189432128,-,-,-,-
8639,8929,168.52701189432128,-,-,-,-
8640,8929,168.52701189432128,-,-,-,-
8641,8929,168.52701189432128,-,-,-,-
8642,8929,168.52701189432128,-,-,-,-
8643,8929,168.52701189432128,-,-,-,-
8644,8929,168.52701189432128,-,-,-,-
8645,8929,168.52701189432128,-,-,-,-
8646,8929,168.52701189432128,-,-,-,-
8647,8930,168.62366330938468,-,-,-,-
8648,8931,169.6000487470705,-,-,-,-
8649,8932,123.37049584608904,-,-,-,-
8650,8932,123.37049584608904,-,-,-,-
8651,8932,123.37049584608904,-,-,-,-
8652,8932,123.37049584608904,-,-,-,-
8653,8932,123.37049584608904,-,-,-,-
8654,8932,123.37049584608904,-,-,-,-
8655,8932,123.37049584608904,-,-,-,-
8656,8932,123.37049584608904,-,-,-,-
8657,8932,123.37049584608904,-,-,-,-
8658,8932,123.37049584608904,-,-,-,-
8659,8932,123.37049584608904,-,-,-,-
8660,8932,123.37049584608904,-,-,-,-
8661,8932,123.37049584608904,-,-,-,-
8662,8932,123.37049584608904,-,-,-,-
8663,8932,123.37049584608904,-,-,-,-
8664,8932,123.37049584608904,-,-,-,-
8665,8932,123.37049584608904,-,-,-,-
8666,8932,123.37049584608904,-,-,-,-
8667,8932,123.37049584608904,-,-,-,-
8668,8932,123.37049584608904,-,-,-,-
8669,8932,123.37049584608904,-,-,-,-
8670,8932,123.37049584608904,-,-,-,-
8671,8932,123.37049584608904,-,-,-,-
8672,8932,123.37049584608904,-,-,-,-
8673,8932,123.37049584608904,-,-,-,-
8674,8932,123.37049584608904,-,-,-,-
8675,8932,123.37049584608904,-,-,-,-
8676,8932,123.37049584608904,-,-,-,-
8677,8932,123.37049584608904,-,-,-,-
8678,8932,123.37049584608904,-,-,-,-
8679,8932,123.37049584608904,-,-,-,-
8680,8932,123.37049584608904,-,-,-,-
8681,8932,123.37049584608904,-,-,-,-
8682,8932,123.37049584608904,-,-,-,-
8683,8932,123.37049584608904,-,-,-,-
8684,8932,123.37049584608904,-,-,-,-
8685,8932,123.37049584608904,-,-,-,-
8686,8932,123.37049584608904,-,-,-,-
8687,8932,123.37049584608904,-,-,-,-
8688,8932,123.37049584608904,-,-,-,-
8689,8932,123.37049584608904,-,-,-,-
8690,8932,123.37049584608904,-,-,-,-
8691,8932,123.37049584608904,-,-,-,-
8692,8932,123.37049584608904,-,-,-,-
8693,8932,123.37049584608904,-,-,-,-
8694,8932,123.37049584608904,-,-,-,-
8695,8932,123.37049584608904,-,-,-,-
8696,8932,123.37049584608904,-,-,-,-
8697,8932,123.37049584608904,-,-,-,-
8698,8932,123.37049584608904,-,-,-,-
8699,8932,123.37049584608904,-,-,-,-
8700,8932,123.37049584608904,-,-,-,-
8701,8932,123.37049584608904,-,-,-,-
8702,8932,123.37049584608904,-,-,-,-
8703,8932,123.37049584608904,-,-,-,-
8704,8932,123.37049584608904,-,-,-,-
8705,8932,123.37049584608904,-,-,-,-
8706,8932,123.37049584608904,-,-,-,-
8707,8932,123.37049584608904,-,-,-,-
8708,8932,123.37049584608904,-,-,-,-
8709,8932,123.37049584608904,-,-,-,-
8710,8932,123.37049584608904,-,-,-,-
8711,8932,123.37049584608904,-,-,-,-
8712,8932,123.37049584608904,-,-,-,-
8713,8932,123.37049584608904,-,-,-,-
8714,8932,123.37049584608904,-,-,-,-
8715,8932,123.37049584608904,-,-,-,-
8716,8932,87.85769824940256,-,-,-,-
8717,8932,87.85769824940256,-,-,-,-
8718,8932,87.85769824940256,-,-,-,-
8719,8932,87.85769824940256,-,-,-,-
8720,8932,87.85769824940256,-,-,-,-
8721,8932,87.85769824940256,-,-,-,-
8722,8932,87.85769824940256,-,-,-,-
8723,8932,87.85769824940256,-,-,-,-
8724,8932,87.85769824940256,-,-,-,-
8725,8932,87.85769824940256,-,-,-,-
8726,8932,87.85769824940256,-,-,-,-
8727,8932,87.85769824940256,-,-,-,-
8728,8932,87.85769824940256,-,-,-,-
8729,8932,87.85769824940256,-,-,-,-
8730,8932,87.85769824940256,-,-,-,-
8731,8932,87.85769824940256,-,-,-,-
8732,8932,87.85769824940256,-,-,-,-
8733,8932,87.85769824940256,-,-,-,-
8734,8932,87.85769824940256,-,-,-,-
8735,8932,87.85769824940256,-,-,-,-
8736,8932,87.85769824940256,-,-,-,-
8737,8932,87.85769824940256,-,-,-,-
8738,8932,87.85769824940256,-,-,-,-
8739,8932,87.85769824940256,-,-,-,-
8740,8932,87.85769824940256,-,-,-,-
8741,8932,87.85769824940256,-,-,-,-
8742,8932,87.85769824940256,-,-,-,-
8743,8932,87.85769824940256,-,-,-,-
8744,8932,87.85769824940256,-,-,-,-
8745,8932,87.85769824940256,-,-,-,-
8746,8932,87.85769824940256,-,-,-,-
8747,8932,87.85769824940256,-,-,-,-
8748,8932,87.85769824940256,-,-,-,-
8749,8932,260.18167264645945,-,-,-,-
8750,8932,260.18167264645945,-,-,-,-
8751,8932,260.18167264645945,-,-,-,-
8752,8932,260.18167264645945,-,-,-,-
8753,8932,260.18167264645945,-,-,-,-
8754,8932,260.18167264645945,-,-,-,-
8755,8932,260.18167264645945,-,-,-,-
8756,8932,260.18167264645945,-,-,-,-
8757,8932,260.18167264645945,-,-,-,-
8758,8932,260.18167264645945,-,-,-,-
8759,8932,260.18167264645945,-,-,-,-
8760,8932,260.18167264645945,-,-,-,-
8761,8932,260.18167264645945,-,-,-,-
8762,8932,260.18167264645945,-,-,-,-
8763,8932,260.18167264645945,-,-,-,-
8764,8932,260.18167264645945,-,-,-,-
8765,8932,260.18167264645945,-,-,-,-
8766,8932,260.18167264645945,-,-,-,-
8767,8932,260.18167264645945,-,-,-,-
8768,8932,260.18167264645945,-,-,-,-
8769,8932,260.18167264645945,-,-,-,-
8770,8932,260.18167264645945,-,-,-,-
8771,8932,260.18167264645945,-,-,-,-
8772,8932,260.18167264645945,-,-,-,-
8773,8932,260.18167264645945,-,-,-,-
8774,8932,260.18167264645945,-,-,-,-
8775,8932,260.18167264645945,-,-,-,-
8776,8932,260.18167264645945,-,-,-,-
8777,8932,260.18167264645945,-,-,-,-
8778,8932,260.18167264645945,-,-,-,-
8779,8932,260.18167264645945,-,-,-,-
8780,8932,260.18167264645945,-,-,-,-
8781,8932,260.18167264645945,-,-,-,-
8782,8932,260.18167264645945,-,-,-,-
8783,8932,260.18167264645945,-,-,-,-
8784,8932,260.18167264645945,-,-,-,-
8785,8932,260.18167264645945,-,-,-,-
8786,8932,260.18167264645945,-,-,-,-
8787,8932,260.18167264645945,-,-,-,-
8788,8932,260.18167264645945,-,-,-,-
8789,8932,260.18167264645945,-,-,-,-
8790,8932,260.18167264645945,-,-,-,-
8791,8932,260.18167264645945,-,-,-,-
8792,8932,260.18167264645945,-,-,-,-
8793,8932,260.18167264645945,-,-,-,-
8794,8932,260.18167264645945,-,-,-,-
8795,8932,260.18167264645945,-,-,-,-
8796,8932,260.18167264645945,-,-,-,-
8797,8932,260.18167264645945,-,-,-,-
8798,8932,260.18167264645945,-,-,-,-
8799,8932,260.18167264645945,-,-,-,-
8800,8932,260.18167264645945,-,-,-,-
8801,8932,260.18167264645945,-,-,-,-
8802,8932,260.18167264645945,-,-,-,-
8803,8932,260.18167264645945,-,-,-,-
8804,8932,260.18167264645945,-,-,-,-
8805,8932,260.18167264645945,-,-,-,-
8806,8932,260.18167264645945,-,-,-,-
8807,8932,260.18167264645945,-,-,-,-
8808,8932,260.18167264645945,-,-,-,-
8809,8932,260.18167264645945,-,-,-,-
8810,8932,260.18167264645945,-,-,-,-
8811,8932,260.18167264645945,-,-,-,-
8812,8932,260.18167264645945,-,-,-,-
8813,8932,260.18167264645945,-,-,-,-
8814,8932,260.18167264645945,-,-,-,-
8815,8932,260.18167264645945,-,-,-,-
8816,8932,260.18167264645945,-,-,-,-
8817,8932,260.18167264645945,-,-,-,-
8818,8932,260.18167264645945,-,-,-,-
8819,8932,260.18167264645945,-,-,-,-
8820,8932,260.18167264645945,-,-,-,-
8821,8932,260.18167264645945,-,-,-,-
8822,8932,260.18167264645945,-,-,-,-
8823,8932,260.18167264645945,-,-,-,-
8824,8932,260.18167264645945,-,-,-,-
8825,8932,260.18167264645945,-,-,-,-
8826,8932,260.18167264645945,-,-,-,-
8827,8932,260.18167264645945,-,-,-,-
8828,8932,260.18167264645945,-,-,-,-
8829,8932,260.18167264645945,-,-,-,-
8830,8932,260.18167264645945,-,-,-,-
8831,8932,260.18167264645945,-,-,-,-
8832,8932,260.18167264645945,-,-,-,-
8833,8932,260.18167264645945,-,-,-,-
8834,8932,260.18167264645945,-,-,-,-
8835,8932,260.18167264645945,-,-,-,-
8836,8932,260.18167264645945,-,-,-,-
8837,8932,260.18167264645945,-,-,-,-
8838,8932,260.18167264645945,-,-,-,-
8839,8932,260.18167264645945,-,-,-,-
8840,8932,260.18167264645945,-,-,-,-
8841,8932,260.18167264645945,-,-,-,-
8842,8932,260.18167264645945,-,-,-,-
8843,8932,260.18167264645945,-,-,-,-
8844,8932,260.18167264645945,-,-,-,-
8845,8932,260.18167264645945,-,-,-,-
8846,8932,260.18167264645945,-,-,-,-
8847,8932,260.18167264645945,-,-,-,-
8848,8932,260.18167264645945,-,-,-,-
8849,8932,260.18167264645945,-,-,-,-
8850,8932,260.18167264645945,-,-,-,-
8851,8932,260.18167264645945,-,-,-,-
8852,8932,260.18167264645945,-,-,-,-
8853,8932,260.18167264645945,-,-,-,-
8854,8932,260.18167264645945,-,-,-,-
8855,8932,260.18167264645945,-,-,-,-
8856,8932,260.18167264645945,-,-,-,-
8857,8932,260.18167264645945,-,-,-,-
8858,8932,260.18167264645945,-,-,-,-
8859,8932,260.18167264645945,-,-,-,-
8860,8932,260.18167264645945,-,-,-,-
8861,8932,260.18167264645945,-,-,-,-
8862,8932,260.18167264645945,-,-,-,-
8863,8932,260.18167264645945,-,-,-,-
8864,8932,260.18167264645945,-,-,-,-
8865,8932,260.18167264645945,-,-,-,-
8866,8932,260.18167264645945,-,-,-,-
8867,8932,260.18167264645945,-,-,-,-
8868,8932,260.18167264645945,-,-,-,-
8869,8932,260.18167264645945,-,-,-,-
8870,8932,260.18167264645945,-,-,-,-
8871,8932,260.18167264645945,-,-,-,-
8872,8932,260.18167264645945,-,-,-,-
8873,8932,260.18167264645945,-,-,-,-
8874,8932,260.18167264645945,-,-,-,-
8875,8932,260.18167264645945,-,-,-,-
8876,8932,260.18167264645945,-,-,-,-
8877,8932,260.18167264645945,-,-,-,-
8878,8932,260.18167264645945,-,-,-,-
8879,8932,260.18167264645945,-,-,-,-
8880,8932,260.18167264645945,-,-,-,-
8881,8932,260.18167264645945,-,-,-,-
8882,8932,260.18167264645945,-,-,-,-
8883,8932,260.18167264645945,-,-,-,-
8884,8932,260.18167264645945,-,-,-,-
8885,8932,260.18167264645945,-,-,-,-
8886,8932,260.18167264645945,-,-,-,-
8887,8932,260.18167264645945,-,-,-,-
8888,8932,260.18167264645945,-,-,-,-
8889,8932,260.18167264645945,-,-,-,-
8890,8932,260.18167264645945,-,-,-,-
8891,8932,260.18167264645945,-,-,-,-
8892,8932,260.18167264645945,-,-,-,-
8893,8932,260.18167264645945,-,-,-,-
8894,8932,260.18167264645945,-,-,-,-
8895,8932,260.18167264645945,-,-,-,-
8896,8932,260.18167264645945,-,-,-,-
8897,8932,260.18167264645945,-,-,-,-
8898,8932,260.18167264645945,-,-,-,-
8899,8932,260.18167264645945,-,-,-,-
8900,8932,260.18167264645945,-,-,-,-
8901,8932,260.18167264645945,-,-,-,-
8902,8932,260.18167264645945,-,-,-,-
8903,8932,260.18167264645945,-,-,-,-
8904,8933,265.11950481607414,-,-,-,-
8905,8934,270.51774711470466,-,-,-,-
8906,8935,270.51774711470466,-,-,-,-
8907,8936,270.51774711470466,-,-,-,-
8908,8937,270.51774711470466,-,-,-,-
8909,8938,270.51774711470466,-,-,-,-
8910,8939,270.51774711470466,-,-,-,-
8911,8940,270.51774711470466,-,-,-,-
8912,8941,270.51774711470466,-,-,-,-
8913,8942,270.51774711470466,-,-,-,-
8914,8943,270.51774711470466,-,-,-,-
8915,8944,270.51774711470466,-,-,-,-
8916,8945,270.51774711470466,-,-,-,-
8917,8946,270.51774711470466,-,-,-,-
8918,8947,270.51774711470466,-,-,-,-
8919,8948,270.51774711470466,-,-,-,-
8920,8949,270.51774711470466,-,-,-,-
8921,8950,270.51774711470466,-,-,-,-
8922,8951,270.51774711470466,-,-,-,-
8923,8952,270.51774711470466,-,-,-,-
8924,8953,270.51774711470466,-,-,-,-
8925,8954,270.51774711470466,-,-,-,-
8926,8955,270.51774711470466,-,-,-,-
8927,8956,270.51774711470466,-,-,-,-
8928,8957,270.51774711470466,-,-,-,-
8929,8958,270.51774711470466,-,-,-,-
8930,8959,270.51774711470466,-,-,-,-
8931,8960,270.51774711470466,-,-,-,-
8932,8961,270.51774711470466,-,-,-,-
8933,8962,270.51774711470466,-,-,-,-
8934,8963,270.51774711470466,-,-,-,-
8935,8964,270.51774711470466,-,-,-,-
8936,8965,270.51774711470466,-,-,-,-
8937,8966,270.51774711470466,-,-,-,-
8938,8967,270.51774711470466,-,-,-,-
8939,8968,270.51774711470466,-,-,-,-
8940,8969,270.51774711470466,-,-,-,-
8941,8970,270.51774711470466,-,-,-,-
8942,8971,270.51774711470466,-,-,-,-
8943,8972,270.51774711470466,-,-,-,-
8944,8973,270.51774711470466,-,-,-,-
8945,8974,270.51774711470466,-,-,-,-
8946,8975,270.51774711470466,-,-,-,-
8947,8976,270.51774711470466,-,-,-,-
8948,8977,270.51774711470466,-,-,-,-
8949,8978,270.51774711470466,-,-,-,-
8950,8979,270.51774711470466,-,-,-,-
8951,8980,270.51774711470466,-,-,-,-
8952,8981,270.51774711470466,-,-,-,-
8953,8982,270.51774711470466,-,-,-,-
8954,8983,270.51774711470466,-,-,-,-
8955,8984,270.51774711470466,-,-,-,-
8956,8985,270.51774711470466,-,-,-,-
8957,8986,270.51774711470466,-,-,-,-
8958,8987,270.51774711470466,-,-,-,-
8959,8988,270.51774711470466,-,-,-,-
8960,8989,270.51774711470466,-,-,-,-
8961,8990,270.51774711470466,-,-,-,-
8962,8991,270.51774711470466,-,-,-,-
8963,8992,270.51774711470466,-,-,-,-
8964,8993,270.51774711470466,-,-,-,-
8965,8994,270.51774711470466,-,-,-,-
8966,8995,270.51774711470466,-,-,-,-
8967,8996,270.51774711470466,-,-,-,-
8968,8997,270.51774711470466,-,-,-,-
8969,8998,270.51774711470466,-,-,-,-
8970,8999,270.51774711470466,-,-,-,-
8971,9000,270.51774711470466,-,-,-,-
8972,9001,270.51774711470466,-,-,-,-
8973,9002,270.51774711470466,-,-,-,-
8974,9003,270.51774711470466,-,-,-,-
8975,9004,270.51774711470466,-,-,-,-
8976,9005,270.51774711470466,-,-,-,-
8977,9006,270.51774711470466,-,-,-,-
8978,9007,270.51774711470466,-,-,-,-
8979,9008,270.51774711470466,-,-,-,-
8980,9009,270.51774711470466,-,-,-,-
8981,9010,270.51774711470466,-,-,-,-
8982,9011,270.51774711470466,-,-,-,-
8983,9012,270.51774711470466,-,-,-,-
8984,9013,270.51774711470466,-,-,-,-
8985,9014,270.51774711470466,-,-,-,-
8986,9015,270.51774711470466,-,-,-,-
8987,9016,270.51774711470466,-,-,-,-
8988,9017,277.08458059686956,-,-,-,-
8989,9018,283.6738720874216,-,-,-,-
8990,9019,290.2840922365513,-,-,-,-
8991,9020,85.16823093222035,-,-,-,-
8992,9021,79.52767606721437,-,-,-,-
8993,9022,74.12599113117861,-,-,-,-
8994,9023,69.01928325987846,-,-,-,-
8995,9024,64.27789637375437,-,-,-,-
8996,9025,59.98851609068926,-,-,-,-
8997,9026,56.25463326065381,-,-,-,-
8998,9027,56.25463326065381,-,-,-,-
8999,9028,56.25463326065381,-,-,-,-
9000,9029,56.25463326065381,-,-,-,-
9001,9030,56.25463326065381,-,-,-,-
9002,9031,56.25463326065381,-,-,-,-
9003,9032,56.25463326065381,-,-,-,-
9004,9033,56.25463326065381,-,-,-,-
9005,9034,56.25463326065381,-,-,-,-
9006,9035,56.25463326065381,-,-,-,-
9007,9036,56.25463326065381,-,-,-,-
9008,9037,56.25463326065381,-,-,-,-
9009,9038,56.25463326065381,-,-,-,-
9010,9039,56.25463326065381,-,-,-,-
9011,9040,56.25463326065381,-,-,-,-
9012,9041,56.25463326065381,-,-,-,-
9013,9042,56.25463326065381,-,-,-,-
9014,9043,56.25463326065381,-,-,-,-
9015,9044,56.25463326065381,-,-,-,-
9016,9045,56.25463326065381,-,-,-,-
9017,9046,56.25463326065381,-,-,-,-
9018,9047,56.25463326065381,-,-,-,-
9019,9048,56.25463326065381,-,-,-,-
9020,9049,56.25463326065381,-,-,-,-
9021,9050,56.25463326065381,-,-,-,-
9022,9051,56.25463326065381,-,-,-,-
9023,9052,56.25463326065381,-,-,-,-
9024,9053,56.25463326065381,-,-,-,-
9025,9054,56.25463326065381,-,-,-,-
9026,9055,56.25463326065381,-,-,-,-
9027,9056,56.25463326065381,-,-,-,-
9028,9057,56.25463326065381,-,-,-,-
9029,9058,56.25463326065381,-,-,-,-
9030,9059,56.25463326065381,-,-,-,-
9031,9060,56.25463326065381,-,-,-,-
9032,9061,56.25463326065381,-,-,-,-
9033,9062,56.25463326065381,-,-,-,-
9034,9063,56.25463326065381,-,-,-,-
9035,9064,56.25463326065381,-,-,-,-
9036,9065,56.25463326065381,-,-,-,-
9037,9066,56.25463326065381,-,-,-,-
9038,9067,56.25463326065381,-,-,-,-
9039,9068,56.25463326065381,-,-,-,-
9040,9069,56.25463326065381,-,-,-,-
9041,9070,56.25463326065381,-,-,-,-
9042,9071,56.25463326065381,-,-,-,-
9043,9072,56.25463326065381,-,-,-,-
9044,9073,56.25463326065381,-,-,-,-
9045,9074,56.25463326065381,-,-,-,-
9046,9075,56.25463326065381,-,-,-,-
9047,9076,56.25463326065381,-,-,-,-
9048,9077,56.25463326065381,-,-,-,-
9049,9078,56.25463326065381,-,-,-,-
9050,9079,56.25463326065381,-,-,-,-
9051,9080,56.25463326065381,-,-,-,-
9052,9081,56.25463326065381,-,-,-,-
9053,9082,56.25463326065381,-,-,-,-
9054,9083,56.25463326065381,-,-,-,-
9055,9084,56.25463326065381,-,-,-,-
9056,9085,56.25463326065381,-,-,-,-
9057,9086,56.25463326065381,-,-,-,-
9058,9087,56.25463326065381,-,-,-,-
9059,9088,56.25463326065381,-,-,-,-
9060,9089,56.25463326065381,-,-,-,-
9061,9090,56.25463326065381,-,-,-,-
9062,9091,56.25463326065381,-,-,-,-
9063,9092,56.25463326065381,-,-,-,-
9064,9093,56.25463326065381,-,-,-,-
9065,9094,56.25463326065381,-,-,-,-
9066,9095,56.25463326065381,-,-,-,-
9067,9096,56.25463326065381,-,-,-,-
9068,9097,56.25463326065381,-,-,-,-
9069,9098,56.25463326065381,-,-,-,-
9070,9099,56.25463326065381,-,-,-,-
9071,9100,56.25463326065381,-,-,-,-
9072,9101,56.25463326065381,-,-,-,-
9073,9102,56.25463326065381,-,-,-,-
9074,9103,56.25463326065381,-,-,-,-
9075,9104,56.25463326065381,-,-,-,-
9076,9105,56.25463326065381,-,-,-,-
9077,9106,56.25463326065381,-,-,-,-
9078,9107,56.25463326065381,-,-,-,-
9079,9108,56.25463326065381,-,-,-,-
9080,9109,56.25463326065381,-,-,-,-
9081,9110,56.25463326065381,-,-,-,-
9082,9111,56.25463326065381,-,-,-,-
9083,9112,56.25463326065381,-,-,-,-
9084,9113,56.25463326065381,-,-,-,-
9085,9114,56.25463326065381,-,-,-,-
9086,9115,56.25463326065381,-,-,-,-
9087,9116,56.25463326065381,-,-,-,-
9088,9117,56.25463326065381,-,-,-,-
9089,9118,56.25463326065381,-,-,-,-
9090,9119,56.25463326065381,-,-,-,-
9091,9120,56.25463326065381,-,-,-,-
9092,9121,56.25463326065381,-,-,-,-
9093,9122,56.25463326065381,-,-,-,-
9094,9123,56.25463326065381,-,-,-,-
9095,9124,56.25463326065381,-,-,-,-
9096,9125,56.25463326065381,-,-,-,-
9097,9126,56.25463326065381,-,-,-,-
9098,9127,56.25463326065381,-,-,-,-
9099,9128,56.25463326065381,-,-,-,-
9100,9129,56.25463326065381,-,-,-,-
9101,9130,56.25463326065381,-,-,-,-
9102,9131,56.25463326065381,-,-,-,-
9103,9132,56.25463326065381,-,-,-,-
9104,9133,56.25463326065381,-,-,-,-
9105,9134,56.25463326065381,-,-,-,-
9106,9135,56.25463326065381,-,-,-,-
9107,9136,56.25463326065381,-,-,-,-
9108,9137,56.25463326065381,-,-,-,-
9109,9138,56.25463326065381,-,-,-,-
9110,9139,56.25463326065381,-,-,-,-
9111,9140,56.25463326065381,-,-,-,-
9112,9141,56.25463326065381,-,-,-,-
9113,9142,56.25463326065381,-,-,-,-
9114,9143,56.25463326065381,-,-,-,-
9115,9144,56.25463326065381,-,-,-,-
9116,9145,56.25463326065381,-,-,-,-
9117,9146,56.25463326065381,-,-,-,-
9118,9147,56.25463326065381,-,-,-,-
9119,9148,56.25463326065381,-,-,-,-
9120,9149,56.25463326065381,-,-,-,-
9121,9150,56.25463326065381,-,-,-,-
9122,9151,56.25463326065381,-,-,-,-
9123,9152,56.25463326065381,-,-,-,-
9124,9153,56.25463326065381,-,-,-,-
9125,9154,56.25463326065381,-,-,-,-
9126,9155,56.25463326065381,-,-,-,-
9127,9156,56.25463326065381,-,-,-,-
9128,9157,56.25463326065381,-,-,-,-
9129,9158,56.25463326065381,-,-,-,-
9130,9159,56.25463326065381,-,-,-,-
9131,9160,56.25463326065381,-,-,-,-
9132,9161,56.25463326065381,-,-,-,-
9133,9162,56.25463326065381,-,-,-,-
9134,9163,56.25463326065381,-,-,-,-
9135,9164,56.25463326065381,-,-,-,-
9136,9165,56.25463326065381,-,-,-,-
9137,9165,56.25463326065381,-,-,-,-
9138,9165,56.25463326065381,-,-,-,-
9139,9165,56.25463326065381,-,-,-,-
9140,9165,56.25463326065381,-,-,-,-
9141,9165,56.25463326065381,-,-,-,-
9142,9165,56.25463326065381,-,-,-,-
9143,9165,56.25463326065381,-,-,-,-
9144,9165,56.25463326065381,-,-,-,-
9145,9165,56.25463326065381,-,-,-,-
9146,9165,56.25463326065381,-,-,-,-
9147,9165,56.25463326065381,-,-,-,-
9148,9165,56.25463326065381,-,-,-,-
9149,9165,56.25463326065381,-,-,-,-
9150,9165,56.25463326065381,-,-,-,-
9151,9165,56.25463326065381,-,-,-,-
9152,9165,56.25463326065381,-,-,-,-
9153,9165,56.25463326065381,-,-,-,-
9154,9165,56.25463326065381,-,-,-,-
9155,9165,56.25463326065381,-,-,-,-
9156,9165,56.25463326065381,-,-,-,-
9157,9165,56.25463326065381,-,-,-,-
9158,9165,56.25463326065381,-,-,-,-
9159,9165,56.25463326065381,-,-,-,-
9160,9165,56.25463326065381,-,-,-,-
9161,9165,56.25463326065381,-,-,-,-
9162,9165,56.25463326065381,-,-,-,-
9163,9165,56.25463326065381,-,-,-,-
9164,9165,56.25463326065381,-,-,-,-
9165,9165,56.25463326065381,-,-,-,-
9166,9165,56.25463326065381,-,-,-,-
9167,9165,56.25463326065381,-,-,-,-
9168,9165,56.25463326065381,-,-,-,-
9169,9165,56.25463326065381,-,-,-,-
9170,9165,56.25463326065381,-,-,-,-
9171,9165,56.25463326065381,-,-,-,-
9172,9165,56.25463326065381,-,-,-,-
9173,9165,56.25463326065381,-,-,-,-
9174,9165,56.25463326065381,-,-,-,-
9175,9165,56.25463326065381,-,-,-,-
9176,9165,56.25463326065381,-,-,-,-
9177,9165,56.25463326065381,-,-,-,-
9178,9165,56.25463326065381,-,-,-,-
9179,9165,56.25463326065381,-,-,-,-
9180,9165,56.25463326065381,-,-,-,-
9181,9165,56.25463326065381,-,-,-,-
9182,9165,56.25463326065381,-,-,-,-
9183,9165,56.25463326065381,-,-,-,-
9184,9165,56.25463326065381,-,-,-,-
9185,9165,56.25463326065381,-,-,-,-
9186,9165,56.25463326065381,-,-,-,-
9187,9165,56.25463326065381,-,-,-,-
9188,9165,56.25463326065381,-,-,-,-
9189,9165,56.25463326065381,-,-,-,-
9190,9165,56.25463326065381,-,-,-,-
9191,9165,56.25463326065381,-,-,-,-
9192,9165,56.25463326065381,-,-,-,-
9193,9165,56.25463326065381,-,-,-,-
9194,9165,56.25463326065381,-,-,-,-
9195,9165,56.25463326065381,-,-,-,-
9196,9165,56.25463326065381,-,-,-,-
9197,9165,56.25463326065381,-,-,-,-
9198,9165,56.25463326065381,-,-,-,-
9199,9165,56.25463326065381,-,-,-,-
9200,9165,56.25463326065381,-,-,-,-
9201,9165,56.25463326065381,-,-,-,-
9202,9165,56.25463326065381,-,-,-,-
9203,9165,56.25463326065381,-,-,-,-
9204,9165,56.25463326065381,-,-,-,-
9205,9165,56.25463326065381,-,-,-,-
9206,9165,56.25463326065381,-,-,-,-
9207,9165,56.25463326065381,-,-,-,-
9208,9165,56.25463326065381,-,-,-,-
9209,9165,56.25463326065381,-,-,-,-
9210,9165,56.25463326065381,-,-,-,-
9211,9165,56.25463326065381,-,-,-,-
9212,9165,56.25463326065381,-,-,-,-
9213,9165,56.25463326065381,-,-,-,-
9214,9165,56.25463326065381,-,-,-,-
9215,9165,56.25463326065381,-,-,-,-
9216,9165,56.25463326065381,-,-,-,-
9217,9165,56.25463326065381,-,-,-,-
9218,9165,56.25463326065381,-,-,-,-
9219,9165,56.25463326065381,-,-,-,-
9220,9165,56.25463326065381,-,-,-,-
9221,9165,56.25463326065381,-,-,-,-
9222,9165,56.25463326065381,-,-,-,-
9223,9165,56.25463326065381,-,-,-,-
9224,9165,56.25463326065381,-,-,-,-
9225,9165,56.25463326065381,-,-,-,-
9226,9165,56.25463326065381,-,-,-,-
9227,9165,56.25463326065381,-,-,-,-
9228,9165,56.25463326065381,-,-,-,-
9229,9165,56.25463326065381,-,-,-,-
9230,9165,56.25463326065381,-,-,-,-
9231,9165,56.25463326065381,-,-,-,-
9232,9165,56.25463326065381,-,-,-,-
9233,9165,56.25463326065381,-,-,-,-
9234,9165,56.25463326065381,-,-,-,-
9235,9165,56.25463326065381,-,-,-,-
9236,9165,56.25463326065381,-,-,-,-
9237,9165,56.25463326065381,-,-,-,-
9238,9165,56.25463326065381,-,-,-,-
9239,9165,56.25463326065381,-,-,-,-
9240,9165,56.25463326065381,-,-,-,-
9241,9165,56.25463326065381,-,-,-,-
9242,9165,56.25463326065381,-,-,-,-
9243,9165,56.25463326065381,-,-,-,-
9244,9165,56.25463326065381,-,-,-,-
9245,9165,56.25463326065381,-,-,-,-
9246,9165,56.25463326065381,-,-,-,-
9247,9165,56.25463326065381,-,-,-,-
9248,9165,56.25463326065381,-,-,-,-
9249,9165,56.25463326065381,-,-,-,-
9250,9165,56.25463326065381,-,-,-,-
9251,9165,56.25463326065381,-,-,-,-
9252,9165,56.25463326065381,-,-,-,-
9253,9165,56.25463326065381,-,-,-,-
9254,9165,56.25463326065381,-,-,-,-
9255,9165,56.25463326065381,-,-,-,-
9256,9165,56.25463326065381,-,-,-,-
9257,9165,56.25463326065381,-,-,-,-
9258,9165,56.25463326065381,-,-,-,-
9259,9165,56.25463326065381,-,-,-,-
9260,9165,56.25463326065381,-,-,-,-
9261,9165,56.25463326065381,-,-,-,-
9262,9165,56.25463326065381,-,-,-,-
9263,9165,56.25463326065381,-,-,-,-
9264,9165,56.25463326065381,-,-,-,-
9265,9165,56.25463326065381,-,-,-,-
9266,9165,56.25463326065381,-,-,-,-
9267,9165,56.25463326065381,-,-,-,-
9268,9165,56.25463326065381,-,-,-,-
9269,9165,56.25463326065381,-,-,-,-
9270,9165,56.25463326065381,-,-,-,-
9271,9165,56.25463326065381,-,-,-,-
9272,9165,56.25463326065381,-,-,-,-
9273,9165,56.25463326065381,-,-,-,-
9274,9165,56.25463326065381,-,-,-,-
9275,9165,56.25463326065381,-,-,-,-
9276,9165,56.25463326065381,-,-,-,-
9277,9165,56.25463326065381,-,-,-,-
9278,9165,56.25463326065381,-,-,-,-
9279,9165,56.25463326065381,-,-,-,-
9280,9165,56.25463326065381,-,-,-,-
9281,9165,56.25463326065381,-,-,-,-
9282,9165,56.25463326065381,-,-,-,-
9283,9165,56.25463326065381,-,-,-,-
9284,9165,56.25463326065381,-,-,-,-
9285,9165,56.25463326065381,-,-,-,-
9286,9165,56.25463326065381,-,-,-,-
9287,9165,56.25463326065381,-,-,-,-
9288,9165,56.25463326065381,-,-,-,-
9289,9165,56.25463326065381,-,-,-,-
9290,9165,56.25463326065381,-,-,-,-
9291,9165,56.25463326065381,-,-,-,-
9292,9165,56.25463326065381,-,-,-,-
9293,9165,56.25463326065381,-,-,-,-
9294,9165,56.25463326065381,-,-,-,-
9295,9165,56.25463326065381,-,-,-,-
9296,9165,56.25463326065381,-,-,-,-
9297,9165,56.25463326065381,-,-,-,-
9298,9165,56.25463326065381,-,-,-,-
9299,9165,56.25463326065381,-,-,-,-
9300,9165,56.25463326065381,-,-,-,-
9301,9165,56.25463326065381,-,-,-,-
9302,9165,56.25463326065381,-,-,-,-
9303,9165,56.25463326065381,-,-,-,-
9304,9165,56.25463326065381,-,-,-,-
9305,9165,56.25463326065381,-,-,-,-
9306,9165,56.25463326065381,-,-,-,-
9307,9165,56.25463326065381,-,-,-,-
9308,9166,70.18358882076201,-,-,-,-
9309,9167,84.9009071002014,-,-,-,-
9310,9168,100.05931952255283,-,-,-,-
9311,9169,115.48526455959524,-,-,-,-
9312,9170,131.08432685751245,-,-,-,-
9313,9171,146.80133063149916,-,-,-,-
9314,9172,162.6020790545876,-,-,-,-
9315,9173,178.46432993955415,-,-,-,-
9316,9174,121.6338721530783,-,-,-,-
9317,9175,108.02646220970576,-,-,-,-
9318,9176,95.21507092022077,-,-,-,-
9319,9177,83.56661075659595,-,-,-,-
9320,9178,73.63506397464629,-,-,-,-
9321,9179,66.19775200080561,-,-,-,-
9322,9180,66.19775200080561,-,-,-,-
9323,9181,66.19775200080561,-,-,-,-
9324,9182,66.19775200080561,-,-,-,-
9325,9183,66.19775200080561,-,-,-,-
9326,9184,66.19775200080561,-,-,-,-
9327,9185,66.19775200080561,-,-,-,-
9328,9186,66.19775200080561,-,-,-,-
9329,9187,66.19775200080561,-,-,-,-
9330,9188,66.19775200080561,-,-,-,-
9331,9189,66.19775200080561,-,-,-,-
9332,9190,66.19775200080561,-,-,-,-
9333,9191,66.19775200080561,-,-,-,-
9334,9192,66.19775200080561,-,-,-,-
9335,9193,66.19775200080561,-,-,-,-
9336,9194,66.19775200080561,-,-,-,-
9337,9195,66.19775200080561,-,-,-,-
9338,9196,66.19775200080561,-,-,-,-
9339,9197,66.19775200080561,-,-,-,-
9340,9198,66.19775200080561,-,-,-,-
9341,9199,66.19775200080561,-,-,-,-
9342,9200,66.19775200080561,-,-,-,-
9343,9201,66.19775200080561,-,-,-,-
9344,9202,66.19775200080561,-,-,-,-
9345,9203,66.19775200080561,-,-,-,-
9346,9204,66.19775200080561,-,-,-,-
9347,9205,66.19775200080561,-,-,-,-
9348,9206,66.19775200080561,-,-,-,-
9349,9207,66.19775200080561,-,-,-,-
9349,9208,66.19775200080561,-,-,-,-
9349,9209,66.19775200080561,-,-,-,-
9349,9210,66.19775200080561,-,-,-,-
9349,9211,66.19775200080561,-,-,-,-
9349,9212,66.19775200080561,-,-,-,-
9349,9213,66.19775200080561,-,-,-,-
9349,9214,66.19775200080561,-,-,-,-
9349,9215,66.19775200080561,-,-,-,-
9349,9216,66.19775200080561,-,-,-,-
9349,9217,66.19775200080561,-,-,-,-
9349,9218,66.19775200080561,-,-,-,-
9349,9219,66.19775200080561,-,-,-,-
9349,9220,66.19775200080561,-,-,-,-
9349,9221,66.19775200080561,-,-,-,-
9349,9222,66.19775200080561,-,-,-,-
9349,9223,66.19775200080561,-,-,-,-
9349,9224,66.19775200080561,-,-,-,-
9349,9225,66.19775200080561,-,-,-,-
9349,9226,66.19775200080561,-,-,-,-
9349,9227,66.19775200080561,-,-,-,-
9349,9228,66.19775200080561,-,-,-,-
9349,9229,66.19775200080561,-,-,-,-
9349,9230,66.19775200080561,-,-,-,-
9349,9231,66.19775200080561,-,-,-,-
9349,9232,66.19775200080561,-,-,-,-
9349,9233,66.19775200080561,-,-,-,-
9349,9234,66.19775200080561,-,-,-,-
9349,9235,66.19775200080561,-,-,-,-
9349,9236,66.19775200080561,-,-,-,-
9349,9237,66.19775200080561,-,-,-,-
9349,9238,66.19775200080561,-,-,-,-
9349,9239,66.19775200080561,-,-,-,-
9349,9240,66.19775200080561,-,-,-,-
9349,9241,66.19775200080561,-,-,-,-
9349,9242,66.19775200080561,-,-,-,-
9349,9243,66.19775200080561,-,-,-,-
9349,9244,66.19775200080561,-,-,-,-
9349,9245,66.19775200080561,-,-,-,-
9349,9246,66.19775200080561,-,-,-,-
9349,9247,66.19775200080561,-,-,-,-
9349,9248,66.19775200080561,-,-,-,-
9349,9249,66.19775200080561,-,-,-,-
9349,9250,66.19775200080561,-,-,-,-
9349,9251,66.19775200080561,-,-,-,-
9349,9252,66.19775200080561,-,-,-,-
9349,9253,66.19775200080561,-,-,-,-
9349,9254,66.19775200080561,-,-,-,-
9349,9255,66.19775200080561,-,-,-,-
9349,9256,66.19775200080561,-,-,-,-
9349,9257,66.19775200080561,-,-,-,-
9349,9258,66.19775200080561,-,-,-,-
9349,9259,66.19775200080561,-,-,-,-
9349,9260,66.19775200080561,-,-,-,-
9349,9261,66.19775200080561,-,-,-,-
9349,9262,66.19775200080561,-,-,-,-
9349,9263,66.19775200080561,-,-,-,-
9349,9264,66.19775200080561,-,-,-,-
9349,9265,66.19775200080561,-,-,-,-
9349,9266,66.19775200080561,-,-,-,-
9349,9267,66.19775200080561,-,-,-,-
9349,9268,66.19775200080561,-,-,-,-
9349,9269,66.19775200080561,-,-,-,-
9349,9270,66.19775200080561,-,-,-,-
9349,9271,66.19775200080561,-,-,-,-
9349,9272,66.19775200080561,-,-,-,-
9349,9273,66.19775200080561,-,-,-,-
9349,9274,66.19775200080561,-,-,-,-
9349,9275,66.19775200080561,-,-,-,-
9349,9276,66.19775200080561,-,-,-,-
9349,9277,66.19775200080561,-,-,-,-
9349,9278,66.19775200080561,-,-,-,-
9349,9279,66.19775200080561,-,-,-,-
9349,9280,66.19775200080561,-,-,-,-
9349,9281,66.19775200080561,-,-,-,-
9349,9282,66.19775200080561,-,-,-,-
9349,9283,66.19775200080561,-,-,-,-
9349,9284,66.19775200080561,-,-,-,-
9349,9285,66.19775200080561,-,-,-,-
9349,9286,66.19775200080561,-,-,-,-
9349,9287,66.19775200080561,-,-,-,-
9349,9288,66.19775200080561,-,-,-,-
9349,9289,66.19775200080561,-,-,-,-
9349,9290,66.19775200080561,-,-,-,-
9349,9291,66.19775200080561,-,-,-,-
9349,9292,66.19775200080561,-,-,-,-
9349,9293,66.19775200080561,-,-,-,-
9349,9294,66.19775200080561,-,-,-,-
9349,9295,66.19775200080561,-,-,-,-
9349,9296,66.19775200080561,-,-,-,-
9349,9297,66.19775200080561,-,-,-,-
9349,9298,66.19775200080561,-,-,-,-
9349,9299,66.19775200080561,-,-,-,-
9349,9300,66.19775200080561,-,-,-,-
9349,9301,66.19775200080561,-,-,-,-
9349,9302,66.19775200080561,-,-,-,-
9349,9303,66.19775200080561,-,-,-,-
9349,9304,66.19775200080561,-,-,-,-
9349,9305,66.19775200080561,-,-,-,-
9349,9306,66.19775200080561,-,-,-,-
9349,9307,66.19775200080561,-,-,-,-
9349,9308,66.19775200080561,-,-,-,-
9349,9309,66.19775200080561,-,-,-,-
9349,9310,66.19775200080561,-,-,-,-
9349,9311,66.19775200080561,-,-,-,-
9349,9312,66.19775200080561,-,-,-,-
9349,9313,66.19775200080561,-,-,-,-
9349,9314,66.19775200080561,-,-,-,-
9349,9315,66.19775200080561,-,-,-,-
9349,9316,66.19775200080561,-,-,-,-
9349,9317,66.19775200080561,-,-,-,-
9349,9318,66.19775200080561,-,-,-,-
9349,9319,66.19775200080561,-,-,-,-
9349,9320,66.19775200080561,-,-,-,-
9349,9321,66.19775200080561,-,-,-,-
9349,9322,66.19775200080561,-,-,-,-
9349,9323,66.19775200080561,-,-,-,-
9349,9324,66.19775200080561,-,-,-,-
9349,9325,66.19775200080561,-,-,-,-
9349,9326,66.19775200080561,-,-,-,-
9349,9327,66.19775200080561,-,-,-,-
9350,9328,333.58281771917194,-,-,-,-
9351,9329,333.58281771917194,-,-,-,-
9352,9330,333.58281771917194,-,-,-,-
9353,9331,333.58281771917194,-,-,-,-
9354,9332,333.58281771917194,-,-,-,-
9355,9333,333.58281771917194,-,-,-,-
9356,9334,333.58281771917194,-,-,-,-
9357,9335,333.58281771917194,-,-,-,-
9358,9336,333.58281771917194,-,-,-,-
9359,9337,333.58281771917194,-,-,-,-
9360,9338,333.58281771917194,-,-,-,-
9361,9339,333.58281771917194,-,-,-,-
9362,9340,333.58281771917194,-,-,-,-
9363,9341,333.58281771917194,-,-,-,-
9364,9342,333.58281771917194,-,-,-,-
9365,9343,333.58281771917194,-,-,-,-
9366,9344,333.58281771917194,-,-,-,-
9367,9345,333.58281771917194,-,-,-,-
9368,9346,333.58281771917194,-,-,-,-
9369,9347,333.58281771917194,-,-,-,-
9370,9348,333.58281771917194,-,-,-,-
9371,9349,333.58281771917194,-,-,-,-
9372,9350,333.58281771917194,-,-,-,-
9373,9351,333.58281771917194,-,-,-,-
9374,9352,333.58281771917194,-,-,-,-
9375,9353,333.58281771917194,-,-,-,-
9376,9354,333.58281771917194,-,-,-,-
9377,9355,333.58281771917194,-,-,-,-
9378,9356,333.58281771917194,-,-,-,-
9379,9357,333.58281771917194,-,-,-,-
9380,9358,333.58281771917194,-,-,-,-
9381,9359,333.58281771917194,-,-,-,-
9382,9360,333.58281771917194,-,-,-,-
9383,9361,333.58281771917194,-,-,-,-
9384,9362,333.58281771917194,-,-,-,-
9385,9363,331.9525159605296,-,-,-,-
9386,9364,330.6825332448631,-,-,-,-
9387,9365,329.77703240159906,-,-,-,-
9388,9366,329.23902073056513,-,-,-,-
9389,9367,329.07030070987685,-,-,-,-
9390,9368,329.2714400196394,-,-,-,-
9391,9369,329.84176203382157,-,-,-,-
9392,9370,330.7793571494393,-,-,-,-
9393,9371,332.0811145134084,-,-,-,-
9394,9372,333.74277292907715,-,-,-,-
9395,9373,335.7589890292776,-,-,-,-
9396,9374,338.1234202346632,-,-,-,-
9397,9375,340.8288196060621,-,-,-,-
9398,9376,343.8671394631764,-,-,-,-
9399,9377,347.229640579206,-,-,-,-
9400,9378,350.9070038579914,-,-,-,-
9401,9379,354.8894416322797,-,-,-,-
9402,9380,359.16680605702015,-,-,-,-
9403,9381,363.728692475562,-,-,-,-
9404,9382,363.728692475562,-,-,-,-
9405,9383,363.728692475562,-,-,-,-
9406,9384,363.728692475562,-,-,-,-
9407,9385,363.728692475562,-,-,-,-
9408,9386,363.728692475562,-,-,-,-
9409,9387,363.728692475562,-,-,-,-
9410,9388,363.728692475562,-,-,-,-
9411,9389,363.728692475562,-,-,-,-
9412,9390,363.728692475562,-,-,-,-
9413,9391,363.728692475562,-,-,-,-
9414,9392,363.728692475562,-,-,-,-
9415,9393,363.728692475562,-,-,-,-
9416,9394,363.728692475562,-,-,-,-
9417,9395,363.728692475562,-,-,-,-
9418,9396,363.728692475562,-,-,-,-
9419,9397,363.728692475562,-,-,-,-
9420,9398,363.728692475562,-,-,-,-
9421,9399,363.728692475562,-,-,-,-
9422,9400,363.728692475562,-,-,-,-
9423,9401,363.728692475562,-,-,-,-
9424,9402,363.728692475562,-,-,-,-
9425,9403,363.728692475562,-,-,-,-
9426,9404,363.728692475562,-,-,-,-
9427,9405,363.728692475562,-,-,-,-
9428,9406,363.728692475562,-,-,-,-
9429,9407,363.728692475562,-,-,-,-
9430,9408,363.728692475562,-,-,-,-
9431,9409,363.728692475562,-,-,-,-
9432,9410,363.728692475562,-,-,-,-
9433,9411,363.728692475562,-,-,-,-
9434,9412,363.728692475562,-,-,-,-
9435,9413,363.728692475562,-,-,-,-
9436,9414,363.728692475562,-,-,-,-
9437,9415,363.728692475562,-,-,-,-
9438,9416,363.728692475562,-,-,-,-
9439,9417,363.728692475562,-,-,-,-
9440,9418,363.728692475562,-,-,-,-
9441,9419,363.728692475562,-,-,-,-
9442,9420,363.728692475562,-,-,-,-
9443,9421,363.728692475562,-,-,-,-
9444,9422,363.728692475562,-,-,-,-
9445,9423,363.728692475562,-,-,-,-
9446,9424,363.728692475562,-,-,-,-
9447,9425,363.728692475562,-,-,-,-
9448,9426,363.728692475562,-,-,-,-
9449,9427,363.728692475562,-,-,-,-
9450,9428,363.728692475562,-,-,-,-
9451,9429,363.728692475562,-,-,-,-
9452,9430,363.728692475562,-,-,-,-
9453,9431,363.728692475562,-,-,-,-
9454,9432,363.728692475562,-,-,-,-
9455,9433,363.728692475562,-,-,-,-
9456,9434,363.728692475562,-,-,-,-
9457,9435,363.728692475562,-,-,-,-
9458,9436,363.728692475562,-,-,-,-
9459,9437,363.728692475562,-,-,-,-
9460,9438,363.728692475562,-,-,-,-
9461,9439,363.728692475562,-,-,-,-
9462,9440,363.728692475562,-,-,-,-
9463,9441,363.728692475562,-,-,-,-
9464,9442,363.728692475562,-,-,-,-
9465,9443,363.728692475562,-,-,-,-
9466,9444,363.728692475562,-,-,-,-
9467,9445,363.728692475562,-,-,-,-
9468,9446,363.728692475562,-,-,-,-
9469,9447,363.728692475562,-,-,-,-
9470,9448,363.728692475562,-,-,-,-
9471,9449,363.728692475562,-,-,-,-
9472,9450,363.728692475562,-,-,-,-
9473,9451,363.728692475562,-,-,-,-
9474,9452,363.728692475562,-,-,-,-
9475,9453,363.728692475562,-,-,-,-
9476,9454,363.728692475562,-,-,-,-
9477,9455,363.728692475562,-,-,-,-
9478,9456,363.728692475562,-,-,-,-
9479,9457,363.728692475562,-,-,-,-
9480,9458,363.728692475562,-,-,-,-
9481,9459,363.728692475562,-,-,-,-
9482,9460,286.5102519234159,-,-,-,-
9483,9461,286.5102519234159,-,-,-,-
9484,9462,286.5102519234159,-,-,-,-
9485,9463,286.5102519234159,-,-,-,-
9486,9464,286.5102519234159,-,-,-,-
9487,9465,286.5102519234159,-,-,-,-
9488,9466,286.5102519234159,-,-,-,-
9489,9467,286.5102519234159,-,-,-,-
9490,9468,286.5102519234159,-,-,-,-
9491,9469,286.5102519234159,-,-,-,-
9492,9470,286.5102519234159,-,-,-,-
9493,9471,286.5102519234159,-,-,-,-
9494,9472,286.5102519234159,-,-,-,-
9495,9473,286.5102519234159,-,-,-,-
9496,9474,286.5102519234159,-,-,-,-
9497,9475,286.5102519234159,-,-,-,-
9498,9476,286.5102519234159,-,-,-,-
9499,9477,286.5102519234159,-,-,-,-
9500,9478,286.5102519234159,-,-,-,-
9501,9479,286.5102519234159,-,-,-,-
9502,9480,286.5102519234159,-,-,-,-
9503,9481,286.5102519234159,-,-,-,-
9504,9482,286.5102519234159,-,-,-,-
9505,9483,286.5102519234159,-,-,-,-
9506,9484,286.5102519234159,-,-,-,-
9507,9485,286.5102519234159,-,-,-,-
9508,9486,286.5102519234159,-,-,-,-
9509,9487,286.5102519234159,-,-,-,-
9510,9488,286.5102519234159,-,-,-,-
9511,9489,286.5102519234159,-,-,-,-
9512,9490,286.5102519234159,-,-,-,-
9513,9491,286.5102519234159,-,-,-,-
9514,9492,286.5102519234159,-,-,-,-
9515,9493,286.5102519234159,-,-,-,-
9516,9494,295.08678553428814,-,-,-,-
9517,9495,295.08678553428814,-,-,-,-
9518,9496,295.08678553428814,-,-,-,-
9519,9497,295.08678553428814,-,-,-,-
9520,9498,295.08678553428814,-,-,-,-
9521,9499,295.08678553428814,-,-,-,-
9522,9500,295.08678553428814,-,-,-,-
9523,9501,295.08678553428814,-,-,-,-
9524,9502,295.08678553428814,-,-,-,-
9525,9503,295.08678553428814,-,-,-,-
9526,9504,295.08678553428814,-,-,-,-
9527,9505,295.08678553428814,-,-,-,-
9528,9506,295.08678553428814,-,-,-,-
9529,9507,295.08678553428814,-,-,-,-
9530,9508,295.08678553428814,-,-,-,-
9531,9509,295.08678553428814,-,-,-,-
9532,9510,295.08678553428814,-,-,-,-
9533,9511,295.08678553428814,-,-,-,-
9534,9512,295.08678553428814,-,-,-,-
9535,9513,295.08678553428814,-,-,-,-
9536,9514,295.08678553428814,-,-,-,-
9537,9515,295.08678553428814,-,-,-,-
9538,9516,295.08678553428814,-,-,-,-
9539,9517,295.08678553428814,-,-,-,-
9540,9518,295.08678553428814,-,-,-,-
9541,9519,295.08678553428814,-,-,-,-
9542,9520,295.08678553428814,-,-,-,-
9543,9521,295.08678553428814,-,-,-,-
9544,9522,295.08678553428814,-,-,-,-
9545,9523,295.08678553428814,-,-,-,-
9546,9524,295.08678553428814,-,-,-,-
9547,9525,295.08678553428814,-,-,-,-
9548,9526,295.08678553428814,-,-,-,-
9549,9527,295.08678553428814,-,-,-,-
9550,9528,295.08678553428814,-,-,-,-
9551,9529,295.08678553428814,-,-,-,-
9552,9530,295.08678553428814,-,-,-,-
9553,9531,295.08678553428814,-,-,-,-
9554,9532,295.08678553428814,-,-,-,-
9555,9533,295.08678553428814,-,-,-,-
9556,9534,295.08678553428814,-,-,-,-
9557,9535,295.08678553428814,-,-,-,-
9558,9536,295.08678553428814,-,-,-,-
9559,9537,295.08678553428814,-,-,-,-
9560,9538,295.08678553428814,-,-,-,-
9561,9539,295.08678553428814,-,-,-,-
9562,9540,295.08678553428814,-,-,-,-
9563,9541,295.08678553428814,-,-,-,-
9564,9542,295.08678553428814,-,-,-,-
9565,9543,295.08678553428814,-,-,-,-
9566,9544,295.08678553428814,-,-,-,-
9567,9545,295.08678553428814,-,-,-,-
9568,9546,295.08678553428814,-,-,-,-
9569,9547,295.08678553428814,-,-,-,-
9570,9548,295.08678553428814,-,-,-,-
9571,9549,295.08678553428814,-,-,-,-
9572,9550,295.08678553428814,-,-,-,-
9573,9551,295.08678553428814,-,-,-,-
9574,9552,295.08678553428814,-,-,-,-
9575,9553,295.08678553428814,-,-,-,-
9576,9554,295.08678553428814,-,-,-,-
9577,9555,295.08678553428814,-,-,-,-
9578,9556,295.08678553428814,-,-,-,-
9579,9557,295.08678553428814,-,-,-,-
9580,9558,295.08678553428814,-,-,-,-
9581,9559,295.08678553428814,-,-,-,-
9582,9560,295.08678553428814,-,-,-,-
9583,9561,295.08678553428814,-,-,-,-
9584,9562,295.08678553428814,-,-,-,-
9585,9563,295.08678553428814,-,-,-,-
9586,9564,295.08678553428814,-,-,-,-
9587,9565,295.08678553428814,-,-,-,-
9588,9566,295.08678553428814,-,-,-,-
9589,9567,295.08678553428814,-,-,-,-
9590,9568,295.08678553428814,-,-,-,-
9591,9569,295.08678553428814,-,-,-,-
9592,9570,295.08678553428814,-,-,-,-
9593,9571,295.08678553428814,-,-,-,-
9594,9572,295.08678553428814,-,-,-,-
9595,9573,295.08678553428814,-,-,-,-
9596,9574,295.08678553428814,-,-,-,-
9597,9575,295.08678553428814,-,-,-,-
9598,9576,295.08678553428814,-,-,-,-
9599,9577,295.08678553428814,-,-,-,-
9600,9578,295.08678553428814,-,-,-,-
9601,9579,295.08678553428814,-,-,-,-
9602,9580,295.08678553428814,-,-,-,-
9603,9581,295.08678553428814,-,-,-,-
9604,9582,295.08678553428814,-,-,-,-
9605,9583,295.08678553428814,-,-,-,-
9606,9584,295.08678553428814,-,-,-,-
9607,9585,295.08678553428814,-,-,-,-
9608,9586,295.08678553428814,-,-,-,-
9609,9587,295.08678553428814,-,-,-,-
9610,9588,295.08678553428814,-,-,-,-
9611,9589,295.08678553428814,-,-,-,-
9612,9590,295.08678553428814,-,-,-,-
9613,9591,295.08678553428814,-,-,-,-
9614,9592,295.08678553428814,-,-,-,-
9615,9593,295.08678553428814,-,-,-,-
9616,9594,295.08678553428814,-,-,-,-
9617,9595,295.08678553428814,-,-,-,-
9618,9596,295.08678553428814,-,-,-,-
9619,9597,295.08678553428814,-,-,-,-
9620,9598,295.08678553428814,-,-,-,-
9621,9599,295.08678553428814,-,-,-,-
9622,9600,295.08678553428814,-,-,-,-
9623,9601,295.08678553428814,-,-,-,-
9624,9602,295.08678553428814,-,-,-,-
9625,9603,295.08678553428814,-,-,-,-
9626,9604,295.08678553428814,-,-,-,-
9627,9605,295.08678553428814,-,-,-,-
9628,9606,295.08678553428814,-,-,-,-
9629,9607,295.08678553428814,-,-,-,-
9630,9608,295.08678553428814,-,-,-,-
9631,9609,295.08678553428814,-,-,-,-
9632,9610,288.6244315649437,-,-,-,-
9633,9611,282.43553688481677,-,-,-,-
9634,9612,276.5384620530074,-,-,-,-
9635,9613,270.95226146661054,-,-,-,-
9636,9614,265.69654399916146,-,-,-,-
9637,9615,260.79129105920356,-,-,-,-
9638,9616,256.2566291660649,-,-,-,-
9639,9617,252.11255619421655,-,-,-,-
9640,9618,248.37862325492074,-,-,-,-
9641,9619,245.0735777052225,-,-,-,-
9642,9620,242.21497680462622,-,-,-,-
9643,9621,239.81878572725174,-,-,-,-
9644,9622,237.8989774818744,-,-,-,-
9645,9623,236.4671551952813,-,-,-,-
9646,9624,235.53221857184874,-,-,-,-
9647,9625,235.1000956711949,-,-,-,-
9648,9626,235.17355821569925,-,-,-,-
9649,9627,258.61415966159757,-,-,-,-
9650,9628,249.37104498458143,-,-,-,-
9651,9629,240.26749900044743,-,-,-,-
9652,9630,240.26749900044743,-,-,-,-
9653,9631,240.26749900044743,-,-,-,-
9654,9632,240.26749900044743,-,-,-,-
9655,9633,240.26749900044743,-,-,-,-
9656,9634,240.26749900044743,-,-,-,-
9657,9635,240.26749900044743,-,-,-,-
9658,9636,240.26749900044743,-,-,-,-
9659,9637,240.26749900044743,-,-,-,-
9660,9638,240.26749900044743,-,-,-,-
9661,9639,240.26749900044743,-,-,-,-
9662,9640,240.26749900044743,-,-,-,-
9663,9641,240.26749900044743,-,-,-,-
9664,9642,240.26749900044743,-,-,-,-
9665,9643,240.26749900044743,-,-,-,-
9666,9644,240.26749900044743,-,-,-,-
9667,9645,240.26749900044743,-,-,-,-
9668,9646,240.26749900044743,-,-,-,-
9669,9647,240.26749900044743,-,-,-,-
9670,9648,240.26749900044743,-,-,-,-
9671,9649,240.26749900044743,-,-,-,-
9672,9650,240.26749900044743,-,-,-,-
9673,9651,240.26749900044743,-,-,-,-
9674,9652,240.26749900044743,-,-,-,-
9675,9653,240.26749900044743,-,-,-,-
9676,9654,240.26749900044743,-,-,-,-
9677,9655,240.26749900044743,-,-,-,-
9678,9656,240.26749900044743,-,-,-,-
9679,9657,240.26749900044743,-,-,-,-
9680,9658,240.26749900044743,-,-,-,-
9681,9659,240.26749900044743,-,-,-,-
9682,9660,240.26749900044743,-,-,-,-
9683,9661,240.26749900044743,-,-,-,-
9684,9662,240.26749900044743,-,-,-,-
9685,9663,240.26749900044743,-,-,-,-
9686,9664,240.26749900044743,-,-,-,-
9687,9665,240.26749900044743,-,-,-,-
9688,9666,240.26749900044743,-,-,-,-
9689,9667,240.26749900044743,-,-,-,-
9690,9668,240.26749900044743,-,-,-,-
9691,9669,240.26749900044743,-,-,-,-
9692,9670,240.26749900044743,-,-,-,-
9693,9671,240.26749900044743,-,-,-,-
9694,9672,240.26749900044743,-,-,-,-
9695,9673,240.26749900044743,-,-,-,-
9696,9674,240.26749900044743,-,-,-,-
9697,9675,240.26749900044743,-,-,-,-
9698,9676,240.26749900044743,-,-,-,-
9699,9677,240.26749900044743,-,-,-,-
9700,9678,240.26749900044743,-,-,-,-
9701,9679,240.26749900044743,-,-,-,-
9702,9680,240.26749900044743,-,-,-,-
9703,9681,240.26749900044743,-,-,-,-
9704,9682,240.26749900044743,-,-,-,-
9705,9683,240.26749900044743,-,-,-,-
9706,9684,240.26749900044743,-,-,-,-
9707,9685,240.26749900044743,-,-,-,-
9708,9686,240.26749900044743,-,-,-,-
9709,9687,240.26749900044743,-,-,-,-
9710,9688,240.26749900044743,-,-,-,-
9711,9689,240.26749900044743,-,-,-,-
9712,9690,240.26749900044743,-,-,-,-
9713,9691,240.26749900044743,-,-,-,-
9714,9692,240.26749900044743,-,-,-,-
9715,9693,240.26749900044743,-,-,-,-
9716,9694,240.26749900044743,-,-,-,-
9717,9695,240.26749900044743,-,-,-,-
9718,9696,240.26749900044743,-,-,-,-
9719,9697,240.26749900044743,-,-,-,-
9720,9698,240.26749900044743,-,-,-,-
9721,9699,240.26749900044743,-,-,-,-
9722,9700,240.26749900044743,-,-,-,-
9723,9701,240.26749900044743,-,-,-,-
9724,9702,240.26749900044743,-,-,-,-
9725,9703,240.26749900044743,-,-,-,-
9726,9704,240.26749900044743,-,-,-,-
9727,9705,240.26749900044743,-,-,-,-
9728,9706,240.26749900044743,-,-,-,-
9729,9707,240.26749900044743,-,-,-,-
9730,9708,240.26749900044743,-,-,-,-
9731,9709,240.26749900044743,-,-,-,-
9732,9710,240.26749900044743,-,-,-,-
9733,9711,240.26749900044743,-,-,-,-
9734,9712,240.26749900044743,-,-,-,-
9735,9713,240.26749900044743,-,-,-,-
9736,9714,240.26749900044743,-,-,-,-
9737,9715,240.26749900044743,-,-,-,-
9738,9716,240.26749900044743,-,-,-,-
9739,9717,240.26749900044743,-,-,-,-
9740,9718,240.26749900044743,-,-,-,-
9741,9719,240.26749900044743,-,-,-,-
9742,9720,240.26749900044743,-,-,-,-
9743,9721,242.0603654806585,-,-,-,-
9744,9722,244.68998607670648,-,-,-,-
9745,9723,248.12975904694818,-,-,-,-
9746,9724,252.3465566479226,-,-,-,-
9747,9725,257.30217890316965,-,-,-,-
9748,9726,262.9548576723068,-,-,-,-
9749,9727,269.2606959203225,-,-,-,-
9750,9728,276.17495695739433,-,-,-,-
9751,9729,283.65315196949547,-,-,-,-
9752,9730,291.65190498765753,-,-,-,-
9753,9731,300.1295987278137,-,-,-,-
9754,9732,309.04682116306617,-,-,-,-
9755,9733,318.3666417801382,-,-,-,-
9756,9734,328.05474972116826,-,-,-,-
9757,9735,338.07948520985826,-,-,-,-
9758,9736,338.07948520985826,-,-,-,-
9759,9737,338.07948520985826,-,-,-,-
9760,9738,338.07948520985826,-,-,-,-
9761,9739,338.07948520985826,-,-,-,-
9762,9740,338.07948520985826,-,-,-,-
9763,9741,338.07948520985826,-,-,-,-
9764,9742,338.07948520985826,-,-,-,-
9765,9743,338.07948520985826,-,-,-,-
9766,9744,338.07948520985826,-,-,-,-
9767,9745,338.07948520985826,-,-,-,-
9768,9746,338.07948520985826,-,-,-,-
9769,9747,338.07948520985826,-,-,-,-
9770,9748,338.07948520985826,-,-,-,-
9771,9749,338.07948520985826,-,-,-,-
9772,9750,338.07948520985826,-,-,-,-
9773,9751,338.07948520985826,-,-,-,-
9774,9752,338.07948520985826,-,-,-,-
9775,9753,338.07948520985826,-,-,-,-
9776,9754,338.07948520985826,-,-,-,-
9777,9755,338.07948520985826,-,-,-,-
9778,9756,338.07948520985826,-,-,-,-
9779,9757,338.07948520985826,-,-,-,-
9780,9758,338.07948520985826,-,-,-,-
9781,9759,338.07948520985826,-,-,-,-
9782,9760,338.07948520985826,-,-,-,-
9783,9761,338.07948520985826,-,-,-,-
9784,9762,338.07948520985826,-,-,-,-
9785,9763,338.07948520985826,-,-,-,-
9786,9764,338.07948520985826,-,-,-,-
9787,9765,338.07948520985826,-,-,-,-
9788,9766,338.07948520985826,-,-,-,-
9789,9767,338.07948520985826,-,-,-,-
9790,9768,338.07948520985826,-,-,-,-
9791,9769,338.07948520985826,-,-,-,-
9792,9770,338.07948520985826,-,-,-,-
9793,9771,338.07948520985826,-,-,-,-
9794,9772,338.07948520985826,-,-,-,-
9795,9773,338.07948520985826,-,-,-,-
9796,9774,338.07948520985826,-,-,-,-
9797,9775,338.07948520985826,-,-,-,-
9798,9776,338.07948520985826,-,-,-,-
9799,9777,338.07948520985826,-,-,-,-
9800,9778,338.07948520985826,-,-,-,-
9801,9779,338.07948520985826,-,-,-,-
9802,9780,338.07948520985826,-,-,-,-
9803,9781,338.07948520985826,-,-,-,-
9804,9782,338.07948520985826,-,-,-,-
9805,9783,338.07948520985826,-,-,-,-
9806,9784,338.07948520985826,-,-,-,-
9807,9785,338.07948520985826,-,-,-,-
9808,9786,338.07948520985826,-,-,-,-
9809,9787,338.07948520985826,-,-,-,-
9810,9788,338.07948520985826,-,-,-,-
9811,9789,338.07948520985826,-,-,-,-
9812,9790,338.07948520985826,-,-,-,-
9813,9791,338.07948520985826,-,-,-,-
9814,9792,338.07948520985826,-,-,-,-
9815,9793,338.07948520985826,-,-,-,-
9816,9794,338.07948520985826,-,-,-,-
9817,9795,338.07948520985826,-,-,-,-
9818,9796,338.07948520985826,-,-,-,-
9819,9797,338.07948520985826,-,-,-,-
9820,9798,338.07948520985826,-,-,-,-
9821,9799,338.07948520985826,-,-,-,-
9822,9800,338.07948520985826,-,-,-,-
9823,9801,338.07948520985826,-,-,-,-
9824,9802,338.07948520985826,-,-,-,-
9825,9803,338.07948520985826,-,-,-,-
9826,9804,338.07948520985826,-,-,-,-
9827,9805,338.07948520985826,-,-,-,-
9828,9806,338.07948520985826,-,-,-,-
9829,9807,338.07948520985826,-,-,-,-
9830,9808,338.07948520985826,-,-,-,-
9831,9809,338.07948520985826,-,-,-,-
9832,9810,338.07948520985826,-,-,-,-
9833,9811,338.07948520985826,-,-,-,-
9834,9812,338.07948520985826,-,-,-,-
9835,9813,338.07948520985826,-,-,-,-
9836,9814,338.07948520985826,-,-,-,-
9837,9815,340.4453929376478,-,-,-,-
9838,9816,343.29285932428866,-,-,-,-
9839,9817,346.61001628846805,-,-,-,-
9840,9818,350.383524095823,-,-,-,-
9841,9819,354.5988141012235,-,-,-,-
9842,9820,359.2403351574678,-,-,-,-
9843,9821,364.29179552108405,-,-,-,-
9844,9822,369.73639339639084,-,-,-,-
9845,9823,375.5570307655495,-,-,-,-
9846,9824,381.73650670452116,-,-,-,-
9847,9825,388.2576878599775,-,-,-,-
9848,9826,395.10365507250174,-,-,-,-
9849,9827,402.25782622441903,-,-,-,-
9850,9828,409.7040562452479,-,-,-,-
9851,9829,417.42671582769276,-,-,-,-
9852,9830,425.41075081319616,-,-,-,-
9853,9831,433.6417244293624,-,-,-,-
9854,9832,442.1058446374179,-,-,-,-
9855,9833,450.78997881156147,-,-,-,-
9856,9834,459.6816578559137,-,-,-,-
9857,9835,468.7690716965704,-,-,-,-
9858,9836,478.0410578885847,-,-,-,-
9859,9837,487.4870848679788,-,-,-,-
9860,9838,497.0972311699116,-,-,-,-
9861,9839,506.86216173470166,-,-,-,-
9862,9840,516.7731022391035,-,-,-,-
9863,9841,516.7731022391035,-,-,-,-
9864,9842,516.7731022391035,-,-,-,-
9865,9843,516.7731022391035,-,-,-,-
9866,9844,516.7731022391035,-,-,-,-
9867,9845,516.7731022391035,-,-,-,-
9868,9846,516.7731022391035,-,-,-,-
9869,9847,516.7731022391035,-,-,-,-
9870,9848,516.7731022391035,-,-,-,-
9871,9849,516.7731022391035,-,-,-,-
9872,9850,516.7731022391035,-,-,-,-
9873,9851,516.7731022391035,-,-,-,-
9874,9852,516.7731022391035,-,-,-,-
9875,9853,516.7731022391035,-,-,-,-
9876,9854,516.7731022391035,-,-,-,-
9877,9855,516.7731022391035,-,-,-,-
9878,9856,516.7731022391035,-,-,-,-
9879,9857,516.7731022391035,-,-,-,-
9880,9858,516.7731022391035,-,-,-,-
9881,9859,516.7731022391035,-,-,-,-
9882,9860,516.7731022391035,-,-,-,-
9883,9861,415.3967514017751,-,-,-,-
9884,9862,415.3967514017751,-,-,-,-
9885,9863,415.3967514017751,-,-,-,-
9886,9864,415.3967514017751,-,-,-,-
9887,9865,415.3967514017751,-,-,-,-
9888,9866,415.3967514017751,-,-,-,-
9889,9867,415.3967514017751,-,-,-,-
9890,9868,415.3967514017751,-,-,-,-
9891,9869,415.3967514017751,-,-,-,-
9892,9870,415.3967514017751,-,-,-,-
9893,9871,415.3967514017751,-,-,-,-
9894,9872,415.3967514017751,-,-,-,-
9895,9873,415.3967514017751,-,-,-,-
9896,9874,415.3967514017751,-,-,-,-
9897,9875,415.3967514017751,-,-,-,-
9898,9876,415.3967514017751,-,-,-,-
9899,9877,415.3967514017751,-,-,-,-
9900,9878,415.3967514017751,-,-,-,-
9901,9879,415.3967514017751,-,-,-,-
9902,9880,415.3967514017751,-,-,-,-
9903,9881,415.3967514017751,-,-,-,-
9904,9882,415.3967514017751,-,-,-,-
9905,9883,415.3967514017751,-,-,-,-
9906,9884,415.3967514017751,-,-,-,-
9907,9885,415.3967514017751,-,-,-,-
9908,9886,415.3967514017751,-,-,-,-
9909,9887,415.3967514017751,-,-,-,-
9910,9888,415.3967514017751,-,-,-,-
9911,9889,415.3967514017751,-,-,-,-
9912,9890,415.3967514017751,-,-,-,-
9913,9891,415.3967514017751,-,-,-,-
9914,9892,415.3967514017751,-,-,-,-
9915,9893,415.3967514017751,-,-,-,-
9916,9894,415.3967514017751,-,-,-,-
9917,9895,415.3967514017751,-,-,-,-
9918,9896,415.3967514017751,-,-,-,-
9919,9897,415.3967514017751,-,-,-,-
9920,9898,415.3967514017751,-,-,-,-
9921,9899,415.3967514017751,-,-,-,-
9922,9900,415.3967514017751,-,-,-,-
9923,9901,415.3967514017751,-,-,-,-
9924,9902,415.3967514017751,-,-,-,-
9925,9903,415.3967514017751,-,-,-,-
9926,9904,415.3967514017751,-,-,-,-
9927,9905,415.3967514017751,-,-,-,-
9928,9906,415.3967514017751,-,-,-,-
9929,9907,415.3967514017751,-,-,-,-
9930,9908,415.3967514017751,-,-,-,-
9931,9909,415.3967514017751,-,-,-,-
9932,9910,415.3967514017751,-,-,-,-
9933,9911,415.3967514017751,-,-,-,-
9934,9912,415.3967514017751,-,-,-,-
9935,9913,415.3967514017751,-,-,-,-
9936,9914,415.3967514017751,-,-,-,-
9937,9915,415.3967514017751,-,-,-,-
9938,9916,415.3967514017751,-,-,-,-
9939,9917,415.3967514017751,-,-,-,-
9940,9918,415.3967514017751,-,-,-,-
9941,9919,415.3967514017751,-,-,-,-
9942,9920,415.3967514017751,-,-,-,-
9943,9921,415.3967514017751,-,-,-,-
9944,9922,415.3967514017751,-,-,-,-
9945,9923,415.3967514017751,-,-,-,-
9946,9924,415.3967514017751,-,-,-,-
9947,9925,415.3967514017751,-,-,-,-
9948,9926,415.3967514017751,-,-,-,-
9949,9927,415.3967514017751,-,-,-,-
9950,9928,415.3967514017751,-,-,-,-
9951,9929,415.3967514017751,-,-,-,-
9952,9930,415.3967514017751,-,-,-,-
9953,9931,415.3967514017751,-,-,-,-
9954,9932,415.3967514017751,-,-,-,-
9955,9933,415.3967514017751,-,-,-,-
9956,9934,415.3967514017751,-,-,-,-
9957,9935,415.3967514017751,-,-,-,-
9958,9936,415.3967514017751,-,-,-,-
9959,9937,415.3967514017751,-,-,-,-
9960,9938,415.3967514017751,-,-,-,-
9961,9939,415.3967514017751,-,-,-,-
9962,9940,415.3967514017751,-,-,-,-
9963,9941,415.3967514017751,-,-,-,-
9964,9942,415.3967514017751,-,-,-,-
9965,9943,415.3967514017751,-,-,-,-
9966,9944,415.3967514017751,-,-,-,-
9967,9945,415.3967514017751,-,-,-,-
9968,9946,415.3967514017751,-,-,-,-
9969,9947,415.3967514017751,-,-,-,-
9970,9948,415.3967514017751,-,-,-,-
9971,9949,415.3967514017751,-,-,-,-
9972,9950,415.3967514017751,-,-,-,-
9973,9951,408.8126956613121,-,-,-,-
9974,9952,402.25378032334976,-,-,-,-
9975,9953,395.72125546503014,-,-,-,-
9976,9954,389.21644988495837,-,-,-,-
9977,9955,382.74077688053785,-,-,-,-
9978,9956,376.2957404821662,-,-,-,-
9979,9957,369.8829421786879,-,-,-,-
9980,9958,363.50408817005103,-,-,-,-
9981,9959,357.1609971843994,-,-,-,-
9982,9960,350.85560889774246,-,-,-,-
9983,9961,344.5899929947087,-,-,-,-
9984,9962,338.3663589085326,-,-,-,-
9985,9963,332.18706627708906,-,-,-,-
9986,9964,326.0546361491846,-,-,-,-
9987,9965,326.0546361491846,-,-,-,-
9988,9966,326.0546361491846,-,-,-,-
9989,9967,326.0546361491846,-,-,-,-
9990,9968,326.0546361491846,-,-,-,-
9991,9969,326.0546361491846,-,-,-,-
9992,9970,326.0546361491846,-,-,-,-
9993,9971,326.0546361491846,-,-,-,-
9994,9972,326.0546361491846,-,-,-,-
9995,9973,326.0546361491846,-,-,-,-
9996,9974,326.0546361491846,-,-,-,-
9997,9975,326.0546361491846,-,-,-,-
9998,9976,326.0546361491846,-,-,-,-
9999,9977,326.0546361491846,-,-,-,-
10000,9978,326.0546361491846,-,-,-,-
10001,9979,326.0546361491846,-,-,-,-
10002,9980,326.0546361491846,-,-,-,-
10003,9981,326.0546361491846,-,-,-,-
10004,9982,326.0546361491846,-,-,-,-
10005,9983,326.0546361491846,-,-,-,-
10006,9984,326.0546361491846,-,-,-,-
10007,9985,326.0546361491846,-,-,-,-
10008,9986,326.0546361491846,-,-,-,-
10009,9987,326.0546361491846,-,-,-,-
10010,9988,326.0546361491846,-,-,-,-
10011,9989,326.0546361491846,-,-,-,-
10012,9990,326.0546361491846,-,-,-,-
10013,9991,326.0546361491846,-,-,-,-
10014,9992,326.0546361491846,-,-,-,-
10015,9993,326.0546361491846,-,-,-,-
10016,9994,326.0546361491846,-,-,-,-
10017,9995,326.0546361491846,-,-,-,-
10018,9996,326.0546361491846,-,-,-,-
10019,9997,326.0546361491846,-,-,-,-
10020,9998,326.0546361491846,-,-,-,-
10021,9999,326.0546361491846,-,-,-,-
10022,10000,326.0546361491846,-,-,-,-
10023,10001,326.0546361491846,-,-,-,-
10024,10002,326.0546361491846,-,-,-,-
10025,10003,326.0546361491846,-,-,-,-
10026,10004,326.0546361491846,-,-,-,-
10027,10005,326.0546361491846,-,-,-,-
10028,10006,326.0546361491846,-,-,-,-
10029,10007,326.0546361491846,-,-,-,-
10030,10008,326.0546361491846,-,-,-,-
10031,10009,326.0546361491846,-,-,-,-
10032,10010,326.0546361491846,-,-,-,-
10033,10011,326.0546361491846,-,-,-,-
10034,10012,326.0546361491846,-,-,-,-
10035,10013,326.0546361491846,-,-,-,-
10036,10014,326.0546361491846,-,-,-,-
10037,10015,326.0546361491846,-,-,-,-
10038,10016,326.0546361491846,-,-,-,-
10039,10017,326.0546361491846,-,-,-,-
10040,10018,326.0546361491846,-,-,-,-
10041,10019,326.0546361491846,-,-,-,-
10042,10020,326.0546361491846,-,-,-,-
10043,10021,326.0546361491846,-,-,-,-
10044,10022,326.0546361491846,-,-,-,-
10045,10023,326.0546361491846,-,-,-,-
10046,10024,326.0546361491846,-,-,-,-
10047,10025,326.0546361491846,-,-,-,-
10048,10026,326.0546361491846,-,-,-,-
10049,10027,326.0546361491846,-,-,-,-
10050,10028,326.0546361491846,-,-,-,-
10051,10029,326.0546361491846,-,-,-,-
10052,10030,326.0546361491846,-,-,-,-
10053,10031,326.0546361491846,-,-,-,-
10054,10032,326.0546361491846,-,-,-,-
10055,10033,326.0546361491846,-,-,-,-
10056,10034,326.0546361491846,-,-,-,-
10057,10035,326.0546361491846,-,-,-,-
10058,10036,326.0546361491846,-,-,-,-
10059,10037,326.0546361491846,-,-,-,-
10060,10038,326.0546361491846,-,-,-,-
10061,10039,326.0546361491846,-,-,-,-
10062,10040,326.0546361491846,-,-,-,-
10063,10041,326.0546361491846,-,-,-,-
10064,10042,326.0546361491846,-,-,-,-
10065,10043,326.0546361491846,-,-,-,-
10066,10044,326.0546361491846,-,-,-,-
10067,10045,326.0546361491846,-,-,-,-
10068,10046,326.0546361491846,-,-,-,-
10069,10047,326.0546361491846,-,-,-,-
10070,10048,326.0546361491846,-,-,-,-
10071,10049,326.0546361491846,-,-,-,-
10072,10050,326.0546361491846,-,-,-,-
10073,10051,326.0546361491846,-,-,-,-
10074,10052,326.0546361491846,-,-,-,-
10075,10053,326.0546361491846,-,-,-,-
10076,10054,326.0546361491846,-,-,-,-
10077,10055,326.0546361491846,-,-,-,-
10078,10056,326.0546361491846,-,-,-,-
10079,10057,326.0546361491846,-,-,-,-
10080,10058,326.0546361491846,-,-,-,-
10081,10059,326.0546361491846,-,-,-,-
10082,10060,326.0546361491846,-,-,-,-
10083,10061,326.0546361491846,-,-,-,-
10084,10062,326.0546361491846,-,-,-,-
10085,10063,326.0546361491846,-,-,-,-
10086,10064,326.0546361491846,-,-,-,-
10087,10065,326.0546361491846,-,-,-,-
10088,10066,326.0546361491846,-,-,-,-
10089,10067,326.0546361491846,-,-,-,-
10090,10068,326.0546361491846,-,-,-,-
10091,10069,326.0546361491846,-,-,-,-
10092,10070,326.0546361491846,-,-,-,-
10093,10071,326.0546361491846,-,-,-,-
10094,10072,316.79561742222444,-,-,-,-
10095,10073,307.6166284577313,-,-,-,-
10096,10074,298.52505156468465,-,-,-,-
10097,10075,289.52912140562916,-,-,-,-
10098,10076,280.63803607913826,-,-,-,-
10099,10077,271.8620824407443,-,-,-,-
10100,10078,263.2127767907604,-,-,-,-
10101,10079,254.70302174298894,-,-,-,-
10102,10080,246.3472795188502,-,-,-,-
10103,10081,238.16176097327164,-,-,-,-
10104,10082,230.16462820264823,-,-,-,-
10105,10083,222.3762064242912,-,-,-,-
10106,10084,214.81919773120123,-,-,-,-
10107,10085,207.51888508354378,-,-,-,-
10108,10086,200.50330930181536,-,-,-,-
10109,10087,200.50330930181536,-,-,-,-
10110,10088,200.50330930181536,-,-,-,-
10111,10089,200.50330930181536,-,-,-,-
10112,10090,200.50330930181536,-,-,-,-
10113,10091,200.50330930181536,-,-,-,-
10114,10092,200.50330930181536,-,-,-,-
10115,10093,200.50330930181536,-,-,-,-
10116,10094,200.50330930181536,-,-,-,-
10117,10095,200.50330930181536,-,-,-,-
10118,10096,200.50330930181536,-,-,-,-
10119,10097,200.50330930181536,-,-,-,-
10120,10098,200.50330930181536,-,-,-,-
10121,10099,200.50330930181536,-,-,-,-
10122,10100,200.50330930181536,-,-,-,-
10123,10101,200.50330930181536,-,-,-,-
10124,10102,200.50330930181536,-,-,-,-
10125,10103,200.50330930181536,-,-,-,-
10126,10104,200.50330930181536,-,-,-,-
10127,10105,200.50330930181536,-,-,-,-
10128,10106,200.50330930181536,-,-,-,-
10129,10107,200.50330930181536,-,-,-,-
10130,10108,200.50330930181536,-,-,-,-
10131,10109,200.50330930181536,-,-,-,-
10132,10110,200.50330930181536,-,-,-,-
10133,10111,200.50330930181536,-,-,-,-
10134,10112,200.50330930181536,-,-,-,-
10135,10113,200.50330930181536,-,-,-,-
10136,10114,200.50330930181536,-,-,-,-
10137,10115,200.50330930181536,-,-,-,-
10138,10116,200.50330930181536,-,-,-,-
10139,10117,200.50330930181536,-,-,-,-
10140,10118,200.50330930181536,-,-,-,-
10141,10119,200.50330930181536,-,-,-,-
10142,10120,200.50330930181536,-,-,-,-
10143,10121,200.50330930181536,-,-,-,-
10144,10122,200.50330930181536,-,-,-,-
10145,10123,200.50330930181536,-,-,-,-
10146,10124,200.50330930181536,-,-,-,-
10147,10125,200.50330930181536,-,-,-,-
10148,10126,200.50330930181536,-,-,-,-
10149,10127,200.50330930181536,-,-,-,-
10150,10128,200.50330930181536,-,-,-,-
10151,10129,200.50330930181536,-,-,-,-
10152,10130,200.50330930181536,-,-,-,-
10153,10131,200.50330930181536,-,-,-,-
10154,10132,200.50330930181536,-,-,-,-
10155,10133,200.50330930181536,-,-,-,-
10156,10134,200.50330930181536,-,-,-,-
10157,10135,200.50330930181536,-,-,-,-
10158,10136,200.50330930181536,-,-,-,-
10159,10137,200.50330930181536,-,-,-,-
10160,10138,200.50330930181536,-,-,-,-
10161,10139,200.50330930181536,-,-,-,-
10162,10140,200.50330930181536,-,-,-,-
10163,10141,200.50330930181536,-,-,-,-
10164,10142,200.50330930181536,-,-,-,-
10165,10143,200.50330930181536,-,-,-,-
10166,10144,200.50330930181536,-,-,-,-
10167,10145,200.50330930181536,-,-,-,-
10168,10146,200.50330930181536,-,-,-,-
10169,10147,200.50330930181536,-,-,-,-
10170,10148,200.50330930181536,-,-,-,-
10171,10149,200.50330930181536,-,-,-,-
10172,10150,200.50330930181536,-,-,-,-
10173,10151,200.50330930181536,-,-,-,-
10174,10152,200.50330930181536,-,-,-,-
10175,10153,200.50330930181536,-,-,-,-
10176,10154,200.50330930181536,-,-,-,-
10177,10155,200.50330930181536,-,-,-,-
10178,10156,200.50330930181536,-,-,-,-
10179,10157,200.50330930181536,-,-,-,-
10180,10158,200.50330930181536,-,-,-,-
10181,10159,200.50330930181536,-,-,-,-
10182,10160,200.50330930181536,-,-,-,-
10183,10161,200.50330930181536,-,-,-,-
10184,10162,200.50330930181536,-,-,-,-
10185,10163,200.50330930181536,-,-,-,-
10186,10164,200.50330930181536,-,-,-,-
10187,10165,200.50330930181536,-,-,-,-
10188,10166,200.50330930181536,-,-,-,-
10189,10167,200.50330930181536,-,-,-,-
10190,10168,200.50330930181536,-,-,-,-
10191,10169,200.50330930181536,-,-,-,-
10192,10170,200.50330930181536,-,-,-,-
10193,10171,200.50330930181536,-,-,-,-
10194,10172,200.50330930181536,-,-,-,-
10195,10173,200.50330930181536,-,-,-,-
10196,10174,200.50330930181536,-,-,-,-
10197,10175,200.50330930181536,-,-,-,-
10198,10176,200.50330930181536,-,-,-,-
10199,10177,200.50330930181536,-,-,-,-
10200,10178,200.50330930181536,-,-,-,-
10201,10179,200.50330930181536,-,-,-,-
10202,10180,200.50330930181536,-,-,-,-
10203,10181,200.50330930181536,-,-,-,-
10204,10182,200.50330930181536,-,-,-,-
10205,10183,200.50330930181536,-,-,-,-
10206,10184,200.50330930181536,-,-,-,-
10207,10185,200.50330930181536,-,-,-,-
10208,10186,200.50330930181536,-,-,-,-
10209,10187,200.50330930181536,-,-,-,-
10210,10188,200.50330930181536,-,-,-,-
10211,10189,200.50330930181536,-,-,-,-
10212,10190,200.50330930181536,-,-,-,-
10213,10191,200.50330930181536,-,-,-,-
10214,10192,200.50330930181536,-,-,-,-
10215,10193,200.50330930181536,-,-,-,-
10216,10194,200.50330930181536,-,-,-,-
10217,10195,200.50330930181536,-,-,-,-
10218,10196,200.50330930181536,-,-,-,-
10219,10197,200.50330930181536,-,-,-,-
10220,10198,200.50330930181536,-,-,-,-
10221,10199,200.50330930181536,-,-,-,-
10222,10200,200.50330930181536,-,-,-,-
10223,10201,200.50330930181536,-,-,-,-
10224,10202,195.40526736866016,-,-,-,-
10225,10203,190.76083663952417,-,-,-,-
10226,10204,186.6038903157178,-,-,-,-
10227,10205,182.9676577214271,-,-,-,-
10228,10206,179.8837192986782,-,-,-,-
10229,10207,177.38088389378805,-,-,-,-
10230,10208,175.48401716029,-,-,-,-
10231,10209,174.21291396460816,-,-,-,-
10232,10210,173.5813218953082,-,-,-,-
10233,10211,173.5962212588762,-,-,-,-
10234,10212,174.25744622642202,-,-,-,-
10235,10213,175.5576939382139,-,-,-,-
10236,10214,175.5576939382139,-,-,-,-
10237,10215,175.5576939382139,-,-,-,-
10238,10216,175.5576939382139,-,-,-,-
10239,10217,175.5576939382139,-,-,-,-
10240,10218,175.5576939382139,-,-,-,-
10241,10219,175.5576939382139,-,-,-,-
10242,10220,175.5576939382139,-,-,-,-
10243,10221,175.5576939382139,-,-,-,-
10244,10222,175.5576939382139,-,-,-,-
10245,10223,175.5576939382139,-,-,-,-
10246,10224,175.5576939382139,-,-,-,-
10247,10225,175.5576939382139,-,-,-,-
10248,10226,175.5576939382139,-,-,-,-
10249,10227,175.5576939382139,-,-,-,-
10250,10228,175.5576939382139,-,-,-,-
10251,10229,175.5576939382139,-,-,-,-
10252,10230,175.5576939382139,-,-,-,-
10253,10231,175.5576939382139,-,-,-,-
10254,10232,175.5576939382139,-,-,-,-
10255,10233,175.5576939382139,-,-,-,-
10256,10234,175.5576939382139,-,-,-,-
10257,10235,175.5576939382139,-,-,-,-
10258,10236,175.5576939382139,-,-,-,-
10259,10237,175.5576939382139,-,-,-,-
10260,10238,175.5576939382139,-,-,-,-
10261,10239,175.5576939382139,-,-,-,-
10262,10240,175.5576939382139,-,-,-,-
10263,10241,175.5576939382139,-,-,-,-
10264,10242,175.5576939382139,-,-,-,-
10265,10243,175.5576939382139,-,-,-,-
10266,10244,175.5576939382139,-,-,-,-
10267,10245,175.5576939382139,-,-,-,-
10268,10246,175.5576939382139,-,-,-,-
10269,10247,175.5576939382139,-,-,-,-
10270,10248,175.5576939382139,-,-,-,-
10271,10249,175.5576939382139,-,-,-,-
10272,10250,175.5576939382139,-,-,-,-
10273,10251,175.5576939382139,-,-,-,-
10274,10252,175.5576939382139,-,-,-,-
10275,10253,175.5576939382139,-,-,-,-
10276,10254,175.5576939382139,-,-,-,-
10277,10255,175.5576939382139,-,-,-,-
10278,10256,175.5576939382139,-,-,-,-
10279,10257,175.5576939382139,-,-,-,-
10280,10258,175.5576939382139,-,-,-,-
10281,10259,175.5576939382139,-,-,-,-
10282,10260,175.5576939382139,-,-,-,-
10283,10261,175.5576939382139,-,-,-,-
10284,10262,175.5576939382139,-,-,-,-
10285,10263,175.5576939382139,-,-,-,-
10286,10264,175.5576939382139,-,-,-,-
10287,10265,175.5576939382139,-,-,-,-
10288,10266,175.5576939382139,-,-,-,-
10289,10267,175.5576939382139,-,-,-,-
10290,10268,175.5576939382139,-,-,-,-
10291,10269,175.5576939382139,-,-,-,-
10292,10270,175.5576939382139,-,-,-,-
10293,10271,175.5576939382139,-,-,-,-
10294,10272,175.5576939382139,-,-,-,-
10295,10273,175.5576939382139,-,-,-,-
10296,10274,175.5576939382139,-,-,-,-
10297,10275,175.5576939382139,-,-,-,-
10298,10276,175.5576939382139,-,-,-,-
10299,10277,175.5576939382139,-,-,-,-
10300,10278,175.5576939382139,-,-,-,-
10301,10279,175.5576939382139,-,-,-,-
10302,10280,175.5576939382139,-,-,-,-
10303,10281,175.5576939382139,-,-,-,-
10304,10282,175.5576939382139,-,-,-,-
10305,10283,175.5576939382139,-,-,-,-
10306,10284,175.5576939382139,-,-,-,-
10307,10285,175.5576939382139,-,-,-,-
10308,10286,175.5576939382139,-,-,-,-
10309,10287,175.5576939382139,-,-,-,-
10310,10288,175.5576939382139,-,-,-,-
10311,10289,175.5576939382139,-,-,-,-
10312,10290,175.5576939382139,-,-,-,-
10313,10291,175.5576939382139,-,-,-,-
10314,10292,175.5576939382139,-,-,-,-
10315,10293,175.5576939382139,-,-,-,-
10316,10294,45.610198530429585,-,-,-,-
10317,10295,45.610198530429585,-,-,-,-
10318,10296,45.610198530429585,-,-,-,-
10319,10297,45.610198530429585,-,-,-,-
10320,10298,45.610198530429585,-,-,-,-
10321,10299,45.610198530429585,-,-,-,-
10322,10300,45.610198530429585,-,-,-,-
10323,10301,45.610198530429585,-,-,-,-
10324,10302,45.610198530429585,-,-,-,-
10325,10303,45.610198530429585,-,-,-,-
10326,10304,45.610198530429585,-,-,-,-
10327,10305,45.610198530429585,-,-,-,-
10328,10306,45.610198530429585,-,-,-,-
10329,10307,45.610198530429585,-,-,-,-
10330,10308,45.610198530429585,-,-,-,-
10331,10309,45.610198530429585,-,-,-,-
10332,10310,45.610198530429585,-,-,-,-
10333,10311,45.610198530429585,-,-,-,-
10334,10312,45.610198530429585,-,-,-,-
10335,10313,45.610198530429585,-,-,-,-
10336,10314,45.610198530429585,-,-,-,-
10337,10315,45.610198530429585,-,-,-,-
10338,10316,45.610198530429585,-,-,-,-
10339,10317,45.610198530429585,-,-,-,-
10340,10318,45.610198530429585,-,-,-,-
10341,10319,45.610198530429585,-,-,-,-
10342,10320,45.610198530429585,-,-,-,-
10343,10321,45.610198530429585,-,-,-,-
10344,10322,45.610198530429585,-,-,-,-
10345,10323,45.610198530429585,-,-,-,-
10346,10324,45.610198530429585,-,-,-,-
10347,10325,45.610198530429585,-,-,-,-
10348,10326,45.610198530429585,-,-,-,-
10349,10327,45.610198530429585,-,-,-,-
10349,10328,45.610198530429585,-,-,-,-
10349,10329,45.610198530429585,-,-,-,-
10349,10330,45.610198530429585,-,-,-,-
10349,10331,45.610198530429585,-,-,-,-
10349,10332,45.610198530429585,-,-,-,-
10349,10333,45.610198530429585,-,-,-,-
10349,10334,45.610198530429585,-,-,-,-
10349,10335,45.610198530429585,-,-,-,-
10349,10336,45.610198530429585,-,-,-,-
10349,10337,45.610198530429585,-,-,-,-
10349,10338,45.610198530429585,-,-,-,-
10349,10339,45.610198530429585,-,-,-,-
10349,10340,45.610198530429585,-,-,-,-
10349,10341,45.610198530429585,-,-,-,-
10349,10342,45.610198530429585,-,-,-,-
10349,10343,45.610198530429585,-,-,-,-
10349,10344,45.610198530429585,-,-,-,-
10349,10345,45.610198530429585,-,-,-,-
10349,10346,45.610198530429585,-,-,-,-
10349,10347,45.610198530429585,-,-,-,-
10349,10348,45.610198530429585,-,-,-,-
10349,10349,45.610198530429585,-,-,-,-
10349,10350,45.610198530429585,-,-,-,-
10349,10351,45.610198530429585,-,-,-,-
10349,10352,45.610198530429585,-,-,-,-
10349,10353,45.610198530429585,-,-,-,-
10349,10354,45.610198530429585,-,-,-,-
10349,10355,45.610198530429585,-,-,-,-
10349,10356,45.610198530429585,-,-,-,-
10349,10357,45.610198530429585,-,-,-,-
10349,10358,45.610198530429585,-,-,-,-
10349,10359,45.610198530429585,-,-,-,-
10349,10360,45.610198530429585,-,-,-,-
10349,10361,45.610198530429585,-,-,-,-
10349,10362,45.610198530429585,-,-,-,-
10349,10363,45.610198530429585,-,-,-,-
10349,10364,45.610198530429585,-,-,-,-
10349,10365,45.610198530429585,-,-,-,-
10349,10366,45.610198530429585,-,-,-,-
10349,10367,45.610198530429585,-,-,-,-
10349,10368,45.610198530429585,-,-,-,-
10349,10369,45.610198530429585,-,-,-,-
10349,10370,45.610198530429585,-,-,-,-
10349,10371,45.610198530429585,-,-,-,-
10349,10372,45.610198530429585,-,-,-,-
10349,10373,46.443042287308614,-,-,-,-
10349,10374,48.395468984117585,-,-,-,-
10349,10375,51.3399058614355,-,-,-,-
10349,10376,55.11759903974264,-,-,-,-
10349,10377,59.57023407984098,-,-,-,-
10349,10378,64.55830796361289,-,-,-,-
10349,10379,69.9673976956318,-,-,-,-
10349,10380,75.70731555040882,-,-,-,-
10350,10381,79.18229862222485,-,-,-,-
10351,10382,71.82681316540324,-,-,-,-
10352,10383,64.47359954487322,-,-,-,-
10353,10384,57.1235350921497,-,-,-,-
10354,10385,49.778014815296,-,-,-,-
10355,10386,42.43939833287013,-,-,-,-
10356,10387,35.11201471201339,-,-,-,-
10357,10388,27.804745958085505,-,-,-,-
10358,10389,20.539072345827076,-,-,-,-
10359,10390,13.382913069918338,-,-,-,-
10360,10391,6.697052039761525,-,-,-,-
10361,10392,4.370117182178975,-,-,-,-
10362,10393,10.091809388067908,-,-,-,-
10363,10394,10.091809388067908,-,-,-,-
10364,10395,10.091809388067908,-,-,-,-
10365,10396,10.091809388067908,-,-,-,-
10366,10397,10.091809388067908,-,-,-,-
10367,10398,10.091809388067908,-,-,-,-
10368,10399,10.091809388067908,-,-,-,-
10369,10400,10.091809388067908,-,-,-,-
10370,10401,10.091809388067908,-,-,-,-
10371,10402,10.091809388067908,-,-,-,-
10372,10403,10.091809388067908,-,-,-,-
10373,10404,10.091809388067908,-,-,-,-
10374,10405,10.091809388067908,-,-,-,-
10375,10406,10.091809388067908,-,-,-,-
10376,10407,10.091809388067908,-,-,-,-
10377,10408,10.091809388067908,-,-,-,-
10378,10409,10.091809388067908,-,-,-,-
10379,10410,10.091809388067908,-,-,-,-
10380,10411,10.091809388067908,-,-,-,-
10381,10412,10.091809388067908,-,-,-,-
10382,10413,10.091809388067908,-,-,-,-
10383,10414,10.091809388067908,-,-,-,-
10384,10415,10.091809388067908,-,-,-,-
10385,10416,10.091809388067908,-,-,-,-
10386,10417,10.091809388067908,-,-,-,-
10387,10418,10.091809388067908,-,-,-,-
10388,10419,10.091809388067908,-,-,-,-
10389,10420,10.091809388067908,-,-,-,-
10390,10421,10.091809388067908,-,-,-,-
10391,10422,10.091809388067908,-,-,-,-
10392,10423,10.091809388067908,-,-,-,-
10393,10424,10.091809388067908,-,-,-,-
10394,10425,10.091809388067908,-,-,-,-
10395,10426,10.091809388067908,-,-,-,-
10396,10427,10.091809388067908,-,-,-,-
10397,10428,10.091809388067908,-,-,-,-
10398,10429,10.091809388067908,-,-,-,-
10399,10430,10.091809388067908,-,-,-,-
10400,10431,10.091809388067908,-,-,-,-
10401,10432,10.091809388067908,-,-,-,-
10402,10433,10.091809388067908,-,-,-,-
10403,10434,10.091809388067908,-,-,-,-
10404,10435,10.091809388067908,-,-,-,-
10405,10436,10.091809388067908,-,-,-,-
10406,10437,10.091809388067908,-,-,-,-
10407,10438,10.091809388067908,-,-,-,-
10408,10439,10.091809388067908,-,-,-,-
10409,10440,10.091809388067908,-,-,-,-
10410,10441,10.091809388067908,-,-,-,-
10411,10442,10.091809388067908,-,-,-,-
10412,10443,10.091809388067908,-,-,-,-
10413,10444,10.091809388067908,-,-,-,-
10414,10445,10.091809388067908,-,-,-,-
10415,10446,10.091809388067908,-,-,-,-
10416,10447,10.091809388067908,-,-,-,-
10417,10448,10.091809388067908,-,-,-,-
10418,10449,10.091809388067908,-,-,-,-
10419,10450,10.091809388067908,-,-,-,-
10420,10451,10.091809388067908,-,-,-,-
10421,10452,10.091809388067908,-,-,-,-
10422,10453,10.091809388067908,-,-,-,-
10423,10454,10.091809388067908,-,-,-,-
10424,10455,10.091809388067908,-,-,-,-
10425,10456,10.091809388067908,-,-,-,-
10426,10457,10.091809388067908,-,-,-,-
10427,10458,10.091809388067908,-,-,-,-
10428,10459,10.091809388067908,-,-,-,-
10429,10460,10.091809388067908,-,-,-,-
10430,10461,10.091809388067908,-,-,-,-
10431,10462,10.091809388067908,-,-,-,-
10432,10463,10.091809388067908,-,-,-,-
10433,10464,10.091809388067908,-,-,-,-
10434,10465,10.091809388067908,-,-,-,-
10435,10466,10.091809388067908,-,-,-,-
10436,10467,10.091809388067908,-,-,-,-
10437,10468,10.091809388067908,-,-,-,-
10438,10469,10.091809388067908,-,-,-,-
10439,10470,10.091809388067908,-,-,-,-
10440,10471,10.091809388067908,-,-,-,-
10441,10472,10.091809388067908,-,-,-,-
10442,10473,10.091809388067908,-,-,-,-
10443,10474,10.091809388067908,-,-,-,-
10444,10475,10.091809388067908,-,-,-,-
10445,10476,10.091809388067908,-,-,-,-
10446,10477,10.091809388067908,-,-,-,-
10447,10478,10.091809388067908,-,-,-,-
10448,10479,10.091809388067908,-,-,-,-
10449,10480,10.091809388067908,-,-,-,-
10450,10481,10.091809388067908,-,-,-,-
10451,10482,10.091809388067908,-,-,-,-
10452,10483,10.091809388067908,-,-,-,-
10453,10484,10.091809388067908,-,-,-,-
10454,10485,10.091809388067908,-,-,-,-
10455,10486,10.091809388067908,-,-,-,-
10456,10487,10.091809388067908,-,-,-,-
10457,10488,10.091809388067908,-,-,-,-
10458,10489,10.091809388067908,-,-,-,-
10459,10490,10.091809388067908,-,-,-,-
10460,10491,10.091809388067908,-,-,-,-
10461,10492,10.091809388067908,-,-,-,-
10462,10493,10.091809388067908,-,-,-,-
10463,10494,10.091809388067908,-,-,-,-
10464,10495,10.091809388067908,-,-,-,-
10465,10496,10.091809388067908,-,-,-,-
10466,10497,10.091809388067908,-,-,-,-
10467,10498,10.091809388067908,-,-,-,-
10468,10499,10.091809388067908,-,-,-,-
10469,10500,10.091809388067908,-,-,-,-
10470,10501,10.091809388067908,-,-,-,-
10471,10502,10.091809388067908,-,-,-,-
10472,10503,10.091809388067908,-,-,-,-
10473,10504,10.091809388067908,-,-,-,-
10474,10505,10.091809388067908,-,-,-,-
10475,10506,10.091809388067908,-,-,-,-
10476,10507,10.091809388067908,-,-,-,-
10477,10508,10.091809388067908,-,-,-,-
10478,10509,10.091809388067908,-,-,-,-
10479,10510,10.091809388067908,-,-,-,-
10480,10511,10.091809388067908,-,-,-,-
10481,10512,10.091809388067908,-,-,-,-
10482,10513,10.091809388067908,-,-,-,-
10483,10514,10.091809388067908,-,-,-,-
10484,10515,10.091809388067908,-,-,-,-
10485,10516,10.091809388067908,-,-,-,-
10486,10517,10.091809388067908,-,-,-,-
10487,10518,10.091809388067908,-,-,-,-
10488,10519,10.091809388067908,-,-,-,-
10489,10520,10.091809388067908,-,-,-,-
10490,10521,10.091809388067908,-,-,-,-
10491,10522,10.091809388067908,-,-,-,-
10492,10523,10.091809388067908,-,-,-,-
10493,10524,10.091809388067908,-,-,-,-
10494,10525,10.091809388067908,-,-,-,-
10495,10526,10.091809388067908,-,-,-,-
10496,10527,10.091809388067908,-,-,-,-
10497,10528,10.091809388067908,-,-,-,-
10498,10529,10.091809388067908,-,-,-,-
10499,10530,10.091809388067908,-,-,-,-
10500,10531,10.091809388067908,-,-,-,-
10501,10532,10.091809388067908,-,-,-,-
10502,10533,10.091809388067908,-,-,-,-
10503,10534,10.091809388067908,-,-,-,-
10504,10535,10.091809388067908,-,-,-,-
10505,10536,10.091809388067908,-,-,-,-
10506,10537,10.091809388067908,-,-,-,-
10507,10538,10.091809388067908,-,-,-,-
10508,10539,10.091809388067908,-,-,-,-
10509,10540,10.091809388067908,-,-,-,-
10510,10541,10.091809388067908,-,-,-,-
10511,10542,10.091809388067908,-,-,-,-
10512,10543,10.091809388067908,-,-,-,-
10513,10544,10.091809388067908,-,-,-,-
10514,10545,10.091809388067908,-,-,-,-
10515,10546,10.091809388067908,-,-,-,-
10515,10547,10.091809388067908,-,-,-,-
10515,10548,10.091809388067908,-,-,-,-
10515,10549,10.091809388067908,-,-,-,-
10515,10550,10.091809388067908,-,-,-,-
10515,10551,10.091809388067908,-,-,-,-
10515,10552,10.091809388067908,-,-,-,-
10515,10553,10.091809388067908,-,-,-,-
10515,10554,10.091809388067908,-,-,-,-
10515,10555,10.091809388067908,-,-,-,-
10515,10556,10.091809388067908,-,-,-,-
10515,10557,10.091809388067908,-,-,-,-
10515,10558,10.091809388067908,-,-,-,-
10515,10559,10.091809388067908,-,-,-,-
10515,10560,10.091809388067908,-,-,-,-
10515,10561,10.091809388067908,-,-,-,-
10515,10562,10.091809388067908,-,-,-,-
10515,10563,10.091809388067908,-,-,-,-
10515,10564,5.840691779570174,-,-,-,-
10515,10565,20.608072015663716,-,-,-,-
10515,10566,35.68727324889963,-,-,-,-
10515,10567,50.80137989937354,-,-,-,-
10515,10568,65.92638937041315,-,-,-,-
10515,10569,81.05619852397574,-,-,-,-
10515,10570,96.18854251363298,-,-,-,-
10515,10571,111.32238764343776,-,-,-,-
10515,10572,126.45719496483648,-,-,-,-
10515,10573,141.5926559328326,-,-,-,-
10516,10574,132.59590621139415,-,-,-,-
10517,10575,122.57983592646745,-,-,-,-
10518,10576,113.70254128865596,-,-,-,-
10519,10577,106.2498447210035,-,-,-,-
10520,10578,100.53905210899993,-,-,-,-
10521,10579,96.87869932402607,-,-,-,-
10522,10580,95.50483576476057,-,-,-,-
10523,10581,96.51515328793059,-,-,-,-
10524,10582,99.83729694824268,-,-,-,-
10525,10583,105.25258570538973,-,-,-,-
10526,10584,112.45904864175787,-,-,-,-
10527,10585,121.13743572136615,-,-,-,-
10528,10586,130.99553020193832,-,-,-,-
10529,10587,141.7874797738707,-,-,-,-
10530,10588,153.3162085246196,-,-,-,-
10531,10589,153.3162085246196,-,-,-,-
10532,10590,153.3162085246196,-,-,-,-
10533,10591,153.3162085246196,-,-,-,-
10534,10592,153.3162085246196,-,-,-,-
10535,10593,153.3162085246196,-,-,-,-
10536,10594,153.3162085246196,-,-,-,-
10537,10595,153.3162085246196,-,-,-,-
10538,10596,153.3162085246196,-,-,-,-
10539,10597,153.3162085246196,-,-,-,-
10540,10598,153.3162085246196,-,-,-,-
10541,10599,153.3162085246196,-,-,-,-
10542,10600,153.3162085246196,-,-,-,-
10543,10601,153.3162085246196,-,-,-,-
10544,10602,153.3162085246196,-,-,-,-
10545,10603,153.3162085246196,-,-,-,-
10546,10604,153.3162085246196,-,-,-,-
10547,10605,153.3162085246196,-,-,-,-
10548,10606,153.3162085246196,-,-,-,-
10549,10607,153.3162085246196,-,-,-,-
10549,10608,153.3162085246196,-,-,-,-
10549,10609,153.3162085246196,-,-,-,-
10549,10610,153.3162085246196,-,-,-,-
10549,10611,153.3162085246196,-,-,-,-
10549,10612,153.3162085246196,-,-,-,-
10549,10613,153.3162085246196,-,-,-,-
10549,10614,153.3162085246196,-,-,-,-
10549,10615,153.3162085246196,-,-,-,-
10549,10616,153.3162085246196,-,-,-,-
10549,10617,153.3162085246196,-,-,-,-
10549,10618,153.3162085246196,-,-,-,-
10549,10619,153.3162085246196,-,-,-,-
10549,10620,153.3162085246196,-,-,-,-
10549,10621,153.3162085246196,-,-,-,-
10549,10622,153.3162085246196,-,-,-,-
10549,10623,153.3162085246196,-,-,-,-
10549,10624,153.3162085246196,-,-,-,-
10549,10625,153.3162085246196,-,-,-,-
10549,10626,153.3162085246196,-,-,-,-
10549,10627,153.3162085246196,-,-,-,-
10549,10628,153.3162085246196,-,-,-,-
10549,10629,153.3162085246196,-,-,-,-
10549,10630,153.3162085246196,-,-,-,-
10549,10631,153.3162085246196,-,-,-,-
10549,10632,153.3162085246196,-,-,-,-
10549,10633,153.3162085246196,-,-,-,-
10549,10634,153.3162085246196,-,-,-,-
10549,10635,153.3162085246196,-,-,-,-
10549,10636,153.3162085246196,-,-,-,-
10549,10637,153.3162085246196,-,-,-,-
10549,10638,153.3162085246196,-,-,-,-
10549,10639,153.3162085246196,-,-,-,-
10549,10640,153.3162085246196,-,-,-,-
10549,10641,153.3162085246196,-,-,-,-
10549,10642,153.3162085246196,-,-,-,-
10549,10643,153.3162085246196,-,-,-,-
10549,10644,153.3162085246196,-,-,-,-
10549,10645,153.3162085246196,-,-,-,-
10549,10646,153.3162085246196,-,-,-,-
10549,10647,153.3162085246196,-,-,-,-
10549,10648,153.3162085246196,-,-,-,-
10549,10649,153.3162085246196,-,-,-,-
10549,10650,153.3162085246196,-,-,-,-
10549,10651,153.3162085246196,-,-,-,-
10549,10652,153.3162085246196,-,-,-,-
10549,10653,153.3162085246196,-,-,-,-
10549,10654,153.3162085246196,-,-,-,-
10549,10655,153.3162085246196,-,-,-,-
10549,10656,153.3162085246196,-,-,-,-
10549,10657,153.3162085246196,-,-,-,-
10549,10658,153.3162085246196,-,-,-,-
10549,10659,153.3162085246196,-,-,-,-
10549,10660,153.3162085246196,-,-,-,-
10549,10661,153.3162085246196,-,-,-,-
10549,10662,153.3162085246196,-,-,-,-
10549,10663,153.3162085246196,-,-,-,-
10549,10664,153.3162085246196,-,-,-,-
10549,10665,153.3162085246196,-,-,-,-
10549,10666,153.3162085246196,-,-,-,-
10549,10667,153.3162085246196,-,-,-,-
10549,10668,153.3162085246196,-,-,-,-
10549,10669,153.3162085246196,-,-,-,-
10549,10670,153.3162085246196,-,-,-,-
10549,10671,153.3162085246196,-,-,-,-
10549,10672,153.3162085246196,-,-,-,-
10549,10673,153.3162085246196,-,-,-,-
10549,10674,153.3162085246196,-,-,-,-
10549,10675,153.3162085246196,-,-,-,-
10549,10676,153.3162085246196,-,-,-,-
10549,10677,153.3162085246196,-,-,-,-
10549,10678,153.3162085246196,-,-,-,-
10549,10679,153.3162085246196,-,-,-,-
10549,10680,153.3162085246196,-,-,-,-
10549,10681,153.3162085246196,-,-,-,-
10549,10682,153.3162085246196,-,-,-,-
10549,10683,153.3162085246196,-,-,-,-
10549,10684,153.3162085246196,-,-,-,-
10549,10685,153.3162085246196,-,-,-,-
10549,10686,153.3162085246196,-,-,-,-
10549,10687,153.3162085246196,-,-,-,-
10549,10688,153.3162085246196,-,-,-,-
10549,10689,153.3162085246196,-,-,-,-
10549,10690,153.3162085246196,-,-,-,-
10549,10691,153.3162085246196,-,-,-,-
10549,10692,153.3162085246196,-,-,-,-
10549,10693,153.3162085246196,-,-,-,-
10549,10694,153.3162085246196,-,-,-,-
10549,10695,153.3162085246196,-,-,-,-
10549,10696,153.3162085246196,-,-,-,-
10549,10697,153.3162085246196,-,-,-,-
10549,10698,153.3162085246196,-,-,-,-
10549,10699,153.3162085246196,-,-,-,-
10549,10700,153.3162085246196,-,-,-,-
10549,10701,153.3162085246196,-,-,-,-
10549,10702,153.3162085246196,-,-,-,-
10549,10703,153.3162085246196,-,-,-,-
10549,10704,153.3162085246196,-,-,-,-
10549,10705,153.3162085246196,-,-,-,-
10549,10706,153.3162085246196,-,-,-,-
10549,10707,153.3162085246196,-,-,-,-
10549,10708,153.3162085246196,-,-,-,-
10549,10709,153.3162085246196,-,-,-,-
10549,10710,153.3162085246196,-,-,-,-
10549,10711,153.3162085246196,-,-,-,-
10549,10712,153.3162085246196,-,-,-,-
10549,10713,153.3162085246196,-,-,-,-
10549,10714,153.3162085246196,-,-,-,-
10549,10715,153.3162085246196,-,-,-,-
10549,10716,153.3162085246196,-,-,-,-
10549,10717,153.3162085246196,-,-,-,-
10549,10718,153.3162085246196,-,-,-,-
10549,10719,153.3162085246196,-,-,-,-
10549,10720,153.3162085246196,-,-,-,-
10549,10721,153.3162085246196,-,-,-,-
10549,10722,153.3162085246196,-,-,-,-
10549,10723,153.3162085246196,-,-,-,-
10549,10724,153.3162085246196,-,-,-,-
10549,10725,153.3162085246196,-,-,-,-
10549,10726,153.3162085246196,-,-,-,-
10549,10727,153.3162085246196,-,-,-,-
10549,10728,153.3162085246196,-,-,-,-
10549,10729,153.3162085246196,-,-,-,-
10549,10730,153.3162085246196,-,-,-,-
10549,10731,153.3162085246196,-,-,-,-
10549,10732,153.3162085246196,-,-,-,-
10549,10733,153.3162085246196,-,-,-,-
10549,10734,153.3162085246196,-,-,-,-
10549,10735,153.3162085246196,-,-,-,-
10549,10736,153.3162085246196,-,-,-,-
10549,10737,153.3162085246196,-,-,-,-
10549,10738,153.3162085246196,-,-,-,-
10549,10739,153.3162085246196,-,-,-,-
10549,10740,153.3162085246196,-,-,-,-
10549,10741,153.3162085246196,-,-,-,-
10549,10742,153.3162085246196,-,-,-,-
10549,10743,153.3162085246196,-,-,-,-
10549,10744,153.3162085246196,-,-,-,-
10549,10745,153.3162085246196,-,-,-,-
10549,10746,153.3162085246196,-,-,-,-
10549,10747,153.3162085246196,-,-,-,-
10549,10748,153.3162085246196,-,-,-,-
10549,10749,153.3162085246196,-,-,-,-
10549,10750,153.3162085246196,-,-,-,-
10549,10751,153.3162085246196,-,-,-,-
10549,10752,153.3162085246196,-,-,-,-
10549,10753,153.3162085246196,-,-,-,-
10549,10754,153.3162085246196,-,-,-,-
10549,10755,153.3162085246196,-,-,-,-
10549,10756,153.3162085246196,-,-,-,-
10549,10757,153.3162085246196,-,-,-,-
10549,10758,153.3162085246196,-,-,-,-
10549,10759,153.3162085246196,-,-,-,-
10549,10760,153.3162085246196,-,-,-,-
10550,10761,219.8325621165223,-,-,-,-
10551,10762,207.76442386128025,-,-,-,-
10552,10763,195.74784423590148,-,-,-,-
10553,10764,183.79293639444836,-,-,-,-
10554,10765,171.91256690213982,-,-,-,-
10555,10766,160.12332776385085,-,-,-,-
10556,10767,148.44693251918156,-,-,-,-
10557,10768,136.9122554756779,-,-,-,-
10558,10769,125.55836041227234,-,-,-,-
10559,10770,114.43906799820085,-,-,-,-
10560,10771,103.62992301489732,-,-,-,-
10561,10772,93.23885375072028,-,-,-,-
10562,10773,83.42223323743401,-,-,-,-
10563,10774,74.40777105108997,-,-,-,-
10564,10775,74.40777105108997,-,-,-,-
10565,10776,74.40777105108997,-,-,-,-
10566,10777,74.40777105108997,-,-,-,-
10567,10778,74.40777105108997,-,-,-,-
10568,10779,74.40777105108997,-,-,-,-
10569,10780,74.40777105108997,-,-,-,-
10570,10781,74.40777105108997,-,-,-,-
10571,10782,74.40777105108997,-,-,-,-
10572,10783,74.40777105108997,-,-,-,-
10573,10784,74.40777105108997,-,-,-,-
10574,10785,74.40777105108997,-,-,-,-
10575,10786,74.40777105108997,-,-,-,-
10576,10787,74.40777105108997,-,-,-,-
10577,10788,74.40777105108997,-,-,-,-
10578,10789,74.40777105108997,-,-,-,-
10579,10790,74.40777105108997,-,-,-,-
10580,10791,74.40777105108997,-,-,-,-
10581,10792,74.40777105108997,-,-,-,-
10582,10793,74.40777105108997,-,-,-,-
10583,10794,74.40777105108997,-,-,-,-
10584,10795,74.40777105108997,-,-,-,-
10585,10796,74.40777105108997,-,-,-,-
10586,10797,74.40777105108997,-,-,-,-
10587,10798,74.40777105108997,-,-,-,-
10588,10799,74.40777105108997,-,-,-,-
10589,10800,74.40777105108997,-,-,-,-
10590,10801,74.40777105108997,-,-,-,-
10591,10802,74.40777105108997,-,-,-,-
10592,10803,74.40777105108997,-,-,-,-
10593,10804,74.40777105108997,-,-,-,-
10594,10805,74.40777105108997,-,-,-,-
10595,10806,74.40777105108997,-,-,-,-
10596,10807,74.40777105108997,-,-,-,-
10597,10808,74.40777105108997,-,-,-,-
10598,10809,74.40777105108997,-,-,-,-
10599,10810,74.40777105108997,-,-,-,-
10600,10811,74.40777105108997,-,-,-,-
10601,10812,74.40777105108997,-,-,-,-
10602,10813,74.40777105108997,-,-,-,-
10603,10814,74.40777105108997,-,-,-,-
10604,10815,74.40777105108997,-,-,-,-
10605,10816,74.40777105108997,-,-,-,-
10606,10817,74.40777105108997,-,-,-,-
10607,10818,74.40777105108997,-,-,-,-
10608,10819,74.40777105108997,-,-,-,-
10609,10820,74.40777105108997,-,-,-,-
10610,10821,74.40777105108997,-,-,-,-
10611,10822,74.40777105108997,-,-,-,-
10612,10823,74.40777105108997,-,-,-,-
10613,10824,74.40777105108997,-,-,-,-
10614,10825,74.40777105108997,-,-,-,-
10615,10826,74.40777105108997,-,-,-,-
10616,10827,74.40777105108997,-,-,-,-
10617,10828,74.40777105108997,-,-,-,-
10618,10829,74.40777105108997,-,-,-,-
10619,10830,74.40777105108997,-,-,-,-
10620,10831,74.40777105108997,-,-,-,-
10621,10832,74.40777105108997,-,-,-,-
10622,10833,74.40777105108997,-,-,-,-
10623,10834,74.40777105108997,-,-,-,-
10624,10835,74.40777105108997,-,-,-,-
10625,10836,74.40777105108997,-,-,-,-
10626,10837,74.40777105108997,-,-,-,-
10627,10838,74.40777105108997,-,-,-,-
10628,10839,74.40777105108997,-,-,-,-
10629,10840,74.40777105108997,-,-,-,-
10630,10841,74.40777105108997,-,-,-,-
10631,10842,74.40777105108997,-,-,-,-
10632,10843,74.40777105108997,-,-,-,-
10633,10844,74.40777105108997,-,-,-,-
10634,10845,74.40777105108997,-,-,-,-
10635,10846,74.40777105108997,-,-,-,-
10636,10847,74.40777105108997,-,-,-,-
10637,10848,74.40777105108997,-,-,-,-
10638,10849,74.40777105108997,-,-,-,-
10639,10849,74.40777105108997,-,-,-,-
10640,10849,74.40777105108997,-,-,-,-
10641,10849,74.40777105108997,-,-,-,-
10642,10849,74.40777105108997,-,-,-,-
10643,10849,74.40777105108997,-,-,-,-
10644,10849,74.40777105108997,-,-,-,-
10645,10849,74.40777105108997,-,-,-,-
10646,10849,74.40777105108997,-,-,-,-
10647,10849,74.40777105108997,-,-,-,-
10648,10849,74.40777105108997,-,-,-,-
10649,10849,74.40777105108997,-,-,-,-
10650,10849,74.40777105108997,-,-,-,-
10651,10849,74.40777105108997,-,-,-,-
10652,10849,74.40777105108997,-,-,-,-
10653,10849,74.40777105108997,-,-,-,-
10654,10849,74.40777105108997,-,-,-,-
10655,10849,74.40777105108997,-,-,-,-
10656,10849,74.40777105108997,-,-,-,-
10657,10849,74.40777105108997,-,-,-,-
10658,10849,74.40777105108997,-,-,-,-
10659,10849,74.40777105108997,-,-,-,-
10660,10849,74.40777105108997,-,-,-,-
10661,10849,74.40777105108997,-,-,-,-
10662,10849,74.40777105108997,-,-,-,-
10663,10849,74.40777105108997,-,-,-,-
10664,10849,74.40777105108997,-,-,-,-
10665,10849,74.40777105108997,-,-,-,-
10666,10849,74.40777105108997,-,-,-,-
10667,10849,74.40777105108997,-,-,-,-
10668,10849,74.40777105108997,-,-,-,-
10669,10849,74.40777105108997,-,-,-,-
10670,10849,74.40777105108997,-,-,-,-
10671,10849,74.40777105108997,-,-,-,-
10672,10849,74.40777105108997,-,-,-,-
10673,10849,74.40777105108997,-,-,-,-
10674,10849,74.40777105108997,-,-,-,-
10675,10849,74.40777105108997,-,-,-,-
10676,10849,74.40777105108997,-,-,-,-
10677,10849,74.40777105108997,-,-,-,-
10678,10849,74.40777105108997,-,-,-,-
10679,10849,74.40777105108997,-,-,-,-
10680,10849,74.40777105108997,-,-,-,-
10681,10849,74.40777105108997,-,-,-,-
10682,10849,74.40777105108997,-,-,-,-
10683,10849,74.40777105108997,-,-,-,-
10684,10849,74.40777105108997,-,-,-,-
10685,10849,74.40777105108997,-,-,-,-
10686,10849,74.40777105108997,-,-,-,-
10687,10849,74.40777105108997,-,-,-,-
10688,10849,74.40777105108997,-,-,-,-
10689,10849,74.40777105108997,-,-,-,-
10690,10849,74.40777105108997,-,-,-,-
10691,10849,74.40777105108997,-,-,-,-
10692,10849,74.40777105108997,-,-,-,-
10693,10849,74.40777105108997,-,-,-,-
10694,10849,74.40777105108997,-,-,-,-
10695,10849,74.40777105108997,-,-,-,-
10696,10849,74.40777105108997,-,-,-,-
10697,10849,74.40777105108997,-,-,-,-
10698,10849,74.40777105108997,-,-,-,-
10699,10849,74.40777105108997,-,-,-,-
10700,10849,74.40777105108997,-,-,-,-
10701,10849,74.40777105108997,-,-,-,-
10702,10849,74.40777105108997,-,-,-,-
10703,10849,74.40777105108997,-,-,-,-
10704,10849,74.40777105108997,-,-,-,-
10705,10849,74.40777105108997,-,-,-,-
10706,10849,74.40777105108997,-,-,-,-
10707,10849,74.40777105108997,-,-,-,-
10708,10849,74.40777105108997,-,-,-,-
10709,10849,74.40777105108997,-,-,-,-
10710,10849,74.40777105108997,-,-,-,-
10711,10849,74.40777105108997,-,-,-,-
10712,10849,74.40777105108997,-,-,-,-
10713,10849,74.40777105108997,-,-,-,-
10714,10849,74.40777105108997,-,-,-,-
10715,10849,74.40777105108997,-,-,-,-
10716,10849,74.40777105108997,-,-,-,-
10717,10849,74.40777105108997,-,-,-,-
10718,10849,74.40777105108997,-,-,-,-
10719,10849,74.40777105108997,-,-,-,-
10720,10849,74.40777105108997,-,-,-,-
10721,10849,74.40777105108997,-,-,-,-
10722,10849,74.40777105108997,-,-,-,-
10723,10849,74.40777105108997,-,-,-,-
10724,10849,74.40777105108997,-,-,-,-
10725,10849,74.40777105108997,-,-,-,-
10726,10849,74.40777105108997,-,-,-,-
10727,10849,74.40777105108997,-,-,-,-
10728,10849,74.40777105108997,-,-,-,-
10729,10849,74.40777105108997,-,-,-,-
10730,10849,74.40777105108997,-,-,-,-
10731,10849,74.40777105108997,-,-,-,-
10732,10849,74.40777105108997,-,-,-,-
10733,10849,74.40777105108997,-,-,-,-
10734,10849,74.40777105108997,-,-,-,-
10735,10849,74.40777105108997,-,-,-,-
10736,10849,74.40777105108997,-,-,-,-
10737,10849,74.40777105108997,-,-,-,-
10738,10849,74.40777105108997,-,-,-,-
10739,10849,74.40777105108997,-,-,-,-
10740,10849,74.40777105108997,-,-,-,-
10741,10849,74.40777105108997,-,-,-,-
10742,10849,74.40777105108997,-,-,-,-
10743,10849,74.40777105108997,-,-,-,-
10744,10849,74.40777105108997,-,-,-,-
10745,10849,74.40777105108997,-,-,-,-
10746,10849,74.40777105108997,-,-,-,-
10747,10849,74.40777105108997,-,-,-,-
10748,10849,74.40777105108997,-,-,-,-
10749,10849,74.40777105108997,-,-,-,-
10750,10849,74.40777105108997,-,-,-,-
10751,10849,74.40777105108997,-,-,-,-
10752,10849,74.40777105108997,-,-,-,-
10753,10849,74.40777105108997,-,-,-,-
10754,10849,74.40777105108997,-,-,-,-
10755,10849,74.40777105108997,-,-,-,-
10756,10849,74.40777105108997,-,-,-,-
10757,10849,74.40777105108997,-,-,-,-
10758,10849,74.40777105108997,-,-,-,-
10759,10849,74.40777105108997,-,-,-,-
10760,10849,74.40777105108997,-,-,-,-
10761,10849,74.40777105108997,-,-,-,-
10762,10849,74.40777105108997,-,-,-,-
10763,10849,74.40777105108997,-,-,-,-
10764,10849,74.40777105108997,-,-,-,-
10765,10849,74.40777105108997,-,-,-,-
10766,10849,74.40777105108997,-,-,-,-
10767,10849,74.40777105108997,-,-,-,-
10768,10849,74.40777105108997,-,-,-,-
10769,10849,74.40777105108997,-,-,-,-
10770,10849,74.40777105108997,-,-,-,-
10771,10849,74.40777105108997,-,-,-,-
10772,10849,74.40777105108997,-,-,-,-
10773,10849,74.40777105108997,-,-,-,-
10774,10849,74.40777105108997,-,-,-,-
10775,10849,74.40777105108997,-,-,-,-
10776,10849,74.40777105108997,-,-,-,-
10777,10849,74.40777105108997,-,-,-,-
10778,10849,74.40777105108997,-,-,-,-
10779,10849,74.40777105108997,-,-,-,-
10780,10849,74.40777105108997,-,-,-,-
10781,10849,74.40777105108997,-,-,-,-
10782,10849,74.40777105108997,-,-,-,-
10783,10849,74.40777105108997,-,-,-,-
10784,10849,74.40777105108997,-,-,-,-
10785,10849,74.40777105108997,-,-,-,-
10786,10849,74.40777105108997,-,-,-,-
10787,10849,74.40777105108997,-,-,-,-
10788,10849,74.40777105108997,-,-,-,-
10789,10849,74.40777105108997,-,-,-,-
10790,10849,74.40777105108997,-,-,-,-
10791,10849,74.40777105108997,-,-,-,-
10792,10849,74.40777105108997,-,-,-,-
10793,10849,74.40777105108997,-,-,-,-
10794,10849,74.40777105108997,-,-,-,-
10795,10849,74.40777105108997,-,-,-,-
10796,10849,74.40777105108997,-,-,-,-
10797,10849,74.40777105108997,-,-,-,-
10798,10849,74.40777105108997,-,-,-,-
10799,10849,74.40777105108997,-,-,-,-
10800,10849,74.40777105108997,-,-,-,-
10801,10849,74.40777105108997,-,-,-,-
10802,10849,74.40777105108997,-,-,-,-
10803,10849,74.40777105108997,-,-,-,-
10804,10849,74.40777105108997,-,-,-,-
10805,10849,74.40777105108997,-,-,-,-
10806,10849,74.40777105108997,-,-,-,-
10807,10849,74.40777105108997,-,-,-,-
10808,10849,74.40777105108997,-,-,-,-
10809,10849,74.40777105108997,-,-,-,-
10810,10849,74.40777105108997,-,-,-,-
10811,10849,74.40777105108997,-,-,-,-
10812,10849,74.40777105108997,-,-,-,-
10813,10849,74.40777105108997,-,-,-,-
10814,10849,74.40777105108997,-,-,-,-
10815,10849,74.40777105108997,-,-,-,-
10816,10849,74.40777105108997,-,-,-,-
10817,10849,74.40777105108997,-,-,-,-
10818,10849,74.40777105108997,-,-,-,-
10819,10849,74.40777105108997,-,-,-,-
10820,10849,74.40777105108997,-,-,-,-
10821,10849,74.40777105108997,-,-,-,-
10822,10849,74.40777105108997,-,-,-,-
10823,10849,74.40777105108997,-,-,-,-
10824,10849,74.40777105108997,-,-,-,-
10825,10849,74.40777105108997,-,-,-,-
10826,10849,74.40777105108997,-,-,-,-
10827,10849,74.40777105108997,-,-,-,-
10828,10849,74.40777105108997,-,-,-,-
10829,10849,74.40777105108997,-,-,-,-
10830,10849,74.40777105108997,-,-,-,-
10831,10849,74.40777105108997,-,-,-,-
10832,10849,74.40777105108997,-,-,-,-
10833,10849,74.40777105108997,-,-,-,-
10834,10849,74.40777105108997,-,-,-,-
10835,10849,74.40777105108997,-,-,-,-
10836,10849,74.40777105108997,-,-,-,-
10837,10849,74.40777105108997,-,-,-,-
10838,10849,74.40777105108997,-,-,-,-
10839,10849,74.40777105108997,-,-,-,-
10840,10849,74.40777105108997,-,-,-,-
10841,10849,74.40777105108997,-,-,-,-
10842,10849,74.40777105108997,-,-,-,-
10843,10849,74.40777105108997,-,-,-,-
10844,10849,74.40777105108997,-,-,-,-
10845,10849,74.40777105108997,-,-,-,-
10846,10849,74.40777105108997,-,-,-,-
10847,10849,74.40777105108997,-,-,-,-
10848,10849,74.40777105108997,-,-,-,-
10849,10849,74.40777105108997,-,-,-,-
