path_ref,path_query,path_distance,ref_x,ref_y,query_x,query_y
0,0,129.09761111255733,1109.5976622803794,479.97713739616256,687.5,388.7
1,1,129.09761111255733,1109.5976622803794,479.97713739616256,687.5,388.7
2,2,129.09761111255733,1109.5976622803794,479.97713739616256,687.5,388.7
3,3,129.09761111255733,1109.5976622803794,479.97713739616256,687.5,388.7
4,4,129.09761111255733,1109.5976622803794,479.97713739616256,687.5,388.7
5,5,129.09761111255733,1109.5976622803794,479.97713739616256,687.5,388.7
6,6,129.09761111255733,1109.5976622803794,479.97713739616256,687.5,388.7
7,7,129.09761111255733,1109.5976622803794,479.97713739616256,687.5,388.7
8,8,115.9616103781262,988.5976622803794,519.9771373961626,687.5,388.7
9,9,115.9616103781262,988.5976622803794,519.9771373961626,687.5,388.7
10,10,115.9616103781262,988.5976622803794,519.9771373961626,687.5,388.7
11,11,115.9616103781262,988.5976622803794,519.9771373961626,687.5,388.7
12,12,115.9616103781262,988.5976622803794,519.9771373961626,687.5,388.7
13,13,115.9616103781262,988.5976622803794,519.9771373961626,687.5,388.7
14,14,115.9616103781262,988.5976622803794,519.9771373961626,687.5,388.7
15,15,115.9616103781262,988.5976622803794,519.9771373961626,687.5,388.7
16,16,114.29617912182974,988.5976622803794,519.9771373961626,736.7833333333333,407.43333333333334
17,17,111.79857509297072,988.5976622803794,519.9771373961626,786.0666666666667,426.1666666666667
18,18,107.66060858110917,988.5976622803794,519.9771373961626,835.35,444.9
19,19,99.60003536835688,988.5976622803794,519.9771373961626,884.6333333333333,463.6333333333333
20,20,10.286852640708315,988.5976622803794,519.9771373961626,933.9166666666667,482.3666666666667
21,21,0.055461216913313245,988.5976622803794,519.9771373961626,983.2,501.1
22,22,0.055461216913313245,988.5976622803794,519.9771373961626,983.2,501.1
23,23,0.055461216913313245,988.5976622803794,519.9771373961626,983.2,501.1
24,24,0.02584522442114619,982.5976622803794,514.9771373961626,983.2,501.1
25,25,0.02584522442114619,982.5976622803794,514.9771373961626,983.2,501.1
26,26,0.02584522442114619,982.5976622803794,514.9771373961626,983.2,501.1
27,27,0.02584522442114619,982.5976622803794,514.9771373961626,983.2,501.1
28,28,0.02584522442114619,982.5976622803794,514.9771373961626,983.2,501.1
29,29,0.02584522442114619,982.5976622803794,514.9771373961626,983.2,501.1
30,30,0.02584522442114619,982.5976622803794,514.9771373961626,983.2,501.1
31,31,0.02584522442114619,982.5976622803794,514.9771373961626,983.2,501.1
32,32,0.006108964634547621,976.5976622803794,508.97713739616256,983.2,501.1
32,33,0.006108964634547621,976.5976622803794,508.97713739616256,983.2,501.1
32,34,0.006108964634547621,976.5976622803794,508.97713739616256,983.2,501.1
32,35,0.006108964634547621,976.5976622803794,508.97713739616256,983.2,501.1
32,36,0.006108964634547621,976.5976622803794,508.97713739616256,983.2,501.1
32,37,0.006108964634547621,976.5976622803794,508.97713739616256,983.2,501.1
33,38,0.006108964634547621,976.5976622803794,508.97713739616256,983.2,501.1
34,39,0.006108964634547621,976.5976622803794,508.97713739616256,983.2,501.1
35,40,0.006108964634547621,970.5976622803794,502.97713739616256,983.2,501.1
36,41,0.006108964634547621,970.5976622803794,502.97713739616256,983.2,501.1
37,42,0.006108964634547621,970.5976622803794,502.97713739616256,983.2,501.1
38,43,0.006108964634547621,970.5976622803794,502.97713739616256,983.2,501.1
39,44,0.006108964634547621,970.5976622803794,502.97713739616256,983.2,501.1
40,45,0.007070596600784135,970.5976622803794,502.97713739616256,970.325,495.6
41,45,0.007070596600784135,970.5976622803794,502.97713739616256,957.45,490.1
42,45,0.007070596600784135,970.5976622803794,502.97713739616256,944.575,484.6
43,45,0.007070596600784135,964.5976622803794,496.97713739616256,931.7,479.1
44,45,0.007070596600784135,964.5976622803794,496.97713739616256,931.7,479.1
45,45,0.007070596600784135,964.5976622803794,496.97713739616256,931.7,479.1
46,45,0.007070596600784135,964.5976622803794,496.97713739616256,931.7,479.1
47,45,0.007070596600784135,964.5976622803794,496.97713739616256,931.7,479.1
48,45,0.017150042603629012,964.5976622803794,496.97713739616256,931.7,479.1
49,45,0.017150042603629012,964.5976622803794,496.97713739616256,931.7,479.1
50,45,0.017150042603629012,964.5976622803794,496.97713739616256,931.7,479.1
51,45,0.017150042603629012,958.5976622803794,491.97713739616256,931.7,479.1
52,45,0.017150042603629012,958.5976622803794,491.97713739616256,931.7,479.1
53,45,0.017150042603629012,958.5976622803794,491.97713739616256,931.7,479.1
54,45,0.017150042603629012,958.5976622803794,491.97713739616256,931.7,479.1
55,45,0.017150042603629012,958.5976622803794,491.97713739616256,931.7,479.1
56,46,0.008459753183136728,958.5976622803794,491.97713739616256,931.7,479.1
57,46,0.008459753183136728,958.5976622803794,491.97713739616256,931.7,479.1
58,46,0.008459753183136728,958.5976622803794,491.97713739616256,931.7,479.1
59,46,0.008459753183136728,952.5976622803794,486.97713739616256,931.7,479.1
60,46,0.008459753183136728,952.5976622803794,486.97713739616256,931.7,479.1
61,46,0.008459753183136728,952.5976622803794,486.97713739616256,931.7,479.1
62,46,0.008459753183136728,952.5976622803794,486.97713739616256,931.7,479.1
63,46,0.008459753183136728,952.5976622803794,486.97713739616256,931.7,479.1
64,46,0.07704784760037804,952.5976622803794,486.97713739616256,931.7,479.1
65,46,0.07704784760037804,952.5976622803794,486.97713739616256,931.7,479.1
66,46,0.07704784760037804,952.5976622803794,486.97713739616256,931.7,479.1
67,46,0.07704784760037804,946.5976622803794,481.97713739616256,931.7,479.1
68,46,0.07704784760037804,946.5976622803794,481.97713739616256,931.7,479.1
69,46,0.07704784760037804,946.5976622803794,481.97713739616256,931.7,479.1
70,46,0.07704784760037804,946.5976622803794,481.97713739616256,931.7,479.1
71,46,0.07704784760037804,946.5976622803794,481.97713739616256,931.7,479.1
72,47,0.15113933650320602,946.5976622803794,481.97713739616256,919.7333333333333,474.8
73,47,0.15113933650320602,946.5976622803794,481.97713739616256,907.7666666666667,470.5
74,47,0.15113933650320602,946.5976622803794,481.97713739616256,895.8,466.2
75,47,0.15113933650320602,940.5976622803794,476.97713739616256,895.8,466.2
76,47,0.15113933650320602,940.5976622803794,476.97713739616256,895.8,466.2
77,47,0.15113933650320602,940.5976622803794,476.97713739616256,895.8,466.2
78,47,0.15113933650320602,940.5976622803794,476.97713739616256,895.8,466.2
79,47,0.15113933650320602,940.5976622803794,476.97713739616256,895.8,466.2
80,47,0.33735412268566833,940.5976622803794,476.97713739616256,895.8,466.2
81,47,0.33735412268566833,940.5976622803794,476.97713739616256,895.8,466.2
82,47,0.33735412268566833,940.5976622803794,476.97713739616256,895.8,466.2
83,47,0.33735412268566833,934.5976622803794,471.97713739616256,895.8,466.2
84,47,0.33735412268566833,934.5976622803794,471.97713739616256,895.8,466.2
85,47,0.33735412268566833,934.5976622803794,471.97713739616256,895.8,466.2
86,47,0.33735412268566833,934.5976622803794,471.97713739616256,895.8,466.2
87,47,0.33735412268566833,934.5976622803794,471.97713739616256,895.8,466.2
88,48,2.5179321267419668,934.5976622803794,471.97713739616256,895.8,466.2
89,48,2.5179321267419668,934.5976622803794,471.97713739616256,895.8,466.2
90,48,2.5179321267419668,934.5976622803794,471.97713739616256,895.8,466.2
91,48,2.5179321267419668,928.5976622803794,466.97713739616256,895.8,466.2
92,49,2.5179321267419668,928.5976622803794,466.97713739616256,895.8,466.2
93,50,2.5179321267419668,928.5976622803794,466.97713739616256,895.8,466.2
94,51,2.5179321267419668,928.5976622803794,466.97713739616256,895.8,466.2
95,52,2.5179321267419668,928.5976622803794,466.97713739616256,895.8,466.2
96,53,1.4324915071700772,928.5976622803794,466.97713739616256,895.8,466.2
97,54,1.4324915071700772,928.5976622803794,466.97713739616256,895.8,466.2
98,55,1.4324915071700772,928.5976622803794,466.97713739616256,895.8,466.2
99,56,1.4324915071700772,928.5976622803794,466.97713739616256,895.8,466.2
100,57,1.4324915071700772,928.5976622803794,466.97713739616256,895.8,466.2
101,58,1.4324915071700772,922.5976622803794,461.97713739616256,895.8,466.2
102,59,1.4324915071700772,922.5976622803794,461.97713739616256,895.8,466.2
103,60,1.4324915071700772,922.5976622803794,461.97713739616256,895.8,466.2
104,61,1.4324915071700772,922.5976622803794,461.97713739616256,895.8,466.2
105,62,1.4324915071700772,922.5976622803794,461.97713739616256,895.8,466.2
106,63,0.6676308034479368,922.5976622803794,461.97713739616256,895.8,466.2
107,64,0.6676308034479368,916.5976622803794,456.97713739616256,895.8,466.2
108,65,0.6676308034479368,916.5976622803794,456.97713739616256,895.8,466.2
109,66,0.6676308034479368,916.5976622803794,456.97713739616256,895.8,466.2
110,67,0.6676308034479368,916.5976622803794,456.97713739616256,895.8,466.2
111,68,0.6676308034479368,916.5976622803794,456.97713739616256,895.8,466.2
112,69,2.6600699524682008,916.5976622803794,456.97713739616256,895.8,466.2
113,70,2.6600699524682008,916.5976622803794,456.97713739616256,895.8,466.2
114,71,2.6600699524682008,916.5976622803794,456.97713739616256,895.8,466.2
115,72,2.6600699524682008,910.5976622803794,451.97713739616256,895.8,466.2
116,73,2.6600699524682008,910.5976622803794,451.97713739616256,895.8,466.2
117,74,2.6600699524682008,910.5976622803794,451.97713739616256,895.8,466.2
118,75,2.6600699524682008,910.5976622803794,451.97713739616256,895.8,466.2
119,76,2.6600699524682008,910.5976622803794,451.97713739616256,895.8,466.2
120,77,2.393307841627025,910.5976622803794,451.97713739616256,895.8,466.2
121,78,7.6158156553463305,910.5976622803794,451.97713739616256,895.8,466.2
122,79,11.705058301698092,910.5976622803794,451.97713739616256,895.8,466.2
123,80,11.705058301698092,905.5976622803794,446.97713739616256,895.8,466.2
124,81,11.705058301698092,905.5976622803794,446.97713739616256,895.8,466.2
125,82,11.705058301698092,905.5976622803794,446.97713739616256,895.8,466.2
126,83,11.705058301698092,905.5976622803794,446.97713739616256,895.8,466.2
127,84,11.705058301698092,905.5976622803794,446.97713739616256,895.8,466.2
128,85,10.698003094979589,905.5976622803794,446.97713739616256,895.8,466.2
128,86,10.698003094979589,905.5976622803794,446.97713739616256,895.8,466.2
128,87,10.698003094979589,905.5976622803794,446.97713739616256,895.8,466.2
128,88,10.698003094979589,916.5976622803794,522.9771373961626,895.8,466.2
128,89,10.698003094979589,916.5976622803794,522.9771373961626,895.8,466.2
128,90,10.698003094979589,916.5976622803794,522.9771373961626,895.8,466.2
128,91,10.698003094979589,916.5976622803794,522.9771373961626,895.8,466.2
128,92,10.698003094979589,916.5976622803794,522.9771373961626,895.8,466.2
128,93,10.698003094979589,916.5976622803794,522.9771373961626,895.8,466.2
128,94,10.698003094979589,916.5976622803794,522.9771373961626,895.8,466.2
128,95,10.698003094979589,916.5976622803794,522.9771373961626,895.8,466.2
128,96,10.698003094979589,952.5976622803794,639.9771373961626,895.8,466.2
128,97,10.698003094979589,952.5976622803794,639.9771373961626,895.8,466.2
128,98,10.698003094979589,952.5976622803794,639.9771373961626,895.8,466.2
128,99,10.698003094979589,952.5976622803794,639.9771373961626,928.38,431.08
128,100,10.698003094979589,952.5976622803794,639.9771373961626,960.96,395.96000000000004
128,101,10.698003094979589,952.5976622803794,639.9771373961626,993.54,360.84000000000003
128,102,10.698003094979589,952.5976622803794,639.9771373961626,1026.1200000000001,325.72
128,103,10.698003094979589,952.5976622803794,639.9771373961626,1058.7,290.6
128,104,10.698003094979589,952.5976622803794,639.9771373961626,1058.7,290.6
128,105,10.698003094979589,952.5976622803794,639.9771373961626,1058.7,290.6
128,106,10.698003094979589,952.5976622803794,639.9771373961626,1058.7,290.6
128,107,10.698003094979589,952.5976622803794,639.9771373961626,1058.7,290.6
128,108,10.698003094979589,952.5976622803794,639.9771373961626,1058.7,290.6
128,109,10.698003094979589,952.5976622803794,639.9771373961626,1058.7,290.6
128,110,10.698003094979589,952.5976622803794,639.9771373961626,1058.7,290.6
128,111,10.698003094979589,952.5976622803794,639.9771373961626,1058.7,290.6
128,112,10.698003094979589,1105.5976622803794,467.97713739616256,1058.7,290.6
128,113,10.698003094979589,1105.5976622803794,467.97713739616256,1058.7,290.6
128,114,10.698003094979589,1105.5976622803794,467.97713739616256,1058.7,290.6
128,115,10.698003094979589,1105.5976622803794,467.97713739616256,1058.7,290.6
128,116,10.698003094979589,1105.5976622803794,467.97713739616256,1058.7,290.6
129,117,10.698003094979589,1105.5976622803794,467.97713739616256,1058.7,290.6
130,118,10.698003094979589,1105.5976622803794,467.97713739616256,1058.7,290.6
131,119,10.698003094979589,1105.5976622803794,467.97713739616256,1058.7,290.6
132,120,10.698003094979589,1257.5976622803794,295.97713739616256,1058.7,290.6
133,121,10.698003094979589,1257.5976622803794,295.97713739616256,1058.7,290.6
134,122,10.698003094979589,1257.5976622803794,295.97713739616256,1058.7,290.6
135,123,10.698003094979589,1257.5976622803794,295.97713739616256,1058.7,290.6
136,124,27.50317819800965,1257.5976622803794,295.97713739616256,1040.025,323.75
137,125,27.50317819800965,1257.5976622803794,295.97713739616256,1021.35,356.9
138,126,27.50317819800965,1257.5976622803794,295.97713739616256,1002.675,390.05
139,127,27.50317819800965,1257.5976622803794,295.97713739616256,984.0,423.2
140,128,27.50317819800965,1257.5976622803794,295.97713739616256,965.325,456.34999999999997
141,129,27.50317819800965,1257.5976622803794,295.97713739616256,946.65,489.5
142,130,27.50317819800965,1257.5976622803794,295.97713739616256,927.9749999999999,522.65
143,131,27.50317819800965,1257.5976622803794,295.97713739616256,909.3,555.8
144,132,134.57651591589556,1257.5976622803794,295.97713739616256,909.3,555.8
145,133,134.57651591589556,1257.5976622803794,295.97713739616256,909.3,555.8
146,134,134.57651591589556,1257.5976622803794,295.97713739616256,909.3,555.8
147,135,134.57651591589556,1257.5976622803794,295.97713739616256,909.3,555.8
148,136,134.57651591589556,1257.5976622803794,295.97713739616256,909.3,555.8
149,137,134.57651591589556,1257.5976622803794,295.97713739616256,909.3,555.8
150,138,134.57651591589556,1257.5976622803794,295.97713739616256,909.3,555.8
151,139,134.57651591589556,1257.5976622803794,295.97713739616256,907.425,558.4
152,140,134.57651591589556,1257.5976622803794,295.97713739616256,905.55,561.0
153,141,134.57651591589556,1257.5976622803794,295.97713739616256,903.675,563.6
154,142,134.57651591589556,1257.5976622803794,295.97713739616256,901.8,566.2
155,143,134.57651591589556,1257.5976622803794,295.97713739616256,901.8,566.2
156,144,134.57651591589556,1257.5976622803794,295.97713739616256,901.8,566.2
157,145,134.57651591589556,1257.5976622803794,295.97713739616256,901.8,566.2
158,146,134.57651591589556,1257.5976622803794,295.97713739616256,901.8,566.2
159,147,159.56786935429335,1257.5976622803794,295.97713739616256,901.8,566.2
160,148,63.29789715485575,1257.5976622803794,295.97713739616256,901.8,566.2
161,149,53.07632232403696,1257.5976622803794,295.97713739616256,901.8,566.2
162,150,46.5311935534381,1257.5976622803794,295.97713739616256,901.8,566.2
163,151,42.088584809083855,1257.5976622803794,295.97713739616256,901.8,566.2
164,151,42.088584809083855,980.5976622803794,484.97713739616256,901.8,566.2
165,151,42.088584809083855,980.5976622803794,484.97713739616256,901.8,566.2
166,151,42.088584809083855,980.5976622803794,484.97713739616256,901.8,566.2
167,151,42.088584809083855,980.5976622803794,484.97713739616256,901.8,566.2
168,151,29.057906083942665,980.5976622803794,484.97713739616256,901.8,566.2
169,151,29.057906083942665,980.5976622803794,484.97713739616256,901.8,566.2
170,151,29.057906083942665,980.5976622803794,484.97713739616256,901.8,566.2
171,151,29.057906083942665,702.5976622803794,674.9771373961626,901.8,566.2
172,151,29.057906083942665,702.5976622803794,674.9771373961626,901.8,566.2
173,151,29.057906083942665,702.5976622803794,674.9771373961626,901.8,566.2
174,151,29.057906083942665,702.5976622803794,674.9771373961626,909.0,586.86
175,151,29.057906083942665,702.5976622803794,674.9771373961626,916.1999999999999,607.52
176,151,29.057906083942665,702.5976622803794,674.9771373961626,923.4,628.1800000000001
177,151,29.057906083942665,702.5976622803794,674.9771373961626,930.5999999999999,648.84
178,151,29.057906083942665,702.5976622803794,674.9771373961626,937.8,669.5
179,151,29.057906083942665,702.5976622803794,674.9771373961626,937.8,669.5
180,152,29.057906083942665,702.5976622803794,674.9771373961626,937.8,669.5
181,153,29.057906083942665,702.5976622803794,674.9771373961626,937.8,669.5
182,154,29.057906083942665,702.5976622803794,674.9771373961626,937.8,669.5
183,155,29.057906083942665,702.5976622803794,674.9771373961626,937.8,669.5
184,156,29.057906083942665,702.5976622803794,674.9771373961626,937.8,669.5
185,157,29.057906083942665,702.5976622803794,674.9771373961626,937.8,669.5
186,158,29.057906083942665,702.5976622803794,674.9771373961626,937.8,669.5
187,159,29.057906083942665,702.5976622803794,674.9771373961626,937.8,669.5
188,160,29.057906083942665,992.5976622803794,691.9771373961626,937.8,669.5
189,161,29.057906083942665,992.5976622803794,691.9771373961626,937.8,669.5
190,162,29.057906083942665,992.5976622803794,691.9771373961626,937.8,669.5
191,163,29.057906083942665,992.5976622803794,691.9771373961626,937.8,669.5
192,164,29.057906083942665,992.5976622803794,691.9771373961626,937.8,669.5
193,165,29.057906083942665,992.5976622803794,691.9771373961626,937.8,669.5
194,166,29.057906083942665,992.5976622803794,691.9771373961626,937.8,669.5
195,167,29.057906083942665,992.5976622803794,691.9771373961626,937.8,669.5
196,168,29.057906083942665,992.5976622803794,691.9771373961626,937.8,669.5
197,169,29.057906083942665,992.5976622803794,691.9771373961626,937.8,669.5
198,170,29.057906083942665,992.5976622803794,691.9771373961626,937.8,669.5
199,171,29.057906083942665,992.5976622803794,691.9771373961626,937.8,669.5
200,172,0.21586710019354177,992.5976622803794,691.9771373961626,937.8,669.5
200,173,1.999168945872284,992.5976622803794,691.9771373961626,937.8,669.5
200,174,4.637172925492683,992.5976622803794,691.9771373961626,937.8,669.5
200,175,8.911631701497964,992.5976622803794,691.9771373961626,937.8,669.5
200,176,15.973993343664826,992.5976622803794,691.9771373961626,937.8,669.5
200,177,1.7555212155490565,992.5976622803794,691.9771373961626,937.8,669.5
200,178,4.078177145616157,992.5976622803794,691.9771373961626,937.8,669.5
200,179,6.351703774887505,992.5976622803794,691.9771373961626,937.8,669.5
200,180,6.351703774887505,992.5976622803794,691.9771373961626,937.8,669.5
200,181,6.351703774887505,992.5976622803794,691.9771373961626,937.8,669.5
200,182,6.351703774887505,992.5976622803794,691.9771373961626,944.8399999999999,634.54
201,183,6.351703774887505,992.5976622803794,691.9771373961626,951.88,599.58
202,184,6.351703774887505,992.5976622803794,691.9771373961626,958.92,564.62
203,185,6.351703774887505,992.5976622803794,691.9771373961626,965.96,529.66
204,186,6.351703774887505,992.5976622803794,691.9771373961626,973.0,494.7
205,187,6.450078787401677,992.5976622803794,691.9771373961626,980.04,459.74
206,188,6.539593571059657,992.5976622803794,691.9771373961626,987.08,424.78
207,189,4.938172507608381,992.5976622803794,691.9771373961626,994.12,389.82
207,190,3.4357734905598187,992.5976622803794,691.9771373961626,1001.1600000000001,354.86
207,191,3.4357734905598187,992.5976622803794,691.9771373961626,1008.2,319.9
207,192,3.4357734905598187,992.5976622803794,691.9771373961626,1008.2,319.9
207,193,3.4357734905598187,992.5976622803794,691.9771373961626,1008.2,319.9
207,194,3.4357734905598187,992.5976622803794,691.9771373961626,1008.2,319.9
207,195,3.4357734905598187,992.5976622803794,691.9771373961626,1008.2,319.9
208,196,3.4357734905598187,992.5976622803794,691.9771373961626,1008.2,319.9
209,197,3.4357734905598187,992.5976622803794,691.9771373961626,1008.2,319.9
210,198,3.4357734905598187,992.5976622803794,691.9771373961626,1008.2,319.9
211,199,3.4357734905598187,992.5976622803794,691.9771373961626,1008.2,319.9
212,200,3.4357734905598187,1017.5976622803794,492.97713739616256,1008.2,319.9
213,201,3.4357734905598187,1017.5976622803794,492.97713739616256,1008.2,319.9
214,202,3.4357734905598187,1017.5976622803794,492.97713739616256,1008.2,319.9
215,203,3.4357734905598187,1017.5976622803794,492.97713739616256,1008.2,319.9
216,204,3.4357734905598187,1017.5976622803794,492.97713739616256,1008.2,319.9
217,205,3.4357734905598187,1017.5976622803794,492.97713739616256,1008.2,319.9
218,206,3.4357734905598187,1017.5976622803794,492.97713739616256,1007.1166666666667,319.3666666666667
219,207,3.4357734905598187,1017.5976622803794,492.97713739616256,1006.0333333333334,318.8333333333333
220,208,3.4357734905598187,1042.5976622803794,294.97713739616256,1004.95,318.29999999999995
221,209,3.4357734905598187,1042.5976622803794,294.97713739616256,1003.8666666666667,317.76666666666665
222,210,14.905822323628465,1042.5976622803794,294.97713739616256,1002.7833333333334,317.23333333333335
223,211,29.356953942943598,1042.5976622803794,294.97713739616256,1001.7,316.7
224,212,34.64736610515598,1042.5976622803794,294.97713739616256,1001.7,316.7
225,213,27.222029934802247,1042.5976622803794,294.97713739616256,1001.7,316.7
226,214,21.83355695445823,1042.5976622803794,294.97713739616256,1001.7,316.7
227,215,21.83355695445823,1042.5976622803794,294.97713739616256,1001.7,316.7
228,216,21.83355695445823,1042.5976622803794,294.97713739616256,1001.7,316.7
229,217,21.83355695445823,1042.5976622803794,294.97713739616256,1001.7,316.7
230,218,21.83355695445823,1042.5976622803794,294.97713739616256,1001.7,316.7
231,219,21.83355695445823,1042.5976622803794,294.97713739616256,1001.7,316.7
232,220,21.83355695445823,1042.5976622803794,294.97713739616256,1001.7,316.7
233,221,21.83355695445823,1042.5976622803794,294.97713739616256,1001.7,316.7
234,222,21.83355695445823,1042.5976622803794,294.97713739616256,996.33,350.3
235,223,21.83355695445823,1042.5976622803794,294.97713739616256,990.96,383.9
236,224,21.83355695445823,1042.5976622803794,294.97713739616256,985.59,417.5
237,225,21.83355695445823,1042.5976622803794,294.97713739616256,980.22,451.1
238,226,21.83355695445823,1042.5976622803794,294.97713739616256,974.85,484.70000000000005
239,227,21.83355695445823,1042.5976622803794,294.97713739616256,969.48,518.3000000000001
240,228,21.83355695445823,1042.5976622803794,294.97713739616256,964.11,551.9000000000001
241,229,21.83355695445823,1042.5976622803794,294.97713739616256,958.74,585.5
242,230,21.83355695445823,1042.5976622803794,294.97713739616256,953.37,619.1000000000001
243,231,21.83355695445823,1042.5976622803794,294.97713739616256,948.0,652.7
244,232,21.83355695445823,1042.5976622803794,294.97713739616256,948.0,652.7
245,233,21.83355695445823,1042.5976622803794,294.97713739616256,948.0,652.7
246,234,21.83355695445823,1042.5976622803794,294.97713739616256,948.0,652.7
247,235,21.83355695445823,1042.5976622803794,294.97713739616256,948.0,652.7
248,236,21.83355695445823,1042.5976622803794,294.97713739616256,948.0,652.7
249,237,21.83355695445823,1042.5976622803794,294.97713739616256,948.0,652.7
250,238,21.83355695445823,1042.5976622803794,294.97713739616256,948.0,652.7
251,239,21.83355695445823,1042.5976622803794,294.97713739616256,948.0,652.7
252,240,21.83355695445823,857.5976622803794,469.97713739616256,948.0,652.7
253,241,21.83355695445823,857.5976622803794,469.97713739616256,948.0,652.7
254,242,21.83355695445823,857.5976622803794,469.97713739616256,948.0,652.7
255,243,21.83355695445823,857.5976622803794,469.97713739616256,948.0,652.7
256,244,21.83355695445823,857.5976622803794,469.97713739616256,948.0,652.7
257,245,21.83355695445823,857.5976622803794,469.97713739616256,948.0,652.7
258,246,21.216109151618344,857.5976622803794,469.97713739616256,948.0,652.7
259,247,19.866852995262743,857.5976622803794,469.97713739616256,948.0,652.7
260,248,14.617749192368281,672.5976622803794,644.9771373961626,948.0,652.7
261,248,14.617749192368281,672.5976622803794,644.9771373961626,948.0,652.7
262,248,14.617749192368281,672.5976622803794,644.9771373961626,948.0,652.7
263,248,14.617749192368281,672.5976622803794,644.9771373961626,948.0,652.7
264,249,13.774199222925741,672.5976622803794,644.9771373961626,948.0,652.7
265,249,13.774199222925741,672.5976622803794,644.9771373961626,948.0,652.7
266,249,13.774199222925741,672.5976622803794,644.9771373961626,948.0,652.7
267,249,13.774199222925741,672.5976622803794,644.9771373961626,948.0,652.7
268,249,13.774199222925741,672.5976622803794,644.9771373961626,948.0,652.7
269,249,13.774199222925741,672.5976622803794,644.9771373961626,948.0,652.7
270,249,13.774199222925741,672.5976622803794,644.9771373961626,948.0,652.7
271,249,13.774199222925741,672.5976622803794,644.9771373961626,948.0,652.7
272,250,2.616863509020149,672.5976622803794,644.9771373961626,948.0,652.7
272,251,4.609612012712196,672.5976622803794,644.9771373961626,948.0,652.7
272,252,5.402950839395798,672.5976622803794,644.9771373961626,948.0,652.7
273,253,5.829078496737638,672.5976622803794,644.9771373961626,948.0,652.7
274,254,6.0950067061936455,672.5976622803794,644.9771373961626,948.0,652.7
275,255,6.276772720750052,672.5976622803794,644.9771373961626,948.0,652.7
276,256,6.276772720750052,672.5976622803794,644.9771373961626,948.0,652.7
277,257,6.276772720750052,672.5976622803794,644.9771373961626,948.0,652.7
278,258,6.276772720750052,672.5976622803794,644.9771373961626,948.0,652.7
279,259,6.276772720750052,672.5976622803794,644.9771373961626,948.0,652.7
280,260,6.276772720750052,672.5976622803794,644.9771373961626,948.0,652.7
281,261,6.276772720750052,672.5976622803794,644.9771373961626,948.0,652.7
282,262,6.276772720750052,969.5976622803794,693.9771373961626,948.0,652.7
283,263,6.276772720750052,969.5976622803794,693.9771373961626,948.0,652.7
284,264,6.276772720750052,969.5976622803794,693.9771373961626,948.0,652.7
285,265,6.276772720750052,969.5976622803794,693.9771373961626,948.0,652.7
286,266,6.276772720750052,969.5976622803794,693.9771373961626,948.0,652.7
287,267,6.276772720750052,969.5976622803794,693.9771373961626,948.0,652.7
288,268,6.276772720750052,969.5976622803794,693.9771373961626,948.0,652.7
289,269,6.276772720750052,969.5976622803794,693.9771373961626,948.0,652.7
290,270,6.574504924736262,969.5976622803794,693.9771373961626,948.0,652.7
291,271,6.871458684732644,969.5976622803794,693.9771373961626,948.0,652.7
292,272,7.167621159609813,969.5976622803794,693.9771373961626,948.0,652.7
293,273,7.462979745702876,969.5976622803794,693.9771373961626,948.0,652.7
294,274,7.757522078559676,969.5976622803794,693.9771373961626,948.0,652.7
295,275,8.051236034529337,969.5976622803794,693.9771373961626,948.0,652.7
296,276,8.051236034529337,969.5976622803794,693.9771373961626,948.0,652.7
297,277,8.051236034529337,969.5976622803794,693.9771373961626,948.0,652.7
298,278,8.051236034529337,969.5976622803794,693.9771373961626,948.0,652.7
299,279,8.051236034529337,969.5976622803794,693.9771373961626,948.0,652.7
300,280,8.051236034529337,969.5976622803794,693.9771373961626,948.0,652.7
301,281,8.051236034529337,969.5976622803794,693.9771373961626,948.0,652.7
302,282,8.051236034529337,969.5976622803794,693.9771373961626,948.0,652.7
303,283,8.051236034529337,969.5976622803794,693.9771373961626,948.0,652.7
304,284,66.21344571774942,969.5976622803794,693.9771373961626,948.0,652.7
305,285,66.21344571774942,969.5976622803794,693.9771373961626,948.0,652.7
306,286,66.47723183834455,969.5976622803794,693.9771373961626,949.3714285714286,609.8285714285714
307,287,66.85376632821331,969.5976622803794,693.9771373961626,950.7428571428571,566.9571428571429
308,288,67.43465423556816,969.5976622803794,693.9771373961626,952.1142857142858,524.0857142857143
309,289,68.44902056935275,969.5976622803794,693.9771373961626,953.4857142857143,481.2142857142858
310,290,70.66659796474892,969.5976622803794,693.9771373961626,954.8571428571429,438.34285714285716
311,291,79.23412825367053,969.5976622803794,693.9771373961626,956.2285714285714,395.4714285714286
312,292,88.9884689737866,969.5976622803794,693.9771373961626,957.6,352.6
313,293,68.34842799777292,969.5976622803794,693.9771373961626,957.6,352.6
314,294,65.14345926703974,969.5976622803794,693.9771373961626,957.6,352.6
315,295,63.85687070217693,969.5976622803794,693.9771373961626,957.6,352.6
316,296,63.85687070217693,969.5976622803794,693.9771373961626,957.6,352.6
317,297,63.85687070217693,969.5976622803794,693.9771373961626,957.6,352.6
318,298,63.85687070217693,969.5976622803794,693.9771373961626,957.6,352.6
319,299,63.85687070217693,969.5976622803794,693.9771373961626,957.6,352.6
320,300,63.85687070217693,969.5976622803794,693.9771373961626,957.6,352.6
321,301,63.85687070217693,980.5976622803794,269.97713739616256,957.6,352.6
322,302,63.85687070217693,980.5976622803794,269.97713739616256,957.6,352.6
323,303,63.85687070217693,980.5976622803794,269.97713739616256,957.6,352.6
324,304,63.85687070217693,980.5976622803794,269.97713739616256,957.6,352.6
325,305,63.85687070217693,980.5976622803794,269.97713739616256,957.6,352.6
326,306,63.85687070217693,980.5976622803794,269.97713739616256,957.6,352.6
327,307,63.85687070217693,980.5976622803794,269.97713739616256,957.6,352.6
328,308,63.85687070217693,980.5976622803794,269.97713739616256,957.6,352.6
329,309,63.85687070217693,980.5976622803794,269.97713739616256,957.6,352.6
330,310,63.85687070217693,980.5976622803794,269.97713739616256,957.6,352.6
331,311,63.85687070217693,980.5976622803794,269.97713739616256,957.6,352.6
332,312,63.85687070217693,980.5976622803794,269.97713739616256,957.6,352.6
333,313,63.85687070217693,980.5976622803794,269.97713739616256,957.6,352.6
334,314,63.85687070217693,980.5976622803794,269.97713739616256,957.6,352.6
335,315,63.85687070217693,980.5976622803794,269.97713739616256,957.6,352.6
336,316,9.644535183775469,980.5976622803794,269.97713739616256,957.6,352.6
336,317,9.644535183775469,980.5976622803794,269.97713739616256,957.6,352.6
336,318,9.644535183775469,980.5976622803794,269.97713739616256,957.6,352.6
336,319,9.644535183775469,980.5976622803794,269.97713739616256,957.6,352.6
336,320,9.644535183775469,980.5976622803794,269.97713739616256,957.6,352.6
336,321,9.644535183775469,980.5976622803794,269.97713739616256,957.6,352.6
336,322,9.644535183775469,980.5976622803794,269.97713739616256,957.6,352.6
336,323,9.644535183775469,980.5976622803794,269.97713739616256,956.5733333333334,346.53333333333336
337,324,9.644535183775469,980.5976622803794,269.97713739616256,955.5466666666667,340.4666666666667
338,325,9.644535183775469,980.5976622803794,269.97713739616256,954.52,334.40000000000003
339,326,9.644535183775469,980.5976622803794,269.97713739616256,953.4933333333333,328.33333333333337
340,327,9.644535183775469,980.5976622803794,269.97713739616256,952.4666666666667,322.2666666666667
341,328,9.644535183775469,980.5976622803794,269.97713739616256,951.44,316.20000000000005
342,329,9.644535183775469,980.5976622803794,269.97713739616256,950.4133333333334,310.1333333333333
343,330,9.644535183775469,980.5976622803794,269.97713739616256,949.3866666666667,304.0666666666667
344,331,9.644535183775469,980.5976622803794,269.97713739616256,948.36,298.0
345,332,9.644535183775469,980.5976622803794,269.97713739616256,947.3333333333334,291.93333333333334
346,333,9.644535183775469,980.5976622803794,269.97713739616256,946.3066666666667,285.8666666666667
347,334,9.644535183775469,980.5976622803794,269.97713739616256,945.2800000000001,279.8
348,335,9.644535183775469,980.5976622803794,269.97713739616256,944.2533333333333,273.73333333333335
349,336,9.644535183775469,980.5976622803794,269.97713739616256,943.2266666666667,267.6666666666667
350,337,9.644535183775469,980.5976622803794,269.97713739616256,942.2,261.6
351,338,9.644535183775469,980.5976622803794,269.97713739616256,942.2,261.6
352,339,9.644535183775469,980.5976622803794,269.97713739616256,942.2,261.6
353,340,9.644535183775469,980.5976622803794,269.97713739616256,942.2,261.6
354,341,9.644535183775469,980.5976622803794,269.97713739616256,942.2,261.6
355,342,9.644535183775469,980.5976622803794,269.97713739616256,942.2,261.6
356,343,9.644535183775469,980.5976622803794,269.97713739616256,942.2,261.6
357,344,9.644535183775469,980.5976622803794,269.97713739616256,942.2,261.6
358,345,9.644535183775469,980.5976622803794,269.97713739616256,942.2,261.6
359,346,9.644535183775469,980.5976622803794,269.97713739616256,942.2,261.6
360,347,9.644535183775469,980.5976622803794,269.97713739616256,942.2,261.6
361,348,9.644535183775469,980.5976622803794,269.97713739616256,942.2,261.6
362,349,9.644535183775469,980.5976622803794,269.97713739616256,942.2,261.6
363,350,9.644535183775469,980.5976622803794,269.97713739616256,942.2,261.6
364,351,9.644535183775469,980.5976622803794,269.97713739616256,942.2,261.6
365,352,9.644535183775469,980.5976622803794,269.97713739616256,942.2,261.6
366,353,9.644535183775469,980.5976622803794,269.97713739616256,942.2,261.6
367,354,9.644535183775469,980.5976622803794,269.97713739616256,942.2,261.6
368,355,9.644535183775469,980.5976622803794,269.97713739616256,942.2,261.6
369,356,9.644535183775469,980.5976622803794,269.97713739616256,942.2,261.6
370,357,9.644535183775469,980.5976622803794,269.97713739616256,942.2,261.6
371,358,9.644535183775469,980.5976622803794,269.97713739616256,942.2,261.6
372,359,9.644535183775469,980.5976622803794,269.97713739616256,942.2,261.6
373,360,12.22126511923036,980.5976622803794,269.97713739616256,942.2,261.6
374,361,22.519316494358154,980.5976622803794,269.97713739616256,942.2,261.6
375,362,30.72109399684396,980.5976622803794,269.97713739616256,942.2,261.6
376,363,10.685522806960849,980.5976622803794,269.97713739616256,942.2,261.6
377,364,7.25827882508315,980.5976622803794,269.97713739616256,942.2,261.6
378,365,5.856918363035049,980.5976622803794,269.97713739616256,942.2,261.6
379,366,5.095879069966567,947.5976622803794,257.97713739616256,942.2,261.6
380,366,5.095879069966567,947.5976622803794,257.97713739616256,942.2,261.6
381,366,5.095879069966567,947.5976622803794,257.97713739616256,942.2,261.6
382,366,5.095879069966567,947.5976622803794,257.97713739616256,942.2,261.6
383,366,5.095879069966567,947.5976622803794,257.97713739616256,942.2,261.6
384,366,5.095879069966567,947.5976622803794,257.97713739616256,942.2,261.6
385,366,5.095879069966567,947.5976622803794,257.97713739616256,942.2,261.6
386,366,5.095879069966567,947.5976622803794,257.97713739616256,942.2,261.6
387,366,5.095879069966567,947.5976622803794,257.97713739616256,942.2,261.6
388,366,5.095879069966567,947.5976622803794,257.97713739616256,942.2,261.6
389,366,5.095879069966567,947.5976622803794,257.97713739616256,942.2,261.6
390,366,5.095879069966567,947.5976622803794,257.97713739616256,942.2,261.6
391,366,5.095879069966567,947.5976622803794,257.97713739616256,942.2,261.6
392,366,5.095879069966567,947.5976622803794,257.97713739616256,942.2,261.6
393,366,5.095879069966567,947.5976622803794,257.97713739616256,942.2,261.6
394,366,5.095879069966567,947.5976622803794,257.97713739616256,942.2,261.6
395,366,5.095879069966567,947.5976622803794,257.97713739616256,942.2,261.6
396,366,5.095879069966567,947.5976622803794,257.97713739616256,942.2,261.6
397,366,5.095879069966567,947.5976622803794,257.97713739616256,942.2,261.6
398,366,5.095879069966567,947.5976622803794,257.97713739616256,942.2,261.6
399,366,5.095879069966567,947.5976622803794,257.97713739616256,942.2,261.6
400,366,5.095879069966567,947.5976622803794,257.97713739616256,942.2,261.6
401,366,5.095879069966567,947.5976622803794,257.97713739616256,942.2,261.6
402,366,5.095879069966567,947.5976622803794,257.97713739616256,942.2,261.6
403,366,5.095879069966567,947.5976622803794,257.97713739616256,942.2,261.6
404,366,5.095879069966567,947.5976622803794,257.97713739616256,942.2,261.6
405,366,5.095879069966567,947.5976622803794,257.97713739616256,942.2,261.6
406,366,5.095879069966567,947.5976622803794,257.97713739616256,942.2,261.6
407,367,5.095879069966567,947.5976622803794,257.97713739616256,942.2,261.6
408,368,5.095879069966567,947.5976622803794,257.97713739616256,942.2,261.6
409,369,5.095879069966567,947.5976622803794,257.97713739616256,942.2,261.6
410,370,5.095879069966567,947.5976622803794,257.97713739616256,942.2,261.6
411,371,5.095879069966567,947.5976622803794,257.97713739616256,942.2,261.6
412,372,5.095879069966567,947.5976622803794,257.97713739616256,942.2,261.6
413,373,5.095879069966567,947.5976622803794,257.97713739616256,942.2,261.6
414,374,5.095879069966567,947.5976622803794,257.97713739616256,942.2,261.6
415,375,5.095879069966567,947.5976622803794,257.97713739616256,944.3000000000001,309.85
416,376,5.095879069966567,947.5976622803794,257.97713739616256,946.4000000000001,358.1
417,377,5.095879069966567,947.5976622803794,257.97713739616256,948.5,406.35
418,378,5.095879069966567,947.5976622803794,257.97713739616256,950.6,454.6
419,379,5.095879069966567,967.5976622803794,479.97713739616256,952.7,502.85
420,380,5.095879069966567,967.5976622803794,479.97713739616256,954.8,551.1
421,381,5.095879069966567,967.5976622803794,479.97713739616256,956.9,599.35
422,382,5.095879069966567,967.5976622803794,479.97713739616256,959.0,647.6
423,383,5.095879069966567,967.5976622803794,479.97713739616256,959.0,647.6
424,384,5.095879069966567,967.5976622803794,479.97713739616256,959.0,647.6
425,385,5.095879069966567,967.5976622803794,479.97713739616256,959.0,647.6
426,386,5.095879069966567,967.5976622803794,479.97713739616256,959.0,647.6
427,387,5.095879069966567,986.5976622803794,702.9771373961626,959.0,647.6
428,388,5.095879069966567,986.5976622803794,702.9771373961626,959.0,647.6
429,389,5.095879069966567,986.5976622803794,702.9771373961626,959.0,647.6
430,390,5.095879069966567,986.5976622803794,702.9771373961626,959.0,647.6
431,391,5.095879069966567,986.5976622803794,702.9771373961626,959.0,647.6
432,392,5.095879069966567,986.5976622803794,702.9771373961626,959.0,647.6
433,393,5.095879069966567,986.5976622803794,702.9771373961626,959.0,647.6
434,394,5.095879069966567,986.5976622803794,702.9771373961626,959.0,647.6
435,395,5.095879069966567,986.5976622803794,702.9771373961626,959.0,647.6
436,396,5.095879069966567,986.5976622803794,702.9771373961626,959.0,647.6
437,397,5.376854180991127,986.5976622803794,702.9771373961626,959.0,647.6
438,398,5.640699411023539,986.5976622803794,702.9771373961626,959.0,647.6
439,399,5.888924691262092,986.5976622803794,702.9771373961626,959.0,647.6
440,400,0.7573103675118719,986.5976622803794,702.9771373961626,959.0,647.6
440,401,0.5364568261461362,986.5976622803794,702.9771373961626,959.0,647.6
440,402,0.3276309567982356,986.5976622803794,702.9771373961626,959.0,647.6
440,403,0.1298813875137649,986.5976622803794,702.9771373961626,959.0,647.6
440,404,0.05764600044144172,986.5976622803794,702.9771373961626,959.0,647.6
440,405,0.2357201289130543,986.5976622803794,702.9771373961626,959.0,647.6
440,406,0.40503503786838796,986.5976622803794,702.9771373961626,959.0,647.6
440,407,0.5662187438576873,986.5976622803794,702.9771373961626,959.0,647.6
440,408,0.7198408755492359,986.5976622803794,702.9771373961626,959.0,647.6
440,409,0.8664192779262113,986.5976622803794,702.9771373961626,959.0,647.6
440,410,1.0064257434307615,986.5976622803794,702.9771373961626,959.0,647.6
440,411,1.1402910012901546,986.5976622803794,702.9771373961626,959.0,647.6
440,412,1.1402910012901546,986.5976622803794,702.9771373961626,959.0,647.6
440,413,1.1402910012901546,986.5976622803794,702.9771373961626,959.0,647.6
440,414,1.1402910012901546,986.5976622803794,702.9771373961626,959.0,647.6
440,415,1.1402910012901546,986.5976622803794,702.9771373961626,959.0,647.6
440,416,1.1402910012901546,986.5976622803794,702.9771373961626,959.0,647.6
440,417,1.1402910012901546,986.5976622803794,702.9771373961626,959.0,647.6
440,418,1.1402910012901546,986.5976622803794,702.9771373961626,959.0,647.6
440,419,1.1402910012901546,986.5976622803794,702.9771373961626,959.0,647.6
440,420,1.1402910012901546,986.5976622803794,702.9771373961626,959.0,647.6
440,421,1.1402910012901546,986.5976622803794,702.9771373961626,959.0,647.6
440,422,1.1402910012901546,986.5976622803794,702.9771373961626,959.0,647.6
440,423,1.1402910012901546,986.5976622803794,702.9771373961626,959.0,647.6
440,424,1.1402910012901546,986.5976622803794,702.9771373961626,959.0,647.6
440,425,1.1402910012901546,986.5976622803794,702.9771373961626,959.0,647.6
440,426,1.1402910012901546,986.5976622803794,702.9771373961626,925.225,650.25
440,427,1.1402910012901546,986.5976622803794,702.9771373961626,891.45,652.9000000000001
440,428,1.1402910012901546,986.5976622803794,702.9771373961626,857.675,655.5500000000001
440,429,1.1402910012901546,986.5976622803794,702.9771373961626,823.9,658.2
440,430,1.1402910012901546,986.5976622803794,702.9771373961626,823.9,658.2
440,431,1.1402910012901546,986.5976622803794,702.9771373961626,823.9,658.2
440,432,1.1402910012901546,986.5976622803794,702.9771373961626,823.9,658.2
440,433,1.1402910012901546,986.5976622803794,702.9771373961626,823.9,658.2
440,434,1.1402910012901546,986.5976622803794,702.9771373961626,823.9,658.2
440,435,1.1402910012901546,986.5976622803794,702.9771373961626,823.9,658.2
440,436,1.1402910012901546,986.5976622803794,702.9771373961626,823.9,658.2
440,437,1.1402910012901546,986.5976622803794,702.9771373961626,823.9,658.2
440,438,1.1402910012901546,986.5976622803794,702.9771373961626,823.9,658.2
440,439,1.1402910012901546,986.5976622803794,702.9771373961626,823.9,658.2
440,440,1.1402910012901546,986.5976622803794,702.9771373961626,823.9,658.2
441,441,1.1402910012901546,986.5976622803794,702.9771373961626,823.9,658.2
442,442,1.1402910012901546,986.5976622803794,702.9771373961626,823.9,658.2
443,443,1.1402910012901546,986.5976622803794,702.9771373961626,823.9,658.2
444,444,1.1402910012901546,986.5976622803794,702.9771373961626,823.9,658.2
445,445,1.1402910012901546,986.5976622803794,702.9771373961626,823.9,658.2
446,446,1.1402910012901546,986.5976622803794,702.9771373961626,823.9,658.2
447,447,1.1402910012901546,986.5976622803794,702.9771373961626,823.9,658.2
448,448,1.1402910012901546,986.5976622803794,702.9771373961626,823.9,658.2
449,449,1.1402910012901546,986.5976622803794,702.9771373961626,823.9,658.2
450,450,1.1402910012901546,986.5976622803794,702.9771373961626,823.9,658.2
451,451,1.1402910012901546,813.5976622803794,688.9771373961626,823.9,658.2
452,452,1.1402910012901546,813.5976622803794,688.9771373961626,823.9,658.2
453,453,1.1402910012901546,813.5976622803794,688.9771373961626,823.9,658.2
454,454,1.1402910012901546,813.5976622803794,688.9771373961626,823.9,658.2
455,455,1.1402910012901546,813.5976622803794,688.9771373961626,823.9,658.2
456,456,1.1402910012901546,813.5976622803794,688.9771373961626,823.9,658.2
457,457,1.1402910012901546,813.5976622803794,688.9771373961626,823.9,658.2
458,458,1.1402910012901546,813.5976622803794,688.9771373961626,823.9,658.2
459,459,1.1402910012901546,813.5976622803794,688.9771373961626,823.9,658.2
460,460,1.1402910012901546,813.5976622803794,688.9771373961626,823.9,658.2
461,461,1.1402910012901546,813.5976622803794,688.9771373961626,782.875,654.1500000000001
462,462,1.1402910012901546,813.5976622803794,688.9771373961626,741.8499999999999,650.1
463,463,1.1402910012901546,813.5976622803794,688.9771373961626,700.8249999999999,646.05
464,464,1.1402910012901546,813.5976622803794,688.9771373961626,659.8,642.0
465,465,1.1402910012901546,813.5976622803794,688.9771373961626,659.8,642.0
466,466,1.1402910012901546,813.5976622803794,688.9771373961626,659.8,642.0
467,467,1.1402910012901546,813.5976622803794,688.9771373961626,659.8,642.0
468,468,1.1402910012901546,813.5976622803794,688.9771373961626,659.8,642.0
469,469,1.1402910012901546,813.5976622803794,688.9771373961626,659.8,642.0
470,470,1.1402910012901546,813.5976622803794,688.9771373961626,659.8,642.0
471,471,1.1402910012901546,813.5976622803794,688.9771373961626,659.8,642.0
472,472,1.1402910012901546,813.5976622803794,688.9771373961626,659.8,642.0
473,473,1.1402910012901546,813.5976622803794,688.9771373961626,659.8,642.0
474,474,1.1402910012901546,813.5976622803794,688.9771373961626,659.8,642.0
475,475,1.1402910012901546,813.5976622803794,688.9771373961626,659.8,642.0
476,476,1.3844276679034027,813.5976622803794,688.9771373961626,659.8,642.0
477,477,1.7578039241190802,813.5976622803794,688.9771373961626,659.8,642.0
478,478,2.399901560581053,813.5976622803794,688.9771373961626,659.8,642.0
479,479,3.7632386095140555,813.5976622803794,688.9771373961626,659.8,642.0
480,480,1.3341374157356387,813.5976622803794,688.9771373961626,659.8,642.0
481,480,1.3341374157356387,813.5976622803794,688.9771373961626,659.8,642.0
482,480,1.3341374157356387,813.5976622803794,688.9771373961626,659.8,642.0
483,480,1.3341374157356387,652.5976622803794,671.9771373961626,659.8,642.0
484,480,1.3341374157356387,652.5976622803794,671.9771373961626,659.8,642.0
485,480,1.3341374157356387,652.5976622803794,671.9771373961626,659.8,642.0
486,480,1.3341374157356387,652.5976622803794,671.9771373961626,659.8,642.0
487,481,11.798532910897762,652.5976622803794,671.9771373961626,659.8,642.0
488,482,12.258872127205475,652.5976622803794,671.9771373961626,659.8,642.0
489,483,9.80135971931759,652.5976622803794,671.9771373961626,659.8,642.0
490,483,9.80135971931759,652.5976622803794,671.9771373961626,659.8,642.0
491,483,9.80135971931759,652.5976622803794,671.9771373961626,659.8,642.0
492,483,9.80135971931759,652.5976622803794,671.9771373961626,659.8,642.0
493,483,9.80135971931759,652.5976622803794,671.9771373961626,659.8,642.0
494,483,9.80135971931759,652.5976622803794,671.9771373961626,659.8,642.0
495,483,9.80135971931759,652.5976622803794,671.9771373961626,659.8,642.0
496,483,9.80135971931759,652.5976622803794,671.9771373961626,659.8,642.0
497,483,9.80135971931759,652.5976622803794,671.9771373961626,659.8,642.0
498,483,9.80135971931759,652.5976622803794,671.9771373961626,659.8,642.0
499,483,9.80135971931759,652.5976622803794,671.9771373961626,659.8,642.0
500,483,9.80135971931759,652.5976622803794,671.9771373961626,659.8,642.0
501,483,9.80135971931759,652.5976622803794,671.9771373961626,659.8,642.0
502,483,9.80135971931759,652.5976622803794,671.9771373961626,659.8,642.0
503,483,9.80135971931759,652.5976622803794,671.9771373961626,659.8,642.0
504,483,9.80135971931759,652.5976622803794,671.9771373961626,696.2428571428571,586.6714285714286
505,483,9.80135971931759,652.5976622803794,671.9771373961626,732.6857142857142,531.3428571428572
506,483,9.80135971931759,652.5976622803794,671.9771373961626,769.1285714285714,476.01428571428573
507,483,9.80135971931759,652.5976622803794,671.9771373961626,805.5714285714286,420.6857142857143
508,484,9.80135971931759,652.5976622803794,671.9771373961626,842.0142857142857,365.35714285714283
509,485,9.80135971931759,652.5976622803794,671.9771373961626,878.4571428571428,310.0285714285714
510,486,9.80135971931759,652.5976622803794,671.9771373961626,914.9,254.7
511,487,9.80135971931759,652.5976622803794,671.9771373961626,914.9,254.7
512,488,9.80135971931759,652.5976622803794,671.9771373961626,914.9,254.7
513,489,9.80135971931759,652.5976622803794,671.9771373961626,914.9,254.7
514,490,9.80135971931759,993.5976622803794,672.9771373961626,914.9,254.7
515,491,9.80135971931759,993.5976622803794,672.9771373961626,914.9,254.7
516,492,9.80135971931759,993.5976622803794,672.9771373961626,914.9,254.7
517,493,9.80135971931759,993.5976622803794,672.9771373961626,914.9,254.7
518,494,9.80135971931759,993.5976622803794,672.9771373961626,914.9,254.7
519,495,9.80135971931759,993.5976622803794,672.9771373961626,914.9,254.7
520,496,9.80135971931759,993.5976622803794,672.9771373961626,914.9,254.7
521,497,9.80135971931759,993.5976622803794,672.9771373961626,914.9,254.7
522,498,9.80135971931759,993.5976622803794,672.9771373961626,914.9,254.7
523,499,9.80135971931759,993.5976622803794,672.9771373961626,914.9,254.7
524,500,9.80135971931759,993.5976622803794,672.9771373961626,914.9,254.7
525,501,9.80135971931759,993.5976622803794,672.9771373961626,914.9,254.7
526,502,9.80135971931759,993.5976622803794,672.9771373961626,914.9,254.7
527,503,9.80135971931759,993.5976622803794,672.9771373961626,914.9,254.7
528,504,9.80135971931759,993.5976622803794,672.9771373961626,914.9,254.7
529,505,9.80135971931759,993.5976622803794,672.9771373961626,914.9,254.7
530,506,9.80135971931759,993.5976622803794,672.9771373961626,914.9,254.7
531,507,9.80135971931759,993.5976622803794,672.9771373961626,914.9,254.7
532,508,9.80135971931759,993.5976622803794,672.9771373961626,914.8,254.48
533,509,9.80135971931759,993.5976622803794,672.9771373961626,914.6999999999999,254.26
534,510,9.80135971931759,993.5976622803794,672.9771373961626,914.6,254.04
535,511,9.80135971931759,993.5976622803794,672.9771373961626,914.5,253.82
536,512,9.80135971931759,993.5976622803794,672.9771373961626,914.4,253.6
537,513,9.80135971931759,993.5976622803794,672.9771373961626,914.4,253.6
538,514,9.80135971931759,990.5976622803794,472.97713739616256,914.4,253.6
539,515,9.80135971931759,990.5976622803794,472.97713739616256,914.4,253.6
540,516,9.80135971931759,990.5976622803794,472.97713739616256,914.4,253.6
541,517,9.80135971931759,990.5976622803794,472.97713739616256,914.4,253.6
542,518,9.80135971931759,990.5976622803794,472.97713739616256,914.4,253.6
543,519,9.80135971931759,990.5976622803794,472.97713739616256,914.4,253.6
544,520,9.80135971931759,990.5976622803794,472.97713739616256,914.4,253.6
545,521,9.80135971931759,990.5976622803794,472.97713739616256,914.4,253.6
546,522,9.80135971931759,990.5976622803794,472.97713739616256,914.4,253.6
547,523,9.80135971931759,986.5976622803794,271.97713739616256,914.4,253.6
548,524,9.80135971931759,986.5976622803794,271.97713739616256,913.2833333333333,253.23333333333332
549,525,9.80135971931759,986.5976622803794,271.97713739616256,912.1666666666666,252.86666666666667
550,526,9.80135971931759,986.5976622803794,271.97713739616256,911.05,252.5
551,527,26.775177071360176,986.5976622803794,271.97713739616256,909.9333333333334,252.13333333333333
552,528,13.235513863472733,986.5976622803794,271.97713739616256,908.8166666666667,251.76666666666668
552,529,2.9741584278587347,986.5976622803794,271.97713739616256,907.7,251.4
552,530,4.5257992071600786,986.5976622803794,271.97713739616256,907.7,251.4
553,531,4.5257992071600786,986.5976622803794,271.97713739616256,907.7,251.4
554,532,4.5257992071600786,986.5976622803794,271.97713739616256,907.7,251.4
555,533,4.5257992071600786,986.5976622803794,271.97713739616256,907.7,251.4
556,534,4.5257992071600786,986.5976622803794,271.97713739616256,907.7,251.4
557,535,4.5257992071600786,986.5976622803794,271.97713739616256,907.7,251.4
558,536,4.5257992071600786,986.5976622803794,271.97713739616256,907.7,251.4
559,537,4.5257992071600786,986.5976622803794,271.97713739616256,909.0500000000001,253.75
560,538,4.5257992071600786,986.5976622803794,271.97713739616256,910.4000000000001,256.1
561,539,4.5257992071600786,986.5976622803794,271.97713739616256,911.75,258.45
562,540,4.5257992071600786,986.5976622803794,271.97713739616256,913.1,260.8
563,541,4.5257992071600786,986.5976622803794,271.97713739616256,913.1,260.8
564,542,4.5257992071600786,986.5976622803794,271.97713739616256,913.1,260.8
565,543,4.5257992071600786,986.5976622803794,271.97713739616256,913.1,260.8
566,544,4.5257992071600786,986.5976622803794,271.97713739616256,913.1,260.8
567,545,4.5257992071600786,986.5976622803794,271.97713739616256,913.1,260.8
568,546,4.5257992071600786,986.5976622803794,271.97713739616256,913.1,260.8
569,547,4.5257992071600786,986.5976622803794,271.97713739616256,913.1,260.8
570,548,4.5257992071600786,986.5976622803794,271.97713739616256,913.1,260.8
571,549,4.5257992071600786,986.5976622803794,271.97713739616256,913.1,260.8
572,550,4.5257992071600786,986.5976622803794,271.97713739616256,913.1,260.8
573,551,4.5257992071600786,986.5976622803794,271.97713739616256,913.1,260.8
574,552,4.5257992071600786,986.5976622803794,271.97713739616256,913.1,260.8
575,553,4.5257992071600786,986.5976622803794,271.97713739616256,913.1,260.8
576,554,4.5257992071600786,986.5976622803794,271.97713739616256,913.1,260.8
577,555,4.5257992071600786,950.5976622803794,231.97713739616256,913.1,260.8
578,556,4.5257992071600786,950.5976622803794,231.97713739616256,913.1,260.8
579,557,4.5257992071600786,950.5976622803794,231.97713739616256,913.1,260.8
580,558,4.5257992071600786,950.5976622803794,231.97713739616256,913.1,260.8
581,559,4.5257992071600786,950.5976622803794,231.97713739616256,913.1,260.8
582,560,4.5257992071600786,950.5976622803794,231.97713739616256,913.1,260.8
583,561,4.5257992071600786,950.5976622803794,231.97713739616256,913.1,260.8
584,562,9.564852587804996,950.5976622803794,231.97713739616256,913.1,260.8
585,563,3.5447006455639363,950.5976622803794,231.97713739616256,913.1,260.8
586,564,0.9817708295806374,950.5976622803794,231.97713739616256,913.1,260.8
587,564,0.9817708295806374,950.5976622803794,231.97713739616256,913.1,260.8
588,564,0.9817708295806374,950.5976622803794,231.97713739616256,913.1,260.8
589,564,0.9817708295806374,950.5976622803794,231.97713739616256,913.1,260.8
590,564,0.9817708295806374,950.5976622803794,231.97713739616256,913.1,260.8
591,564,0.9817708295806374,950.5976622803794,231.97713739616256,913.1,260.8
592,564,0.9817708295806374,950.5976622803794,231.97713739616256,913.1,260.8
593,564,0.9817708295806374,950.5976622803794,231.97713739616256,913.1,260.8
594,564,0.9817708295806374,950.5976622803794,231.97713739616256,913.1,260.8
595,564,0.9817708295806374,950.5976622803794,231.97713739616256,913.1,260.8
596,565,4.4689146895783916,950.5976622803794,231.97713739616256,905.875,301.375
597,566,4.4689146895783916,950.5976622803794,231.97713739616256,898.65,341.95
598,567,4.4689146895783916,950.5976622803794,231.97713739616256,891.425,382.525
599,568,4.4689146895783916,950.5976622803794,231.97713739616256,884.2,423.1
600,569,4.4689146895783916,950.5976622803794,231.97713739616256,876.975,463.67499999999995
601,570,4.4689146895783916,884.5976622803794,346.97713739616256,869.75,504.25
602,571,4.4689146895783916,884.5976622803794,346.97713739616256,862.525,544.825
603,572,4.4689146895783916,884.5976622803794,346.97713739616256,855.3,585.4
604,573,4.4689146895783916,884.5976622803794,346.97713739616256,855.3,585.4
605,574,4.4689146895783916,884.5976622803794,346.97713739616256,855.3,585.4
606,575,4.4689146895783916,884.5976622803794,346.97713739616256,855.3,585.4
607,576,4.4689146895783916,884.5976622803794,346.97713739616256,855.3,585.4
608,577,4.4689146895783916,817.5976622803794,462.97713739616256,855.3,585.4
609,578,4.4689146895783916,817.5976622803794,462.97713739616256,855.3,585.4
610,579,4.4689146895783916,817.5976622803794,462.97713739616256,855.3,585.4
611,580,4.4689146895783916,817.5976622803794,462.97713739616256,855.3,585.4
612,581,4.4689146895783916,817.5976622803794,462.97713739616256,855.3,585.4
613,582,4.4689146895783916,817.5976622803794,462.97713739616256,855.3,585.4
614,583,4.4689146895783916,817.5976622803794,462.97713739616256,855.3,585.4
615,584,85.4130580365961,817.5976622803794,462.97713739616256,855.3,585.4
616,585,85.4130580365961,817.5976622803794,462.97713739616256,855.3,585.4
617,586,85.4130580365961,817.5976622803794,462.97713739616256,855.3,585.4
618,587,85.4130580365961,817.5976622803794,462.97713739616256,855.3,585.4
619,588,85.4130580365961,751.5976622803794,578.9771373961626,855.3,585.4
620,589,85.4130580365961,751.5976622803794,578.9771373961626,855.3,585.4
621,590,85.4130580365961,751.5976622803794,578.9771373961626,855.3,585.4
622,591,85.4130580365961,751.5976622803794,578.9771373961626,855.3,585.4
623,592,85.4130580365961,751.5976622803794,578.9771373961626,855.3,585.4
624,593,85.4130580365961,751.5976622803794,578.9771373961626,855.3,585.4
625,594,85.4130580365961,685.5976622803794,694.9771373961626,855.3,585.4
626,595,85.4130580365961,685.5976622803794,694.9771373961626,855.3,585.4
627,596,85.4130580365961,685.5976622803794,694.9771373961626,855.3,585.4
628,597,85.4130580365961,685.5976622803794,694.9771373961626,855.3,585.4
629,598,85.4130580365961,685.5976622803794,694.9771373961626,855.3,585.4
630,599,85.4130580365961,685.5976622803794,694.9771373961626,855.3,585.4
631,600,85.4130580365961,685.5976622803794,694.9771373961626,855.3,585.4
632,601,85.4130580365961,738.5976622803794,697.9771373961626,855.3,585.4
633,602,85.4130580365961,738.5976622803794,697.9771373961626,855.3,585.4
634,603,85.4130580365961,738.5976622803794,697.9771373961626,855.3,585.4
635,604,85.4130580365961,738.5976622803794,697.9771373961626,855.3,585.4
636,605,94.1449243996863,738.5976622803794,697.9771373961626,855.3,585.4
637,606,106.36048192303205,738.5976622803794,697.9771373961626,855.3,585.4
638,607,122.71212295241419,738.5976622803794,697.9771373961626,855.3,585.4
639,608,76.84760020357727,738.5976622803794,697.9771373961626,857.9730769230769,585.1923076923076
640,609,58.58020302989942,738.5976622803794,697.9771373961626,860.6461538461538,584.9846153846154
641,610,44.06131577126881,791.5976622803794,700.9771373961626,863.3192307692307,584.776923076923
642,611,33.52085743979634,791.5976622803794,700.9771373961626,865.9923076923077,584.5692307692308
643,612,33.52085743979634,791.5976622803794,700.9771373961626,868.6653846153846,584.3615384615384
644,613,33.52085743979634,791.5976622803794,700.9771373961626,871.3384615384615,584.1538461538462
645,614,33.52085743979634,791.5976622803794,700.9771373961626,874.0115384615384,583.9461538461538
646,615,33.52085743979634,791.5976622803794,700.9771373961626,876.6846153846153,583.7384615384615
647,616,33.52085743979634,791.5976622803794,700.9771373961626,879.3576923076922,583.5307692307692
648,617,14.650219125098234,791.5976622803794,700.9771373961626,882.0307692307692,583.3230769230769
649,618,14.650219125098234,844.5976622803794,703.9771373961626,884.7038461538461,583.1153846153846
650,619,14.650219125098234,844.5976622803794,703.9771373961626,887.376923076923,582.9076923076923
651,620,14.650219125098234,844.5976622803794,703.9771373961626,890.05,582.7
652,621,14.650219125098234,844.5976622803794,703.9771373961626,892.7230769230769,582.4923076923077
653,622,14.650219125098234,844.5976622803794,703.9771373961626,895.3961538461538,582.2846153846153
654,623,14.650219125098234,844.5976622803794,703.9771373961626,898.0692307692307,582.0769230769231
655,624,14.650219125098234,844.5976622803794,703.9771373961626,900.7423076923077,581.8692307692307
656,625,14.650219125098234,897.5976622803794,707.9771373961626,903.4153846153846,581.6615384615385
657,626,14.650219125098234,897.5976622803794,707.9771373961626,906.0884615384615,581.4538461538461
658,627,14.650219125098234,897.5976622803794,707.9771373961626,908.7615384615384,581.2461538461538
659,628,14.650219125098234,897.5976622803794,707.9771373961626,911.4346153846153,581.0384615384615
660,629,14.650219125098234,897.5976622803794,707.9771373961626,914.1076923076922,580.8307692307692
661,630,14.650219125098234,897.5976622803794,707.9771373961626,916.7807692307692,580.623076923077
662,631,14.650219125098234,897.5976622803794,707.9771373961626,919.4538461538461,580.4153846153846
663,632,14.650219125098234,897.5976622803794,707.9771373961626,922.126923076923,580.2076923076924
664,633,14.66298790776675,897.5976622803794,707.9771373961626,924.8,580.0
665,634,14.675736129457785,897.5976622803794,707.9771373961626,924.8,580.0
666,635,14.688463838534865,897.5976622803794,707.9771373961626,924.8,580.0
667,636,14.70117108321403,897.5976622803794,707.9771373961626,924.8,580.0
668,637,14.713857911564514,897.5976622803794,707.9771373961626,924.8,580.0
669,638,14.713857911564514,897.5976622803794,707.9771373961626,924.8,580.0
670,639,14.713857911564514,897.5976622803794,707.9771373961626,924.8,580.0
671,640,14.713857911564514,897.5976622803794,707.9771373961626,924.8,580.0
672,641,14.713857911564514,897.5976622803794,707.9771373961626,924.8,580.0
673,642,14.713857911564514,948.5976622803794,701.9771373961626,924.8,580.0
674,643,14.713857911564514,948.5976622803794,701.9771373961626,924.8,580.0
675,644,14.713857911564514,948.5976622803794,701.9771373961626,924.8,580.0
676,645,14.713857911564514,948.5976622803794,701.9771373961626,924.8,580.0
677,646,14.713857911564514,948.5976622803794,701.9771373961626,924.8,580.0
678,647,14.713857911564514,948.5976622803794,701.9771373961626,924.8,580.0
679,648,14.713857911564514,948.5976622803794,701.9771373961626,924.8,580.0
680,649,7.504276521818891,1000.5976622803794,696.9771373961626,924.8,580.0
680,650,7.709608103542209,1000.5976622803794,696.9771373961626,924.8,580.0
680,651,7.9141720053775515,1000.5976622803794,696.9771373961626,924.8,580.0
680,652,8.117967338559671,1000.5976622803794,696.9771373961626,924.8,580.0
680,653,8.320993298775994,1000.5976622803794,696.9771373961626,924.8,580.0
680,654,8.523249165057262,1000.5976622803794,696.9771373961626,924.8,580.0
680,655,8.523249165057262,1000.5976622803794,696.9771373961626,924.8,580.0
680,656,8.523249165057262,1000.5976622803794,696.9771373961626,924.8,580.0
680,657,8.523249165057262,1000.5976622803794,696.9771373961626,924.8,580.0
680,658,8.523249165057262,1000.5976622803794,696.9771373961626,924.8,580.0
680,659,8.523249165057262,1000.5976622803794,696.9771373961626,924.8,580.0
680,660,8.523249165057262,1000.5976622803794,696.9771373961626,924.8,580.0
680,661,8.523249165057262,1000.5976622803794,696.9771373961626,924.8,580.0
680,662,8.34405521714512,1000.5976622803794,696.9771373961626,924.8,580.0
680,663,8.161689995686807,1000.5976622803794,696.9771373961626,924.8,580.0
680,664,7.9760723590142035,1000.5976622803794,696.9771373961626,924.8,580.0
680,665,7.787118518415897,1000.5976622803794,696.9771373961626,924.8,580.0
680,666,7.787118518415897,1000.5976622803794,696.9771373961626,924.8,580.0
680,667,7.787118518415897,1000.5976622803794,696.9771373961626,924.8,580.0
680,668,7.787118518415897,1000.5976622803794,696.9771373961626,930.3714285714285,546.3428571428572
680,669,7.787118518415897,1000.5976622803794,696.9771373961626,935.9428571428571,512.6857142857143
680,670,7.787118518415897,1000.5976622803794,696.9771373961626,941.5142857142856,479.0285714285714
680,671,7.787118518415897,1000.5976622803794,696.9771373961626,947.0857142857143,445.37142857142857
680,672,7.787118518415897,1000.5976622803794,696.9771373961626,952.6571428571428,411.7142857142857
680,673,7.787118518415897,1000.5976622803794,696.9771373961626,958.2285714285714,378.0571428571428
680,674,7.787118518415897,1000.5976622803794,696.9771373961626,963.8,344.4
680,675,7.787118518415897,1000.5976622803794,696.9771373961626,963.8,344.4
681,676,7.787118518415897,1000.5976622803794,696.9771373961626,963.8,344.4
682,677,7.787118518415897,1000.5976622803794,696.9771373961626,963.8,344.4
683,678,7.787118518415897,1000.5976622803794,696.9771373961626,963.8,344.4
684,679,7.787118518415897,1000.5976622803794,696.9771373961626,963.8,344.4
685,680,7.787118518415897,1000.5976622803794,696.9771373961626,963.8,344.4
686,681,7.787118518415897,1000.5976622803794,696.9771373961626,963.8,344.4
687,682,7.787118518415897,1000.5976622803794,696.9771373961626,963.8,344.4
688,683,7.787118518415897,1000.5976622803794,696.9771373961626,963.8,344.4
689,684,7.787118518415897,1000.5976622803794,696.9771373961626,963.8,344.4
690,685,7.787118518415897,1000.5976622803794,696.9771373961626,963.8,344.4
691,686,7.787118518415897,1000.5976622803794,696.9771373961626,963.8,344.4
692,687,7.787118518415897,1000.5976622803794,696.9771373961626,963.8,344.4
693,688,7.787118518415897,1000.5976622803794,696.9771373961626,963.8,344.4
694,689,7.787118518415897,1000.5976622803794,696.9771373961626,963.8,344.4
695,690,7.787118518415897,1000.5976622803794,696.9771373961626,963.8,344.4
696,691,7.787118518415897,1000.5976622803794,696.9771373961626,963.8,344.4
697,692,7.787118518415897,1000.5976622803794,696.9771373961626,963.8,344.4
698,693,7.787118518415897,1000.5976622803794,696.9771373961626,963.8,344.4
699,694,7.787118518415897,1000.5976622803794,696.9771373961626,963.8,344.4
700,695,7.787118518415897,1000.5976622803794,696.9771373961626,963.8,344.4
701,696,7.787118518415897,1000.5976622803794,696.9771373961626,963.8,344.4
702,697,7.787118518415897,1000.5976622803794,696.9771373961626,963.8,344.4
703,698,7.787118518415897,1000.5976622803794,696.9771373961626,963.8,344.4
704,699,8.557959735750622,1000.5976622803794,696.9771373961626,963.8,344.4
705,700,4.126149409180699,1000.5976622803794,696.9771373961626,963.8,344.4
706,701,2.193909538918579,1000.5976622803794,696.9771373961626,963.8,344.4
707,701,2.193909538918579,1000.5976622803794,696.9771373961626,963.8,344.4
708,701,2.193909538918579,1000.5976622803794,696.9771373961626,963.8,344.4
709,701,2.193909538918579,1000.5976622803794,696.9771373961626,963.8,344.4
710,702,11.622503417021044,1000.5976622803794,696.9771373961626,963.8,344.4
711,703,14.184212486504654,989.5976622803794,286.97713739616256,963.8,344.4
712,704,6.798555845665006,989.5976622803794,286.97713739616256,963.8,344.4
713,704,6.798555845665006,989.5976622803794,286.97713739616256,963.8,344.4
714,704,6.798555845665006,989.5976622803794,286.97713739616256,963.8,344.4
715,704,6.798555845665006,989.5976622803794,286.97713739616256,963.8,344.4
716,704,6.798555845665006,989.5976622803794,286.97713739616256,963.8,344.4
717,704,6.798555845665006,989.5976622803794,286.97713739616256,963.8,344.4
718,704,6.798555845665006,989.5976622803794,286.97713739616256,963.8,344.4
719,704,6.798555845665006,989.5976622803794,286.97713739616256,963.8,344.4
720,704,6.798555845665006,989.5976622803794,286.97713739616256,963.8,344.4
721,704,6.798555845665006,989.5976622803794,286.97713739616256,963.8,344.4
722,705,7.759724421108095,989.5976622803794,286.97713739616256,963.8,344.4
723,706,12.848967922424597,989.5976622803794,286.97713739616256,963.8,344.4
724,707,12.848967922424597,989.5976622803794,286.97713739616256,963.8,344.4
725,708,12.848967922424597,989.5976622803794,286.97713739616256,963.8,344.4
726,709,12.848967922424597,989.5976622803794,286.97713739616256,963.8,344.4
727,710,12.848967922424597,989.5976622803794,286.97713739616256,963.8,344.4
728,711,6.014408689454939,989.5976622803794,286.97713739616256,963.8,344.4
728,712,6.014408689454939,989.5976622803794,286.97713739616256,963.8,344.4
728,713,6.014408689454939,989.5976622803794,286.97713739616256,963.8,344.4
728,714,6.014408689454939,989.5976622803794,286.97713739616256,963.8,344.4
728,715,6.014408689454939,989.5976622803794,286.97713739616256,963.8,344.4
728,716,6.014408689454939,989.5976622803794,286.97713739616256,963.8,344.4
728,717,6.014408689454939,989.5976622803794,286.97713739616256,963.8,344.4
728,718,6.014408689454939,989.5976622803794,286.97713739616256,963.8,344.4
728,719,6.014408689454939,989.5976622803794,286.97713739616256,963.8,344.4
728,720,6.014408689454939,989.5976622803794,286.97713739616256,963.8,344.4
728,721,6.014408689454939,989.5976622803794,286.97713739616256,963.8,344.4
728,722,6.014408689454939,989.5976622803794,286.97713739616256,963.8,344.4
728,723,6.014408689454939,989.5976622803794,286.97713739616256,963.8,344.4
728,724,6.014408689454939,989.5976622803794,286.97713739616256,963.8,344.4
728,725,6.014408689454939,989.5976622803794,286.97713739616256,963.8,344.4
728,726,6.014408689454939,989.5976622803794,286.97713739616256,963.8,344.4
728,727,6.014408689454939,989.5976622803794,286.97713739616256,963.8,344.4
728,728,6.014408689454939,989.5976622803794,286.97713739616256,963.8,344.4
728,729,6.014408689454939,989.5976622803794,286.97713739616256,963.8,344.4
728,730,6.014408689454939,989.5976622803794,286.97713739616256,963.8,344.4
728,731,6.014408689454939,989.5976622803794,286.97713739616256,963.8,344.4
728,732,6.014408689454939,989.5976622803794,286.97713739616256,963.8,344.4
728,733,6.014408689454939,989.5976622803794,286.97713739616256,963.8,344.4
728,734,6.014408689454939,989.5976622803794,286.97713739616256,963.8,344.4
728,735,6.014408689454939,989.5976622803794,286.97713739616256,963.8,344.4
728,736,6.014408689454939,989.5976622803794,286.97713739616256,963.8,344.4
728,737,6.014408689454939,989.5976622803794,286.97713739616256,963.8,344.4
728,738,6.014408689454939,989.5976622803794,286.97713739616256,963.8,344.4
728,739,6.014408689454939,989.5976622803794,286.97713739616256,963.8,344.4
728,740,6.014408689454939,989.5976622803794,286.97713739616256,963.8,344.4
728,741,6.014408689454939,989.5976622803794,286.97713739616256,963.8,344.4
728,742,5.56621715590946,984.5976622803794,568.9771373961626,963.8,344.4
728,743,5.097247069289046,984.5976622803794,568.9771373961626,963.8,344.4
728,744,4.6060866151393105,984.5976622803794,568.9771373961626,963.8,344.4
728,745,4.091200240079083,984.5976622803794,568.9771373961626,1006.98,335.35999999999996
728,746,3.5509157673087506,984.5976622803794,568.9771373961626,1050.16,326.32
728,747,2.9834100356076636,984.5976622803794,568.9771373961626,1093.3400000000001,317.28
728,748,2.3866928964046736,984.5976622803794,568.9771373961626,1136.52,308.24
728,749,1.7585893916836242,984.5976622803794,568.9771373961626,1179.7,299.2
729,750,1.0967199263129372,984.5976622803794,568.9771373961626,1179.7,299.2
730,751,0.3984782438799414,984.5976622803794,568.9771373961626,1179.7,299.2
731,752,0.338992981647711,984.5976622803794,568.9771373961626,1179.7,299.2
732,753,1.1188291109947,984.5976622803794,568.9771373961626,1179.7,299.2
733,754,1.944473200585005,984.5976622803794,568.9771373961626,1179.7,299.2
734,755,2.8197084389044456,984.5976622803794,568.9771373961626,1179.7,299.2
735,756,2.3033688593894284,984.5976622803794,568.9771373961626,1179.7,299.2
736,757,1.316062683361004,1126.5976622803794,430.97713739616256,1179.7,299.2
737,758,0.26541056002635954,1126.5976622803794,430.97713739616256,1179.7,299.2
738,758,0.26541056002635954,1126.5976622803794,430.97713739616256,1179.7,299.2
739,758,0.26541056002635954,1126.5976622803794,430.97713739616256,1179.7,299.2
740,758,0.26541056002635954,1126.5976622803794,430.97713739616256,1179.7,299.2
741,759,0.8541066348260811,1126.5976622803794,430.97713739616256,1179.7,299.2
742,760,2.0485440854082038,1126.5976622803794,430.97713739616256,1179.7,299.2
743,761,3.3245329449223835,1126.5976622803794,430.97713739616256,1179.7,299.2
744,762,3.5103005168478676,1126.5976622803794,430.97713739616256,1179.7,299.2
745,763,2.048843425316562,1268.5976622803794,293.97713739616256,1179.7,299.2
746,764,0.4821814265632739,1268.5976622803794,293.97713739616256,1179.7,299.2
747,764,0.4821814265632739,1268.5976622803794,293.97713739616256,1179.7,299.2
748,764,0.4821814265632739,1268.5976622803794,293.97713739616256,1179.7,299.2
749,764,0.4821814265632739,1268.5976622803794,293.97713739616256,1179.7,299.2
750,764,0.4821814265632739,1268.5976622803794,293.97713739616256,1179.7,299.2
751,765,1.1988556523642782,1268.5976622803794,293.97713739616256,1179.7,299.2
752,766,8.150598196613785,1268.5976622803794,293.97713739616256,1179.7,299.2
753,767,6.211009256835562,1268.5976622803794,293.97713739616256,1179.7,299.2
754,767,6.211009256835562,1268.5976622803794,293.97713739616256,1179.7,299.2
755,767,6.211009256835562,1268.5976622803794,293.97713739616256,1179.7,299.2
756,767,6.211009256835562,1268.5976622803794,293.97713739616256,1179.7,299.2
757,767,6.211009256835562,1268.5976622803794,293.97713739616256,1179.7,299.2
758,767,6.211009256835562,1268.5976622803794,293.97713739616256,1179.7,299.2
759,767,20.968096018402715,1268.5976622803794,293.97713739616256,1179.7,299.2
760,767,20.968096018402715,1268.5976622803794,293.97713739616256,1179.7,299.2
761,767,20.968096018402715,1268.5976622803794,293.97713739616256,1179.7,299.2
762,767,20.968096018402715,1268.5976622803794,293.97713739616256,1179.7,299.2
763,767,20.968096018402715,1268.5976622803794,293.97713739616256,1179.7,299.2
764,767,20.968096018402715,1268.5976622803794,293.97713739616256,1179.7,299.2
765,767,20.968096018402715,1268.5976622803794,293.97713739616256,1179.7,299.2
766,767,20.968096018402715,1268.5976622803794,293.97713739616256,1147.1714285714286,350.6142857142857
767,767,20.968096018402715,1268.5976622803794,293.97713739616256,1114.642857142857,402.0285714285714
768,767,20.968096018402715,1268.5976622803794,293.97713739616256,1082.1142857142859,453.4428571428572
769,767,20.968096018402715,1268.5976622803794,293.97713739616256,1049.5857142857144,504.8571428571429
770,767,20.968096018402715,1268.5976622803794,293.97713739616256,1017.0571428571429,556.2714285714286
771,767,20.968096018402715,1268.5976622803794,293.97713739616256,984.5285714285715,607.6857142857143
772,767,20.968096018402715,1268.5976622803794,293.97713739616256,952.0,659.1
773,767,20.968096018402715,1268.5976622803794,293.97713739616256,952.0,659.1
774,767,20.968096018402715,1268.5976622803794,293.97713739616256,952.0,659.1
775,767,20.968096018402715,1268.5976622803794,293.97713739616256,952.0,659.1
776,767,37.32109848532759,1268.5976622803794,293.97713739616256,952.0,659.1
777,767,37.32109848532759,1116.5976622803794,487.97713739616256,952.0,659.1
778,767,37.32109848532759,1116.5976622803794,487.97713739616256,952.0,659.1
779,767,37.32109848532759,1116.5976622803794,487.97713739616256,952.0,659.1
780,767,37.32109848532759,1116.5976622803794,487.97713739616256,952.0,659.1
781,767,37.32109848532759,1116.5976622803794,487.97713739616256,952.0,659.1
782,767,37.32109848532759,1116.5976622803794,487.97713739616256,952.0,659.1
783,767,55.847987307733376,1116.5976622803794,487.97713739616256,952.0,659.1
784,767,55.847987307733376,964.5976622803794,681.9771373961626,952.0,659.1
785,767,55.847987307733376,964.5976622803794,681.9771373961626,952.0,659.1
786,767,55.847987307733376,964.5976622803794,681.9771373961626,952.0,659.1
787,767,55.847987307733376,964.5976622803794,681.9771373961626,952.0,659.1
788,767,55.847987307733376,964.5976622803794,681.9771373961626,952.0,659.1
789,767,55.847987307733376,964.5976622803794,681.9771373961626,952.0,659.1
790,767,55.847987307733376,964.5976622803794,681.9771373961626,952.0,659.1
791,767,55.847987307733376,964.5976622803794,681.9771373961626,952.0,659.1
792,767,55.847987307733376,964.5976622803794,681.9771373961626,952.0,659.1
793,767,55.847987307733376,964.5976622803794,681.9771373961626,952.0,659.1
794,767,55.847987307733376,964.5976622803794,681.9771373961626,952.0,659.1
795,767,55.847987307733376,964.5976622803794,681.9771373961626,952.0,659.1
796,767,55.847987307733376,964.5976622803794,681.9771373961626,952.0,659.1
797,767,55.847987307733376,964.5976622803794,681.9771373961626,952.0,659.1
798,767,55.847987307733376,964.5976622803794,681.9771373961626,952.0,659.1
799,767,55.847987307733376,964.5976622803794,681.9771373961626,952.0,659.1
800,767,55.847987307733376,964.5976622803794,681.9771373961626,939.5,650.0333333333333
801,767,55.847987307733376,964.5976622803794,681.9771373961626,927.0,640.9666666666667
802,767,55.847987307733376,964.5976622803794,681.9771373961626,914.5,631.9
803,767,55.847987307733376,964.5976622803794,681.9771373961626,914.5,631.9
804,767,55.847987307733376,964.5976622803794,681.9771373961626,914.5,631.9
805,768,55.847987307733376,964.5976622803794,681.9771373961626,914.5,631.9
806,769,55.847987307733376,964.5976622803794,681.9771373961626,914.5,631.9
807,770,55.847987307733376,964.5976622803794,681.9771373961626,914.5,631.9
808,771,55.847987307733376,964.5976622803794,681.9771373961626,914.5,631.9
809,772,55.847987307733376,964.5976622803794,681.9771373961626,914.5,631.9
810,773,55.847987307733376,964.5976622803794,681.9771373961626,914.5,631.9
811,774,55.847987307733376,964.5976622803794,681.9771373961626,914.5,631.9
812,775,55.847987307733376,964.5976622803794,681.9771373961626,914.5,631.9
813,776,55.847987307733376,964.5976622803794,681.9771373961626,914.5,631.9
814,777,55.847987307733376,964.5976622803794,681.9771373961626,914.5,631.9
815,778,55.847987307733376,964.5976622803794,681.9771373961626,914.5,631.9
816,779,55.847987307733376,964.5976622803794,681.9771373961626,914.5,631.9
817,780,55.847987307733376,964.5976622803794,681.9771373961626,914.5,631.9
818,781,55.847987307733376,964.5976622803794,681.9771373961626,914.5,631.9
819,782,55.847987307733376,964.5976622803794,681.9771373961626,914.5,631.9
820,783,55.847987307733376,964.5976622803794,681.9771373961626,914.5,631.9
821,784,55.847987307733376,964.5976622803794,681.9771373961626,914.5,631.9
822,785,55.847987307733376,964.5976622803794,681.9771373961626,914.5,631.9
823,786,55.847987307733376,964.5976622803794,681.9771373961626,914.5,631.9
824,787,55.847987307733376,964.5976622803794,681.9771373961626,914.5,631.9
825,788,55.847987307733376,964.5976622803794,681.9771373961626,914.5,631.9
826,789,55.847987307733376,964.5976622803794,681.9771373961626,914.5,631.9
827,790,55.847987307733376,964.5976622803794,681.9771373961626,914.5,631.9
828,791,55.847987307733376,964.5976622803794,681.9771373961626,914.5,631.9
829,792,55.847987307733376,964.5976622803794,681.9771373961626,914.5,631.9
830,793,55.847987307733376,964.5976622803794,681.9771373961626,914.5,631.9
831,794,55.847987307733376,964.5976622803794,681.9771373961626,914.5,631.9
832,795,55.847987307733376,964.5976622803794,681.9771373961626,914.5,631.9
833,796,55.847987307733376,964.5976622803794,681.9771373961626,914.5,631.9
834,797,55.847987307733376,964.5976622803794,681.9771373961626,914.5,631.9
835,798,55.847987307733376,964.5976622803794,681.9771373961626,914.5,631.9
836,799,55.847987307733376,964.5976622803794,681.9771373961626,914.5,631.9
837,800,55.847987307733376,964.5976622803794,681.9771373961626,914.5,631.9
838,801,55.847987307733376,964.5976622803794,681.9771373961626,914.5,631.9
839,802,92.4167732782042,964.5976622803794,681.9771373961626,875.42,631.1999999999999
840,803,48.04401044017986,964.5976622803794,681.9771373961626,836.34,630.5
840,804,23.538518677877125,964.5976622803794,681.9771373961626,797.26,629.8
840,805,14.44326509860112,964.5976622803794,681.9771373961626,758.1800000000001,629.1
840,806,9.947862290338456,964.5976622803794,681.9771373961626,719.1,628.4
840,807,7.298634074578098,964.5976622803794,681.9771373961626,719.1,628.4
840,808,5.558955117550247,964.5976622803794,681.9771373961626,719.1,628.4
840,809,5.558955117550247,964.5976622803794,681.9771373961626,719.1,628.4
840,810,5.558955117550247,964.5976622803794,681.9771373961626,719.1,628.4
840,811,5.558955117550247,964.5976622803794,681.9771373961626,719.1,628.4
840,812,5.558955117550247,964.5976622803794,681.9771373961626,719.1,628.4
840,813,5.558955117550247,964.5976622803794,681.9771373961626,719.1,628.4
840,814,5.558955117550247,964.5976622803794,681.9771373961626,719.1,628.4
840,815,5.558955117550247,964.5976622803794,681.9771373961626,719.1,628.4
840,816,5.558955117550247,964.5976622803794,681.9771373961626,719.1,628.4
840,817,5.558955117550247,964.5976622803794,681.9771373961626,719.1,628.4
840,818,5.558955117550247,964.5976622803794,681.9771373961626,719.1,628.4
840,819,5.558955117550247,806.5976622803794,673.9771373961626,719.1,628.4
840,820,5.558955117550247,806.5976622803794,673.9771373961626,719.1,628.4
840,821,5.558955117550247,806.5976622803794,673.9771373961626,719.1,628.4
840,822,5.558955117550247,806.5976622803794,673.9771373961626,719.1,628.4
840,823,5.558955117550247,806.5976622803794,673.9771373961626,719.1,628.4
840,824,5.558955117550247,806.5976622803794,673.9771373961626,719.1,628.4
840,825,5.558955117550247,806.5976622803794,673.9771373961626,719.1,628.4
840,826,5.558955117550247,806.5976622803794,673.9771373961626,719.1,628.4
840,827,5.558955117550247,806.5976622803794,673.9771373961626,719.1,628.4
840,828,5.558955117550247,649.5976622803794,665.9771373961626,719.1,628.4
840,829,5.558955117550247,649.5976622803794,665.9771373961626,719.1,628.4
840,830,5.558955117550247,649.5976622803794,665.9771373961626,719.1,628.4
840,831,5.558955117550247,649.5976622803794,665.9771373961626,719.1,628.4
840,832,5.558955117550247,649.5976622803794,665.9771373961626,719.1,628.4
840,833,5.558955117550247,649.5976622803794,665.9771373961626,719.1,628.4
840,834,5.558955117550247,649.5976622803794,665.9771373961626,719.1,628.4
840,835,5.558955117550247,649.5976622803794,665.9771373961626,719.1,628.4
840,836,5.558955117550247,649.5976622803794,665.9771373961626,719.1,628.4
840,837,5.558955117550247,649.5976622803794,665.9771373961626,719.1,628.4
840,838,5.558955117550247,649.5976622803794,665.9771373961626,719.1,628.4
840,839,5.558955117550247,649.5976622803794,665.9771373961626,719.1,628.4
840,840,5.558955117550247,649.5976622803794,665.9771373961626,719.1,628.4
840,841,5.558955117550247,649.5976622803794,665.9771373961626,719.1,628.4
840,842,5.558955117550247,649.5976622803794,665.9771373961626,719.1,628.4
840,843,5.558955117550247,649.5976622803794,665.9771373961626,719.1,628.4
840,844,5.558955117550247,649.5976622803794,665.9771373961626,719.1,628.4
840,845,5.558955117550247,649.5976622803794,665.9771373961626,719.1,628.4
841,846,5.558955117550247,649.5976622803794,665.9771373961626,719.1,628.4
842,847,5.558955117550247,649.5976622803794,665.9771373961626,754.0,633.02
843,848,5.558955117550247,649.5976622803794,665.9771373961626,788.9,637.64
844,849,5.558955117550247,649.5976622803794,665.9771373961626,823.8,642.26
845,850,5.558955117550247,649.5976622803794,665.9771373961626,858.7,646.88
846,851,5.558955117550247,649.5976622803794,665.9771373961626,893.6,651.5
847,852,5.558955117550247,649.5976622803794,665.9771373961626,893.6,651.5
848,853,5.558955117550247,649.5976622803794,665.9771373961626,893.6,651.5
849,854,5.558955117550247,649.5976622803794,665.9771373961626,893.6,651.5
850,855,5.558955117550247,649.5976622803794,665.9771373961626,893.6,651.5
851,856,5.558955117550247,649.5976622803794,665.9771373961626,893.6,651.5
852,857,5.558955117550247,649.5976622803794,665.9771373961626,893.6,651.5
853,858,5.558955117550247,649.5976622803794,665.9771373961626,893.6,651.5
854,859,5.558955117550247,799.5976622803794,678.9771373961626,893.6,651.5
855,860,5.558955117550247,799.5976622803794,678.9771373961626,893.6,651.5
856,861,5.558955117550247,799.5976622803794,678.9771373961626,893.6,651.5
857,862,5.558955117550247,799.5976622803794,678.9771373961626,893.6,651.5
858,863,5.558955117550247,799.5976622803794,678.9771373961626,893.6,651.5
859,864,5.558955117550247,799.5976622803794,678.9771373961626,893.6,651.5
860,865,5.558955117550247,799.5976622803794,678.9771373961626,893.6,651.5
861,866,5.558955117550247,799.5976622803794,678.9771373961626,893.6,651.5
862,867,5.558955117550247,950.5976622803794,692.9771373961626,893.6,651.5
863,868,5.558955117550247,950.5976622803794,692.9771373961626,893.6,651.5
864,869,5.558955117550247,950.5976622803794,692.9771373961626,895.8,650.3
865,870,5.558955117550247,950.5976622803794,692.9771373961626,898.0,649.1
866,871,5.558955117550247,950.5976622803794,692.9771373961626,900.2,647.9000000000001
867,872,5.558955117550247,950.5976622803794,692.9771373961626,902.4,646.7
868,873,5.558955117550247,950.5976622803794,692.9771373961626,902.4,646.7
869,874,5.558955117550247,950.5976622803794,692.9771373961626,902.4,646.7
870,875,5.558955117550247,950.5976622803794,692.9771373961626,902.4,646.7
871,876,5.558955117550247,935.5976622803794,685.9771373961626,902.4,646.7
872,877,5.558955117550247,935.5976622803794,685.9771373961626,895.7857142857142,647.2857142857143
873,878,5.558955117550247,935.5976622803794,685.9771373961626,889.1714285714286,647.8714285714286
874,879,5.558955117550247,935.5976622803794,685.9771373961626,882.5571428571428,648.4571428571429
875,880,5.558955117550247,935.5976622803794,685.9771373961626,875.9428571428572,649.0428571428571
876,881,5.558955117550247,935.5976622803794,685.9771373961626,869.3285714285714,649.6285714285714
877,882,5.558955117550247,935.5976622803794,685.9771373961626,862.7142857142858,650.2142857142857
878,883,5.558955117550247,920.5976622803794,678.9771373961626,856.1,650.8
879,884,5.558955117550247,920.5976622803794,678.9771373961626,856.1,650.8
880,885,5.558955117550247,920.5976622803794,678.9771373961626,856.1,650.8
881,886,5.558955117550247,920.5976622803794,678.9771373961626,856.1,650.8
882,887,5.558955117550247,920.5976622803794,678.9771373961626,856.1,650.8
883,888,5.558955117550247,920.5976622803794,678.9771373961626,856.1,650.8
884,889,5.558955117550247,920.5976622803794,678.9771373961626,856.1,650.8
885,890,5.558955117550247,920.5976622803794,678.9771373961626,856.1,650.8
886,891,6.2576511513221185,905.5976622803794,671.9771373961626,856.1,650.8
887,892,16.204871670249233,905.5976622803794,671.9771373961626,856.1,650.8
888,893,108.76476554446374,905.5976622803794,671.9771373961626,856.1,650.8
889,894,102.37854505328787,905.5976622803794,671.9771373961626,856.1,650.8
890,895,97.29670004501261,905.5976622803794,671.9771373961626,856.1,650.8
891,896,97.29670004501261,905.5976622803794,671.9771373961626,856.1,650.8
892,897,97.29670004501261,905.5976622803794,671.9771373961626,856.1,650.8
893,898,97.29670004501261,905.5976622803794,671.9771373961626,856.1,650.8
894,899,97.29670004501261,905.5976622803794,671.9771373961626,856.1,650.8
895,900,97.29670004501261,891.5976622803794,665.9771373961626,856.1,650.8
896,901,97.29670004501261,891.5976622803794,665.9771373961626,856.1,650.8
897,902,97.29670004501261,891.5976622803794,665.9771373961626,856.1,650.8
898,903,97.29670004501261,891.5976622803794,665.9771373961626,856.1,650.8
899,904,97.29670004501261,891.5976622803794,665.9771373961626,856.1,650.8
900,905,97.29670004501261,891.5976622803794,665.9771373961626,856.1,650.8
901,906,97.29670004501261,891.5976622803794,665.9771373961626,856.1,650.8
902,907,97.29670004501261,891.5976622803794,665.9771373961626,856.1,650.8
903,908,14.422382776196612,891.5976622803794,665.9771373961626,856.1,650.8
904,909,14.422382776196612,891.5976622803794,665.9771373961626,856.1,650.8
905,910,14.422382776196612,891.5976622803794,665.9771373961626,856.1,650.8
906,911,14.422382776196612,891.5976622803794,665.9771373961626,856.1,650.8
907,912,14.422382776196612,891.5976622803794,665.9771373961626,876.1666666666666,637.6333333333333
908,913,14.422382776196612,891.5976622803794,665.9771373961626,896.2333333333333,624.4666666666666
909,914,14.422382776196612,891.5976622803794,665.9771373961626,916.3,611.3
910,915,14.422382776196612,891.5976622803794,665.9771373961626,916.3,611.3
911,916,14.422382776196612,891.5976622803794,665.9771373961626,916.3,611.3
912,917,9.060591864816637,891.5976622803794,665.9771373961626,916.3,611.3
913,918,9.060591864816637,891.5976622803794,665.9771373961626,916.3,611.3
914,919,9.060591864816637,891.5976622803794,665.9771373961626,916.3,611.3
915,920,9.060591864816637,891.5976622803794,665.9771373961626,916.3,609.4499999999999
916,921,9.060591864816637,891.5976622803794,665.9771373961626,916.3,607.5999999999999
917,922,9.060591864816637,891.5976622803794,665.9771373961626,916.3,605.75
918,923,9.060591864816637,891.5976622803794,665.9771373961626,916.3,603.9
919,924,9.060591864816637,891.5976622803794,665.9771373961626,916.3,603.9
920,925,9.060591864816637,891.5976622803794,665.9771373961626,917.3,604.45
921,926,9.060591864816637,891.5976622803794,665.9771373961626,918.3,605.0
922,927,9.060591864816637,891.5976622803794,665.9771373961626,919.3,605.55
923,928,9.060591864816637,891.5976622803794,665.9771373961626,920.3,606.1
924,929,9.060591864816637,891.5976622803794,665.9771373961626,920.3,606.1
925,930,9.060591864816637,891.5976622803794,665.9771373961626,920.3,606.1
926,931,9.060591864816637,968.5976622803794,631.9771373961626,920.3,606.1
927,932,9.060591864816637,968.5976622803794,631.9771373961626,920.8,606.6428571428571
928,933,6.774062874559695,968.5976622803794,631.9771373961626,921.3,607.1857142857143
929,934,3.1762989761283915,968.5976622803794,631.9771373961626,921.8,607.7285714285714
930,934,3.1762989761283915,968.5976622803794,631.9771373961626,922.3,608.2714285714286
931,934,3.1762989761283915,968.5976622803794,631.9771373961626,922.8,608.8142857142857
932,934,3.1762989761283915,968.5976622803794,631.9771373961626,923.3,609.3571428571429
933,934,3.1762989761283915,968.5976622803794,631.9771373961626,923.8,609.9
934,934,3.1762989761283915,968.5976622803794,631.9771373961626,923.8,609.9
935,934,3.1762989761283915,968.5976622803794,631.9771373961626,923.8,609.9
936,934,3.1762989761283915,968.5976622803794,631.9771373961626,923.8,609.9
937,934,3.1762989761283915,968.5976622803794,631.9771373961626,923.8,609.9
938,934,3.1762989761283915,968.5976622803794,631.9771373961626,922.8666666666667,611.7666666666667
939,934,3.1762989761283915,968.5976622803794,631.9771373961626,921.9333333333333,613.6333333333333
940,934,3.1762989761283915,968.5976622803794,631.9771373961626,921.0,615.5
941,934,3.1762989761283915,968.5976622803794,631.9771373961626,921.0,615.5
942,934,3.1762989761283915,968.5976622803794,631.9771373961626,921.0,615.5
943,935,3.2330455547626356,968.5976622803794,631.9771373961626,921.0,615.5
944,936,3.042323983535038,968.5976622803794,631.9771373961626,921.0,615.5
945,936,3.042323983535038,968.5976622803794,631.9771373961626,921.0,615.5
946,936,3.042323983535038,968.5976622803794,631.9771373961626,921.0,615.5
947,936,3.042323983535038,968.5976622803794,631.9771373961626,921.0,615.5
948,936,3.042323983535038,968.5976622803794,631.9771373961626,921.0,615.5
949,936,3.042323983535038,968.5976622803794,631.9771373961626,921.0,615.5
950,937,34.29382766655631,968.5976622803794,631.9771373961626,921.0,615.5
951,938,18.065199937624943,968.5976622803794,631.9771373961626,921.0,615.5
952,939,5.697577870511665,968.5976622803794,631.9771373961626,921.0,615.5
953,939,5.697577870511665,968.5976622803794,631.9771373961626,921.0,615.5
954,939,5.697577870511665,968.5976622803794,631.9771373961626,877.26,619.16
955,939,5.697577870511665,968.5976622803794,631.9771373961626,833.52,622.8199999999999
956,939,5.697577870511665,968.5976622803794,631.9771373961626,789.78,626.48
957,939,5.697577870511665,968.5976622803794,631.9771373961626,746.04,630.14
958,939,5.697577870511665,968.5976622803794,631.9771373961626,702.3,633.8
959,939,5.697577870511665,968.5976622803794,631.9771373961626,702.3,633.8
960,939,5.697577870511665,968.5976622803794,631.9771373961626,702.3,633.8
961,939,5.697577870511665,968.5976622803794,631.9771373961626,702.3,633.8
962,939,5.697577870511665,968.5976622803794,631.9771373961626,702.3,633.8
963,939,5.697577870511665,968.5976622803794,631.9771373961626,702.3,633.8
964,940,5.697577870511665,968.5976622803794,631.9771373961626,702.3,633.8
965,941,5.697577870511665,968.5976622803794,631.9771373961626,702.3,633.8
966,942,5.697577870511665,968.5976622803794,631.9771373961626,702.3,633.8
967,943,5.697577870511665,968.5976622803794,631.9771373961626,702.3,633.8
968,944,5.697577870511665,968.5976622803794,631.9771373961626,702.3,633.8
969,945,5.697577870511665,968.5976622803794,631.9771373961626,702.3,633.8
970,946,5.697577870511665,968.5976622803794,631.9771373961626,702.3,633.8
971,947,5.697577870511665,968.5976622803794,631.9771373961626,702.3,633.8
972,948,5.697577870511665,968.5976622803794,631.9771373961626,702.3,633.8
973,949,5.697577870511665,968.5976622803794,631.9771373961626,702.3,633.8
974,950,5.697577870511665,646.5976622803794,643.9771373961626,702.3,633.8
975,951,5.697577870511665,646.5976622803794,643.9771373961626,702.3,633.8
976,952,5.697577870511665,646.5976622803794,643.9771373961626,702.3,633.8
977,953,5.697577870511665,646.5976622803794,643.9771373961626,702.3,633.8
978,954,5.697577870511665,646.5976622803794,643.9771373961626,702.3,633.8
979,955,5.697577870511665,646.5976622803794,643.9771373961626,702.3,633.8
980,956,5.697577870511665,646.5976622803794,643.9771373961626,684.9,625.55
981,957,5.697577870511665,646.5976622803794,643.9771373961626,667.5,617.3
982,958,5.697577870511665,646.5976622803794,643.9771373961626,650.1,609.05
983,959,5.697577870511665,646.5976622803794,643.9771373961626,632.7,600.8
984,960,5.697577870511665,646.5976622803794,643.9771373961626,632.7,600.8
985,961,5.697577870511665,646.5976622803794,643.9771373961626,632.7,600.8
986,962,5.697577870511665,646.5976622803794,643.9771373961626,632.7,600.8
987,963,5.697577870511665,646.5976622803794,643.9771373961626,632.7,600.8
988,964,5.697577870511665,646.5976622803794,643.9771373961626,632.7,600.8
989,965,5.697577870511665,646.5976622803794,643.9771373961626,632.7,600.8
990,966,5.697577870511665,646.5976622803794,643.9771373961626,632.7,600.8
991,967,12.408385401032062,646.5976622803794,643.9771373961626,632.7,600.8
992,968,19.954256871851708,646.5976622803794,643.9771373961626,632.7,600.8
993,969,28.19493265019834,646.5976622803794,643.9771373961626,672.9714285714286,553.7714285714285
994,970,28.19493265019834,646.5976622803794,643.9771373961626,713.2428571428571,506.74285714285713
995,971,28.19493265019834,646.5976622803794,643.9771373961626,753.5142857142857,459.71428571428567
996,972,28.19493265019834,646.5976622803794,643.9771373961626,793.7857142857143,412.6857142857143
997,973,28.19493265019834,646.5976622803794,643.9771373961626,834.0571428571429,365.65714285714284
998,974,28.19493265019834,646.5976622803794,643.9771373961626,874.3285714285714,318.62857142857143
999,975,28.19493265019834,646.5976622803794,643.9771373961626,914.6,271.6
1000,976,28.19493265019834,646.5976622803794,643.9771373961626,914.6,271.6
1001,977,28.19493265019834,646.5976622803794,643.9771373961626,914.6,271.6
1002,978,28.19493265019834,646.5976622803794,643.9771373961626,914.6,271.6
1003,979,28.19493265019834,646.5976622803794,643.9771373961626,914.6,271.6
1004,980,28.19493265019834,646.5976622803794,643.9771373961626,914.6,271.6
1005,981,28.19493265019834,646.5976622803794,643.9771373961626,914.6,271.6
1006,982,28.19493265019834,646.5976622803794,643.9771373961626,914.6,271.6
1007,983,28.19493265019834,646.5976622803794,643.9771373961626,914.6,271.6
1008,984,28.19493265019834,646.5976622803794,643.9771373961626,914.6,271.6
1009,985,28.19493265019834,646.5976622803794,643.9771373961626,914.6,271.6
1010,986,28.19493265019834,646.5976622803794,643.9771373961626,914.6,271.6
1011,987,28.19493265019834,646.5976622803794,643.9771373961626,914.6,271.6
1012,988,28.19493265019834,646.5976622803794,643.9771373961626,914.6,271.6
1013,989,28.19493265019834,646.5976622803794,643.9771373961626,914.6,271.6
1014,990,28.19493265019834,646.5976622803794,643.9771373961626,914.6,271.6
1015,991,28.19493265019834,804.5976622803794,444.97713739616256,914.6,271.6
1016,992,28.19493265019834,804.5976622803794,444.97713739616256,914.6,271.6
1017,993,28.19493265019834,804.5976622803794,444.97713739616256,914.6,271.6
1018,994,28.19493265019834,804.5976622803794,444.97713739616256,914.6,271.6
1019,995,28.19493265019834,804.5976622803794,444.97713739616256,914.6,271.6
1020,996,28.19493265019834,804.5976622803794,444.97713739616256,914.6,271.6
1021,997,28.19493265019834,804.5976622803794,444.97713739616256,914.6,271.6
1022,998,28.19493265019834,963.5976622803794,245.97713739616256,914.6,271.6
1023,999,22.526816035270773,963.5976622803794,245.97713739616256,914.6,271.6
1024,1000,22.526816035270773,963.5976622803794,245.97713739616256,914.6,271.6
1025,1001,22.526816035270773,963.5976622803794,245.97713739616256,914.6,271.6
1026,1002,22.526816035270773,963.5976622803794,245.97713739616256,914.6,271.6
1027,1003,22.526816035270773,963.5976622803794,245.97713739616256,914.6,271.6
1028,1004,22.526816035270773,963.5976622803794,245.97713739616256,914.6,271.6
1029,1005,22.526816035270773,963.5976622803794,245.97713739616256,914.6,271.6
1030,1006,6.023763633251932,963.5976622803794,245.97713739616256,914.6,271.6
1031,1007,4.934657840588006,963.5976622803794,245.97713739616256,914.6,271.6
1032,1008,6.800103114742233,963.5976622803794,245.97713739616256,914.6,271.6
1032,1009,1.730790585933111,963.5976622803794,245.97713739616256,914.6,271.6
1032,1010,1.9388513299864858,963.5976622803794,245.97713739616256,914.6,271.6
1032,1011,1.9388513299864858,963.5976622803794,245.97713739616256,914.6,271.6
1032,1012,1.9388513299864858,963.5976622803794,245.97713739616256,914.6,271.6
1032,1013,1.9388513299864858,963.5976622803794,245.97713739616256,914.6,271.6
1032,1014,1.9388513299864858,963.5976622803794,245.97713739616256,914.6,271.6
1032,1015,1.9388513299864858,963.5976622803794,245.97713739616256,914.6,271.6
1032,1016,1.9388513299864858,963.5976622803794,245.97713739616256,914.6,271.6
1032,1017,1.9388513299864858,963.5976622803794,245.97713739616256,914.6,271.6
1032,1018,1.9388513299864858,963.5976622803794,245.97713739616256,914.6,271.6
1032,1019,1.9388513299864858,963.5976622803794,245.97713739616256,914.6,271.6
1032,1020,1.9388513299864858,963.5976622803794,245.97713739616256,914.6,271.6
1032,1021,1.9388513299864858,963.5976622803794,245.97713739616256,914.6,271.6
1033,1022,1.9388513299864858,963.5976622803794,245.97713739616256,914.6,271.6
1034,1023,1.9388513299864858,963.5976622803794,245.97713739616256,914.6,271.6
1035,1024,1.9388513299864858,963.5976622803794,245.97713739616256,914.6,271.6
1036,1025,1.9388513299864858,963.5976622803794,245.97713739616256,914.6,271.6
1037,1026,1.9388513299864858,963.5976622803794,245.97713739616256,914.6,271.6
1038,1027,1.9388513299864858,963.5976622803794,245.97713739616256,914.6,271.6
1039,1028,1.9388513299864858,963.5976622803794,245.97713739616256,914.6,271.6
1040,1029,1.9388513299864858,963.5976622803794,245.97713739616256,914.6,271.6
1041,1030,1.9388513299864858,963.5976622803794,245.97713739616256,914.6,271.6
1042,1031,1.9388513299864858,963.5976622803794,245.97713739616256,914.6,271.6
1043,1032,1.9388513299864858,963.5976622803794,245.97713739616256,914.6,271.6
1044,1033,1.9388513299864858,963.5976622803794,245.97713739616256,914.6,271.6
1045,1034,1.9388513299864858,963.5976622803794,245.97713739616256,914.6,271.6
1046,1035,1.9388513299864858,963.5976622803794,245.97713739616256,951.9571428571429,274.22857142857146
1047,1036,1.9388513299864858,963.5976622803794,245.97713739616256,989.3142857142857,276.8571428571429
1048,1037,1.9388513299864858,963.5976622803794,245.97713739616256,1026.6714285714286,279.4857142857143
1049,1038,1.9388513299864858,963.5976622803794,245.97713739616256,1064.0285714285715,282.1142857142857
1050,1039,1.9388513299864858,963.5976622803794,245.97713739616256,1101.3857142857141,284.74285714285713
1051,1040,1.9388513299864858,963.5976622803794,245.97713739616256,1138.742857142857,287.37142857142857
1052,1041,1.9388513299864858,963.5976622803794,245.97713739616256,1176.1,290.0
1053,1042,1.9388513299864858,963.5976622803794,245.97713739616256,1176.1,290.0
1054,1043,1.9388513299864858,963.5976622803794,245.97713739616256,1176.1,290.0
1055,1044,1.9388513299864858,963.5976622803794,245.97713739616256,1176.1,290.0
1056,1045,1.9388513299864858,963.5976622803794,245.97713739616256,1176.1,290.0
1057,1046,1.9388513299864858,963.5976622803794,245.97713739616256,1176.1,290.0
1058,1047,1.9388513299864858,963.5976622803794,245.97713739616256,1176.1,290.0
1059,1048,1.9388513299864858,963.5976622803794,245.97713739616256,1176.1,290.0
1060,1049,1.9388513299864858,963.5976622803794,245.97713739616256,1176.1,290.0
1061,1050,1.9388513299864858,963.5976622803794,245.97713739616256,1176.1,290.0
1062,1051,2.211888230614096,963.5976622803794,245.97713739616256,1176.1,290.0
1063,1052,11.194892887616959,963.5976622803794,245.97713739616256,1176.1,290.0
1064,1053,4.007083987324657,963.5976622803794,245.97713739616256,1176.1,290.0
1065,1053,4.007083987324657,1111.5976622803794,312.97713739616256,1176.1,290.0
1066,1053,4.007083987324657,1111.5976622803794,312.97713739616256,1176.1,290.0
1067,1053,4.007083987324657,1111.5976622803794,312.97713739616256,1176.1,290.0
1068,1053,4.007083987324657,1111.5976622803794,312.97713739616256,1176.1,290.0
1069,1053,4.007083987324657,1111.5976622803794,312.97713739616256,1176.1,290.0
1070,1054,5.628787249146464,1111.5976622803794,312.97713739616256,1176.1,290.0
1071,1055,27.257351977233736,1111.5976622803794,312.97713739616256,1176.1,290.0
1072,1056,27.257351977233736,1111.5976622803794,312.97713739616256,1176.1,290.0
1073,1057,27.257351977233736,1111.5976622803794,312.97713739616256,1143.6875,338.475
1074,1058,27.257351977233736,1260.5976622803794,380.97713739616256,1111.2749999999999,386.95
1075,1059,27.257351977233736,1260.5976622803794,380.97713739616256,1078.8625,435.42499999999995
1076,1060,27.257351977233736,1260.5976622803794,380.97713739616256,1046.4499999999998,483.9
1077,1061,27.257351977233736,1260.5976622803794,380.97713739616256,1014.0374999999999,532.375
1078,1062,27.257351977233736,1260.5976622803794,380.97713739616256,981.625,580.8499999999999
1079,1063,27.257351977233736,1260.5976622803794,380.97713739616256,949.2125,629.3249999999999
1080,1064,21.284334689090997,1260.5976622803794,380.97713739616256,916.8,677.8
1081,1065,21.284334689090997,1260.5976622803794,380.97713739616256,916.8,677.8
1082,1066,21.284334689090997,1260.5976622803794,380.97713739616256,916.8,677.8
1083,1067,21.284334689090997,1260.5976622803794,380.97713739616256,916.8,677.8
1084,1068,21.284334689090997,1260.5976622803794,380.97713739616256,916.8,677.8
1085,1069,21.284334689090997,1260.5976622803794,380.97713739616256,916.8,677.8
1086,1070,21.284334689090997,1260.5976622803794,380.97713739616256,916.8,677.8
1087,1071,14.945543418225437,1260.5976622803794,380.97713739616256,916.8,677.8
1088,1072,14.945543418225437,1260.5976622803794,380.97713739616256,916.8,677.8
1089,1073,14.372581568489666,1260.5976622803794,380.97713739616256,916.8,677.8
1090,1074,13.780043086165314,1260.5976622803794,380.97713739616256,916.8,677.8
1091,1075,13.16704068653703,1260.5976622803794,380.97713739616256,916.8,677.8
1092,1076,12.53264350147244,1260.5976622803794,380.97713739616256,916.8,677.8
1093,1076,12.53264350147244,1260.5976622803794,380.97713739616256,916.8,677.8
1094,1076,12.53264350147244,1260.5976622803794,380.97713739616256,916.8,677.8
1095,1076,5.959599955053306,1260.5976622803794,380.97713739616256,916.8,677.8
1096,1076,5.959599955053306,1260.5976622803794,380.97713739616256,916.8,677.8
1097,1076,5.959599955053306,1260.5976622803794,380.97713739616256,916.8,677.8
1098,1076,5.959599955053306,1107.5976622803794,511.97713739616256,916.8,677.8
1099,1076,5.959599955053306,1107.5976622803794,511.97713739616256,916.8,677.8
1100,1077,5.959599955053306,1107.5976622803794,511.97713739616256,916.8,677.8
1101,1078,5.959599955053306,1107.5976622803794,511.97713739616256,916.8,677.8
1102,1079,5.959599955053306,1107.5976622803794,511.97713739616256,916.9962962962962,675.2074074074073
1103,1080,5.959599955053306,1107.5976622803794,511.97713739616256,917.1925925925925,672.6148148148147
1104,1081,2.4011897669297837,1107.5976622803794,511.97713739616256,917.3888888888888,670.0222222222221
1104,1082,4.788153981657495,953.5976622803794,643.9771373961626,917.5851851851852,667.4296296296296
1104,1083,7.027576257429344,953.5976622803794,643.9771373961626,917.7814814814815,664.837037037037
1104,1084,9.12649269182319,953.5976622803794,643.9771373961626,917.9777777777778,662.2444444444444
1104,1085,11.092597220081409,953.5976622803794,643.9771373961626,918.174074074074,659.6518518518518
1104,1086,12.933897092017247,953.5976622803794,643.9771373961626,918.3703703703703,657.0592592592592
1104,1087,14.658449847427942,953.5976622803794,643.9771373961626,918.5666666666666,654.4666666666666
1104,1088,14.658449847427942,953.5976622803794,643.9771373961626,918.7629629629629,651.8740740740741
1104,1089,14.658449847427942,953.5976622803794,643.9771373961626,918.9592592592593,649.2814814814815
1104,1090,14.658449847427942,953.5976622803794,643.9771373961626,919.1555555555556,646.6888888888889
1104,1091,14.658449847427942,953.5976622803794,643.9771373961626,919.3518518518518,644.0962962962963
1104,1092,14.658449847427942,953.5976622803794,643.9771373961626,919.5481481481481,641.5037037037036
1104,1093,14.658449847427942,953.5976622803794,643.9771373961626,919.7444444444444,638.911111111111
1104,1094,14.658449847427942,953.5976622803794,643.9771373961626,919.9407407407407,636.3185185185184
1104,1095,14.658449847427942,953.5976622803794,643.9771373961626,920.1370370370371,633.7259259259258
1104,1096,14.658449847427942,953.5976622803794,643.9771373961626,920.3333333333334,631.1333333333333
1104,1097,14.658449847427942,953.5976622803794,643.9771373961626,920.5296296296297,628.5407407407407
1104,1098,14.658449847427942,953.5976622803794,643.9771373961626,920.7259259259259,625.9481481481481
1104,1099,14.658449847427942,953.5976622803794,643.9771373961626,920.9222222222222,623.3555555555555
1104,1100,14.658449847427942,953.5976622803794,643.9771373961626,921.1185185185185,620.7629629629629
1104,1101,14.658449847427942,953.5976622803794,643.9771373961626,921.3148148148148,618.1703703703703
1104,1102,14.658449847427942,953.5976622803794,643.9771373961626,921.5111111111112,615.5777777777778
1104,1103,14.658449847427942,953.5976622803794,643.9771373961626,921.7074074074075,612.9851851851852
1104,1104,14.658449847427942,953.5976622803794,643.9771373961626,921.9037037037037,610.3925925925926
1104,1105,14.658449847427942,953.5976622803794,643.9771373961626,922.1,607.8
1104,1106,14.658449847427942,953.5976622803794,643.9771373961626,922.1,607.8
1104,1107,14.658449847427942,953.5976622803794,643.9771373961626,922.1,607.8
1104,1108,14.658449847427942,953.5976622803794,643.9771373961626,922.1,607.8
1104,1109,14.658449847427942,953.5976622803794,643.9771373961626,922.1,607.8
1104,1110,14.658449847427942,953.5976622803794,643.9771373961626,922.1,607.8
1105,1111,14.658449847427942,953.5976622803794,643.9771373961626,922.1,607.8
1106,1112,14.658449847427942,953.5976622803794,643.9771373961626,922.1,607.8
1107,1113,14.658449847427942,953.5976622803794,643.9771373961626,922.1,607.8
1108,1114,14.658449847427942,953.5976622803794,643.9771373961626,922.1,607.8
1109,1115,14.658449847427942,953.5976622803794,643.9771373961626,922.1,607.8
1110,1116,12.150376687951736,953.5976622803794,643.9771373961626,922.1,607.8
1111,1117,8.549536251591388,953.5976622803794,643.9771373961626,922.1,607.8
1112,1118,3.0034470867665113,953.5976622803794,643.9771373961626,922.1,607.8
1113,1119,3.0034470867665113,953.5976622803794,643.9771373961626,922.1,607.8
1114,1120,3.0034470867665113,953.5976622803794,643.9771373961626,922.1,607.8
1115,1121,3.0034470867665113,953.5976622803794,643.9771373961626,922.1,607.8
1116,1122,3.0034470867665113,953.5976622803794,643.9771373961626,922.1,607.8
1117,1123,3.0034470867665113,953.5976622803794,643.9771373961626,922.1,607.8
1118,1124,3.67850058471664,953.5976622803794,643.9771373961626,922.1,607.8
1119,1125,4.379816155223851,953.5976622803794,643.9771373961626,922.1,607.8
1120,1126,5.108733821668479,953.5976622803794,643.9771373961626,922.1,607.8
1121,1127,5.866665367716055,953.5976622803794,643.9771373961626,922.1,607.8
1122,1128,5.866665367716055,953.5976622803794,643.9771373961626,922.1,607.8
1123,1129,5.024811912981773,953.5976622803794,643.9771373961626,927.7,612.9
1124,1130,4.180913291116386,953.5976622803794,643.9771373961626,933.3,618.0
1125,1131,3.335329365786384,953.5976622803794,643.9771373961626,933.3,618.0
1126,1132,2.4884243734390497,953.5976622803794,643.9771373961626,933.3,618.0
1127,1133,2.4884243734390497,953.5976622803794,643.9771373961626,933.3,618.0
1128,1134,2.4884243734390497,953.5976622803794,643.9771373961626,933.3,618.0
1129,1135,2.4884243734390497,953.5976622803794,643.9771373961626,933.3,618.0
1130,1136,1.9636518382277202,953.5976622803794,643.9771373961626,933.3,618.0
1131,1137,1.441781622966785,953.5976622803794,643.9771373961626,933.3,618.0
1132,1138,0.9228755795965751,1120.5976622803794,476.97713739616256,933.3,618.0
1133,1139,0.4069929148952466,1120.5976622803794,476.97713739616256,933.3,618.0
1134,1140,0.10580981262851141,1120.5976622803794,476.97713739616256,933.3,618.0
1135,1141,32.96900793479738,1120.5976622803794,476.97713739616256,933.3,618.0
1136,1142,32.46643569810828,1120.5976622803794,476.97713739616256,933.3,618.0
1137,1143,32.46643569810828,1120.5976622803794,476.97713739616256,933.3,618.0
1138,1144,32.46643569810828,1120.5976622803794,476.97713739616256,933.3,618.0
1139,1145,32.46643569810828,1120.5976622803794,476.97713739616256,933.3,618.0
1140,1146,32.46643569810828,1286.5976622803794,310.97713739616256,933.3,618.0
1141,1147,32.44557992497949,1286.5976622803794,310.97713739616256,933.3,618.0
1142,1148,32.42577424648724,1286.5976622803794,310.97713739616256,933.3,618.0
1143,1149,32.40694130579352,1286.5976622803794,310.97713739616256,933.3,618.0
1144,1149,32.40694130579352,1286.5976622803794,310.97713739616256,933.3,618.0
1145,1149,32.40694130579352,1286.5976622803794,310.97713739616256,933.3,618.0
1146,1149,32.40694130579352,1286.5976622803794,310.97713739616256,933.3,618.0
1147,1149,32.40694130579352,1286.5976622803794,310.97713739616256,933.3,618.0
1148,1149,32.40694130579352,1286.5976622803794,310.97713739616256,933.3,618.0
1149,1149,32.40694130579352,1286.5976622803794,310.97713739616256,933.3,618.0
1150,1149,32.40694130579352,1286.5976622803794,310.97713739616256,933.3,618.0
1151,1149,32.40694130579352,1286.5976622803794,310.97713739616256,933.3,618.0
1152,1149,32.40694130579352,1286.5976622803794,310.97713739616256,933.3,618.0
1153,1149,32.40694130579352,1286.5976622803794,310.97713739616256,933.3,618.0
1154,1149,32.40694130579352,1286.5976622803794,310.97713739616256,933.3,618.0
1155,1149,32.40694130579352,1286.5976622803794,310.97713739616256,933.3,618.0
1156,1149,32.40694130579352,1286.5976622803794,310.97713739616256,933.3,618.0
1157,1149,32.40694130579352,1286.5976622803794,310.97713739616256,933.3,618.0
1158,1149,32.40694130579352,1286.5976622803794,310.97713739616256,933.3,618.0
1159,1149,32.40694130579352,1286.5976622803794,310.97713739616256,933.3,618.0
1160,1149,32.40694130579352,1286.5976622803794,310.97713739616256,933.3,618.0
1161,1149,32.40694130579352,1286.5976622803794,310.97713739616256,933.3,618.0
1162,1149,32.40694130579352,1286.5976622803794,310.97713739616256,933.3,618.0
1163,1149,32.40694130579352,1286.5976622803794,310.97713739616256,933.3,618.0
1164,1149,32.40694130579352,1286.5976622803794,310.97713739616256,933.3,618.0
1165,1149,32.40694130579352,1286.5976622803794,310.97713739616256,933.3,618.0
1166,1149,32.40694130579352,1286.5976622803794,310.97713739616256,933.3,618.0
1167,1149,32.40694130579352,1286.5976622803794,310.97713739616256,941.375,605.125
1168,1149,32.40694130579352,1286.5976622803794,310.97713739616256,949.45,592.25
1169,1150,32.40694130579352,1286.5976622803794,310.97713739616256,957.525,579.375
1170,1151,32.40694130579352,1286.5976622803794,310.97713739616256,965.6,566.5
1171,1152,32.40694130579352,1286.5976622803794,310.97713739616256,965.6,566.5
1172,1153,32.40694130579352,985.5976622803794,592.9771373961626,965.6,566.5
1173,1154,32.40694130579352,985.5976622803794,592.9771373961626,965.6,566.5
1174,1155,32.40694130579352,985.5976622803794,592.9771373961626,965.6,566.5
1175,1156,32.40694130579352,985.5976622803794,592.9771373961626,965.6,566.5
1176,1157,32.40694130579352,985.5976622803794,592.9771373961626,965.6,566.5
1177,1158,32.40694130579352,985.5976622803794,592.9771373961626,965.6,566.5
1178,1159,32.40694130579352,985.5976622803794,592.9771373961626,965.6,566.5
1179,1160,32.40694130579352,985.5976622803794,592.9771373961626,965.6,566.5
1180,1161,32.40694130579352,985.5976622803794,592.9771373961626,965.6,566.5
1181,1162,32.40694130579352,985.5976622803794,592.9771373961626,965.6,566.5
1182,1163,51.604650968803526,985.5976622803794,592.9771373961626,965.6,566.5
1183,1164,14.862826060155491,985.5976622803794,592.9771373961626,965.6,566.5
1184,1165,8.57853689661092,985.5976622803794,592.9771373961626,965.6,566.5
1185,1166,4.491148175240878,985.5976622803794,592.9771373961626,965.6,566.5
1186,1167,1.6467190028247196,985.5976622803794,592.9771373961626,965.6,566.5
1187,1168,1.6467190028247196,985.5976622803794,592.9771373961626,965.6,566.5
1188,1169,1.6467190028247196,985.5976622803794,592.9771373961626,965.6,566.5
1189,1170,1.6467190028247196,985.5976622803794,592.9771373961626,965.6,566.5
1190,1171,1.6467190028247196,985.5976622803794,592.9771373961626,965.6,566.5
1191,1172,1.6467190028247196,985.5976622803794,592.9771373961626,965.6,566.5
1192,1173,1.6467190028247196,985.5976622803794,592.9771373961626,965.6,566.5
1193,1174,1.6467190028247196,985.5976622803794,592.9771373961626,965.6,566.5
1194,1175,1.6467190028247196,985.5976622803794,592.9771373961626,965.6,566.5
1195,1176,1.6467190028247196,985.5976622803794,592.9771373961626,965.6,566.5
1196,1177,1.6467190028247196,985.5976622803794,592.9771373961626,965.6,566.5
1197,1178,1.6467190028247196,985.5976622803794,592.9771373961626,965.6,566.5
1198,1179,1.6467190028247196,985.5976622803794,592.9771373961626,965.6,566.5
1199,1180,1.6467190028247196,985.5976622803794,592.9771373961626,965.6,566.5
1200,1181,1.6467190028247196,985.5976622803794,592.9771373961626,965.6,566.5
1201,1182,1.6467190028247196,985.5976622803794,592.9771373961626,965.6,566.5
1202,1183,1.6467190028247196,985.5976622803794,592.9771373961626,965.6,566.5
1203,1184,1.6467190028247196,985.5976622803794,592.9771373961626,965.6,566.5
1204,1185,1.6467190028247196,985.5976622803794,592.9771373961626,965.6,566.5
1205,1186,1.6467190028247196,985.5976622803794,592.9771373961626,965.6,566.5
1206,1187,1.6467190028247196,985.5976622803794,592.9771373961626,965.6,566.5
1207,1188,1.6467190028247196,985.5976622803794,592.9771373961626,965.6,566.5
1208,1189,1.0797018546633201,985.5976622803794,592.9771373961626,965.6,566.5
1209,1189,1.0797018546633201,985.5976622803794,592.9771373961626,965.6,566.5
1210,1189,1.0797018546633201,985.5976622803794,592.9771373961626,965.6,566.5
1211,1190,3.550910981411886,985.5976622803794,592.9771373961626,965.6,566.5
1212,1191,5.793133116506221,985.5976622803794,592.9771373961626,965.6,566.5
1213,1192,7.830793772484129,985.5976622803794,592.9771373961626,965.6,566.5
1214,1193,7.830793772484129,985.5976622803794,592.9771373961626,965.6,566.5
1215,1194,7.830793772484129,985.5976622803794,592.9771373961626,965.6,566.5
1216,1195,7.830793772484129,985.5976622803794,592.9771373961626,965.6,566.5
1217,1196,7.830793772484129,985.5976622803794,592.9771373961626,955.6333333333333,586.7666666666667
1218,1197,7.830793772484129,985.5976622803794,592.9771373961626,945.6666666666667,607.0333333333333
1219,1198,7.830793772484129,985.5976622803794,592.9771373961626,935.7,627.3
1220,1199,7.830793772484129,985.5976622803794,592.9771373961626,935.7,627.3
1221,1200,7.830793772484129,985.5976622803794,592.9771373961626,935.7,627.3
1222,1201,7.830793772484129,985.5976622803794,592.9771373961626,935.7,627.3
1223,1202,15.607332616493787,985.5976622803794,592.9771373961626,935.7,627.3
1224,1203,23.768376183844723,985.5976622803794,592.9771373961626,935.7,627.3
1225,1204,10.197202989191519,985.5976622803794,592.9771373961626,935.7,627.3
1226,1205,6.006577217497675,985.5976622803794,592.9771373961626,935.7,627.3
1227,1205,6.006577217497675,985.5976622803794,592.9771373961626,935.7,627.3
1228,1205,6.006577217497675,985.5976622803794,592.9771373961626,935.7,627.3
1229,1205,6.006577217497675,985.5976622803794,592.9771373961626,935.7,627.3
1230,1206,22.711911477172595,985.5976622803794,592.9771373961626,935.7,627.3
1231,1207,21.85762772794161,985.5976622803794,592.9771373961626,935.7,627.3
1231,1208,10.301770145418395,985.5976622803794,592.9771373961626,935.7,627.3
1231,1209,10.301770145418395,985.5976622803794,592.9771373961626,935.7,627.3
1231,1210,10.301770145418395,985.5976622803794,592.9771373961626,935.7,627.3
1231,1211,10.301770145418395,985.5976622803794,592.9771373961626,935.7,627.3
1231,1212,10.301770145418395,985.5976622803794,592.9771373961626,935.7,627.3
1231,1213,10.301770145418395,970.5976622803794,657.9771373961626,935.7,627.3
1231,1214,10.301770145418395,970.5976622803794,657.9771373961626,935.7,627.3
1231,1215,10.301770145418395,970.5976622803794,657.9771373961626,935.7,627.3
1232,1216,10.301770145418395,970.5976622803794,657.9771373961626,935.7,627.3
1233,1217,10.301770145418395,970.5976622803794,657.9771373961626,935.7,627.3
1234,1218,10.301770145418395,970.5976622803794,657.9771373961626,935.7,627.3
1235,1219,10.301770145418395,970.5976622803794,657.9771373961626,935.7142857142858,574.8571428571428
1236,1220,10.301770145418395,970.5976622803794,657.9771373961626,935.7285714285714,522.4142857142857
1237,1221,10.301770145418395,970.5976622803794,657.9771373961626,935.7428571428571,469.97142857142853
1238,1222,10.301770145418395,970.5976622803794,657.9771373961626,935.7571428571429,417.5285714285714
1239,1223,10.301770145418395,970.5976622803794,657.9771373961626,935.7714285714286,365.0857142857143
1240,1224,10.301770145418395,970.5976622803794,657.9771373961626,935.7857142857142,312.6428571428571
1241,1225,10.301770145418395,970.5976622803794,657.9771373961626,935.8,260.2
1242,1226,10.301770145418395,970.5976622803794,657.9771373961626,935.8,260.2
1243,1227,10.301770145418395,970.5976622803794,657.9771373961626,935.8,260.2
1244,1228,10.301770145418395,970.5976622803794,657.9771373961626,935.8,260.2
1245,1229,10.301770145418395,970.5976622803794,657.9771373961626,935.8,260.2
1246,1230,10.301770145418395,970.5976622803794,657.9771373961626,935.8,260.2
1247,1231,10.301770145418395,970.5976622803794,657.9771373961626,935.8,260.2
1248,1232,10.301770145418395,970.5976622803794,657.9771373961626,935.8,260.2
1249,1233,10.301770145418395,970.5976622803794,657.9771373961626,935.8,260.2
1250,1234,10.301770145418395,970.5976622803794,657.9771373961626,935.8,260.2
1251,1235,10.301770145418395,970.5976622803794,657.9771373961626,935.8,260.2
1252,1236,10.301770145418395,970.5976622803794,657.9771373961626,935.8,260.2
1253,1237,10.301770145418395,968.5976622803794,547.9771373961626,935.8,260.2
1254,1238,10.301770145418395,968.5976622803794,547.9771373961626,935.8,260.2
1255,1239,10.301770145418395,968.5976622803794,547.9771373961626,935.8,260.2
1256,1240,10.301770145418395,968.5976622803794,547.9771373961626,935.8,260.2
1257,1241,10.301770145418395,968.5976622803794,547.9771373961626,935.8,260.2
1258,1242,10.301770145418395,968.5976622803794,547.9771373961626,935.8,260.2
1259,1243,10.301770145418395,968.5976622803794,547.9771373961626,935.8,260.2
1260,1244,10.301770145418395,966.5976622803794,436.97713739616256,935.8,260.2
1261,1245,10.301770145418395,966.5976622803794,436.97713739616256,935.8,260.2
1262,1246,10.301770145418395,966.5976622803794,436.97713739616256,935.8,260.2
1263,1247,10.301770145418395,966.5976622803794,436.97713739616256,935.8,260.2
1264,1248,10.301770145418395,966.5976622803794,436.97713739616256,935.8,260.2
1265,1249,10.301770145418395,966.5976622803794,436.97713739616256,935.8,260.2
1266,1250,10.301770145418395,966.5976622803794,436.97713739616256,935.8,260.2
1267,1251,10.301770145418395,966.5976622803794,436.97713739616256,935.8,260.2
1268,1252,10.301770145418395,965.5976622803794,326.97713739616256,935.8,260.2
1269,1253,10.301770145418395,965.5976622803794,326.97713739616256,935.8,260.2
1270,1254,10.301770145418395,965.5976622803794,326.97713739616256,935.8,260.2
1271,1255,10.301770145418395,965.5976622803794,326.97713739616256,935.8,260.2
1272,1256,10.301770145418395,965.5976622803794,326.97713739616256,935.8,260.2
1273,1257,10.301770145418395,965.5976622803794,326.97713739616256,935.8,260.2
1274,1258,10.301770145418395,965.5976622803794,326.97713739616256,935.8,260.2
1275,1259,10.301770145418395,965.5976622803794,326.97713739616256,935.8,260.2
1276,1260,10.301770145418395,965.5976622803794,326.97713739616256,935.8,260.2
1277,1261,10.301770145418395,964.5976622803794,216.97713739616256,935.8,260.2
1278,1262,10.301770145418395,964.5976622803794,216.97713739616256,935.8,260.2
1279,1263,10.301770145418395,964.5976622803794,216.97713739616256,935.8,260.2
1280,1264,10.301770145418395,964.5976622803794,216.97713739616256,935.8,260.2
1281,1265,10.301770145418395,964.5976622803794,216.97713739616256,935.8,260.2
1282,1266,10.301770145418395,964.5976622803794,216.97713739616256,935.8,260.2
1283,1267,10.301770145418395,964.5976622803794,216.97713739616256,935.8,260.2
1284,1268,2.4344094656105435,964.5976622803794,216.97713739616256,935.8,260.2
1285,1269,5.65554246729964,964.5976622803794,216.97713739616256,935.8,260.2
1286,1270,13.654125274161943,964.5976622803794,216.97713739616256,935.8,260.2
1287,1271,11.764901329608927,964.5976622803794,216.97713739616256,935.8,260.2
1287,1272,4.751707437820679,964.5976622803794,216.97713739616256,935.8,260.2
1287,1273,1.5470705012314088,964.5976622803794,216.97713739616256,935.8,260.2
1287,1274,7.106568414031578,964.5976622803794,216.97713739616256,935.8,260.2
1287,1275,7.106568414031578,964.5976622803794,216.97713739616256,935.8,260.2
1287,1276,7.106568414031578,964.5976622803794,216.97713739616256,935.8,260.2
1287,1277,7.106568414031578,964.5976622803794,216.97713739616256,935.8,260.2
1287,1278,7.106568414031578,964.5976622803794,216.97713739616256,935.8,260.2
1287,1279,7.106568414031578,964.5976622803794,216.97713739616256,935.8,260.2
1287,1280,7.106568414031578,964.5976622803794,216.97713739616256,935.8,260.2
1287,1281,7.106568414031578,964.5976622803794,216.97713739616256,935.8,260.2
1287,1282,7.106568414031578,964.5976622803794,216.97713739616256,935.8,260.2
1287,1283,7.106568414031578,964.5976622803794,216.97713739616256,935.8,260.2
1287,1284,7.106568414031578,964.5976622803794,216.97713739616256,935.8,260.2
1287,1285,7.106568414031578,964.5976622803794,216.97713739616256,935.8,260.2
1287,1286,7.106568414031578,964.5976622803794,216.97713739616256,935.8,260.2
1287,1287,7.106568414031578,964.5976622803794,216.97713739616256,935.8,260.2
1287,1288,7.106568414031578,964.5976622803794,216.97713739616256,895.3874999999999,313.53749999999997
1288,1289,7.106568414031578,964.5976622803794,216.97713739616256,854.9749999999999,366.875
1289,1290,7.106568414031578,964.5976622803794,216.97713739616256,814.5625,420.2125
1290,1291,7.106568414031578,964.5976622803794,216.97713739616256,774.15,473.54999999999995
1291,1292,7.106568414031578,895.5976622803794,322.97713739616256,733.7375,526.8875
1292,1293,7.106568414031578,895.5976622803794,322.97713739616256,693.325,580.2249999999999
1293,1294,7.106568414031578,895.5976622803794,322.97713739616256,652.9125,633.5625
1294,1295,8.615210824809662,895.5976622803794,322.97713739616256,612.5,686.9
1295,1296,10.932254587985993,895.5976622803794,322.97713739616256,612.5,686.9
1296,1297,13.461418678167894,895.5976622803794,322.97713739616256,612.5,686.9
1297,1298,5.100911437016804,895.5976622803794,322.97713739616256,612.5,686.9
1298,1298,5.100911437016804,895.5976622803794,322.97713739616256,612.5,686.9
1299,1298,5.100911437016804,826.5976622803794,428.97713739616256,612.5,686.9
1300,1298,5.100911437016804,826.5976622803794,428.97713739616256,612.5,686.9
1301,1298,5.100911437016804,826.5976622803794,428.97713739616256,612.5,686.9
1302,1298,5.100911437016804,826.5976622803794,428.97713739616256,612.5,686.9
1303,1298,5.100911437016804,826.5976622803794,428.97713739616256,612.5,686.9
1304,1298,5.100911437016804,826.5976622803794,428.97713739616256,612.5,686.9
1305,1298,5.100911437016804,826.5976622803794,428.97713739616256,612.5,686.9
1306,1298,5.100911437016804,826.5976622803794,428.97713739616256,612.5,686.9
1307,1298,5.100911437016804,826.5976622803794,428.97713739616256,612.5,686.9
1308,1298,5.100911437016804,758.5976622803794,534.9771373961626,612.5,686.9
1309,1298,5.100911437016804,758.5976622803794,534.9771373961626,612.5,686.9
1310,1298,5.100911437016804,758.5976622803794,534.9771373961626,612.5,686.9
1311,1298,5.100911437016804,758.5976622803794,534.9771373961626,612.5,686.9
1312,1298,5.100911437016804,758.5976622803794,534.9771373961626,612.5,686.9
1313,1298,5.100911437016804,758.5976622803794,534.9771373961626,612.5,686.9
1314,1298,5.100911437016804,758.5976622803794,534.9771373961626,628.45,676.5
1315,1298,5.100911437016804,690.5976622803794,640.9771373961626,644.4,666.0999999999999
1316,1298,5.100911437016804,690.5976622803794,640.9771373961626,660.3499999999999,655.6999999999999
1317,1298,5.100911437016804,690.5976622803794,640.9771373961626,676.3,645.3
1318,1298,5.100911437016804,690.5976622803794,640.9771373961626,676.3,645.3
1319,1298,5.100911437016804,690.5976622803794,640.9771373961626,676.3,645.3
1320,1299,2.718478040392719,690.5976622803794,640.9771373961626,676.3,645.3
1321,1299,2.718478040392719,690.5976622803794,640.9771373961626,676.3,645.3
1322,1299,2.718478040392719,690.5976622803794,640.9771373961626,676.3,645.3
1323,1299,2.718478040392719,690.5976622803794,640.9771373961626,676.3,645.3
1324,1299,2.718478040392719,690.5976622803794,640.9771373961626,676.3,645.3
1325,1299,2.718478040392719,690.5976622803794,640.9771373961626,676.3,645.3
1326,1299,2.718478040392719,690.5976622803794,640.9771373961626,676.3,645.3
1327,1300,31.4033650712126,690.5976622803794,640.9771373961626,676.3,645.3
1327,1301,3.360883311171621,690.5976622803794,640.9771373961626,676.3,645.3
1327,1302,13.882584821743263,690.5976622803794,640.9771373961626,676.3,645.3
1327,1303,13.882584821743263,690.5976622803794,640.9771373961626,676.3,645.3
1327,1304,13.882584821743263,690.5976622803794,640.9771373961626,676.3,645.3
1327,1305,13.882584821743263,690.5976622803794,640.9771373961626,676.3,645.3
1327,1306,13.882584821743263,690.5976622803794,640.9771373961626,676.3,645.3
1327,1307,13.882584821743263,690.5976622803794,640.9771373961626,676.3,645.3
1327,1308,13.882584821743263,690.5976622803794,640.9771373961626,676.3,645.3
1327,1309,13.882584821743263,690.5976622803794,640.9771373961626,676.3,645.3
1327,1310,13.882584821743263,690.5976622803794,640.9771373961626,676.3,645.3
1327,1311,13.882584821743263,690.5976622803794,640.9771373961626,676.3,645.3
1327,1312,13.882584821743263,828.5976622803794,455.97713739616256,676.3,645.3
1327,1313,13.882584821743263,828.5976622803794,455.97713739616256,676.3,645.3
1327,1314,13.882584821743263,828.5976622803794,455.97713739616256,676.3,645.3
1327,1315,13.882584821743263,828.5976622803794,455.97713739616256,676.3,645.3
1327,1316,13.882584821743263,828.5976622803794,455.97713739616256,713.4571428571428,585.8
1327,1317,13.882584821743263,828.5976622803794,455.97713739616256,750.6142857142856,526.3
1327,1318,13.882584821743263,828.5976622803794,455.97713739616256,787.7714285714285,466.79999999999995
1327,1319,13.882584821743263,828.5976622803794,455.97713739616256,824.9285714285713,407.29999999999995
1327,1320,13.882584821743263,967.5976622803794,269.97713739616256,862.0857142857142,347.8
1327,1321,13.882584821743263,967.5976622803794,269.97713739616256,899.2428571428571,288.3
1327,1322,13.882584821743263,967.5976622803794,269.97713739616256,936.4,228.8
1327,1323,13.882584821743263,967.5976622803794,269.97713739616256,936.4,228.8
1327,1324,14.120135626303865,967.5976622803794,269.97713739616256,936.4,228.8
1327,1325,14.366312107485014,967.5976622803794,269.97713739616256,936.4,228.8
1327,1326,14.621582852433303,967.5976622803794,269.97713739616256,936.4,228.8
1327,1327,14.886450012713551,967.5976622803794,269.97713739616256,936.4,228.8
1327,1328,15.161452099226107,967.5976622803794,269.97713739616256,936.4,228.8
1327,1329,15.447166903315296,967.5976622803794,269.97713739616256,936.4,228.8
1327,1330,15.744214422379947,967.5976622803794,269.97713739616256,936.4,228.8
1327,1331,16.05325954207862,967.5976622803794,269.97713739616256,936.4,228.8
1327,1332,16.375013994801474,967.5976622803794,269.97713739616256,936.4,228.8
1327,1333,16.710236689058476,967.5976622803794,269.97713739616256,936.4,228.8
1327,1334,17.059730731040304,967.5976622803794,269.97713739616256,936.4,228.8
1327,1335,17.424334057698793,967.5976622803794,269.97713739616256,936.4,228.8
1327,1336,17.80489806803024,967.5976622803794,269.97713739616256,936.4,228.8
1327,1337,18.202244079417984,967.5976622803794,269.97713739616256,936.4,228.8
1327,1338,18.61707925916191,967.5976622803794,269.97713739616256,936.4,228.8
1327,1339,19.049839096586908,967.5976622803794,269.97713739616256,936.4,228.8
1327,1340,19.50740997864389,967.5976622803794,269.97713739616256,936.4,228.8
1327,1341,19.987982697762313,967.5976622803794,269.97713739616256,936.4,228.8
1327,1342,20.492901177799784,967.5976622803794,269.97713739616256,936.4,228.8
1327,1343,21.023978706455026,967.5976622803794,269.97713739616256,936.4,228.8
1327,1344,21.583203359077018,967.5976622803794,269.97713739616256,936.4,228.8
1327,1345,22.172758088623485,967.5976622803794,269.97713739616256,936.4,228.8
1327,1346,22.795043368746274,967.5976622803794,269.97713739616256,936.4,228.8
1327,1347,23.45270270982536,967.5976622803794,269.97713739616256,936.4,228.8
1327,1348,24.14865139436087,967.5976622803794,269.97713739616256,936.4,228.8
1327,1349,24.88610879904408,967.5976622803794,269.97713739616256,936.4,228.8
1327,1350,25.668634680853344,967.5976622803794,269.97713739616256,936.4,228.8
1327,1351,25.668634680853344,967.5976622803794,269.97713739616256,936.4,228.8
1327,1352,25.668634680853344,967.5976622803794,269.97713739616256,936.4,228.8
1327,1353,25.668634680853344,967.5976622803794,269.97713739616256,936.4,228.8
1327,1354,25.668634680853344,967.5976622803794,269.97713739616256,936.4,228.8
1327,1355,25.668634680853344,967.5976622803794,269.97713739616256,936.4,228.8
1327,1356,25.668634680853344,967.5976622803794,269.97713739616256,936.4,228.8
1327,1357,25.668634680853344,967.5976622803794,269.97713739616256,936.4,228.8
1327,1358,25.668634680853344,967.5976622803794,269.97713739616256,936.4,228.8
1327,1359,25.668634680853344,967.5976622803794,269.97713739616256,936.4,228.8
1327,1360,25.668634680853344,815.5976622803794,455.97713739616256,936.4,228.8
1327,1361,25.668634680853344,815.5976622803794,455.97713739616256,936.4,228.8
1327,1362,25.668634680853344,815.5976622803794,455.97713739616256,936.4,228.8
1327,1363,25.668634680853344,815.5976622803794,455.97713739616256,936.4,228.8
1327,1364,25.668634680853344,815.5976622803794,455.97713739616256,936.4,228.8
1327,1365,25.668634680853344,815.5976622803794,455.97713739616256,936.4,228.8
1328,1366,25.668634680853344,815.5976622803794,455.97713739616256,936.4,228.8
1329,1367,25.668634680853344,815.5976622803794,455.97713739616256,936.4,228.8
1330,1368,25.668634680853344,663.5976622803794,641.9771373961626,936.4,228.8
1331,1369,25.668634680853344,663.5976622803794,641.9771373961626,936.4,228.8
1332,1370,25.668634680853344,663.5976622803794,641.9771373961626,936.4,228.8
1333,1371,25.668634680853344,663.5976622803794,641.9771373961626,936.4,228.8
1334,1372,25.668634680853344,663.5976622803794,641.9771373961626,936.4,228.8
1335,1373,25.668634680853344,663.5976622803794,641.9771373961626,936.4,228.8
1336,1374,20.36306780693417,663.5976622803794,641.9771373961626,936.4,228.8
1337,1375,15.365228186543611,663.5976622803794,641.9771373961626,936.4,228.8
1338,1376,15.365228186543611,663.5976622803794,641.9771373961626,936.4,228.8
1339,1377,15.365228186543611,663.5976622803794,641.9771373961626,936.4,228.8
1340,1378,15.365228186543611,663.5976622803794,641.9771373961626,936.4,228.8
1341,1379,15.365228186543611,663.5976622803794,641.9771373961626,936.4,228.8
1342,1380,15.365228186543611,663.5976622803794,641.9771373961626,936.4,228.8
1343,1381,15.365228186543611,663.5976622803794,641.9771373961626,936.4,228.8
1344,1382,15.365228186543611,663.5976622803794,641.9771373961626,936.4,228.8
1345,1383,15.365228186543611,663.5976622803794,641.9771373961626,936.4,228.8
1346,1384,15.365228186543611,663.5976622803794,641.9771373961626,936.4,228.8
1347,1385,15.365228186543611,663.5976622803794,641.9771373961626,936.4,228.8
1348,1386,15.365228186543611,663.5976622803794,641.9771373961626,936.4,228.8
1349,1387,15.365228186543611,663.5976622803794,641.9771373961626,936.4,228.8
1350,1388,15.365228186543611,663.5976622803794,641.9771373961626,936.4,228.8
1351,1389,15.365228186543611,663.5976622803794,641.9771373961626,936.4,228.8
1352,1390,15.365228186543611,663.5976622803794,641.9771373961626,936.4,228.8
1353,1391,15.365228186543611,663.5976622803794,641.9771373961626,936.4,228.8
1354,1392,15.365228186543611,663.5976622803794,641.9771373961626,936.4,228.8
1355,1393,15.365228186543611,663.5976622803794,641.9771373961626,936.4,228.8
1356,1394,15.365228186543611,663.5976622803794,641.9771373961626,936.4,228.8
1357,1395,15.365228186543611,663.5976622803794,641.9771373961626,936.4,228.8
1358,1396,15.365228186543611,663.5976622803794,641.9771373961626,936.4,228.8
1359,1397,15.365228186543611,663.5976622803794,641.9771373961626,936.4,228.8
1360,1398,15.365228186543611,663.5976622803794,641.9771373961626,936.4,228.8
1361,1399,15.365228186543611,663.5976622803794,641.9771373961626,936.4,228.8
1362,1400,15.365228186543611,663.5976622803794,641.9771373961626,928.225,240.65
1363,1401,15.365228186543611,663.5976622803794,641.9771373961626,920.05,252.5
1364,1402,15.365228186543611,663.5976622803794,641.9771373961626,911.875,264.35
1365,1403,15.365228186543611,663.5976622803794,641.9771373961626,903.7,276.2
1366,1404,15.365228186543611,663.5976622803794,641.9771373961626,903.7,276.2
1367,1405,15.365228186543611,663.5976622803794,641.9771373961626,903.7,276.2
1368,1406,15.365228186543611,663.5976622803794,641.9771373961626,903.7,276.2
1369,1407,15.365228186543611,663.5976622803794,641.9771373961626,903.7,276.2
1370,1408,15.365228186543611,663.5976622803794,641.9771373961626,903.7,276.2
1371,1409,15.365228186543611,663.5976622803794,641.9771373961626,903.7,276.2
1372,1410,15.365228186543611,663.5976622803794,641.9771373961626,903.7,276.2
1373,1411,15.365228186543611,663.5976622803794,641.9771373961626,903.7,276.2
1374,1412,15.365228186543611,663.5976622803794,641.9771373961626,903.7,276.2
1375,1413,15.365228186543611,663.5976622803794,641.9771373961626,903.7,276.2
1376,1414,15.365228186543611,663.5976622803794,641.9771373961626,903.7,276.2
1377,1415,15.365228186543611,663.5976622803794,641.9771373961626,903.7,276.2
1378,1416,15.365228186543611,663.5976622803794,641.9771373961626,903.7,276.2
1379,1417,15.365228186543611,663.5976622803794,641.9771373961626,903.7,276.2
1380,1418,12.430154961266979,663.5976622803794,641.9771373961626,903.7,276.2
1381,1419,7.887854330797856,663.5976622803794,641.9771373961626,903.7,276.2
1382,1420,0.07317120700129226,663.5976622803794,641.9771373961626,903.7,276.2
1383,1421,99.49414687216158,663.5976622803794,641.9771373961626,909.6714285714286,329.4428571428571
1384,1421,99.49414687216158,663.5976622803794,641.9771373961626,915.6428571428572,382.68571428571425
1385,1421,99.49414687216158,663.5976622803794,641.9771373961626,921.6142857142858,435.92857142857144
1386,1421,99.49414687216158,799.5976622803794,655.9771373961626,927.5857142857143,489.1714285714286
1387,1421,99.49414687216158,799.5976622803794,655.9771373961626,933.5571428571428,542.4142857142857
1388,1421,99.49414687216158,799.5976622803794,655.9771373961626,939.5285714285715,595.6571428571428
1389,1421,99.49414687216158,799.5976622803794,655.9771373961626,945.5,648.9
1390,1421,99.49414687216158,799.5976622803794,655.9771373961626,945.5,648.9
1391,1421,113.10738087326317,799.5976622803794,655.9771373961626,945.5,648.9
1392,1421,113.10738087326317,799.5976622803794,655.9771373961626,945.5,648.9
1393,1421,113.10738087326317,799.5976622803794,655.9771373961626,945.5,648.9
1394,1421,113.10738087326317,935.5976622803794,669.9771373961626,945.5,648.9
1395,1421,113.10738087326317,935.5976622803794,669.9771373961626,945.5,648.9
1396,1421,113.10738087326317,935.5976622803794,669.9771373961626,945.5,648.9
1397,1421,113.10738087326317,935.5976622803794,669.9771373961626,945.5,648.9
1398,1421,113.10738087326317,935.5976622803794,669.9771373961626,945.5,648.9
1399,1421,113.10738087326317,935.5976622803794,669.9771373961626,945.5,648.9
1400,1421,113.10738087326317,935.5976622803794,669.9771373961626,945.5,648.9
1401,1421,113.10738087326317,935.5976622803794,669.9771373961626,945.5,648.9
1402,1421,113.10738087326317,935.5976622803794,669.9771373961626,945.5,648.9
1403,1421,113.10738087326317,935.5976622803794,669.9771373961626,945.5,648.9
1404,1421,113.10738087326317,935.5976622803794,669.9771373961626,945.5,648.9
1405,1421,113.10738087326317,935.5976622803794,669.9771373961626,945.5,648.9
1406,1421,113.10738087326317,935.5976622803794,669.9771373961626,945.5,648.9
1407,1421,113.10738087326317,935.5976622803794,669.9771373961626,945.5,648.9
1408,1421,113.10738087326317,935.5976622803794,669.9771373961626,945.5,648.9
1409,1421,113.10738087326317,935.5976622803794,669.9771373961626,945.5,648.9
1410,1421,113.10738087326317,935.5976622803794,669.9771373961626,945.5,648.9
1411,1421,113.10738087326317,935.5976622803794,669.9771373961626,945.5,648.9
1412,1421,113.10738087326317,935.5976622803794,669.9771373961626,945.5,648.9
1413,1421,113.10738087326317,935.5976622803794,669.9771373961626,945.5,648.9
1414,1421,113.10738087326317,935.5976622803794,669.9771373961626,945.5,648.9
1415,1421,113.10738087326317,935.5976622803794,669.9771373961626,945.5,648.9
1416,1421,113.10738087326317,935.5976622803794,669.9771373961626,945.5,648.9
1417,1421,113.10738087326317,935.5976622803794,669.9771373961626,945.5,648.9
1418,1421,113.10738087326317,935.5976622803794,669.9771373961626,945.5,648.9
1419,1421,113.10738087326317,935.5976622803794,669.9771373961626,945.5,648.9
1420,1421,113.10738087326317,935.5976622803794,669.9771373961626,945.5,648.9
1421,1421,113.10738087326317,935.5976622803794,669.9771373961626,945.5,648.9
1422,1421,113.10738087326317,935.5976622803794,669.9771373961626,945.5,648.9
1423,1421,0.7015991040750128,935.5976622803794,669.9771373961626,944.4344827586207,648.3931034482758
1424,1421,0.7015991040750128,935.5976622803794,669.9771373961626,943.3689655172413,647.8862068965517
1425,1421,0.7015991040750128,935.5976622803794,669.9771373961626,942.303448275862,647.3793103448276
1426,1421,0.7015991040750128,935.5976622803794,669.9771373961626,941.2379310344828,646.8724137931034
1427,1421,0.7015991040750128,935.5976622803794,669.9771373961626,940.1724137931035,646.3655172413793
1428,1421,0.7015991040750128,935.5976622803794,669.9771373961626,939.1068965517242,645.8586206896551
1429,1421,0.7015991040750128,935.5976622803794,669.9771373961626,938.0413793103448,645.351724137931
1430,1421,0.7015991040750128,935.5976622803794,669.9771373961626,936.9758620689655,644.8448275862069
1431,1421,0.7015991040750128,935.5976622803794,669.9771373961626,935.9103448275862,644.3379310344827
1432,1421,0.7015991040750128,935.5976622803794,669.9771373961626,934.8448275862069,643.8310344827586
1433,1421,0.7015991040750128,935.5976622803794,669.9771373961626,933.7793103448276,643.3241379310344
1434,1421,0.7015991040750128,938.5976622803794,523.9771373961626,932.7137931034483,642.8172413793103
1435,1421,0.7015991040750128,938.5976622803794,523.9771373961626,931.648275862069,642.3103448275862
1436,1421,0.7015991040750128,938.5976622803794,523.9771373961626,930.5827586206897,641.803448275862
1437,1421,0.7015991040750128,938.5976622803794,523.9771373961626,929.5172413793103,641.296551724138
1438,1421,0.7015991040750128,938.5976622803794,523.9771373961626,928.451724137931,640.7896551724139
1439,1421,0.7015991040750128,938.5976622803794,523.9771373961626,927.3862068965517,640.2827586206897
1440,1422,0.7015991040750128,938.5976622803794,523.9771373961626,926.3206896551724,639.7758620689656
1441,1423,0.7015991040750128,938.5976622803794,523.9771373961626,925.2551724137932,639.2689655172414
1442,1424,0.7015991040750128,941.5976622803794,376.97713739616256,924.1896551724138,638.7620689655173
1443,1425,0.7015991040750128,941.5976622803794,376.97713739616256,923.1241379310345,638.2551724137932
1444,1426,0.7015991040750128,941.5976622803794,376.97713739616256,922.0586206896552,637.748275862069
1445,1427,0.7015991040750128,941.5976622803794,376.97713739616256,920.9931034482759,637.2413793103449
1446,1428,0.7015991040750128,941.5976622803794,376.97713739616256,919.9275862068965,636.7344827586207
1447,1429,0.7015991040750128,941.5976622803794,376.97713739616256,918.8620689655172,636.2275862068966
1448,1430,0.7015991040750128,941.5976622803794,376.97713739616256,917.796551724138,635.7206896551725
1449,1431,0.7015991040750128,941.5976622803794,376.97713739616256,916.7310344827587,635.2137931034483
1450,1432,0.7015991040750128,941.5976622803794,376.97713739616256,915.6655172413793,634.7068965517242
1451,1433,0.7015991040750128,941.5976622803794,376.97713739616256,914.6,634.2
1452,1434,0.7015991040750128,941.5976622803794,376.97713739616256,914.6,634.2
1453,1435,0.7015991040750128,941.5976622803794,376.97713739616256,914.6,634.2
1454,1436,0.7015991040750128,941.5976622803794,376.97713739616256,914.6,634.2
1455,1437,0.7015991040750128,941.5976622803794,376.97713739616256,914.6,634.2
1456,1438,0.7015991040750128,941.5976622803794,376.97713739616256,914.6,634.2
1457,1439,0.7015991040750128,941.5976622803794,376.97713739616256,914.6,634.2
1458,1440,0.7015991040750128,941.5976622803794,376.97713739616256,914.6,634.2
1459,1441,0.7015991040750128,941.5976622803794,376.97713739616256,914.6,634.2
1460,1442,0.7015991040750128,941.5976622803794,376.97713739616256,914.6,634.2
1461,1443,0.7015991040750128,941.5976622803794,376.97713739616256,914.6,634.2
1462,1444,0.7015991040750128,941.5976622803794,376.97713739616256,914.6,634.2
1463,1445,0.7015991040750128,941.5976622803794,376.97713739616256,914.6,634.2
1464,1446,0.7015991040750128,941.5976622803794,376.97713739616256,914.6,634.2
1465,1447,0.7015991040750128,941.5976622803794,376.97713739616256,914.6,634.2
1466,1448,0.7015991040750128,941.5976622803794,376.97713739616256,917.4285714285714,589.3428571428572
1467,1449,0.7015991040750128,941.5976622803794,376.97713739616256,920.2571428571429,544.4857142857143
1468,1450,0.7015991040750128,941.5976622803794,376.97713739616256,923.0857142857143,499.62857142857143
1469,1451,0.7015991040750128,941.5976622803794,376.97713739616256,925.9142857142857,454.7714285714286
1470,1452,0.7015991040750128,941.5976622803794,376.97713739616256,928.7428571428571,409.9142857142857
1471,1453,0.7015991040750128,941.5976622803794,376.97713739616256,931.5714285714286,365.0571428571428
1472,1454,0.7015991040750128,941.5976622803794,376.97713739616256,934.4,320.2
1473,1455,0.7015991040750128,941.5976622803794,376.97713739616256,934.4,320.2
1474,1456,0.7015991040750128,941.5976622803794,376.97713739616256,934.4,320.2
1475,1457,0.7015991040750128,941.5976622803794,376.97713739616256,934.4,320.2
1476,1458,0.7015991040750128,941.5976622803794,376.97713739616256,934.4,320.2
1477,1459,0.7015991040750128,941.5976622803794,376.97713739616256,934.4,320.2
1478,1460,0.7015991040750128,941.5976622803794,376.97713739616256,934.4,320.2
1479,1461,0.7015991040750128,941.5976622803794,376.97713739616256,934.4,320.2
1480,1462,0.7015991040750128,941.5976622803794,376.97713739616256,934.4,320.2
1481,1463,0.7015991040750128,941.5976622803794,376.97713739616256,934.4,320.2
1482,1464,0.7015991040750128,941.5976622803794,376.97713739616256,934.4,320.2
1483,1465,0.7015991040750128,941.5976622803794,376.97713739616256,934.4,320.2
1484,1466,0.7015991040750128,941.5976622803794,376.97713739616256,934.4,320.2
1485,1467,0.7015991040750128,941.5976622803794,376.97713739616256,934.4,320.2
1486,1468,1.57584036631715,941.5976622803794,376.97713739616256,934.4,320.2
1487,1469,12.759393076787708,941.5976622803794,376.97713739616256,934.4,320.2
1488,1470,20.687187440894125,941.5976622803794,376.97713739616256,934.4,320.2
1489,1471,20.687187440894125,941.5976622803794,376.97713739616256,934.4,320.2
1490,1472,20.687187440894125,941.5976622803794,376.97713739616256,934.4,320.2
1491,1473,20.687187440894125,941.5976622803794,376.97713739616256,934.4,320.2
1492,1474,20.687187440894125,941.5976622803794,376.97713739616256,934.4,320.2
1493,1475,20.687187440894125,941.5976622803794,376.97713739616256,934.4,320.2
1494,1476,20.687187440894125,941.5976622803794,376.97713739616256,934.4,320.2
1495,1477,20.687187440894125,941.5976622803794,376.97713739616256,934.4,320.2
1496,1478,20.687187440894125,941.5976622803794,376.97713739616256,934.4,320.2
1497,1479,20.687187440894125,941.5976622803794,376.97713739616256,934.4,320.2
1498,1480,20.687187440894125,941.5976622803794,376.97713739616256,934.4,320.2
1499,1481,20.687187440894125,941.5976622803794,376.97713739616256,934.4,320.2
1500,1482,20.687187440894125,941.5976622803794,376.97713739616256,934.4,320.2
1501,1483,20.687187440894125,941.5976622803794,376.97713739616256,934.4,320.2
1502,1484,20.687187440894125,941.5976622803794,376.97713739616256,934.4,320.2
1503,1485,20.687187440894125,941.5976622803794,376.97713739616256,934.4,320.2
1504,1486,20.687187440894125,941.5976622803794,376.97713739616256,934.4,320.2
1505,1487,20.687187440894125,941.5976622803794,376.97713739616256,934.4,320.2
1506,1488,20.687187440894125,946.5976622803794,312.97713739616256,934.4,320.2
1507,1489,20.687187440894125,946.5976622803794,312.97713739616256,934.4,320.2
1508,1490,20.687187440894125,946.5976622803794,312.97713739616256,934.4,320.2
1509,1491,20.687187440894125,946.5976622803794,312.97713739616256,934.4,320.2
1510,1492,20.687187440894125,946.5976622803794,312.97713739616256,934.4,320.2
1511,1493,20.687187440894125,946.5976622803794,312.97713739616256,934.4,320.2
1512,1494,0.09803677206701814,946.5976622803794,312.97713739616256,934.4,320.2
1513,1495,0.011345603071301549,946.5976622803794,312.97713739616256,934.4,320.2
1514,1495,0.011345603071301549,946.5976622803794,312.97713739616256,934.4,320.2
1515,1495,0.011345603071301549,946.5976622803794,312.97713739616256,934.4,320.2
1516,1495,0.011345603071301549,950.5976622803794,248.97713739616256,934.4,320.2
1517,1495,0.011345603071301549,950.5976622803794,248.97713739616256,934.4,320.2
1518,1495,0.011345603071301549,950.5976622803794,248.97713739616256,934.4,320.2
1519,1496,22.755550611209042,950.5976622803794,248.97713739616256,934.775,352.25
1520,1497,14.860986025086417,950.5976622803794,248.97713739616256,935.15,384.29999999999995
1521,1498,11.550508709122699,950.5976622803794,248.97713739616256,935.525,416.34999999999997
1522,1499,9.743534347563974,950.5976622803794,248.97713739616256,935.9,448.4
1523,1500,8.607491794558735,950.5976622803794,248.97713739616256,935.9,448.4
1524,1501,8.607491794558735,950.5976622803794,248.97713739616256,935.9,448.4
1525,1502,8.607491794558735,950.5976622803794,248.97713739616256,935.9,448.4
1526,1503,8.607491794558735,950.5976622803794,248.97713739616256,935.9,448.4
1527,1504,6.448461540210471,950.5976622803794,248.97713739616256,935.9,448.4
1528,1505,6.448461540210471,950.5976622803794,248.97713739616256,935.9,448.4
1529,1506,6.448461540210471,950.5976622803794,248.97713739616256,935.9,448.4
1530,1507,6.448461540210471,1096.5976622803794,479.97713739616256,935.9,448.4
1531,1508,6.448461540210471,1096.5976622803794,479.97713739616256,935.9,448.4
1532,1509,6.448461540210471,1096.5976622803794,479.97713739616256,935.9,448.4
1533,1510,6.448461540210471,1096.5976622803794,479.97713739616256,935.9,448.4
1534,1511,6.448461540210471,1096.5976622803794,479.97713739616256,935.9,448.4
1535,1512,6.448461540210471,1096.5976622803794,479.97713739616256,935.9,448.4
1536,1513,5.758680032421387,1096.5976622803794,479.97713739616256,935.9,448.4
1536,1514,5.758680032421387,1096.5976622803794,479.97713739616256,935.9,448.4
1536,1515,5.758680032421387,1242.5976622803794,710.9771373961626,935.9,448.4
1536,1516,5.758680032421387,1242.5976622803794,710.9771373961626,935.9,448.4
1536,1517,5.758680032421387,1242.5976622803794,710.9771373961626,935.9,448.4
1536,1518,5.758680032421387,1242.5976622803794,710.9771373961626,935.9,448.4
1536,1519,5.758680032421387,1242.5976622803794,710.9771373961626,935.9,448.4
1536,1520,5.758680032421387,1242.5976622803794,710.9771373961626,935.9,448.4
1536,1521,5.758680032421387,1242.5976622803794,710.9771373961626,935.9,448.4
1536,1522,5.758680032421387,1242.5976622803794,710.9771373961626,935.9,448.4
1536,1523,5.758680032421387,1242.5976622803794,710.9771373961626,936.02,484.0
1536,1524,5.758680032421387,1242.5976622803794,710.9771373961626,936.14,519.6
1536,1525,5.758680032421387,1242.5976622803794,710.9771373961626,936.26,555.2
1536,1526,5.758680032421387,1242.5976622803794,710.9771373961626,936.38,590.8
1536,1527,5.758680032421387,1242.5976622803794,710.9771373961626,936.5,626.4
1536,1528,5.758680032421387,1242.5976622803794,710.9771373961626,936.5,626.4
1536,1529,5.758680032421387,1242.5976622803794,710.9771373961626,936.5,626.4
1536,1530,5.758680032421387,1242.5976622803794,710.9771373961626,936.5,626.4
1536,1531,5.758680032421387,1242.5976622803794,710.9771373961626,936.5,626.4
1536,1532,5.758680032421387,1242.5976622803794,710.9771373961626,936.5,626.4
1537,1533,5.758680032421387,1242.5976622803794,710.9771373961626,936.5,626.4
1538,1534,5.758680032421387,1242.5976622803794,710.9771373961626,936.5,626.4
1539,1535,5.758680032421387,1242.5976622803794,710.9771373961626,936.5,626.4
1540,1536,5.758680032421387,1242.5976622803794,710.9771373961626,936.5,626.4
1541,1537,5.758680032421387,1242.5976622803794,710.9771373961626,936.5,626.4
1542,1538,5.758680032421387,1242.5976622803794,710.9771373961626,936.5,626.4
1543,1539,5.758680032421387,1242.5976622803794,710.9771373961626,936.5,626.4
1544,1540,5.758680032421387,1242.5976622803794,710.9771373961626,936.5,626.4
1545,1541,5.758680032421387,1242.5976622803794,710.9771373961626,936.5,626.4
1546,1542,5.758680032421387,1242.5976622803794,710.9771373961626,936.5,626.4
1547,1543,5.758680032421387,1242.5976622803794,710.9771373961626,936.5,626.4
1548,1544,5.758680032421387,1242.5976622803794,710.9771373961626,936.5,626.4
1549,1545,5.758680032421387,1242.5976622803794,710.9771373961626,936.5,626.4
1550,1546,5.758680032421387,1242.5976622803794,710.9771373961626,936.5,626.4
1551,1547,5.758680032421387,953.5976622803794,641.9771373961626,936.5,626.4
1552,1548,5.758680032421387,953.5976622803794,641.9771373961626,936.5,626.4
1553,1549,5.758680032421387,953.5976622803794,641.9771373961626,936.5,626.4
1554,1550,5.758680032421387,953.5976622803794,641.9771373961626,936.5,626.4
1555,1551,5.758680032421387,953.5976622803794,641.9771373961626,936.5,626.4
1556,1552,5.758680032421387,953.5976622803794,641.9771373961626,936.5,626.4
1557,1553,5.758680032421387,953.5976622803794,641.9771373961626,936.5,626.4
1558,1554,5.758680032421387,953.5976622803794,641.9771373961626,936.5,626.4
1559,1555,5.758680032421387,953.5976622803794,641.9771373961626,936.5,626.4
1560,1556,5.758680032421387,953.5976622803794,641.9771373961626,936.5,626.4
1561,1557,5.758680032421387,953.5976622803794,641.9771373961626,936.5,626.4
1562,1558,5.758680032421387,953.5976622803794,641.9771373961626,936.5,626.4
1563,1559,5.758680032421387,953.5976622803794,641.9771373961626,936.5,626.4
1564,1560,5.758680032421387,953.5976622803794,641.9771373961626,936.5,626.4
1565,1561,5.758680032421387,953.5976622803794,641.9771373961626,936.5,626.4
1566,1562,5.758680032421387,953.5976622803794,641.9771373961626,936.5,626.4
1567,1563,0.6043594211480178,953.5976622803794,641.9771373961626,936.5,626.4
1568,1563,0.6043594211480178,953.5976622803794,641.9771373961626,936.5,626.4
1569,1563,0.6043594211480178,953.5976622803794,641.9771373961626,936.5,626.4
1570,1563,0.6043594211480178,953.5976622803794,641.9771373961626,936.5,626.4
1571,1563,0.6043594211480178,953.5976622803794,641.9771373961626,936.5,626.4
1572,1563,0.6043594211480178,953.5976622803794,641.9771373961626,936.5,626.4
1573,1563,0.6043594211480178,953.5976622803794,641.9771373961626,936.5,626.4
1574,1564,14.714333683598918,953.5976622803794,641.9771373961626,936.5,626.4
1575,1565,0.2925225360525643,953.5976622803794,641.9771373961626,936.5,626.4
1576,1565,0.2925225360525643,953.5976622803794,641.9771373961626,936.5,626.4
1577,1565,0.2925225360525643,953.5976622803794,641.9771373961626,936.5,626.4
1578,1565,0.2925225360525643,953.5976622803794,641.9771373961626,936.5,626.4
1579,1565,0.2925225360525643,953.5976622803794,641.9771373961626,936.5,626.4
1580,1565,0.2925225360525643,953.5976622803794,641.9771373961626,936.5,626.4
1581,1565,0.2925225360525643,953.5976622803794,641.9771373961626,936.5,626.4
1582,1565,0.2925225360525643,953.5976622803794,641.9771373961626,936.5,626.4
1583,1565,0.2925225360525643,953.5976622803794,641.9771373961626,936.5,626.4
1584,1566,18.24569881082426,953.5976622803794,641.9771373961626,936.5,626.4
1585,1567,1.8881007659095328,953.5976622803794,641.9771373961626,936.5,626.4
1586,1567,1.8881007659095328,953.5976622803794,641.9771373961626,936.5,626.4
1587,1567,1.8881007659095328,953.5976622803794,641.9771373961626,936.5,626.4
1588,1567,1.8881007659095328,953.5976622803794,641.9771373961626,936.5,626.4
1589,1567,1.8881007659095328,953.5976622803794,641.9771373961626,936.5,626.4
1590,1568,10.006404027259908,953.5976622803794,641.9771373961626,936.5,626.4
1591,1569,3.6021837350069164,953.5976622803794,641.9771373961626,936.5,626.4
1591,1570,2.3684672911754534,953.5976622803794,641.9771373961626,936.5,626.4
1591,1571,2.3684672911754534,953.5976622803794,641.9771373961626,936.5,626.4
1591,1572,2.3684672911754534,953.5976622803794,641.9771373961626,936.5,626.4
1591,1573,2.3684672911754534,953.5976622803794,641.9771373961626,936.5,626.4
1591,1574,2.3684672911754534,953.5976622803794,641.9771373961626,936.5,626.4
1591,1575,2.3684672911754534,953.5976622803794,641.9771373961626,936.5,626.4
1591,1576,2.3684672911754534,953.5976622803794,641.9771373961626,936.5,626.4
1591,1577,2.3684672911754534,953.5976622803794,641.9771373961626,936.5,626.4
1591,1578,2.3684672911754534,953.5976622803794,641.9771373961626,936.5,626.4
1591,1579,2.3684672911754534,953.5976622803794,641.9771373961626,936.5,626.4
1591,1580,2.3684672911754534,953.5976622803794,641.9771373961626,936.5,626.4
1591,1581,2.3684672911754534,953.5976622803794,641.9771373961626,936.5,626.4
1591,1582,2.3684672911754534,953.5976622803794,641.9771373961626,936.5,626.4
1591,1583,2.3684672911754534,953.5976622803794,641.9771373961626,936.5,626.4
1591,1584,2.3684672911754534,953.5976622803794,641.9771373961626,936.5,626.4
1591,1585,2.3684672911754534,953.5976622803794,641.9771373961626,936.5,626.4
1591,1586,2.3684672911754534,953.5976622803794,641.9771373961626,936.5,626.4
1591,1587,2.3684672911754534,953.5976622803794,641.9771373961626,936.5,626.4
1591,1588,2.3684672911754534,953.5976622803794,641.9771373961626,936.5,626.4
1591,1589,2.3684672911754534,953.5976622803794,641.9771373961626,936.5,626.4
1591,1590,1.8301359713908163,953.5976622803794,641.9771373961626,936.5,626.4
1591,1591,1.2325385525993655,953.5976622803794,641.9771373961626,936.5,626.4
1591,1592,0.5654722778616952,953.5976622803794,641.9771373961626,936.5,626.4
1591,1593,0.18370666394355997,953.5976622803794,641.9771373961626,936.5,626.4
1591,1594,0.18370666394355997,953.5976622803794,641.9771373961626,936.5,626.4
1591,1595,0.18370666394355997,953.5976622803794,641.9771373961626,936.5,626.4
1591,1596,0.18370666394355997,953.5976622803794,641.9771373961626,936.5,626.4
1592,1597,0.18370666394355997,953.5976622803794,641.9771373961626,936.5,626.4
1593,1598,0.18370666394355997,953.5976622803794,641.9771373961626,936.5,626.4
1594,1599,0.18370666394355997,953.5976622803794,641.9771373961626,936.5,626.4
1595,1600,0.18370666394355997,953.5976622803794,641.9771373961626,936.5,626.4
1596,1601,0.18370666394355997,648.5976622803794,641.9771373961626,936.5,626.4
1597,1602,0.18370666394355997,648.5976622803794,641.9771373961626,936.5,626.4
1598,1603,0.18370666394355997,648.5976622803794,641.9771373961626,936.5,626.4
1599,1604,0.18370666394355997,648.5976622803794,641.9771373961626,936.5,626.4
1600,1605,0.18370666394355997,648.5976622803794,641.9771373961626,936.5,626.4
1601,1606,0.18370666394355997,648.5976622803794,641.9771373961626,936.5,626.4
1602,1607,0.18370666394355997,648.5976622803794,641.9771373961626,923.2666666666667,633.1666666666666
1603,1608,0.18370666394355997,648.5976622803794,641.9771373961626,910.0333333333333,639.9333333333334
1604,1609,0.18370666394355997,648.5976622803794,641.9771373961626,896.8,646.7
1605,1610,0.18370666394355997,648.5976622803794,641.9771373961626,896.8,646.7
1606,1611,0.18370666394355997,648.5976622803794,641.9771373961626,896.8,646.7
1607,1612,0.18370666394355997,648.5976622803794,641.9771373961626,896.8,646.7
1608,1613,0.18370666394355997,648.5976622803794,641.9771373961626,896.8,646.7
1609,1614,0.18370666394355997,648.5976622803794,641.9771373961626,896.8,646.7
1610,1615,0.18370666394355997,648.5976622803794,641.9771373961626,896.8,646.7
1611,1616,0.18370666394355997,648.5976622803794,641.9771373961626,896.8,646.7
1612,1617,0.18370666394355997,648.5976622803794,641.9771373961626,896.8,646.7
1613,1618,0.18370666394355997,648.5976622803794,641.9771373961626,896.8,646.7
1614,1619,10.02314674615545,648.5976622803794,641.9771373961626,896.8,646.7
1615,1620,28.852653052378486,648.5976622803794,641.9771373961626,896.8,646.7
1616,1621,9.569853559273712,648.5976622803794,641.9771373961626,896.8,646.7
1617,1621,9.569853559273712,648.5976622803794,641.9771373961626,896.8,646.7
1618,1621,9.569853559273712,648.5976622803794,641.9771373961626,896.8,646.7
1619,1621,9.569853559273712,648.5976622803794,641.9771373961626,896.8,646.7
1620,1621,9.569853559273712,648.5976622803794,641.9771373961626,896.8,646.7
1621,1622,11.896441615975329,648.5976622803794,641.9771373961626,896.8,646.7
1622,1623,30.407755784956176,648.5976622803794,641.9771373961626,896.8,646.7
1623,1624,15.182570492881023,648.5976622803794,641.9771373961626,896.8,646.7
1623,1625,5.948464079515826,648.5976622803794,641.9771373961626,896.8,646.7
1623,1626,5.948464079515826,648.5976622803794,641.9771373961626,896.8,646.7
1623,1627,5.948464079515826,648.5976622803794,641.9771373961626,896.8,646.7
1623,1628,5.948464079515826,648.5976622803794,641.9771373961626,896.8,646.7
1623,1629,5.948464079515826,648.5976622803794,641.9771373961626,896.8,646.7
1623,1630,5.948464079515826,648.5976622803794,641.9771373961626,896.8,646.7
1623,1631,5.948464079515826,648.5976622803794,641.9771373961626,896.8,646.7
1623,1632,5.948464079515826,648.5976622803794,641.9771373961626,896.8,646.7
1623,1633,5.948464079515826,648.5976622803794,641.9771373961626,896.8,646.7
1623,1634,5.948464079515826,648.5976622803794,641.9771373961626,896.8,646.7
1623,1635,5.948464079515826,648.5976622803794,641.9771373961626,896.8,646.7
1623,1636,5.948464079515826,648.5976622803794,641.9771373961626,896.8,646.7
1623,1637,5.948464079515826,648.5976622803794,641.9771373961626,896.8,646.7
1623,1638,5.948464079515826,648.5976622803794,641.9771373961626,896.8,646.7
1623,1639,5.948464079515826,648.5976622803794,641.9771373961626,896.8,646.7
1623,1640,5.948464079515826,648.5976622803794,641.9771373961626,896.8,646.7
1623,1641,5.948464079515826,648.5976622803794,641.9771373961626,896.8,646.7
1623,1642,5.948464079515826,648.5976622803794,641.9771373961626,896.8,646.7
1623,1643,5.948464079515826,648.5976622803794,641.9771373961626,896.8,646.7
1623,1644,5.948464079515826,648.5976622803794,641.9771373961626,896.8,646.7
1623,1645,5.948464079515826,648.5976622803794,641.9771373961626,896.8,646.7
1623,1646,5.948464079515826,648.5976622803794,641.9771373961626,896.8,646.7
1623,1647,5.948464079515826,648.5976622803794,641.9771373961626,896.8,646.7
1623,1648,5.948464079515826,648.5976622803794,641.9771373961626,896.8,646.7
1623,1649,5.948464079515826,648.5976622803794,641.9771373961626,896.8,646.7
1623,1650,5.948464079515826,648.5976622803794,641.9771373961626,896.8,646.7
1623,1651,5.948464079515826,648.5976622803794,641.9771373961626,896.8,646.7
1623,1652,5.948464079515826,648.5976622803794,641.9771373961626,896.8,646.7
1623,1653,5.948464079515826,648.5976622803794,641.9771373961626,896.8,646.7
1623,1654,5.948464079515826,648.5976622803794,641.9771373961626,896.8,646.7
1623,1655,5.948464079515826,648.5976622803794,641.9771373961626,896.8,646.7
1623,1656,5.948464079515826,648.5976622803794,641.9771373961626,896.8,646.7
1623,1657,5.948464079515826,648.5976622803794,641.9771373961626,896.8,646.7
1623,1658,5.948464079515826,648.5976622803794,641.9771373961626,896.8,646.7
1623,1659,5.948464079515826,648.5976622803794,641.9771373961626,896.8,646.7
1623,1660,5.948464079515826,648.5976622803794,641.9771373961626,896.8,646.7
1623,1661,5.948464079515826,648.5976622803794,641.9771373961626,896.8,646.7
1623,1662,5.948464079515826,648.5976622803794,641.9771373961626,896.8,646.7
1623,1663,5.948464079515826,648.5976622803794,641.9771373961626,896.8,646.7
1623,1664,5.948464079515826,648.5976622803794,641.9771373961626,896.8,646.7
1623,1665,5.948464079515826,648.5976622803794,641.9771373961626,896.8,646.7
1623,1666,5.948464079515826,648.5976622803794,641.9771373961626,896.8,646.7
1623,1667,5.948464079515826,648.5976622803794,641.9771373961626,896.8,646.7
1623,1668,5.948464079515826,648.5976622803794,641.9771373961626,896.8,646.7
1623,1669,5.948464079515826,756.5976622803794,641.9771373961626,896.8,646.7
1623,1670,5.948464079515826,756.5976622803794,641.9771373961626,896.8,646.7
1623,1671,5.948464079515826,756.5976622803794,641.9771373961626,896.8,646.7
1623,1672,5.948464079515826,756.5976622803794,641.9771373961626,896.8,646.7
1623,1673,5.948464079515826,756.5976622803794,641.9771373961626,896.8,646.7
1623,1674,5.948464079515826,756.5976622803794,641.9771373961626,896.8,646.7
1623,1675,5.948464079515826,756.5976622803794,641.9771373961626,896.8,646.7
1623,1676,5.948464079515826,756.5976622803794,641.9771373961626,896.8,646.7
1623,1677,5.948464079515826,865.5976622803794,642.9771373961626,896.8,646.7
1623,1678,5.948464079515826,865.5976622803794,642.9771373961626,896.8,646.7
1623,1679,5.948464079515826,865.5976622803794,642.9771373961626,896.8,646.7
1623,1680,5.948464079515826,865.5976622803794,642.9771373961626,896.8,646.7
1623,1681,5.948464079515826,865.5976622803794,642.9771373961626,896.8,646.7
1623,1682,5.948464079515826,865.5976622803794,642.9771373961626,896.8,646.7
1623,1683,5.948464079515826,865.5976622803794,642.9771373961626,896.8,646.7
1623,1684,5.948464079515826,865.5976622803794,642.9771373961626,896.8,646.7
1623,1685,5.948464079515826,865.5976622803794,642.9771373961626,896.8,646.7
1624,1686,5.948464079515826,865.5976622803794,642.9771373961626,896.8,646.7
1625,1687,5.948464079515826,865.5976622803794,642.9771373961626,896.8,646.7
1626,1688,5.948464079515826,865.5976622803794,642.9771373961626,896.8,646.7
1627,1689,5.948464079515826,865.5976622803794,642.9771373961626,896.8,646.7
1628,1690,5.948464079515826,865.5976622803794,642.9771373961626,896.8,646.7
1629,1691,5.948464079515826,865.5976622803794,642.9771373961626,896.8,646.7
1630,1692,5.948464079515826,865.5976622803794,642.9771373961626,896.8,646.7
1631,1693,5.948464079515826,865.5976622803794,642.9771373961626,896.8,646.7
1632,1694,5.948464079515826,865.5976622803794,642.9771373961626,896.8,646.7
1633,1695,5.948464079515826,865.5976622803794,642.9771373961626,896.8,646.7
1634,1696,5.948464079515826,865.5976622803794,642.9771373961626,896.8,646.7
1635,1697,5.948464079515826,865.5976622803794,642.9771373961626,896.8,646.7
1636,1698,5.948464079515826,865.5976622803794,642.9771373961626,896.8,646.7
1637,1699,5.948464079515826,865.5976622803794,642.9771373961626,896.8,646.7
1638,1700,5.948464079515826,865.5976622803794,642.9771373961626,896.8,646.7
1639,1701,5.948464079515826,865.5976622803794,642.9771373961626,896.8,646.7
1640,1702,5.948464079515826,865.5976622803794,642.9771373961626,896.8,646.7
1641,1703,7.670779287514641,865.5976622803794,642.9771373961626,896.8,646.7
1642,1704,9.522676669979354,865.5976622803794,642.9771373961626,896.8,646.7
1643,1705,11.515015001831884,865.5976622803794,642.9771373961626,896.8,646.7
1644,1706,13.658996084711596,865.5976622803794,642.9771373961626,896.8,646.7
1645,1707,13.658996084711596,865.5976622803794,642.9771373961626,896.8,646.7
1646,1708,13.658996084711596,865.5976622803794,642.9771373961626,896.8,646.7
1647,1709,13.658996084711596,932.5976622803794,664.9771373961626,896.8,646.7
1648,1710,13.658996084711596,932.5976622803794,664.9771373961626,896.8,646.7
1649,1711,13.658996084711596,932.5976622803794,664.9771373961626,896.8,646.7
1650,1712,13.658996084711596,932.5976622803794,664.9771373961626,896.8,646.7
1651,1713,13.658996084711596,932.5976622803794,664.9771373961626,896.8,646.7
1652,1714,13.658996084711596,932.5976622803794,664.9771373961626,896.8,646.7
1653,1715,13.658996084711596,932.5976622803794,664.9771373961626,896.8,646.7
1654,1716,13.658996084711596,932.5976622803794,664.9771373961626,896.8,646.7
1655,1717,13.658996084711596,932.5976622803794,664.9771373961626,896.8,646.7
1656,1718,13.658996084711596,932.5976622803794,664.9771373961626,896.8,646.7
1657,1719,13.658996084711596,932.5976622803794,664.9771373961626,896.8,646.7
1658,1720,13.658996084711596,932.5976622803794,664.9771373961626,896.8,646.7
1659,1721,13.658996084711596,932.5976622803794,664.9771373961626,896.8,646.7
1660,1722,13.658996084711596,932.5976622803794,664.9771373961626,896.8,646.7
1661,1723,13.658996084711596,932.5976622803794,664.9771373961626,896.8,646.7
1662,1724,15.054651669589767,932.5976622803794,664.9771373961626,896.8,646.7
1663,1725,44.05971368015945,932.5976622803794,664.9771373961626,896.8,646.7
1664,1726,39.56031891749256,932.5976622803794,664.9771373961626,896.8,646.7
1665,1727,27.279931290389644,932.5976622803794,664.9771373961626,896.8,646.7
1666,1727,27.279931290389644,932.5976622803794,664.9771373961626,896.8,646.7
1667,1727,27.279931290389644,932.5976622803794,664.9771373961626,896.8,646.7
1668,1727,27.279931290389644,932.5976622803794,664.9771373961626,896.8,646.7
1669,1727,27.279931290389644,932.5976622803794,664.9771373961626,896.8,646.7
1670,1727,27.279931290389644,932.5976622803794,664.9771373961626,896.8,646.7
1671,1728,13.769008091433902,932.5976622803794,664.9771373961626,896.8,646.7
1672,1728,13.769008091433902,932.5976622803794,664.9771373961626,896.8,646.7
1673,1728,13.769008091433902,932.5976622803794,664.9771373961626,896.8,646.7
1674,1728,13.769008091433902,932.5976622803794,664.9771373961626,896.8,646.7
1675,1728,13.769008091433902,932.5976622803794,664.9771373961626,896.8,646.7
1676,1728,13.769008091433902,932.5976622803794,664.9771373961626,896.8,646.7
1677,1728,13.769008091433902,932.5976622803794,664.9771373961626,896.8,646.7
1678,1728,13.769008091433902,932.5976622803794,664.9771373961626,896.8,646.7
1679,1728,13.769008091433902,932.5976622803794,664.9771373961626,896.8,646.7
1680,1728,13.769008091433902,932.5976622803794,664.9771373961626,896.8,646.7
1681,1728,13.769008091433902,932.5976622803794,664.9771373961626,896.8,646.7
1682,1728,13.769008091433902,932.5976622803794,664.9771373961626,896.8,646.7
1683,1728,13.769008091433902,932.5976622803794,664.9771373961626,896.8,646.7
1684,1728,13.769008091433902,932.5976622803794,664.9771373961626,896.8,646.7
1685,1728,13.769008091433902,932.5976622803794,664.9771373961626,896.8,646.7
1686,1728,13.769008091433902,932.5976622803794,664.9771373961626,896.8,646.7
1687,1728,13.769008091433902,932.5976622803794,664.9771373961626,896.8,646.7
1688,1728,13.769008091433902,932.5976622803794,664.9771373961626,896.8,646.7
1689,1728,13.769008091433902,932.5976622803794,664.9771373961626,896.8,646.7
1690,1728,13.769008091433902,932.5976622803794,664.9771373961626,896.8,646.7
1691,1728,13.769008091433902,932.5976622803794,664.9771373961626,896.8,646.7
1692,1728,13.769008091433902,932.5976622803794,664.9771373961626,896.8,646.7
1693,1728,13.769008091433902,932.5976622803794,664.9771373961626,896.8,646.7
1694,1728,13.769008091433902,932.5976622803794,664.9771373961626,896.8,646.7
1695,1728,13.769008091433902,932.5976622803794,664.9771373961626,896.8,646.7
1696,1728,13.769008091433902,932.5976622803794,664.9771373961626,896.8,646.7
1697,1728,13.769008091433902,932.5976622803794,664.9771373961626,896.8,646.7
1698,1728,13.769008091433902,932.5976622803794,664.9771373961626,896.8,646.7
1699,1728,13.769008091433902,932.5976622803794,664.9771373961626,896.8,646.7
1700,1728,13.769008091433902,932.5976622803794,664.9771373961626,896.8,646.7
1701,1728,13.769008091433902,932.5976622803794,664.9771373961626,896.8,646.7
1702,1728,13.769008091433902,932.5976622803794,664.9771373961626,896.8,646.7
1703,1728,13.769008091433902,932.5976622803794,664.9771373961626,896.8,646.7
1704,1728,13.769008091433902,932.5976622803794,664.9771373961626,896.8,646.7
1705,1728,13.769008091433902,932.5976622803794,664.9771373961626,896.8,646.7
1706,1728,13.769008091433902,932.5976622803794,664.9771373961626,896.8,646.7
1707,1728,13.769008091433902,932.5976622803794,664.9771373961626,896.8,646.7
1708,1728,13.769008091433902,932.5976622803794,664.9771373961626,896.8,646.7
1709,1728,13.769008091433902,932.5976622803794,664.9771373961626,896.8,646.7
1710,1728,13.769008091433902,932.5976622803794,664.9771373961626,896.8,646.7
1711,1728,13.769008091433902,932.5976622803794,664.9771373961626,896.8,646.7
1712,1728,13.769008091433902,932.5976622803794,664.9771373961626,896.8,646.7
1713,1728,13.769008091433902,932.5976622803794,664.9771373961626,896.8,646.7
1714,1728,13.769008091433902,932.5976622803794,664.9771373961626,896.8,646.7
1715,1728,13.769008091433902,932.5976622803794,664.9771373961626,896.8,646.7
1716,1728,13.769008091433902,932.5976622803794,664.9771373961626,896.8,646.7
1717,1728,13.769008091433902,932.5976622803794,664.9771373961626,896.8,646.7
1718,1728,13.769008091433902,932.5976622803794,664.9771373961626,896.8,646.7
1719,1728,13.769008091433902,932.5976622803794,664.9771373961626,896.8,646.7
1720,1728,13.769008091433902,932.5976622803794,664.9771373961626,896.8,646.7
1721,1728,13.769008091433902,626.5976622803794,635.9771373961626,896.8,646.7
1722,1728,13.769008091433902,626.5976622803794,635.9771373961626,896.8,646.7
1723,1728,13.769008091433902,626.5976622803794,635.9771373961626,896.8,646.7
1724,1728,13.769008091433902,626.5976622803794,635.9771373961626,896.8,646.7
1725,1728,13.769008091433902,626.5976622803794,635.9771373961626,896.8,646.7
1726,1728,13.769008091433902,626.5976622803794,635.9771373961626,896.8,646.7
1727,1728,30.651639115275394,626.5976622803794,635.9771373961626,896.8,646.7
1728,1728,30.651639115275394,626.5976622803794,635.9771373961626,896.8,646.7
1729,1728,30.651639115275394,626.5976622803794,635.9771373961626,896.8,646.7
1730,1728,30.651639115275394,626.5976622803794,635.9771373961626,896.8,646.7
1731,1728,30.651639115275394,626.5976622803794,635.9771373961626,896.8,646.7
1732,1728,30.651639115275394,626.5976622803794,635.9771373961626,896.8,646.7
1733,1728,30.651639115275394,626.5976622803794,635.9771373961626,896.8,646.7
1734,1729,33.9374199719487,626.5976622803794,635.9771373961626,896.8,646.7
1735,1730,3.0488151971769484,626.5976622803794,635.9771373961626,896.8,646.7
1735,1731,3.0488151971769484,626.5976622803794,635.9771373961626,896.8,646.7
1735,1732,3.0488151971769484,626.5976622803794,635.9771373961626,896.8,646.7
1735,1733,3.0488151971769484,626.5976622803794,635.9771373961626,896.8,646.7
1735,1734,3.0488151971769484,626.5976622803794,635.9771373961626,896.8,646.7
1735,1735,3.0488151971769484,626.5976622803794,635.9771373961626,896.8,646.7
1735,1736,3.0488151971769484,626.5976622803794,635.9771373961626,896.8,646.7
1735,1737,3.0488151971769484,626.5976622803794,635.9771373961626,896.8,646.7
1735,1738,3.0488151971769484,626.5976622803794,635.9771373961626,896.8,646.7
1735,1739,3.0488151971769484,626.5976622803794,635.9771373961626,896.8,646.7
1735,1740,3.0488151971769484,626.5976622803794,635.9771373961626,896.8,646.7
1735,1741,3.0488151971769484,626.5976622803794,635.9771373961626,896.8,646.7
1735,1742,3.0488151971769484,626.5976622803794,635.9771373961626,896.8,646.7
1735,1743,3.0488151971769484,626.5976622803794,635.9771373961626,896.8,646.7
1735,1744,3.0488151971769484,626.5976622803794,635.9771373961626,896.8,646.7
1735,1745,3.0488151971769484,626.5976622803794,635.9771373961626,896.8,646.7
1735,1746,3.0488151971769484,626.5976622803794,635.9771373961626,896.8,646.7
1735,1747,3.0488151971769484,626.5976622803794,635.9771373961626,896.8,646.7
1735,1748,3.0488151971769484,626.5976622803794,635.9771373961626,896.8,646.7
1735,1749,3.0488151971769484,626.5976622803794,635.9771373961626,896.8,646.7
1735,1750,3.0488151971769484,626.5976622803794,635.9771373961626,896.8,646.7
1735,1751,3.0488151971769484,626.5976622803794,635.9771373961626,896.8,646.7
1735,1752,3.0488151971769484,626.5976622803794,635.9771373961626,896.8,646.7
1735,1753,3.0488151971769484,626.5976622803794,635.9771373961626,896.8,646.7
1735,1754,3.0488151971769484,1160.5976622803794,691.9771373961626,896.8,646.7
1735,1755,3.0488151971769484,1160.5976622803794,691.9771373961626,896.8,646.7
1735,1756,3.0488151971769484,1160.5976622803794,691.9771373961626,896.8,646.7
1735,1757,3.0488151971769484,1160.5976622803794,691.9771373961626,896.8,646.7
1735,1758,3.0488151971769484,1160.5976622803794,691.9771373961626,896.8,646.7
1735,1759,3.0488151971769484,1160.5976622803794,691.9771373961626,896.8,646.7
1735,1760,3.0488151971769484,1160.5976622803794,691.9771373961626,896.8,646.7
1735,1761,3.0488151971769484,1160.5976622803794,691.9771373961626,896.8,646.7
1735,1762,3.0488151971769484,1160.5976622803794,691.9771373961626,896.8,646.7
1735,1763,3.0488151971769484,1160.5976622803794,691.9771373961626,896.8,646.7
1735,1764,2.4611719916563675,1160.5976622803794,691.9771373961626,896.8,646.7
1735,1765,1.8697574004041153,1160.5976622803794,691.9771373961626,896.8,646.7
1735,1766,1.2746622219087416,1160.5976622803794,691.9771373961626,896.8,646.7
1735,1767,0.6759815636435691,1160.5976622803794,691.9771373961626,896.8,646.7
1736,1768,0.07381481321549264,1160.5976622803794,691.9771373961626,896.8,646.7
1737,1769,0.5317344015677709,1160.5976622803794,691.9771373961626,896.8,646.7
1738,1770,1.140558263988866,1160.5976622803794,691.9771373961626,896.8,646.7
1739,1771,1.75254483124819,1160.5976622803794,691.9771373961626,896.8,646.7
1740,1772,2.3675781090083166,1160.5976622803794,691.9771373961626,896.8,646.7
1741,1773,2.9855381377548857,1160.5976622803794,691.9771373961626,896.8,646.7
1742,1774,3.6063010910196684,1160.5976622803794,691.9771373961626,896.8,646.7
1743,1775,4.2297393854569,1160.5976622803794,691.9771373961626,896.8,646.7
1744,1776,4.855721802698728,1160.5976622803794,691.9771373961626,896.8,646.7
1745,1777,5.484113622853138,1160.5976622803794,691.9771373961626,896.8,646.7
1746,1778,6.1147767694429085,1160.5976622803794,691.9771373961626,896.8,646.7
1747,1779,6.74756996552014,1160.5976622803794,691.9771373961626,896.8,646.7
1748,1780,7.382348900618923,1160.5976622803794,691.9771373961626,896.8,646.7
1749,1781,8.018966408152187,1160.5976622803794,691.9771373961626,896.8,646.7
1750,1782,8.657272652786306,1160.5976622803794,691.9771373961626,896.8,646.7
1751,1783,9.297115327267921,1160.5976622803794,691.9771373961626,896.8,646.7
1752,1784,9.938339858115599,1160.5976622803794,691.9771373961626,896.8,646.7
1753,1785,10.580789619531606,1160.5976622803794,691.9771373961626,896.8,646.7
1754,1786,11.2243061548317,1160.5976622803794,691.9771373961626,896.8,646.7
1755,1787,11.868729404644803,1160.5976622803794,691.9771373961626,896.8,646.7
1756,1788,12.513897941083632,1160.5976622803794,691.9771373961626,896.8,646.7
1757,1789,13.15964920704892,1160.5976622803794,691.9771373961626,896.8,646.7
1758,1790,13.805819759792893,1160.5976622803794,691.9771373961626,896.8,646.7
1759,1791,14.452245517838948,1160.5976622803794,691.9771373961626,896.8,646.7
1760,1792,15.09876201032902,1160.5976622803794,691.9771373961626,896.8,646.7
1761,1793,15.09876201032902,1160.5976622803794,691.9771373961626,896.8,646.7
1762,1794,15.09876201032902,1160.5976622803794,691.9771373961626,896.8,646.7
1763,1795,15.09876201032902,1160.5976622803794,691.9771373961626,896.8,646.7
1764,1796,15.09876201032902,1160.5976622803794,691.9771373961626,896.8,646.7
1765,1797,15.09876201032902,1160.5976622803794,691.9771373961626,896.8,646.7
1766,1798,15.09876201032902,1160.5976622803794,691.9771373961626,896.8,646.7
1767,1799,15.09876201032902,1160.5976622803794,691.9771373961626,896.8,646.7
1768,1800,15.09876201032902,1160.5976622803794,691.9771373961626,896.8,646.7
1769,1801,15.09876201032902,1160.5976622803794,691.9771373961626,896.8,646.7
1770,1802,15.09876201032902,1160.5976622803794,691.9771373961626,896.8,646.7
1771,1803,15.09876201032902,1160.5976622803794,691.9771373961626,896.8,646.7
1772,1804,15.09876201032902,1160.5976622803794,691.9771373961626,896.8,646.7
1773,1805,15.09876201032902,1160.5976622803794,691.9771373961626,896.8,646.7
1774,1806,15.09876201032902,1160.5976622803794,691.9771373961626,896.8,646.7
1775,1807,16.199942286699514,1160.5976622803794,691.9771373961626,896.8,646.7
1776,1808,0.02903924148086178,1160.5976622803794,691.9771373961626,896.8,646.7
1777,1808,0.02903924148086178,1160.5976622803794,691.9771373961626,896.8,646.7
1778,1808,0.02903924148086178,1160.5976622803794,691.9771373961626,896.8,646.7
1779,1808,0.02903924148086178,1160.5976622803794,691.9771373961626,896.8,646.7
1780,1808,0.02903924148086178,1160.5976622803794,691.9771373961626,896.8,646.7
1781,1808,0.02903924148086178,1160.5976622803794,691.9771373961626,896.8,646.7
1782,1809,0.21502805945258274,1160.5976622803794,691.9771373961626,896.8,646.7
1783,1810,15.357701664317394,1160.5976622803794,691.9771373961626,896.8,646.7
1784,1811,7.070566671118046,1160.5976622803794,691.9771373961626,896.8,646.7
1785,1812,2.7896040911384175,1160.5976622803794,691.9771373961626,896.8,646.7
1786,1813,0.20288456422562706,1160.5976622803794,691.9771373961626,896.8,646.7
1787,1813,0.20288456422562706,1160.5976622803794,691.9771373961626,896.8,646.7
1788,1813,0.20288456422562706,1160.5976622803794,691.9771373961626,896.8,646.7
1789,1813,0.20288456422562706,1160.5976622803794,691.9771373961626,896.8,646.7
1790,1813,0.20288456422562706,1160.5976622803794,691.9771373961626,896.8,646.7
1791,1813,0.20288456422562706,1160.5976622803794,691.9771373961626,896.8,646.7
1792,1813,0.20288456422562706,1160.5976622803794,691.9771373961626,896.8,646.7
1793,1813,0.20288456422562706,1160.5976622803794,691.9771373961626,896.8,646.7
1794,1813,0.20288456422562706,1059.5976622803794,675.9771373961626,896.8,646.7
1795,1813,0.20288456422562706,1059.5976622803794,675.9771373961626,896.8,646.7
1796,1813,0.20288456422562706,1059.5976622803794,675.9771373961626,896.8,646.7
1797,1813,0.20288456422562706,1059.5976622803794,675.9771373961626,896.8,646.7
1798,1813,0.20288456422562706,1059.5976622803794,675.9771373961626,896.8,646.7
1799,1813,0.20288456422562706,1059.5976622803794,675.9771373961626,896.8,646.7
1800,1813,0.20288456422562706,1059.5976622803794,675.9771373961626,896.8,646.7
1801,1813,0.20288456422562706,1059.5976622803794,675.9771373961626,896.8,646.7
1802,1813,0.20288456422562706,958.5976622803794,660.9771373961626,896.8,646.7
1803,1813,0.20288456422562706,958.5976622803794,660.9771373961626,896.8,646.7
1804,1814,0.20288456422562706,958.5976622803794,660.9771373961626,896.8,646.7
1805,1815,0.20288456422562706,958.5976622803794,660.9771373961626,896.8,646.7
1806,1816,0.20288456422562706,958.5976622803794,660.9771373961626,896.8,646.7
1807,1817,0.20288456422562706,958.5976622803794,660.9771373961626,896.8,646.7
1808,1818,0.20288456422562706,958.5976622803794,660.9771373961626,896.8,646.7
1809,1819,0.20288456422562706,958.5976622803794,660.9771373961626,896.8,646.7
1810,1820,0.20288456422562706,958.5976622803794,660.9771373961626,896.8,646.7
1811,1821,0.20288456422562706,958.5976622803794,660.9771373961626,896.8,646.7
1812,1822,0.20288456422562706,958.5976622803794,660.9771373961626,896.8,646.7
1813,1823,0.20288456422562706,958.5976622803794,660.9771373961626,896.8,646.7
1814,1824,0.20288456422562706,958.5976622803794,660.9771373961626,896.8,646.7
1815,1825,0.20288456422562706,958.5976622803794,660.9771373961626,896.8,646.7
1816,1826,0.20288456422562706,958.5976622803794,660.9771373961626,896.8,646.7
1817,1827,0.20288456422562706,958.5976622803794,660.9771373961626,896.8,646.7
1818,1828,0.20288456422562706,958.5976622803794,660.9771373961626,896.8,646.7
1819,1829,0.20288456422562706,958.5976622803794,660.9771373961626,896.8,646.7
1820,1830,0.20288456422562706,958.5976622803794,660.9771373961626,896.8,646.7
1821,1831,0.20288456422562706,958.5976622803794,660.9771373961626,896.8,646.7
1822,1832,0.20288456422562706,958.5976622803794,660.9771373961626,896.8,646.7
1823,1833,0.20288456422562706,958.5976622803794,660.9771373961626,896.8,646.7
1824,1834,0.20288456422562706,958.5976622803794,660.9771373961626,896.8,646.7
1825,1835,0.20288456422562706,958.5976622803794,660.9771373961626,896.8,646.7
1826,1836,0.20288456422562706,958.5976622803794,660.9771373961626,896.8,646.7
1827,1837,0.20288456422562706,958.5976622803794,660.9771373961626,896.8,646.7
1828,1838,0.20288456422562706,958.5976622803794,660.9771373961626,896.8,646.7
1829,1839,0.20288456422562706,958.5976622803794,660.9771373961626,896.8,646.7
1830,1840,0.20288456422562706,958.5976622803794,660.9771373961626,896.8,646.7
1831,1841,0.20288456422562706,958.5976622803794,660.9771373961626,896.8,646.7
1832,1842,0.20288456422562706,958.5976622803794,660.9771373961626,896.8,646.7
1833,1843,0.20288456422562706,958.5976622803794,660.9771373961626,896.8,646.7
1834,1844,0.20288456422562706,958.5976622803794,660.9771373961626,896.8,646.7
1835,1845,0.20288456422562706,958.5976622803794,660.9771373961626,896.8,646.7
1836,1846,0.20288456422562706,958.5976622803794,660.9771373961626,896.8,646.7
1837,1847,0.20288456422562706,958.5976622803794,660.9771373961626,896.8,646.7
1838,1848,0.20288456422562706,958.5976622803794,660.9771373961626,896.8,646.7
1839,1849,0.20288456422562706,958.5976622803794,660.9771373961626,896.8,646.7
1840,1850,0.20288456422562706,958.5976622803794,660.9771373961626,896.8,646.7
1841,1851,0.20288456422562706,958.5976622803794,660.9771373961626,896.8,646.7
1842,1852,0.20288456422562706,958.5976622803794,660.9771373961626,896.8,646.7
1843,1853,0.20288456422562706,958.5976622803794,660.9771373961626,896.8,646.7
1844,1854,0.20288456422562706,958.5976622803794,660.9771373961626,896.8,646.7
1845,1855,0.20288456422562706,958.5976622803794,660.9771373961626,896.8,646.7
1846,1856,0.20288456422562706,958.5976622803794,660.9771373961626,896.8,646.7
1847,1857,3.264734749578076,958.5976622803794,660.9771373961626,896.8,646.7
1848,1858,3.264734749578076,958.5976622803794,660.9771373961626,896.8,646.7
1849,1859,3.264734749578076,958.5976622803794,660.9771373961626,896.8,646.7
1850,1860,4.273559091914915,812.5976622803794,617.9771373961626,896.8,646.7
1851,1861,5.6894838306052105,812.5976622803794,617.9771373961626,896.8,646.7
1852,1862,7.817726704037497,812.5976622803794,617.9771373961626,896.8,646.7
1853,1863,11.361937981759876,812.5976622803794,617.9771373961626,896.8,646.7
1854,1864,11.361937981759876,812.5976622803794,617.9771373961626,896.8,646.7
1855,1865,11.361937981759876,812.5976622803794,617.9771373961626,896.8,646.7
1856,1866,11.361937981759876,812.5976622803794,617.9771373961626,896.8,646.7
1857,1867,12.890021217078104,812.5976622803794,617.9771373961626,896.8,646.7
1858,1868,12.890021217078104,666.5976622803794,574.9771373961626,896.8,646.7
1859,1869,12.890021217078104,666.5976622803794,574.9771373961626,896.8,646.7
1860,1870,12.890021217078104,666.5976622803794,574.9771373961626,896.8,646.7
1861,1871,12.890021217078104,666.5976622803794,574.9771373961626,896.8,646.7
1862,1872,12.890021217078104,666.5976622803794,574.9771373961626,896.8,646.7
1863,1873,12.890021217078104,666.5976622803794,574.9771373961626,896.8,646.7
1864,1874,12.890021217078104,666.5976622803794,574.9771373961626,896.8,646.7
1865,1875,12.890021217078104,666.5976622803794,574.9771373961626,896.8,646.7
1866,1876,12.890021217078104,888.5976622803794,420.97713739616256,896.8,646.7
1867,1877,12.890021217078104,888.5976622803794,420.97713739616256,896.8,646.7
1868,1878,12.890021217078104,888.5976622803794,420.97713739616256,896.8,646.7
1869,1879,12.890021217078104,888.5976622803794,420.97713739616256,896.8,646.7
1870,1880,12.890021217078104,888.5976622803794,420.97713739616256,896.8,646.7
1871,1881,81.01914577552742,888.5976622803794,420.97713739616256,896.8,646.7
1872,1882,81.01914577552742,888.5976622803794,420.97713739616256,896.8,646.7
1873,1883,81.01914577552742,888.5976622803794,420.97713739616256,896.8,646.7
1874,1884,81.01914577552742,1110.5976622803794,265.97713739616256,896.8,646.7
1875,1885,81.01914577552742,1110.5976622803794,265.97713739616256,896.8,646.7
1876,1886,81.01914577552742,1110.5976622803794,265.97713739616256,896.8,646.7
1877,1887,89.45996250380253,1110.5976622803794,265.97713739616256,896.8,646.7
1878,1888,115.74863501385342,1110.5976622803794,265.97713739616256,896.8,646.7
1879,1889,116.19503821998865,1110.5976622803794,265.97713739616256,896.8,646.7
1880,1890,83.76181073826521,1110.5976622803794,265.97713739616256,896.8,646.7
1881,1891,74.04107055665773,1110.5976622803794,265.97713739616256,896.8,646.7
1882,1891,74.04107055665773,1181.5976622803794,236.97713739616256,896.8,646.7
1883,1891,74.04107055665773,1181.5976622803794,236.97713739616256,896.8,646.7
1884,1892,74.04107055665773,1181.5976622803794,236.97713739616256,896.8,646.7
1885,1893,74.04107055665773,1181.5976622803794,236.97713739616256,896.8,646.7
1886,1894,74.04107055665773,1181.5976622803794,236.97713739616256,896.8,646.7
1887,1895,74.04107055665773,1181.5976622803794,236.97713739616256,896.8,646.7
1888,1896,74.04107055665773,1181.5976622803794,236.97713739616256,896.8,646.7
1889,1897,74.04107055665773,1181.5976622803794,236.97713739616256,896.8,646.7
1890,1898,74.04107055665773,1252.5976622803794,208.97713739616256,896.8,646.7
1891,1899,74.04107055665773,1252.5976622803794,208.97713739616256,896.8,646.7
1892,1900,74.04107055665773,1252.5976622803794,208.97713739616256,896.8,646.7
1893,1901,74.04107055665773,1252.5976622803794,208.97713739616256,896.8,646.7
1894,1902,74.04107055665773,1252.5976622803794,208.97713739616256,896.8,646.7
1895,1903,74.04107055665773,1252.5976622803794,208.97713739616256,896.8,646.7
1896,1904,74.04107055665773,1252.5976622803794,208.97713739616256,896.8,646.7
1897,1905,74.04107055665773,1252.5976622803794,208.97713739616256,896.8,646.7
1898,1906,74.04107055665773,942.5976622803794,415.97713739616256,896.8,646.7
1899,1907,74.04107055665773,942.5976622803794,415.97713739616256,896.8,646.7
1900,1908,74.04107055665773,942.5976622803794,415.97713739616256,896.8,646.7
1901,1909,74.04107055665773,942.5976622803794,415.97713739616256,896.8,646.7
1902,1910,74.04107055665773,942.5976622803794,415.97713739616256,896.8,646.7
1903,1911,74.04107055665773,942.5976622803794,415.97713739616256,896.8,646.7
1904,1912,74.04107055665773,942.5976622803794,415.97713739616256,896.8,646.7
1905,1913,74.04107055665773,942.5976622803794,415.97713739616256,896.8,646.7
1906,1914,74.04107055665773,631.5976622803794,622.9771373961626,896.8,646.7
1907,1915,74.04107055665773,631.5976622803794,622.9771373961626,896.8,646.7
1908,1916,74.04107055665773,631.5976622803794,622.9771373961626,896.8,646.7
1909,1917,74.04107055665773,631.5976622803794,622.9771373961626,896.8,646.7
1910,1918,74.04107055665773,631.5976622803794,622.9771373961626,896.8,646.7
1911,1919,11.614108481651499,631.5976622803794,622.9771373961626,896.8,646.7
1912,1920,11.614108481651499,631.5976622803794,622.9771373961626,896.8,646.7
1913,1921,11.614108481651499,631.5976622803794,622.9771373961626,896.8,646.7
1914,1922,11.614108481651499,631.5976622803794,622.9771373961626,896.8,646.7
1915,1923,11.614108481651499,631.5976622803794,622.9771373961626,896.8,646.7
1916,1924,11.614108481651499,631.5976622803794,622.9771373961626,896.8,646.7
1917,1925,11.614108481651499,631.5976622803794,622.9771373961626,896.8,646.7
1918,1926,11.614108481651499,631.5976622803794,622.9771373961626,896.8,646.7
1919,1927,11.614108481651499,631.5976622803794,622.9771373961626,896.8,646.7
1920,1928,11.614108481651499,631.5976622803794,622.9771373961626,896.8,646.7
1921,1929,11.614108481651499,631.5976622803794,622.9771373961626,896.8,646.7
1922,1930,11.614108481651499,631.5976622803794,622.9771373961626,896.8,646.7
1923,1931,11.614108481651499,631.5976622803794,622.9771373961626,896.8,646.7
1924,1932,11.614108481651499,631.5976622803794,622.9771373961626,896.8,646.7
1925,1933,11.614108481651499,631.5976622803794,622.9771373961626,896.8,646.7
1926,1934,11.614108481651499,631.5976622803794,622.9771373961626,896.8,646.7
1927,1935,11.614108481651499,631.5976622803794,622.9771373961626,896.8,646.7
1928,1936,11.614108481651499,631.5976622803794,622.9771373961626,896.8,646.7
1929,1937,11.614108481651499,631.5976622803794,622.9771373961626,896.8,646.7
1930,1938,11.614108481651499,631.5976622803794,622.9771373961626,896.8,646.7
1931,1939,11.614108481651499,631.5976622803794,622.9771373961626,896.8,646.7
1932,1940,11.614108481651499,631.5976622803794,622.9771373961626,896.8,646.7
1933,1941,11.614108481651499,631.5976622803794,622.9771373961626,896.8,646.7
1934,1942,11.614108481651499,631.5976622803794,622.9771373961626,896.8,646.7
1935,1943,11.614108481651499,631.5976622803794,622.9771373961626,896.8,646.7
1936,1944,11.614108481651499,631.5976622803794,622.9771373961626,896.8,646.7
1937,1945,11.614108481651499,631.5976622803794,622.9771373961626,896.8,646.7
1938,1946,11.614108481651499,938.5976622803794,638.9771373961626,896.8,646.7
1939,1947,11.614108481651499,938.5976622803794,638.9771373961626,896.8,646.7
1940,1948,11.614108481651499,938.5976622803794,638.9771373961626,871.2249999999999,637.475
1941,1949,11.614108481651499,938.5976622803794,638.9771373961626,845.65,628.25
1942,1950,11.614108481651499,938.5976622803794,638.9771373961626,820.075,619.025
1943,1951,11.614108481651499,938.5976622803794,638.9771373961626,794.5,609.8
1944,1952,11.614108481651499,938.5976622803794,638.9771373961626,794.5,609.8
1945,1953,11.614108481651499,938.5976622803794,638.9771373961626,794.5,609.8
1946,1954,11.614108481651499,938.5976622803794,638.9771373961626,794.5,609.8
1947,1955,11.614108481651499,938.5976622803794,638.9771373961626,794.5,609.8
1948,1956,11.614108481651499,938.5976622803794,638.9771373961626,794.5,609.8
1949,1957,11.614108481651499,938.5976622803794,638.9771373961626,794.5,609.8
1950,1958,11.614108481651499,938.5976622803794,638.9771373961626,794.5,609.8
1951,1959,11.614108481651499,938.5976622803794,638.9771373961626,794.5,609.8
1952,1960,11.614108481651499,938.5976622803794,638.9771373961626,794.5,609.8
1953,1961,11.614108481651499,938.5976622803794,638.9771373961626,794.5,609.8
1954,1962,11.614108481651499,938.5976622803794,638.9771373961626,794.5,609.8
1955,1963,11.614108481651499,938.5976622803794,638.9771373961626,794.5,609.8
1956,1964,11.614108481651499,938.5976622803794,638.9771373961626,794.5,609.8
1957,1965,11.614108481651499,938.5976622803794,638.9771373961626,794.5,609.8
1958,1966,11.614108481651499,938.5976622803794,638.9771373961626,794.5,609.8
1959,1967,11.614108481651499,938.5976622803794,638.9771373961626,794.5,609.8
1960,1968,11.614108481651499,938.5976622803794,638.9771373961626,794.5,609.8
1961,1969,11.614108481651499,938.5976622803794,638.9771373961626,794.5,609.8
1962,1970,11.614108481651499,938.5976622803794,638.9771373961626,794.5,609.8
1963,1971,11.614108481651499,938.5976622803794,638.9771373961626,794.5,609.8
1964,1972,11.614108481651499,938.5976622803794,638.9771373961626,794.5,609.8
1965,1973,11.614108481651499,938.5976622803794,638.9771373961626,794.5,609.8
1966,1974,11.614108481651499,938.5976622803794,638.9771373961626,794.5,609.8
1967,1975,11.614108481651499,938.5976622803794,638.9771373961626,794.5,609.8
1968,1976,11.614108481651499,938.5976622803794,638.9771373961626,794.5,609.8
1969,1977,11.614108481651499,938.5976622803794,638.9771373961626,794.5,609.8
1970,1978,11.614108481651499,652.5976622803794,609.9771373961626,794.5,609.8
1971,1979,11.614108481651499,652.5976622803794,609.9771373961626,794.5,609.8
1972,1980,11.614108481651499,652.5976622803794,609.9771373961626,794.5,609.8
1973,1981,11.614108481651499,652.5976622803794,609.9771373961626,794.5,609.8
1974,1982,11.614108481651499,652.5976622803794,609.9771373961626,794.5,609.8
1975,1983,11.614108481651499,652.5976622803794,609.9771373961626,794.5,609.8
1976,1984,11.614108481651499,652.5976622803794,609.9771373961626,794.5,609.8
1977,1985,11.614108481651499,652.5976622803794,609.9771373961626,794.5,609.8
1978,1986,11.614108481651499,652.5976622803794,609.9771373961626,794.5,609.8
1979,1987,11.614108481651499,652.5976622803794,609.9771373961626,794.5,609.8
1980,1988,11.614108481651499,652.5976622803794,609.9771373961626,794.5,609.8
1981,1989,17.91134077916712,652.5976622803794,609.9771373961626,794.5,609.8
1982,1990,22.97061656188953,652.5976622803794,609.9771373961626,794.5,609.8
1983,1991,41.22867195020495,652.5976622803794,609.9771373961626,794.5,609.8
1984,1992,41.22867195020495,652.5976622803794,609.9771373961626,794.5,609.8
1985,1993,41.22867195020495,652.5976622803794,609.9771373961626,794.5,609.8
1986,1994,41.22867195020495,810.5976622803794,407.97713739616256,794.5,609.8
1987,1995,41.22867195020495,810.5976622803794,407.97713739616256,794.5,609.8
1988,1996,41.22867195020495,810.5976622803794,407.97713739616256,794.5,609.8
1989,1997,41.22867195020495,810.5976622803794,407.97713739616256,794.5,609.8
1990,1998,41.22867195020495,810.5976622803794,407.97713739616256,794.5,609.8
1991,1999,41.22867195020495,810.5976622803794,407.97713739616256,794.5,609.8
1992,2000,41.22867195020495,810.5976622803794,407.97713739616256,794.5,609.8
1993,2001,41.22867195020495,810.5976622803794,407.97713739616256,794.5,609.8
1994,2002,41.22867195020495,968.5976622803794,206.97713739616256,794.5,609.8
1995,2003,41.22867195020495,968.5976622803794,206.97713739616256,794.5,609.8
1996,2004,41.22867195020495,968.5976622803794,206.97713739616256,794.5,609.8
1997,2005,41.22867195020495,968.5976622803794,206.97713739616256,794.5,609.8
1998,2006,41.22867195020495,968.5976622803794,206.97713739616256,794.5,609.8
1999,2007,41.22867195020495,968.5976622803794,206.97713739616256,794.5,609.8
2000,2008,41.22867195020495,968.5976622803794,206.97713739616256,794.5,609.8
2001,2009,41.22867195020495,968.5976622803794,206.97713739616256,794.5,609.8
2002,2010,41.22867195020495,968.5976622803794,206.97713739616256,794.5,609.8
2003,2011,41.22867195020495,968.5976622803794,206.97713739616256,794.5,609.8
2004,2012,41.22867195020495,968.5976622803794,206.97713739616256,794.5,609.8
2005,2013,41.22867195020495,968.5976622803794,206.97713739616256,794.5,609.8
2006,2014,41.22867195020495,968.5976622803794,206.97713739616256,794.5,609.8
2007,2015,41.22867195020495,968.5976622803794,206.97713739616256,794.5,609.8
2008,2016,41.22867195020495,968.5976622803794,206.97713739616256,794.5,609.8
2009,2017,41.22867195020495,968.5976622803794,206.97713739616256,794.5,609.8
2010,2018,41.22867195020495,968.5976622803794,206.97713739616256,794.5,609.8
2011,2019,41.22867195020495,968.5976622803794,206.97713739616256,794.5,609.8
2012,2020,41.22867195020495,968.5976622803794,206.97713739616256,794.5,609.8
2013,2021,41.22867195020495,968.5976622803794,206.97713739616256,794.5,609.8
2014,2022,41.22867195020495,968.5976622803794,206.97713739616256,794.5,609.8
2015,2023,41.22867195020495,968.5976622803794,206.97713739616256,794.5,609.8
2016,2024,41.22867195020495,968.5976622803794,206.97713739616256,794.5,609.8
2017,2025,41.22867195020495,968.5976622803794,206.97713739616256,794.5,609.8
2018,2026,41.22867195020495,968.5976622803794,206.97713739616256,794.5,609.8
2019,2027,41.22867195020495,968.5976622803794,206.97713739616256,794.5,609.8
2020,2028,41.22867195020495,968.5976622803794,206.97713739616256,794.5,609.8
2021,2029,41.22867195020495,968.5976622803794,206.97713739616256,794.5,609.8
2022,2030,41.22867195020495,968.5976622803794,206.97713739616256,794.5,609.8
2023,2031,41.22867195020495,968.5976622803794,206.97713739616256,794.5,609.8
2024,2032,41.22867195020495,968.5976622803794,206.97713739616256,794.5,609.8
2025,2033,41.22867195020495,968.5976622803794,206.97713739616256,794.5,609.8
2026,2034,41.22867195020495,968.5976622803794,206.97713739616256,794.5,609.8
2027,2035,41.22867195020495,968.5976622803794,206.97713739616256,794.5,609.8
2028,2036,41.22867195020495,968.5976622803794,206.97713739616256,794.5,609.8
2029,2037,41.22867195020495,968.5976622803794,206.97713739616256,794.5,609.8
2030,2038,41.22867195020495,968.5976622803794,206.97713739616256,794.5,609.8
2031,2039,41.22867195020495,968.5976622803794,206.97713739616256,794.5,609.8
2032,2040,41.22867195020495,968.5976622803794,206.97713739616256,794.5,609.8
2033,2041,41.22867195020495,968.5976622803794,206.97713739616256,794.5,609.8
2034,2042,41.22867195020495,954.5976622803794,462.97713739616256,815.1666666666666,613.6
2035,2043,41.22867195020495,954.5976622803794,462.97713739616256,835.8333333333334,617.4
2036,2044,41.22867195020495,954.5976622803794,462.97713739616256,856.5,621.2
2037,2045,41.22867195020495,954.5976622803794,462.97713739616256,856.5,621.2
2038,2046,41.22867195020495,954.5976622803794,462.97713739616256,856.5,621.2
2039,2047,41.22867195020495,954.5976622803794,462.97713739616256,856.5,621.2
2040,2048,41.22867195020495,954.5976622803794,462.97713739616256,856.5,621.2
2041,2049,41.22867195020495,954.5976622803794,462.97713739616256,856.5,621.2
2042,2050,41.22867195020495,939.5976622803794,718.9771373961626,856.5,621.2
2043,2051,41.22867195020495,939.5976622803794,718.9771373961626,856.5,621.2
2044,2052,41.22867195020495,939.5976622803794,718.9771373961626,856.5,621.2
2045,2053,41.22867195020495,939.5976622803794,718.9771373961626,856.5,621.2
2046,2054,41.22867195020495,939.5976622803794,718.9771373961626,856.5,621.2
2047,2055,41.22867195020495,939.5976622803794,718.9771373961626,856.5,621.2
2048,2056,41.22867195020495,939.5976622803794,718.9771373961626,856.5,621.2
2049,2057,41.22867195020495,939.5976622803794,718.9771373961626,856.5,621.2
2050,2058,41.22867195020495,939.5976622803794,718.9771373961626,856.5,621.2
2051,2059,41.22867195020495,939.5976622803794,718.9771373961626,856.5,621.2
2052,2060,41.22867195020495,939.5976622803794,718.9771373961626,856.5,621.2
2053,2061,41.22867195020495,939.5976622803794,718.9771373961626,856.5,621.2
2054,2062,41.22867195020495,939.5976622803794,718.9771373961626,856.5,621.2
2055,2063,32.73390207508377,939.5976622803794,718.9771373961626,856.5,621.2
2056,2064,32.73390207508377,939.5976622803794,718.9771373961626,856.5,621.2
2057,2065,32.73390207508377,939.5976622803794,718.9771373961626,863.45,577.35
2058,2066,32.73390207508377,939.5976622803794,718.9771373961626,870.4,533.5
2059,2067,32.73390207508377,939.5976622803794,718.9771373961626,877.35,489.65000000000003
2060,2068,32.73390207508377,939.5976622803794,718.9771373961626,884.3,445.8
2061,2069,32.73390207508377,939.5976622803794,718.9771373961626,891.25,401.95
2062,2070,32.73390207508377,939.5976622803794,718.9771373961626,898.2,358.1
2063,2071,11.873558383670277,939.5976622803794,718.9771373961626,905.15,314.25
2063,2072,11.873558383670277,939.5976622803794,718.9771373961626,912.1,270.4
2063,2073,11.873558383670277,939.5976622803794,718.9771373961626,912.1,270.4
2063,2074,11.873558383670277,939.5976622803794,718.9771373961626,912.1,270.4
2063,2075,11.873558383670277,939.5976622803794,718.9771373961626,912.1,270.4
2063,2076,11.873558383670277,939.5976622803794,718.9771373961626,912.1,270.4
2063,2077,11.873558383670277,939.5976622803794,718.9771373961626,912.1,270.4
2063,2078,11.873558383670277,939.5976622803794,718.9771373961626,912.1,270.4
2063,2079,11.873558383670277,939.5976622803794,718.9771373961626,912.1,270.4
2063,2080,11.873558383670277,939.5976622803794,718.9771373961626,912.1,270.4
2063,2081,11.873558383670277,939.5976622803794,718.9771373961626,912.1,270.4
2063,2082,11.873558383670277,922.5976622803794,681.9771373961626,912.1,270.4
2063,2083,11.873558383670277,922.5976622803794,681.9771373961626,912.1,270.4
2063,2084,11.873558383670277,922.5976622803794,681.9771373961626,912.1,270.4
2063,2085,11.873558383670277,922.5976622803794,681.9771373961626,912.1,270.4
2063,2086,11.873558383670277,922.5976622803794,681.9771373961626,912.1,270.4
2063,2087,11.873558383670277,922.5976622803794,681.9771373961626,912.1,270.4
2063,2088,11.873558383670277,922.5976622803794,681.9771373961626,912.1,270.4
2063,2089,11.873558383670277,922.5976622803794,681.9771373961626,912.1,270.4
2063,2090,11.873558383670277,922.5976622803794,681.9771373961626,912.1,270.4
2063,2091,11.873558383670277,922.5976622803794,681.9771373961626,912.1,270.4
2063,2092,11.873558383670277,922.5976622803794,681.9771373961626,912.1,270.4
2063,2093,11.873558383670277,922.5976622803794,681.9771373961626,912.1,270.4
2063,2094,11.873558383670277,922.5976622803794,681.9771373961626,912.1,270.4
2063,2095,11.873558383670277,922.5976622803794,681.9771373961626,912.1,270.4
2063,2096,11.873558383670277,922.5976622803794,681.9771373961626,912.1,270.4
2063,2097,11.873558383670277,922.5976622803794,681.9771373961626,912.1,270.4
2063,2098,11.873558383670277,922.5976622803794,681.9771373961626,912.1,270.4
2063,2099,11.873558383670277,922.5976622803794,681.9771373961626,912.1,270.4
2063,2100,11.873558383670277,922.5976622803794,681.9771373961626,912.1,270.4
2063,2101,11.873558383670277,922.5976622803794,681.9771373961626,912.1,270.4
2063,2102,11.873558383670277,922.5976622803794,681.9771373961626,912.1,270.4
2063,2103,11.873558383670277,922.5976622803794,681.9771373961626,912.1,270.4
2063,2104,11.873558383670277,922.5976622803794,681.9771373961626,912.1,270.4
2063,2105,11.873558383670277,922.5976622803794,681.9771373961626,915.75,298.16666666666663
2063,2106,11.873558383670277,922.5976622803794,681.9771373961626,919.4,325.93333333333334
2063,2107,11.873558383670277,922.5976622803794,681.9771373961626,923.05,353.7
2063,2108,11.873558383670277,922.5976622803794,681.9771373961626,926.7,381.46666666666664
2063,2109,11.873558383670277,922.5976622803794,681.9771373961626,930.35,409.23333333333335
2063,2110,11.873558383670277,922.5976622803794,681.9771373961626,934.0,437.0
2063,2111,11.873558383670277,922.5976622803794,681.9771373961626,934.0,437.0
2063,2112,11.873558383670277,922.5976622803794,681.9771373961626,934.0,437.0
2063,2113,11.873558383670277,922.5976622803794,681.9771373961626,932.0666666666667,439.03333333333336
2063,2114,11.873558383670277,922.5976622803794,681.9771373961626,930.1333333333333,441.06666666666666
2063,2115,11.873558383670277,922.5976622803794,681.9771373961626,928.2,443.1
2063,2116,11.873558383670277,922.5976622803794,681.9771373961626,928.2,443.1
2063,2117,11.873558383670277,922.5976622803794,681.9771373961626,928.2,443.1
2063,2118,11.873558383670277,922.5976622803794,681.9771373961626,928.2,443.1
2063,2119,11.873558383670277,922.5976622803794,681.9771373961626,928.2,443.1
2063,2120,11.873558383670277,922.5976622803794,681.9771373961626,928.2,443.1
2063,2121,11.873558383670277,922.5976622803794,681.9771373961626,928.2,443.1
2063,2122,11.873558383670277,646.5976622803794,649.9771373961626,928.2,443.1
2063,2123,11.873558383670277,646.5976622803794,649.9771373961626,928.2,443.1
2063,2124,11.873558383670277,646.5976622803794,649.9771373961626,928.2,443.1
2063,2125,11.873558383670277,646.5976622803794,649.9771373961626,928.2,443.1
2063,2126,11.873558383670277,646.5976622803794,649.9771373961626,928.2,443.1
2063,2127,11.873558383670277,646.5976622803794,649.9771373961626,928.2,443.1
2063,2128,11.873558383670277,646.5976622803794,649.9771373961626,928.2,443.1
2063,2129,11.873558383670277,646.5976622803794,649.9771373961626,928.2,443.1
2063,2130,11.873558383670277,646.5976622803794,649.9771373961626,928.2,443.1
2063,2131,11.873558383670277,646.5976622803794,649.9771373961626,928.2,443.1
2063,2132,11.873558383670277,646.5976622803794,649.9771373961626,928.2,443.1
2063,2133,11.873558383670277,646.5976622803794,649.9771373961626,928.2,443.1
2063,2134,11.873558383670277,646.5976622803794,649.9771373961626,928.2,443.1
2063,2135,11.873558383670277,646.5976622803794,649.9771373961626,928.2,443.1
2063,2136,11.873558383670277,646.5976622803794,649.9771373961626,928.2,443.1
2063,2137,11.873558383670277,646.5976622803794,649.9771373961626,928.2,443.1
2063,2138,11.873558383670277,646.5976622803794,649.9771373961626,928.2,443.1
2063,2139,11.873558383670277,646.5976622803794,649.9771373961626,928.2,443.1
2063,2140,11.873558383670277,646.5976622803794,649.9771373961626,928.2,443.1
2063,2141,11.873558383670277,646.5976622803794,649.9771373961626,928.2,443.1
2063,2142,11.873558383670277,646.5976622803794,649.9771373961626,928.2,443.1
2063,2143,11.873558383670277,646.5976622803794,649.9771373961626,928.2,443.1
2063,2144,11.873558383670277,646.5976622803794,649.9771373961626,928.2,443.1
2063,2145,11.873558383670277,646.5976622803794,649.9771373961626,928.2,443.1
2063,2146,11.873558383670277,646.5976622803794,649.9771373961626,928.2,443.1
2063,2147,11.873558383670277,646.5976622803794,649.9771373961626,928.2,443.1
2063,2148,11.873558383670277,646.5976622803794,649.9771373961626,928.2,443.1
2063,2149,11.873558383670277,646.5976622803794,649.9771373961626,928.2,443.1
2063,2150,11.873558383670277,646.5976622803794,649.9771373961626,928.2,443.1
2063,2151,11.873558383670277,646.5976622803794,649.9771373961626,928.2,443.1
2063,2152,11.873558383670277,646.5976622803794,649.9771373961626,922.62,484.52000000000004
2063,2153,11.873558383670277,646.5976622803794,649.9771373961626,917.04,525.94
2064,2154,11.873558383670277,646.5976622803794,649.9771373961626,911.46,567.36
2065,2155,11.873558383670277,646.5976622803794,649.9771373961626,905.88,608.78
2066,2156,11.873558383670277,646.5976622803794,649.9771373961626,900.3,650.2
2067,2157,11.873558383670277,646.5976622803794,649.9771373961626,900.3,650.2
2068,2158,11.873558383670277,646.5976622803794,649.9771373961626,900.3,650.2
2069,2159,11.873558383670277,646.5976622803794,649.9771373961626,900.3,650.2
2070,2160,11.873558383670277,646.5976622803794,649.9771373961626,900.3,650.2
2071,2161,11.873558383670277,646.5976622803794,649.9771373961626,900.3,650.2
2072,2162,11.873558383670277,646.5976622803794,649.9771373961626,900.3,650.2
2073,2163,11.873558383670277,646.5976622803794,649.9771373961626,900.3,650.2
2074,2164,11.873558383670277,646.5976622803794,649.9771373961626,900.3,650.2
2075,2165,11.873558383670277,646.5976622803794,649.9771373961626,900.3,650.2
2076,2166,11.873558383670277,646.5976622803794,649.9771373961626,900.3,650.2
2077,2167,11.873558383670277,646.5976622803794,649.9771373961626,900.3,650.2
2078,2168,11.873558383670277,646.5976622803794,649.9771373961626,900.3,650.2
2079,2169,11.873558383670277,646.5976622803794,649.9771373961626,900.3,650.2
2080,2170,11.873558383670277,1133.5976622803794,674.9771373961626,900.3,650.2
2081,2171,11.873558383670277,1133.5976622803794,674.9771373961626,900.3,650.2
2082,2172,11.873558383670277,1133.5976622803794,674.9771373961626,900.3,650.2
2083,2173,11.873558383670277,1133.5976622803794,674.9771373961626,900.3,650.2
2084,2174,11.873558383670277,1133.5976622803794,674.9771373961626,900.3,650.2
2085,2175,11.873558383670277,1133.5976622803794,674.9771373961626,900.3,650.2
2086,2176,11.873558383670277,1133.5976622803794,674.9771373961626,900.3,650.2
2087,2177,11.873558383670277,1133.5976622803794,674.9771373961626,900.3,650.2
2088,2178,11.873558383670277,1133.5976622803794,674.9771373961626,900.3,650.2
2089,2179,11.873558383670277,1133.5976622803794,674.9771373961626,900.3,650.2
2090,2180,11.873558383670277,1133.5976622803794,674.9771373961626,900.3,650.2
2091,2181,11.873558383670277,1133.5976622803794,674.9771373961626,900.3,650.2
2092,2182,11.873558383670277,1133.5976622803794,674.9771373961626,900.3,650.2
2093,2183,11.873558383670277,1133.5976622803794,674.9771373961626,900.3,650.2
2094,2184,11.873558383670277,1133.5976622803794,674.9771373961626,900.3,650.2
2095,2185,18.271948865578917,1133.5976622803794,674.9771373961626,900.3,650.2
2096,2186,18.271948865578917,1133.5976622803794,674.9771373961626,900.3,650.2
2097,2187,18.271948865578917,1133.5976622803794,674.9771373961626,900.3,650.2
2098,2188,18.271948865578917,1133.5976622803794,674.9771373961626,900.3,650.2
2099,2189,18.271948865578917,1133.5976622803794,674.9771373961626,900.3,650.2
2100,2190,18.271948865578917,1133.5976622803794,674.9771373961626,900.3,650.2
2101,2191,18.271948865578917,1133.5976622803794,674.9771373961626,900.3,650.2
2102,2192,18.271948865578917,1133.5976622803794,674.9771373961626,900.3,650.2
2103,2193,18.271948865578917,1133.5976622803794,674.9771373961626,900.3,650.2
2104,2194,18.271948865578917,1133.5976622803794,674.9771373961626,900.3,650.2
2105,2195,18.271948865578917,1133.5976622803794,674.9771373961626,900.3,650.2
2106,2196,18.271948865578917,1133.5976622803794,674.9771373961626,900.3,650.2
2107,2197,18.271948865578917,1133.5976622803794,674.9771373961626,900.3,650.2
2108,2198,18.271948865578917,1133.5976622803794,674.9771373961626,900.3,650.2
2109,2199,18.271948865578917,1133.5976622803794,674.9771373961626,900.3,650.2
2110,2200,18.271948865578917,1133.5976622803794,674.9771373961626,900.3,650.2
2111,2201,18.271948865578917,1133.5976622803794,674.9771373961626,900.3,650.2
2112,2202,18.271948865578917,1133.5976622803794,674.9771373961626,900.3,650.2
2113,2203,18.271948865578917,1133.5976622803794,674.9771373961626,900.3,650.2
2114,2204,18.271948865578917,1133.5976622803794,674.9771373961626,900.3,650.2
2115,2205,18.271948865578917,1133.5976622803794,674.9771373961626,900.3,650.2
2116,2206,18.271948865578917,1133.5976622803794,674.9771373961626,900.3,650.2
2117,2207,18.271948865578917,1133.5976622803794,674.9771373961626,900.3,650.2
2118,2208,18.271948865578917,1133.5976622803794,674.9771373961626,900.3,650.2
2119,2209,18.271948865578917,1133.5976622803794,674.9771373961626,900.3,650.2
2120,2210,18.271948865578917,1133.5976622803794,674.9771373961626,900.3,650.2
2121,2211,18.271948865578917,1133.5976622803794,674.9771373961626,900.3,650.2
2122,2212,18.271948865578917,1133.5976622803794,674.9771373961626,900.3,650.2
2123,2213,18.271948865578917,1133.5976622803794,674.9771373961626,900.3,650.2
2124,2214,18.271948865578917,1133.5976622803794,674.9771373961626,900.3,650.2
2125,2215,18.271948865578917,1133.5976622803794,674.9771373961626,900.3,650.2
2126,2216,18.271948865578917,1133.5976622803794,674.9771373961626,900.3,650.2
2127,2217,18.271948865578917,1133.5976622803794,674.9771373961626,900.3,650.2
2128,2218,18.271948865578917,1133.5976622803794,674.9771373961626,900.3,650.2
2129,2219,18.271948865578917,1133.5976622803794,674.9771373961626,900.3,650.2
2130,2220,18.271948865578917,1133.5976622803794,674.9771373961626,900.3,650.2
2131,2221,18.271948865578917,1133.5976622803794,674.9771373961626,900.3,650.2
2132,2222,18.271948865578917,1133.5976622803794,674.9771373961626,900.3,650.2
2133,2223,18.271948865578917,1133.5976622803794,674.9771373961626,900.3,650.2
2134,2224,18.271948865578917,1133.5976622803794,674.9771373961626,900.3,650.2
2135,2225,18.271948865578917,1133.5976622803794,674.9771373961626,900.3,650.2
2136,2226,18.271948865578917,1133.5976622803794,674.9771373961626,900.3,650.2
2137,2227,18.271948865578917,1133.5976622803794,674.9771373961626,900.3,650.2
2138,2228,18.271948865578917,1133.5976622803794,674.9771373961626,900.3,650.2
2139,2229,18.271948865578917,1133.5976622803794,674.9771373961626,900.3,650.2
2140,2230,18.271948865578917,1133.5976622803794,674.9771373961626,900.3,650.2
2141,2231,18.271948865578917,1133.5976622803794,674.9771373961626,900.3,650.2
2142,2232,18.271948865578917,1133.5976622803794,674.9771373961626,900.3,650.2
2143,2233,18.271948865578917,1133.5976622803794,674.9771373961626,900.3,650.2
2144,2234,18.271948865578917,1133.5976622803794,674.9771373961626,900.3,650.2
2145,2235,18.271948865578917,1133.5976622803794,674.9771373961626,900.3,650.2
2146,2236,18.271948865578917,1133.5976622803794,674.9771373961626,900.3,650.2
2147,2237,18.271948865578917,1133.5976622803794,674.9771373961626,900.3,650.2
2148,2238,18.271948865578917,1133.5976622803794,674.9771373961626,900.3,650.2
2149,2239,18.271948865578917,1133.5976622803794,674.9771373961626,900.3,650.2
2150,2240,18.271948865578917,1133.5976622803794,674.9771373961626,900.3,650.2
2151,2241,18.271948865578917,1133.5976622803794,674.9771373961626,900.3,650.2
2152,2242,18.271948865578917,1133.5976622803794,674.9771373961626,900.3,650.2
2153,2243,18.271948865578917,1133.5976622803794,674.9771373961626,900.3,650.2
2154,2244,18.271948865578917,1133.5976622803794,674.9771373961626,900.3,650.2
2155,2245,18.271948865578917,1133.5976622803794,674.9771373961626,900.3,650.2
2156,2246,18.271948865578917,1133.5976622803794,674.9771373961626,900.3,650.2
2157,2247,18.271948865578917,1133.5976622803794,674.9771373961626,900.3,650.2
2158,2248,18.271948865578917,1133.5976622803794,674.9771373961626,900.3,650.2
2159,2249,18.271948865578917,1133.5976622803794,674.9771373961626,900.3,650.2
2160,2250,18.271948865578917,1133.5976622803794,674.9771373961626,900.3,650.2
2161,2251,18.271948865578917,1133.5976622803794,674.9771373961626,900.3,650.2
2162,2252,18.271948865578917,1133.5976622803794,674.9771373961626,900.3,650.2
2163,2253,18.271948865578917,1133.5976622803794,674.9771373961626,900.3,650.2
2164,2254,18.271948865578917,1133.5976622803794,674.9771373961626,900.3,650.2
2165,2255,18.271948865578917,1133.5976622803794,674.9771373961626,900.3,650.2
2166,2256,18.271948865578917,1133.5976622803794,674.9771373961626,900.3,650.2
2167,2257,18.271948865578917,1133.5976622803794,674.9771373961626,900.3,650.2
2168,2258,18.271948865578917,1133.5976622803794,674.9771373961626,900.3,650.2
2169,2259,43.30149030506207,1133.5976622803794,674.9771373961626,900.3,650.2
2170,2260,43.30149030506207,1133.5976622803794,674.9771373961626,900.3,650.2
2171,2261,43.30149030506207,1133.5976622803794,674.9771373961626,900.3,650.2
2172,2262,43.30149030506207,1133.5976622803794,674.9771373961626,900.3,650.2
2173,2263,43.30149030506207,1133.5976622803794,674.9771373961626,900.3,650.2
2174,2264,43.30149030506207,1133.5976622803794,674.9771373961626,900.3,650.2
2175,2265,43.30149030506207,1133.5976622803794,674.9771373961626,900.3,650.2
2176,2266,43.30149030506207,1133.5976622803794,674.9771373961626,900.3,650.2
2177,2267,43.30149030506207,1133.5976622803794,674.9771373961626,900.3,650.2
2178,2268,43.30149030506207,1133.5976622803794,674.9771373961626,900.3,650.2
2179,2269,43.30149030506207,1133.5976622803794,674.9771373961626,900.3,650.2
2180,2270,43.30149030506207,1133.5976622803794,674.9771373961626,900.3,650.2
2181,2271,43.30149030506207,-,-,-,-
2182,2272,43.30149030506207,-,-,-,-
2183,2273,43.30149030506207,-,-,-,-
2184,2274,43.30149030506207,-,-,-,-
2185,2275,43.30149030506207,-,-,-,-
2186,2276,43.30149030506207,-,-,-,-
2187,2277,43.30149030506207,-,-,-,-
2188,2278,43.30149030506207,-,-,-,-
2189,2279,43.30149030506207,-,-,-,-
2190,2280,43.30149030506207,-,-,-,-
2191,2281,43.30149030506207,-,-,-,-
2192,2282,43.30149030506207,-,-,-,-
2193,2283,43.30149030506207,-,-,-,-
2194,2284,43.30149030506207,-,-,-,-
2195,2285,43.30149030506207,-,-,-,-
2196,2286,43.30149030506207,-,-,-,-
2197,2287,43.30149030506207,-,-,-,-
2198,2288,43.30149030506207,-,-,-,-
2199,2289,43.30149030506207,-,-,-,-
2200,2290,43.30149030506207,-,-,-,-
2201,2291,43.30149030506207,-,-,-,-
2202,2292,43.30149030506207,-,-,-,-
2203,2293,43.30149030506207,-,-,-,-
2204,2294,43.30149030506207,-,-,-,-
2205,2295,43.30149030506207,-,-,-,-
2206,2296,43.30149030506207,-,-,-,-
2207,2297,83.49053282798594,-,-,-,-
2208,2298,83.49053282798594,-,-,-,-
2209,2299,83.49053282798594,-,-,-,-
2210,2300,83.49053282798594,-,-,-,-
2211,2301,83.49053282798594,-,-,-,-
2212,2302,83.49053282798594,-,-,-,-
2213,2303,83.49053282798594,-,-,-,-
2214,2304,83.49053282798594,-,-,-,-
2215,2305,83.49053282798594,-,-,-,-
2216,2306,83.49053282798594,-,-,-,-
2217,2307,83.49053282798594,-,-,-,-
2218,2308,83.49053282798594,-,-,-,-
2219,2309,83.49053282798594,-,-,-,-
2220,2310,83.49053282798594,-,-,-,-
2221,2311,83.49053282798594,-,-,-,-
2222,2312,83.49053282798594,-,-,-,-
2223,2313,83.49053282798594,-,-,-,-
2224,2314,83.49053282798594,-,-,-,-
2225,2315,83.49053282798594,-,-,-,-
2226,2316,83.49053282798594,-,-,-,-
2227,2317,83.49053282798594,-,-,-,-
2228,2318,83.49053282798594,-,-,-,-
2229,2319,83.49053282798594,-,-,-,-
2230,2320,83.49053282798594,-,-,-,-
2231,2321,83.49053282798594,-,-,-,-
2232,2322,83.49053282798594,-,-,-,-
2233,2323,83.49053282798594,-,-,-,-
2234,2324,83.49053282798594,-,-,-,-
2235,2325,83.49053282798594,-,-,-,-
2236,2326,83.49053282798594,-,-,-,-
2237,2327,83.49053282798594,-,-,-,-
2238,2328,83.49053282798594,-,-,-,-
2239,2329,83.49053282798594,-,-,-,-
2240,2330,83.49053282798594,-,-,-,-
2241,2331,83.49053282798594,-,-,-,-
2242,2332,83.49053282798594,-,-,-,-
2243,2333,83.49053282798594,-,-,-,-
2244,2334,83.49053282798594,-,-,-,-
2245,2335,83.49053282798594,-,-,-,-
2246,2336,83.49053282798594,-,-,-,-
2247,2337,83.49053282798594,-,-,-,-
2248,2338,83.49053282798594,-,-,-,-
2249,2339,83.49053282798594,-,-,-,-
2250,2340,83.49053282798594,-,-,-,-
2251,2341,83.49053282798594,-,-,-,-
2252,2342,83.49053282798594,-,-,-,-
2253,2343,83.49053282798594,-,-,-,-
2254,2344,83.49053282798594,-,-,-,-
2255,2345,83.49053282798594,-,-,-,-
2256,2346,83.49053282798594,-,-,-,-
2257,2347,83.49053282798594,-,-,-,-
2258,2348,83.49053282798594,-,-,-,-
2259,2349,83.49053282798594,-,-,-,-
2260,2350,83.49053282798594,-,-,-,-
2261,2351,83.49053282798594,-,-,-,-
2262,2352,83.49053282798594,-,-,-,-
2263,2353,83.49053282798594,-,-,-,-
2264,2354,83.49053282798594,-,-,-,-
2265,2355,83.49053282798594,-,-,-,-
2266,2356,83.49053282798594,-,-,-,-
2267,2357,83.49053282798594,-,-,-,-
2268,2358,83.49053282798594,-,-,-,-
2269,2359,83.49053282798594,-,-,-,-
2270,2360,83.49053282798594,-,-,-,-
2271,2361,83.49053282798594,-,-,-,-
2272,2362,83.49053282798594,-,-,-,-
2273,2363,83.49053282798594,-,-,-,-
2274,2364,83.49053282798594,-,-,-,-
2275,2365,83.49053282798594,-,-,-,-
2276,2366,83.49053282798594,-,-,-,-
2277,2367,83.49053282798594,-,-,-,-
2278,2368,83.49053282798594,-,-,-,-
2279,2369,66.86013430496723,-,-,-,-
2280,2370,66.86013430496723,-,-,-,-
2281,2371,66.86013430496723,-,-,-,-
2282,2372,66.86013430496723,-,-,-,-
2283,2373,66.86013430496723,-,-,-,-
2284,2374,66.86013430496723,-,-,-,-
2285,2375,66.86013430496723,-,-,-,-
2286,2376,66.86013430496723,-,-,-,-
2287,2377,29.974611295276187,-,-,-,-
2288,2378,29.974611295276187,-,-,-,-
2289,2379,29.974611295276187,-,-,-,-
2290,2380,29.974611295276187,-,-,-,-
2291,2381,29.974611295276187,-,-,-,-
2292,2382,29.974611295276187,-,-,-,-
2293,2383,29.974611295276187,-,-,-,-
2294,2384,29.974611295276187,-,-,-,-
2295,2385,29.974611295276187,-,-,-,-
2296,2386,29.974611295276187,-,-,-,-
2297,2387,29.974611295276187,-,-,-,-
2298,2388,29.974611295276187,-,-,-,-
2299,2389,29.974611295276187,-,-,-,-
2300,2390,29.974611295276187,-,-,-,-
2301,2391,29.974611295276187,-,-,-,-
2302,2392,29.974611295276187,-,-,-,-
2303,2393,29.974611295276187,-,-,-,-
2304,2394,29.974611295276187,-,-,-,-
2305,2395,29.974611295276187,-,-,-,-
2306,2396,29.974611295276187,-,-,-,-
2307,2397,29.974611295276187,-,-,-,-
2308,2398,29.974611295276187,-,-,-,-
2309,2399,29.974611295276187,-,-,-,-
2310,2400,29.974611295276187,-,-,-,-
2311,2401,29.974611295276187,-,-,-,-
2312,2402,29.974611295276187,-,-,-,-
2313,2403,29.974611295276187,-,-,-,-
2314,2404,29.974611295276187,-,-,-,-
2315,2405,29.974611295276187,-,-,-,-
2316,2406,29.974611295276187,-,-,-,-
2317,2407,29.974611295276187,-,-,-,-
2318,2408,29.974611295276187,-,-,-,-
2319,2409,29.974611295276187,-,-,-,-
2320,2410,29.974611295276187,-,-,-,-
2321,2411,29.974611295276187,-,-,-,-
2322,2412,29.974611295276187,-,-,-,-
2323,2413,29.974611295276187,-,-,-,-
2324,2414,29.974611295276187,-,-,-,-
2325,2415,29.974611295276187,-,-,-,-
2326,2416,29.974611295276187,-,-,-,-
2327,2417,29.974611295276187,-,-,-,-
2328,2418,29.974611295276187,-,-,-,-
2329,2419,29.974611295276187,-,-,-,-
2330,2420,29.974611295276187,-,-,-,-
2331,2421,29.974611295276187,-,-,-,-
2332,2422,29.974611295276187,-,-,-,-
2333,2423,29.974611295276187,-,-,-,-
2334,2424,29.974611295276187,-,-,-,-
2335,2425,19.795187200075027,-,-,-,-
2335,2426,9.780050802085707,-,-,-,-
2335,2427,1.577085391121494,-,-,-,-
2335,2428,5.011540127868976,-,-,-,-
2335,2429,5.011540127868976,-,-,-,-
2335,2430,5.011540127868976,-,-,-,-
2335,2431,5.011540127868976,-,-,-,-
2335,2432,5.011540127868976,-,-,-,-
2336,2433,5.011540127868976,-,-,-,-
2337,2434,5.011540127868976,-,-,-,-
2338,2435,5.011540127868976,-,-,-,-
2339,2436,5.011540127868976,-,-,-,-
2340,2437,5.011540127868976,-,-,-,-
2341,2438,5.011540127868976,-,-,-,-
2342,2439,5.011540127868976,-,-,-,-
2343,2440,16.069422987794336,-,-,-,-
2344,2441,16.069422987794336,-,-,-,-
2345,2442,16.069422987794336,-,-,-,-
2346,2443,16.069422987794336,-,-,-,-
2347,2444,16.069422987794336,-,-,-,-
2348,2445,16.069422987794336,-,-,-,-
2349,2446,16.069422987794336,-,-,-,-
2350,2447,16.069422987794336,-,-,-,-
2351,2448,81.90796689186912,-,-,-,-
2352,2449,81.90796689186912,-,-,-,-
2353,2450,81.90796689186912,-,-,-,-
2354,2451,81.90796689186912,-,-,-,-
2355,2452,81.90796689186912,-,-,-,-
2356,2453,81.90796689186912,-,-,-,-
2357,2454,81.90796689186912,-,-,-,-
2358,2455,81.90796689186912,-,-,-,-
2359,2456,141.66003880210408,-,-,-,-
2360,2457,141.66003880210408,-,-,-,-
2361,2458,141.66003880210408,-,-,-,-
2362,2459,141.66003880210408,-,-,-,-
2363,2460,141.66003880210408,-,-,-,-
2364,2461,141.66003880210408,-,-,-,-
2365,2462,141.66003880210408,-,-,-,-
2366,2463,141.66003880210408,-,-,-,-
2367,2464,149.04533560206357,-,-,-,-
2368,2465,149.04533560206357,-,-,-,-
2369,2466,149.04533560206357,-,-,-,-
2370,2467,149.04533560206357,-,-,-,-
2371,2468,149.04533560206357,-,-,-,-
2372,2469,149.04533560206357,-,-,-,-
2373,2470,149.04533560206357,-,-,-,-
2374,2471,149.04533560206357,-,-,-,-
2375,2472,154.3417979037189,-,-,-,-
2376,2473,154.3417979037189,-,-,-,-
2377,2474,154.3417979037189,-,-,-,-
2378,2475,154.3417979037189,-,-,-,-
2379,2476,154.3417979037189,-,-,-,-
2380,2477,154.3417979037189,-,-,-,-
2381,2478,154.3417979037189,-,-,-,-
2382,2479,154.3417979037189,-,-,-,-
2383,2480,104.88035279558078,-,-,-,-
2384,2481,104.88035279558078,-,-,-,-
2385,2482,104.88035279558078,-,-,-,-
2386,2483,104.88035279558078,-,-,-,-
2387,2484,104.88035279558078,-,-,-,-
2388,2485,104.88035279558078,-,-,-,-
2389,2486,104.88035279558078,-,-,-,-
2390,2487,104.88035279558078,-,-,-,-
2391,2488,8.687607690654715,-,-,-,-
2392,2489,8.687607690654715,-,-,-,-
2393,2490,8.687607690654715,-,-,-,-
2394,2491,8.687607690654715,-,-,-,-
2395,2492,8.687607690654715,-,-,-,-
2396,2493,8.687607690654715,-,-,-,-
2397,2494,8.687607690654715,-,-,-,-
2398,2495,8.687607690654715,-,-,-,-
2399,2496,8.687607690654715,-,-,-,-
2400,2497,8.687607690654715,-,-,-,-
2401,2498,8.687607690654715,-,-,-,-
2402,2499,8.687607690654715,-,-,-,-
2403,2500,8.687607690654715,-,-,-,-
2404,2501,8.687607690654715,-,-,-,-
2405,2502,8.687607690654715,-,-,-,-
2406,2503,8.687607690654715,-,-,-,-
2407,2504,8.687607690654715,-,-,-,-
2408,2505,8.687607690654715,-,-,-,-
2409,2506,8.687607690654715,-,-,-,-
2410,2507,8.687607690654715,-,-,-,-
2411,2508,8.687607690654715,-,-,-,-
2412,2509,8.687607690654715,-,-,-,-
2413,2510,8.687607690654715,-,-,-,-
2414,2511,8.687607690654715,-,-,-,-
2415,2512,8.687607690654715,-,-,-,-
2416,2513,8.687607690654715,-,-,-,-
2417,2514,8.687607690654715,-,-,-,-
2418,2515,8.687607690654715,-,-,-,-
2419,2516,8.687607690654715,-,-,-,-
2420,2517,8.687607690654715,-,-,-,-
2421,2518,8.687607690654715,-,-,-,-
2422,2519,12.758237865290965,-,-,-,-
2423,2520,45.86090696205943,-,-,-,-
2424,2521,39.68281880446748,-,-,-,-
2425,2521,39.68281880446748,-,-,-,-
2426,2521,39.68281880446748,-,-,-,-
2427,2521,39.68281880446748,-,-,-,-
2428,2521,39.68281880446748,-,-,-,-
2429,2521,39.68281880446748,-,-,-,-
2430,2521,39.68281880446748,-,-,-,-
2431,2521,39.68281880446748,-,-,-,-
2432,2521,39.68281880446748,-,-,-,-
2433,2521,39.68281880446748,-,-,-,-
2434,2521,39.68281880446748,-,-,-,-
2435,2522,39.68281880446748,-,-,-,-
2436,2523,39.68281880446748,-,-,-,-
2437,2524,39.68281880446748,-,-,-,-
2438,2525,39.68281880446748,-,-,-,-
2439,2526,39.68281880446748,-,-,-,-
2440,2527,39.68281880446748,-,-,-,-
2441,2528,39.68281880446748,-,-,-,-
2442,2529,39.68281880446748,-,-,-,-
2443,2530,39.68281880446748,-,-,-,-
2444,2531,39.68281880446748,-,-,-,-
2445,2532,39.68281880446748,-,-,-,-
2446,2533,39.68281880446748,-,-,-,-
2447,2534,39.68281880446748,-,-,-,-
2448,2535,39.68281880446748,-,-,-,-
2449,2536,39.68281880446748,-,-,-,-
2450,2537,39.68281880446748,-,-,-,-
2451,2538,39.68281880446748,-,-,-,-
2452,2539,39.68281880446748,-,-,-,-
2453,2540,39.68281880446748,-,-,-,-
2454,2541,39.68281880446748,-,-,-,-
2455,2542,8.324486174213185,-,-,-,-
2456,2542,8.324486174213185,-,-,-,-
2457,2542,8.324486174213185,-,-,-,-
2458,2542,8.324486174213185,-,-,-,-
2459,2542,8.324486174213185,-,-,-,-
2460,2542,8.324486174213185,-,-,-,-
2461,2542,8.324486174213185,-,-,-,-
2462,2542,8.324486174213185,-,-,-,-
2463,2542,8.324486174213185,-,-,-,-
2464,2542,8.324486174213185,-,-,-,-
2465,2542,8.324486174213185,-,-,-,-
2466,2542,8.324486174213185,-,-,-,-
2467,2542,8.324486174213185,-,-,-,-
2468,2542,8.324486174213185,-,-,-,-
2469,2542,8.324486174213185,-,-,-,-
2470,2543,16.973519658632082,-,-,-,-
2471,2544,10.116593440690297,-,-,-,-
2472,2545,9.748141673025417,-,-,-,-
2473,2545,9.748141673025417,-,-,-,-
2474,2545,9.748141673025417,-,-,-,-
2475,2545,9.748141673025417,-,-,-,-
2476,2545,9.748141673025417,-,-,-,-
2477,2545,9.748141673025417,-,-,-,-
2478,2546,22.060155268072627,-,-,-,-
2479,2547,20.243922841819487,-,-,-,-
2480,2548,15.13528917426801,-,-,-,-
2481,2549,11.553524993446537,-,-,-,-
2482,2550,11.553524993446537,-,-,-,-
2483,2551,11.553524993446537,-,-,-,-
2484,2552,11.553524993446537,-,-,-,-
2485,2553,11.553524993446537,-,-,-,-
2486,2554,11.553524993446537,-,-,-,-
2487,2555,11.553524993446537,-,-,-,-
2488,2556,11.553524993446537,-,-,-,-
2489,2557,11.553524993446537,-,-,-,-
2490,2558,11.553524993446537,-,-,-,-
2491,2559,11.553524993446537,-,-,-,-
2492,2560,11.553524993446537,-,-,-,-
2493,2561,11.553524993446537,-,-,-,-
2494,2562,11.553524993446537,-,-,-,-
2495,2563,11.553524993446537,-,-,-,-
2496,2564,11.553524993446537,-,-,-,-
2497,2565,11.553524993446537,-,-,-,-
2498,2566,11.553524993446537,-,-,-,-
2499,2567,11.553524993446537,-,-,-,-
2500,2568,11.553524993446537,-,-,-,-
2501,2569,11.553524993446537,-,-,-,-
2502,2570,11.553524993446537,-,-,-,-
2503,2571,11.553524993446537,-,-,-,-
2504,2572,11.553524993446537,-,-,-,-
2505,2573,11.553524993446537,-,-,-,-
2506,2574,11.553524993446537,-,-,-,-
2507,2575,11.553524993446537,-,-,-,-
2508,2576,11.553524993446537,-,-,-,-
2509,2577,11.553524993446537,-,-,-,-
2510,2578,11.553524993446537,-,-,-,-
2511,2579,11.553524993446537,-,-,-,-
2512,2580,11.553524993446537,-,-,-,-
2513,2581,11.553524993446537,-,-,-,-
2514,2582,11.84799685631668,-,-,-,-
2515,2583,12.218072597065495,-,-,-,-
2516,2584,12.697109437069868,-,-,-,-
2517,2585,13.341426794743944,-,-,-,-
2518,2586,14.254103228936529,-,-,-,-
2519,2587,10.151765149168673,-,-,-,-
2519,2588,10.151765149168673,-,-,-,-
2519,2589,10.151765149168673,-,-,-,-
2519,2590,11.44743230468595,-,-,-,-
2519,2591,12.778451592873218,-,-,-,-
2519,2592,14.144503337942435,-,-,-,-
2519,2593,14.144503337942435,-,-,-,-
2519,2594,14.144503337942435,-,-,-,-
2519,2595,14.144503337942435,-,-,-,-
2519,2596,14.144503337942435,-,-,-,-
2519,2597,14.144503337942435,-,-,-,-
2519,2598,14.144503337942435,-,-,-,-
2519,2599,14.144503337942435,-,-,-,-
2519,2600,14.144503337942435,-,-,-,-
2519,2601,14.144503337942435,-,-,-,-
2519,2602,14.144503337942435,-,-,-,-
2519,2603,14.144503337942435,-,-,-,-
2519,2604,14.144503337942435,-,-,-,-
2519,2605,14.144503337942435,-,-,-,-
2519,2606,14.144503337942435,-,-,-,-
2519,2607,14.144503337942435,-,-,-,-
2519,2608,14.144503337942435,-,-,-,-
2519,2609,14.144503337942435,-,-,-,-
2519,2610,14.144503337942435,-,-,-,-
2519,2611,14.144503337942435,-,-,-,-
2519,2612,14.144503337942435,-,-,-,-
2519,2613,14.144503337942435,-,-,-,-
2519,2614,14.144503337942435,-,-,-,-
2519,2615,14.144503337942435,-,-,-,-
2519,2616,14.144503337942435,-,-,-,-
2519,2617,14.144503337942435,-,-,-,-
2519,2618,14.144503337942435,-,-,-,-
2519,2619,14.144503337942435,-,-,-,-
2519,2620,14.144503337942435,-,-,-,-
2519,2621,14.144503337942435,-,-,-,-
2519,2622,14.144503337942435,-,-,-,-
2519,2623,14.144503337942435,-,-,-,-
2520,2624,14.144503337942435,-,-,-,-
2521,2625,14.144503337942435,-,-,-,-
2522,2626,14.144503337942435,-,-,-,-
2523,2627,14.144503337942435,-,-,-,-
2524,2628,14.144503337942435,-,-,-,-
2525,2629,23.715902616880005,-,-,-,-
2526,2630,53.724555632576795,-,-,-,-
2527,2631,54.08852534660818,-,-,-,-
2528,2632,31.6943647170747,-,-,-,-
2529,2633,21.942970007638745,-,-,-,-
2530,2633,21.942970007638745,-,-,-,-
2531,2633,21.942970007638745,-,-,-,-
2532,2633,21.942970007638745,-,-,-,-
2533,2633,21.942970007638745,-,-,-,-
2534,2633,21.942970007638745,-,-,-,-
2535,2633,21.942970007638745,-,-,-,-
2536,2633,21.942970007638745,-,-,-,-
2537,2633,21.942970007638745,-,-,-,-
2538,2633,21.942970007638745,-,-,-,-
2539,2633,21.942970007638745,-,-,-,-
2540,2633,21.942970007638745,-,-,-,-
2541,2633,21.942970007638745,-,-,-,-
2542,2633,21.942970007638745,-,-,-,-
2543,2633,21.942970007638745,-,-,-,-
2544,2633,21.942970007638745,-,-,-,-
2545,2633,21.942970007638745,-,-,-,-
2546,2633,21.942970007638745,-,-,-,-
2547,2633,21.942970007638745,-,-,-,-
2548,2633,21.942970007638745,-,-,-,-
2549,2633,21.942970007638745,-,-,-,-
2550,2633,21.942970007638745,-,-,-,-
2551,2633,21.942970007638745,-,-,-,-
2552,2633,21.942970007638745,-,-,-,-
2553,2633,21.942970007638745,-,-,-,-
2554,2633,21.942970007638745,-,-,-,-
2555,2633,21.942970007638745,-,-,-,-
2556,2633,21.942970007638745,-,-,-,-
2557,2633,21.942970007638745,-,-,-,-
2558,2633,21.942970007638745,-,-,-,-
2559,2633,13.687644696402142,-,-,-,-
2560,2633,13.687644696402142,-,-,-,-
2561,2633,13.687644696402142,-,-,-,-
2562,2633,13.687644696402142,-,-,-,-
2563,2633,13.687644696402142,-,-,-,-
2564,2633,13.687644696402142,-,-,-,-
2565,2633,13.687644696402142,-,-,-,-
2566,2633,13.687644696402142,-,-,-,-
2567,2633,13.687644696402142,-,-,-,-
2568,2633,13.687644696402142,-,-,-,-
2569,2633,13.687644696402142,-,-,-,-
2570,2633,13.687644696402142,-,-,-,-
2571,2633,13.687644696402142,-,-,-,-
2572,2633,13.687644696402142,-,-,-,-
2573,2633,13.687644696402142,-,-,-,-
2574,2633,13.687644696402142,-,-,-,-
2575,2633,13.687644696402142,-,-,-,-
2576,2633,13.687644696402142,-,-,-,-
2577,2633,13.687644696402142,-,-,-,-
2578,2633,13.687644696402142,-,-,-,-
2579,2633,13.687644696402142,-,-,-,-
2580,2633,13.687644696402142,-,-,-,-
2581,2633,13.687644696402142,-,-,-,-
2582,2633,13.687644696402142,-,-,-,-
2583,2633,13.687644696402142,-,-,-,-
2584,2633,13.687644696402142,-,-,-,-
2585,2633,13.687644696402142,-,-,-,-
2586,2633,13.687644696402142,-,-,-,-
2587,2633,13.687644696402142,-,-,-,-
2588,2633,13.687644696402142,-,-,-,-
2589,2633,13.687644696402142,-,-,-,-
2590,2633,13.687644696402142,-,-,-,-
2591,2633,13.687644696402142,-,-,-,-
2592,2633,13.687644696402142,-,-,-,-
2593,2633,13.687644696402142,-,-,-,-
2594,2633,13.687644696402142,-,-,-,-
2595,2633,13.687644696402142,-,-,-,-
2596,2633,13.687644696402142,-,-,-,-
2597,2633,13.687644696402142,-,-,-,-
2598,2633,13.687644696402142,-,-,-,-
2599,2633,42.21705664695811,-,-,-,-
2600,2633,42.21705664695811,-,-,-,-
2601,2633,42.21705664695811,-,-,-,-
2602,2633,42.21705664695811,-,-,-,-
2603,2633,42.21705664695811,-,-,-,-
2604,2633,42.21705664695811,-,-,-,-
2605,2633,42.21705664695811,-,-,-,-
2606,2633,42.21705664695811,-,-,-,-
2607,2633,42.21705664695811,-,-,-,-
2608,2633,42.21705664695811,-,-,-,-
2609,2633,42.21705664695811,-,-,-,-
2610,2633,42.21705664695811,-,-,-,-
2611,2633,42.21705664695811,-,-,-,-
2612,2633,42.21705664695811,-,-,-,-
2613,2633,42.21705664695811,-,-,-,-
2614,2633,42.21705664695811,-,-,-,-
2615,2633,42.21705664695811,-,-,-,-
2616,2633,42.21705664695811,-,-,-,-
2617,2633,42.21705664695811,-,-,-,-
2618,2633,42.21705664695811,-,-,-,-
2619,2633,42.21705664695811,-,-,-,-
2620,2633,42.21705664695811,-,-,-,-
2621,2633,42.21705664695811,-,-,-,-
2622,2633,42.21705664695811,-,-,-,-
2623,2633,42.21705664695811,-,-,-,-
2624,2633,42.21705664695811,-,-,-,-
2625,2633,42.21705664695811,-,-,-,-
2626,2633,42.21705664695811,-,-,-,-
2627,2633,42.21705664695811,-,-,-,-
2628,2633,42.21705664695811,-,-,-,-
2629,2633,42.21705664695811,-,-,-,-
2630,2633,42.21705664695811,-,-,-,-
2631,2633,42.21705664695811,-,-,-,-
2632,2633,42.21705664695811,-,-,-,-
2633,2633,42.21705664695811,-,-,-,-
2634,2634,42.21705664695811,-,-,-,-
2635,2635,42.21705664695811,-,-,-,-
2636,2636,42.21705664695811,-,-,-,-
2637,2637,42.21705664695811,-,-,-,-
2638,2638,42.21705664695811,-,-,-,-
2639,2639,42.21705664695811,-,-,-,-
2640,2640,42.21705664695811,-,-,-,-
2641,2641,42.21705664695811,-,-,-,-
2642,2642,42.21705664695811,-,-,-,-
2643,2643,42.21705664695811,-,-,-,-
2644,2644,42.21705664695811,-,-,-,-
2645,2645,42.21705664695811,-,-,-,-
2646,2646,42.21705664695811,-,-,-,-
2647,2647,80.58019340330398,-,-,-,-
2648,2648,80.58019340330398,-,-,-,-
2649,2649,80.58019340330398,-,-,-,-
2650,2650,80.58019340330398,-,-,-,-
2651,2651,80.58019340330398,-,-,-,-
2652,2652,80.58019340330398,-,-,-,-
2653,2653,80.58019340330398,-,-,-,-
2654,2654,80.58019340330398,-,-,-,-
2655,2655,80.58019340330398,-,-,-,-
2656,2656,80.58019340330398,-,-,-,-
2657,2657,80.58019340330398,-,-,-,-
2658,2658,80.58019340330398,-,-,-,-
2659,2659,80.58019340330398,-,-,-,-
2660,2660,80.58019340330398,-,-,-,-
2661,2661,80.58019340330398,-,-,-,-
2662,2662,80.58019340330398,-,-,-,-
2663,2663,80.58019340330398,-,-,-,-
2664,2664,80.58019340330398,-,-,-,-
2665,2665,80.58019340330398,-,-,-,-
2666,2666,80.58019340330398,-,-,-,-
2667,2667,80.58019340330398,-,-,-,-
2668,2668,80.58019340330398,-,-,-,-
2669,2669,80.58019340330398,-,-,-,-
2670,2670,80.58019340330398,-,-,-,-
2671,2671,80.58019340330398,-,-,-,-
2672,2672,80.58019340330398,-,-,-,-
2673,2673,80.58019340330398,-,-,-,-
2674,2674,80.58019340330398,-,-,-,-
2675,2675,80.58019340330398,-,-,-,-
2676,2676,80.58019340330398,-,-,-,-
2677,2677,80.58019340330398,-,-,-,-
2678,2678,80.58019340330398,-,-,-,-
2679,2679,80.58019340330398,-,-,-,-
2680,2680,80.58019340330398,-,-,-,-
2681,2681,80.58019340330398,-,-,-,-
2682,2682,80.58019340330398,-,-,-,-
2683,2683,80.58019340330398,-,-,-,-
2684,2684,80.58019340330398,-,-,-,-
2685,2685,80.58019340330398,-,-,-,-
2686,2686,80.58019340330398,-,-,-,-
2687,2687,80.58019340330398,-,-,-,-
2688,2688,80.58019340330398,-,-,-,-
2689,2689,80.58019340330398,-,-,-,-
2690,2690,80.58019340330398,-,-,-,-
2691,2691,80.58019340330398,-,-,-,-
2692,2692,80.58019340330398,-,-,-,-
2693,2693,80.58019340330398,-,-,-,-
2694,2694,80.58019340330398,-,-,-,-
2695,2695,80.58019340330398,-,-,-,-
2696,2696,80.58019340330398,-,-,-,-
2697,2697,80.58019340330398,-,-,-,-
2698,2698,80.58019340330398,-,-,-,-
2699,2699,80.58019340330398,-,-,-,-
2700,2700,80.58019340330398,-,-,-,-
2701,2701,80.58019340330398,-,-,-,-
2702,2702,80.58019340330398,-,-,-,-
2703,2703,80.58019340330398,-,-,-,-
2704,2704,80.58019340330398,-,-,-,-
2705,2705,80.58019340330398,-,-,-,-
2706,2706,80.58019340330398,-,-,-,-
2707,2707,80.58019340330398,-,-,-,-
2708,2708,80.58019340330398,-,-,-,-
2709,2709,80.58019340330398,-,-,-,-
2710,2710,80.58019340330398,-,-,-,-
2711,2711,80.58019340330398,-,-,-,-
2712,2712,80.58019340330398,-,-,-,-
2713,2713,80.58019340330398,-,-,-,-
2714,2714,80.58019340330398,-,-,-,-
2715,2715,80.58019340330398,-,-,-,-
2716,2716,80.58019340330398,-,-,-,-
2717,2717,80.58019340330398,-,-,-,-
2718,2718,80.58019340330398,-,-,-,-
2719,2719,80.58019340330398,-,-,-,-
2720,2720,80.58019340330398,-,-,-,-
2721,2721,80.58019340330398,-,-,-,-
2722,2722,80.58019340330398,-,-,-,-
2723,2723,80.58019340330398,-,-,-,-
2724,2724,80.58019340330398,-,-,-,-
2725,2725,80.58019340330398,-,-,-,-
2726,2726,80.58019340330398,-,-,-,-
2727,2727,80.58019340330398,-,-,-,-
2728,2728,80.58019340330398,-,-,-,-
2729,2729,80.58019340330398,-,-,-,-
2730,2730,80.58019340330398,-,-,-,-
2731,2731,80.58019340330398,-,-,-,-
2732,2732,80.58019340330398,-,-,-,-
2733,2733,80.58019340330398,-,-,-,-
2734,2734,80.58019340330398,-,-,-,-
2735,2735,80.58019340330398,-,-,-,-
2736,2736,80.58019340330398,-,-,-,-
2737,2737,80.58019340330398,-,-,-,-
2738,2738,80.58019340330398,-,-,-,-
2739,2739,80.58019340330398,-,-,-,-
2740,2740,80.58019340330398,-,-,-,-
2741,2741,80.58019340330398,-,-,-,-
2742,2742,80.58019340330398,-,-,-,-
2743,2743,80.58019340330398,-,-,-,-
2744,2744,80.58019340330398,-,-,-,-
2745,2745,80.58019340330398,-,-,-,-
2746,2746,80.58019340330398,-,-,-,-
2747,2747,80.58019340330398,-,-,-,-
